  1.000000E-02  3.113538E+00
  2.000000E-02  5.455326E+00
  3.000000E-02  7.632141E+00
  4.000000E-02  9.720887E+00
  5.000000E-02  1.175242E+01
  6.000000E-02  1.374272E+01
  7.000000E-02  1.570125E+01
  8.000000E-02  1.763411E+01
  9.000000E-02  1.954547E+01
  1.000000E-01  2.143830E+01
  1.100000E-01  2.331480E+01
  1.200000E-01  2.517665E+01
  1.300000E-01  2.702515E+01
  1.400000E-01  2.886134E+01
  1.500000E-01  3.068606E+01
  1.600000E-01  3.250000E+01
  1.700000E-01  3.430376E+01
  1.800000E-01  3.609783E+01
  1.900000E-01  3.788264E+01
  2.000000E-01  3.965858E+01
  2.100000E-01  4.142597E+01
  2.200000E-01  4.318513E+01
  2.300000E-01  4.493631E+01
  2.400000E-01  4.667977E+01
  2.500000E-01  4.841575E+01
  2.600000E-01  5.014444E+01
  2.700000E-01  5.186606E+01
  2.800000E-01  5.358079E+01
  2.900000E-01  5.528880E+01
  3.000000E-01  5.699027E+01
  3.100000E-01  5.868535E+01
  3.200000E-01  6.037419E+01
  3.300000E-01  6.205695E+01
  3.400000E-01  6.373376E+01
  3.500000E-01  6.540476E+01
  3.600000E-01  6.707008E+01
  3.700000E-01  6.872984E+01
  3.800000E-01  7.038416E+01
  3.900000E-01  7.203317E+01
  4.000000E-01  7.367697E+01
  4.100000E-01  7.531568E+01
  4.200000E-01  7.694941E+01
  4.300000E-01  7.857825E+01
  4.400000E-01  8.020231E+01
  4.500000E-01  8.182169E+01
  4.600000E-01  8.343648E+01
  4.700000E-01  8.504677E+01
  4.800000E-01  8.665266E+01
  4.900000E-01  8.825424E+01
  5.000000E-01  8.985158E+01
  5.100000E-01  9.144477E+01
  5.200000E-01  9.303390E+01
  5.300000E-01  9.461904E+01
  5.400000E-01  9.620026E+01
  5.500000E-01  9.777765E+01
  5.600000E-01  9.935128E+01
  5.700000E-01  1.009212E+02
  5.800000E-01  1.024875E+02
  5.900000E-01  1.040503E+02
  6.000000E-01  1.056095E+02
  6.100000E-01  1.071654E+02
  6.200000E-01  1.087178E+02
  6.300000E-01  1.102670E+02
  6.400000E-01  1.118129E+02
  6.500000E-01  1.133557E+02
  6.600000E-01  1.148953E+02
  6.700000E-01  1.164318E+02
  6.800000E-01  1.179653E+02
  6.900000E-01  1.194959E+02
  7.000000E-01  1.210235E+02
  7.100000E-01  1.225483E+02
  7.200000E-01  1.240702E+02
  7.300000E-01  1.255894E+02
  7.400000E-01  1.271059E+02
  7.500000E-01  1.286196E+02
  7.600000E-01  1.301308E+02
  7.700000E-01  1.316393E+02
  7.800000E-01  1.331453E+02
  7.900000E-01  1.346488E+02
  8.000000E-01  1.361499E+02
  8.100000E-01  1.376485E+02
  8.200000E-01  1.391447E+02
  8.300000E-01  1.406386E+02
  8.400000E-01  1.421301E+02
  8.500000E-01  1.436194E+02
  8.600000E-01  1.451064E+02
  8.700000E-01  1.465913E+02
  8.800000E-01  1.480739E+02
  8.900000E-01  1.495544E+02
  9.000000E-01  1.510328E+02
  9.100000E-01  1.525092E+02
  9.200000E-01  1.539834E+02
  9.300000E-01  1.554557E+02
  9.400000E-01  1.569260E+02
  9.500000E-01  1.583943E+02
  9.600000E-01  1.598607E+02
  9.700000E-01  1.613252E+02
  9.800000E-01  1.627878E+02
  9.900000E-01  1.642486E+02
  1.000000E+00  1.657075E+02
  1.010000E+00  1.671647E+02
  1.020000E+00  1.686200E+02
  1.030000E+00  1.700737E+02
  1.040000E+00  1.715256E+02
  1.050000E+00  1.729758E+02
  1.060000E+00  1.744243E+02
  1.070000E+00  1.758712E+02
  1.080000E+00  1.773164E+02
  1.090000E+00  1.787601E+02
  1.100000E+00  1.802021E+02
  1.110000E+00  1.816426E+02
  1.120000E+00  1.830815E+02
  1.130000E+00  1.845189E+02
  1.140000E+00  1.859548E+02
  1.150000E+00  1.873892E+02
  1.160000E+00  1.888222E+02
  1.170000E+00  1.902537E+02
  1.180000E+00  1.916837E+02
  1.190000E+00  1.931123E+02
  1.200000E+00  1.945396E+02
