  1.600000E-03  8.425031E-04  1.504069E+00  1.043298E+00  1.000000E-02  9.368355E+02  9.976949E-01  9.405696E+02
  3.200000E-03  2.125561E-03  3.009461E+00  1.456623E+00  2.000000E-02  9.346882E+02  9.954081E-01  9.411206E+02
  4.800000E-03  3.515221E-03  4.515553E+00  1.740306E+00  3.000000E-02  9.325569E+02  9.931383E-01  9.414723E+02
  6.400000E-03  4.915994E-03  6.022121E+00  1.956441E+00  4.000000E-02  9.304410E+02  9.908850E-01  9.417242E+02
  8.000000E-03  6.289777E-03  7.529040E+00  2.130032E+00  5.000000E-02  9.283402E+02  9.886477E-01  9.419158E+02
  9.600000E-03  7.623899E-03  9.036232E+00  2.274193E+00  6.000000E-02  9.262541E+02  9.864261E-01  9.420679E+02
  1.120000E-02  8.919633E-03  1.054364E+01  2.396833E+00  7.000000E-02  9.241826E+02  9.842200E-01  9.421928E+02
  1.280000E-02  1.018683E-02  1.205124E+01  2.503159E+00  8.000000E-02  9.221253E+02  9.820290E-01  9.422986E+02
  1.440000E-02  1.144105E-02  1.355899E+01  2.596819E+00  9.000000E-02  9.200820E+02  9.798530E-01  9.423910E+02
  1.600000E-02  1.270190E-02  1.506689E+01  2.680485E+00  1.000000E-01  9.180526E+02  9.776918E-01  9.424741E+02
  1.760000E-02  1.399195E-02  1.657491E+01  2.756184E+00  1.100000E-01  9.160370E+02  9.755452E-01  9.425510E+02
  1.920000E-02  1.533597E-02  1.808305E+01  2.825497E+00  1.200000E-01  9.140349E+02  9.734131E-01  9.426241E+02
  2.080000E-02  1.676050E-02  1.959131E+01  2.889685E+00  1.300000E-01  9.120461E+02  9.712951E-01  9.426955E+02
  2.240000E-02  1.829340E-02  2.109967E+01  2.949774E+00  1.400000E-01  9.100706E+02  9.691913E-01  9.427665E+02
  2.400000E-02  1.996365E-02  2.260816E+01  3.006609E+00  1.500000E-01  9.081082E+02  9.671014E-01  9.428386E+02
  2.560000E-02  2.180109E-02  2.411676E+01  3.060899E+00  1.600000E-01  9.061588E+02  9.650253E-01  9.429128E+02
  2.720000E-02  2.383630E-02  2.562548E+01  3.113244E+00  1.700000E-01  9.042221E+02  9.629629E-01  9.429900E+02
  2.880000E-02  2.610041E-02  2.713433E+01  3.164156E+00  1.800000E-01  9.022982E+02  9.609140E-01  9.430710E+02
  3.040000E-02  2.862505E-02  2.864331E+01  3.214077E+00  1.900000E-01  9.003869E+02  9.588784E-01  9.431564E+02
  3.200000E-02  3.144222E-02  3.015243E+01  3.263393E+00  2.000000E-01  8.984879E+02  9.568562E-01  9.432469E+02
  3.360000E-02  3.458424E-02  3.166170E+01  3.312439E+00  2.100000E-01  8.966013E+02  9.548470E-01  9.433428E+02
  3.520000E-02  3.808371E-02  3.317112E+01  3.361514E+00  2.200000E-01  8.947270E+02  9.528509E-01  9.434447E+02
  3.680000E-02  4.197338E-02  3.468072E+01  3.410879E+00  2.300000E-01  8.928647E+02  9.508676E-01  9.435529E+02
  3.840000E-02  4.628620E-02  3.619049E+01  3.460768E+00  2.400000E-01  8.910144E+02  9.488971E-01  9.436678E+02
  4.000000E-02  5.105522E-02  3.770045E+01  3.511392E+00  2.500000E-01  8.891759E+02  9.469392E-01  9.437897E+02
  4.160000E-02  5.631354E-02  3.921062E+01  3.562938E+00  2.600000E-01  8.873493E+02  9.449939E-01  9.439187E+02
  4.320000E-02  6.209437E-02  4.072099E+01  3.615576E+00  2.700000E-01  8.855343E+02  9.430610E-01  9.440553E+02
  4.480000E-02  6.843089E-02  4.223159E+01  3.669459E+00  2.800000E-01  8.837308E+02  9.411403E-01  9.441995E+02
  4.640000E-02  7.535631E-02  4.374243E+01  3.724725E+00  2.900000E-01  8.819388E+02  9.392319E-01  9.443516E+02
  4.800000E-02  8.290380E-02  4.525351E+01  3.781503E+00  3.000000E-01  8.801581E+02  9.373356E-01  9.445117E+02
  4.960000E-02  9.110650E-02  4.676486E+01  3.839906E+00  3.100000E-01  8.783887E+02  9.354512E-01  9.446801E+02
  5.120000E-02  9.999750E-02  4.827648E+01  3.900041E+00  3.200000E-01  8.766304E+02  9.335787E-01  9.448567E+02
  5.280000E-02  1.096098E-01  4.978839E+01  3.962004E+00  3.300000E-01  8.748832E+02  9.317180E-01  9.450418E+02
  5.440000E-02  1.199763E-01  5.130061E+01  4.025884E+00  3.400000E-01  8.731470E+02  9.298690E-01  9.452355E+02
  5.600000E-02  1.311298E-01  5.281314E+01  4.091763E+00  3.500000E-01  8.714216E+02  9.280315E-01  9.454378E+02
  5.760000E-02  1.431031E-01  5.432600E+01  4.159714E+00  3.600000E-01  8.697070E+02  9.262055E-01  9.456489E+02
  5.920000E-02  1.559286E-01  5.583920E+01  4.229808E+00  3.700000E-01  8.680030E+02  9.243909E-01  9.458688E+02
  6.080000E-02  1.696389E-01  5.735277E+01  4.302109E+00  3.800000E-01  8.663097E+02  9.225875E-01  9.460976E+02
  6.240000E-02  1.842663E-01  5.886670E+01  4.376675E+00  3.900000E-01  8.646268E+02  9.207954E-01  9.463354E+02
  6.400000E-02  1.998428E-01  6.038103E+01  4.453562E+00  4.000000E-01  8.629544E+02  9.190143E-01  9.465821E+02
  6.560000E-02  2.164006E-01  6.189575E+01  4.532819E+00  4.100000E-01  8.612923E+02  9.172442E-01  9.468380E+02
  6.720000E-02  2.339714E-01  6.341089E+01  4.614493E+00  4.200000E-01  8.596404E+02  9.154850E-01  9.471029E+02
  6.880000E-02  2.525869E-01  6.492646E+01  4.698629E+00  4.300000E-01  8.579987E+02  9.137366E-01  9.473770E+02
  7.040000E-02  2.722785E-01  6.644248E+01  4.785265E+00  4.400000E-01  8.563671E+02  9.119990E-01  9.476603E+02
  7.200000E-02  2.930776E-01  6.795896E+01  4.874441E+00  4.500000E-01  8.547454E+02  9.102720E-01  9.479527E+02
  7.360000E-02  3.150153E-01  6.947591E+01  4.966189E+00  4.600000E-01  8.531336E+02  9.085555E-01  9.482544E+02
  7.520000E-02  3.381225E-01  7.099335E+01  5.060542E+00  4.700000E-01  8.515317E+02  9.068495E-01  9.485654E+02
  7.680000E-02  3.624299E-01  7.251130E+01  5.157531E+00  4.800000E-01  8.499395E+02  9.051539E-01  9.488856E+02
  7.840000E-02  3.879680E-01  7.402976E+01  5.257182E+00  4.900000E-01  8.483570E+02  9.034685E-01  9.492150E+02
  8.000000E-02  4.147671E-01  7.554876E+01  5.359521E+00  5.000000E-01  8.467840E+02  9.017934E-01  9.495538E+02
  8.160000E-02  4.428574E-01  7.706831E+01  5.464573E+00  5.100000E-01  8.452206E+02  9.001284E-01  9.499018E+02
  8.320000E-02  4.722688E-01  7.858842E+01  5.572359E+00  5.200000E-01  8.436666E+02  8.984734E-01  9.502591E+02
  8.480000E-02  5.030310E-01  8.010911E+01  5.682899E+00  5.300000E-01  8.421219E+02  8.968284E-01  9.506257E+02
  8.640000E-02  5.351733E-01  8.163039E+01  5.796213E+00  5.400000E-01  8.405865E+02  8.951933E-01  9.510016E+02
  8.800000E-02  5.687251E-01  8.315228E+01  5.912317E+00  5.500000E-01  8.390604E+02  8.935680E-01  9.513868E+02
  8.960000E-02  6.037154E-01  8.467480E+01  6.031228E+00  5.600000E-01  8.375433E+02  8.919524E-01  9.517812E+02
  9.120000E-02  6.401731E-01  8.619795E+01  6.152961E+00  5.700000E-01  8.360353E+02  8.903465E-01  9.521849E+02
  9.280000E-02  6.781267E-01  8.772175E+01  6.277529E+00  5.800000E-01  8.345363E+02  8.887501E-01  9.525979E+02
  9.440000E-02  7.176045E-01  8.924622E+01  6.404944E+00  5.900000E-01  8.330462E+02  8.871632E-01  9.530201E+02
  9.600000E-02  7.586348E-01  9.077138E+01  6.535219E+00  6.000000E-01  8.315650E+02  8.855857E-01  9.534515E+02
  9.760000E-02  8.012454E-01  9.229723E+01  6.668362E+00  6.100000E-01  8.300925E+02  8.840176E-01  9.538921E+02
  9.920000E-02  8.454641E-01  9.382379E+01  6.804385E+00  6.200000E-01  8.286288E+02  8.824587E-01  9.543419E+02
  1.008000E-01  8.913182E-01  9.535108E+01  6.943295E+00  6.300000E-01  8.271736E+02  8.809091E-01  9.548009E+02
  1.024000E-01  9.388351E-01  9.687911E+01  7.085100E+00  6.400000E-01  8.257271E+02  8.793685E-01  9.552690E+02
  1.040000E-01  9.880416E-01  9.840790E+01  7.229807E+00  6.500000E-01  8.242890E+02  8.778371E-01  9.557462E+02
  1.056000E-01  1.038965E+00  9.993745E+01  7.377422E+00  6.600000E-01  8.228594E+02  8.763146E-01  9.562326E+02
  1.072000E-01  1.091631E+00  1.014678E+02  7.527950E+00  6.700000E-01  8.214381E+02  8.748010E-01  9.567280E+02
  1.088000E-01  1.146066E+00  1.029989E+02  7.681397E+00  6.800000E-01  8.200252E+02  8.732962E-01  9.572325E+02
  1.104000E-01  1.202297E+00  1.045309E+02  7.837766E+00  6.900000E-01  8.186204E+02  8.718003E-01  9.577460E+02
  1.120000E-01  1.260349E+00  1.060637E+02  7.997061E+00  7.000000E-01  8.172239E+02  8.703130E-01  9.582685E+02
  1.136000E-01  1.320248E+00  1.075973E+02  8.159285E+00  7.100000E-01  8.158355E+02  8.688344E-01  9.588000E+02
  1.152000E-01  1.382019E+00  1.091318E+02  8.324439E+00  7.200000E-01  8.144551E+02  8.673643E-01  9.593404E+02
  1.168000E-01  1.445688E+00  1.106671E+02  8.492527E+00  7.300000E-01  8.130827E+02  8.659027E-01  9.598897E+02
  1.184000E-01  1.511279E+00  1.122034E+02  8.663548E+00  7.400000E-01  8.117182E+02  8.644496E-01  9.604479E+02
  1.200000E-01  1.578817E+00  1.137405E+02  8.837505E+00  7.500000E-01  8.103616E+02  8.630049E-01  9.610150E+02
  1.216000E-01  1.648326E+00  1.152785E+02  9.014396E+00  7.600000E-01  8.090128E+02  8.615684E-01  9.615908E+02
  1.232000E-01  1.719831E+00  1.168175E+02  9.194223E+00  7.700000E-01  8.076717E+02  8.601403E-01  9.621755E+02
  1.248000E-01  1.793356E+00  1.183574E+02  9.376985E+00  7.800000E-01  8.063383E+02  8.587203E-01  9.627689E+02
  1.264000E-01  1.868924E+00  1.198983E+02  9.562680E+00  7.900000E-01  8.050126E+02  8.573084E-01  9.633711E+02
  1.280000E-01  1.946560E+00  1.214402E+02  9.751308E+00  8.000000E-01  8.036944E+02  8.559045E-01  9.639819E+02
  1.296000E-01  2.026285E+00  1.229830E+02  9.942867E+00  8.100000E-01  8.023837E+02  8.545087E-01  9.646013E+02
  1.312000E-01  2.108124E+00  1.245268E+02  1.013736E+01  8.200000E-01  8.010805E+02  8.531208E-01  9.652294E+02
  1.328000E-01  2.192099E+00  1.260717E+02  1.033477E+01  8.300000E-01  7.997846E+02  8.517408E-01  9.658661E+02
  1.344000E-01  2.278234E+00  1.276175E+02  1.053511E+01  8.400000E-01  7.984961E+02  8.503686E-01  9.665113E+02
  1.360000E-01  2.366549E+00  1.291644E+02  1.073837E+01  8.500000E-01  7.972149E+02  8.490042E-01  9.671650E+02
  1.376000E-01  2.457068E+00  1.307124E+02  1.094454E+01  8.600000E-01  7.959409E+02  8.476474E-01  9.678271E+02
  1.392000E-01  2.549813E+00  1.322614E+02  1.115364E+01  8.700000E-01  7.946741E+02  8.462983E-01  9.684977E+02
  1.408000E-01  2.644804E+00  1.338115E+02  1.136564E+01  8.800000E-01  7.934144E+02  8.449568E-01  9.691767E+02
  1.424000E-01  2.742065E+00  1.353627E+02  1.158055E+01  8.900000E-01  7.921618E+02  8.436228E-01  9.698641E+02
  1.440000E-01  2.841615E+00  1.369150E+02  1.179836E+01  9.000000E-01  7.909162E+02  8.422963E-01  9.705597E+02
  1.456000E-01  2.943477E+00  1.384684E+02  1.201907E+01  9.100000E-01  7.896776E+02  8.409772E-01  9.712637E+02
  1.472000E-01  3.047670E+00  1.400229E+02  1.224267E+01  9.200000E-01  7.884458E+02  8.396654E-01  9.719759E+02
  1.488000E-01  3.154216E+00  1.415786E+02  1.246916E+01  9.300000E-01  7.872209E+02  8.383610E-01  9.726963E+02
  1.504000E-01  3.263136E+00  1.431355E+02  1.269853E+01  9.400000E-01  7.860029E+02  8.370638E-01  9.734248E+02
  1.520000E-01  3.374448E+00  1.446935E+02  1.293078E+01  9.500000E-01  7.847916E+02  8.357738E-01  9.741615E+02
  1.536000E-01  3.488174E+00  1.462527E+02  1.316590E+01  9.600000E-01  7.835869E+02  8.344909E-01  9.749063E+02
  1.552000E-01  3.604333E+00  1.478131E+02  1.340389E+01  9.700000E-01  7.823890E+02  8.332151E-01  9.756591E+02
  1.568000E-01  3.722944E+00  1.493747E+02  1.364474E+01  9.800000E-01  7.811976E+02  8.319464E-01  9.764199E+02
  1.584000E-01  3.844028E+00  1.509375E+02  1.388845E+01  9.900000E-01  7.800129E+02  8.306846E-01  9.771887E+02
  1.600000E-01  3.967602E+00  1.525016E+02  1.413500E+01  1.000000E+00  7.788346E+02  8.294298E-01  9.779654E+02
  1.616000E-01  4.093687E+00  1.540669E+02  1.438439E+01  1.010000E+00  7.776627E+02  8.281818E-01  9.787500E+02
  1.632000E-01  4.222301E+00  1.556335E+02  1.463663E+01  1.020000E+00  7.764973E+02  8.269407E-01  9.795424E+02
  1.648000E-01  4.353462E+00  1.572013E+02  1.489169E+01  1.030000E+00  7.753383E+02  8.257064E-01  9.803427E+02
  1.664000E-01  4.487189E+00  1.587705E+02  1.514957E+01  1.040000E+00  7.741856E+02  8.244788E-01  9.811507E+02
  1.680000E-01  4.623500E+00  1.603409E+02  1.541027E+01  1.050000E+00  7.730391E+02  8.232579E-01  9.819664E+02
  1.696000E-01  4.762412E+00  1.619127E+02  1.567377E+01  1.060000E+00  7.718989E+02  8.220436E-01  9.827898E+02
  1.712000E-01  4.903945E+00  1.634857E+02  1.594008E+01  1.070000E+00  7.707649E+02  8.208359E-01  9.836209E+02
  1.728000E-01  5.048114E+00  1.650601E+02  1.620918E+01  1.080000E+00  7.696370E+02  8.196347E-01  9.844596E+02
  1.744000E-01  5.194938E+00  1.666359E+02  1.648107E+01  1.090000E+00  7.685152E+02  8.184400E-01  9.853058E+02
  1.760000E-01  5.344433E+00  1.682130E+02  1.675574E+01  1.100000E+00  7.673994E+02  8.172518E-01  9.861596E+02
  1.776000E-01  5.496617E+00  1.697915E+02  1.703318E+01  1.110000E+00  7.662896E+02  8.160699E-01  9.870208E+02
  1.792000E-01  5.651506E+00  1.713714E+02  1.731338E+01  1.120000E+00  7.651858E+02  8.148944E-01  9.878895E+02
  1.808000E-01  5.809117E+00  1.729526E+02  1.759634E+01  1.130000E+00  7.640880E+02  8.137252E-01  9.887656E+02
  1.824000E-01  5.969467E+00  1.745353E+02  1.788205E+01  1.140000E+00  7.629960E+02  8.125623E-01  9.896491E+02
  1.840000E-01  6.132571E+00  1.761194E+02  1.817051E+01  1.150000E+00  7.619098E+02  8.114055E-01  9.905398E+02
  1.856000E-01  6.298445E+00  1.777049E+02  1.846169E+01  1.160000E+00  7.608294E+02  8.102549E-01  9.914379E+02
  1.872000E-01  6.467106E+00  1.792918E+02  1.875560E+01  1.170000E+00  7.597548E+02  8.091105E-01  9.923432E+02
  1.888000E-01  6.638568E+00  1.808803E+02  1.905223E+01  1.180000E+00  7.586858E+02  8.079721E-01  9.932557E+02
  1.904000E-01  6.812848E+00  1.824701E+02  1.935156E+01  1.190000E+00  7.576226E+02  8.068398E-01  9.941754E+02
  1.920000E-01  6.989960E+00  1.840615E+02  1.965360E+01  1.200000E+00  7.565649E+02  8.057134E-01  9.951021E+02
  1.936000E-01  7.169920E+00  1.856543E+02  1.995833E+01  1.210000E+00  7.555129E+02  8.045930E-01  9.960360E+02
  1.952000E-01  7.352743E+00  1.872487E+02  2.026574E+01  1.220000E+00  7.544664E+02  8.034785E-01  9.969769E+02
  1.968000E-01  7.538443E+00  1.888445E+02  2.057583E+01  1.230000E+00  7.534253E+02  8.023699E-01  9.979248E+02
  1.984000E-01  7.727035E+00  1.904419E+02  2.088858E+01  1.240000E+00  7.523898E+02  8.012671E-01  9.988797E+02
  2.000000E-01  7.918533E+00  1.920408E+02  2.120400E+01  1.250000E+00  7.513597E+02  8.001701E-01  9.998415E+02
  2.016000E-01  8.112952E+00  1.936412E+02  2.152206E+01  1.260000E+00  7.503350E+02  7.990788E-01  1.000810E+03
  2.032000E-01  8.310305E+00  1.952432E+02  2.184277E+01  1.270000E+00  7.493156E+02  7.979932E-01  1.001786E+03
  2.048000E-01  8.510606E+00  1.968468E+02  2.216611E+01  1.280000E+00  7.483015E+02  7.969132E-01  1.002768E+03
  2.064000E-01  8.713870E+00  1.984520E+02  2.249207E+01  1.290000E+00  7.472927E+02  7.958389E-01  1.003757E+03
  2.080000E-01  8.920109E+00  2.000587E+02  2.282065E+01  1.300000E+00  7.462892E+02  7.947702E-01  1.004753E+03
  2.096000E-01  9.129337E+00  2.016670E+02  2.315184E+01  1.310000E+00  7.452908E+02  7.937070E-01  1.005755E+03
  2.112000E-01  9.341567E+00  2.032770E+02  2.348563E+01  1.320000E+00  7.442977E+02  7.926493E-01  1.006765E+03
  2.128000E-01  9.556812E+00  2.048885E+02  2.382200E+01  1.330000E+00  7.433096E+02  7.915970E-01  1.007780E+03
  2.144000E-01  9.775086E+00  2.065017E+02  2.416096E+01  1.340000E+00  7.423266E+02  7.905502E-01  1.008803E+03
  2.160000E-01  9.996400E+00  2.081165E+02  2.450249E+01  1.350000E+00  7.413487E+02  7.895088E-01  1.009831E+03
  2.176000E-01  1.022077E+01  2.097330E+02  2.484658E+01  1.360000E+00  7.403758E+02  7.884727E-01  1.010867E+03
  2.192000E-01  1.044820E+01  2.113512E+02  2.519323E+01  1.370000E+00  7.394079E+02  7.874419E-01  1.011909E+03
  2.208000E-01  1.067871E+01  2.129710E+02  2.554242E+01  1.380000E+00  7.384450E+02  7.864164E-01  1.012957E+03
  2.224000E-01  1.091231E+01  2.145925E+02  2.589415E+01  1.390000E+00  7.374869E+02  7.853961E-01  1.014011E+03
  2.240000E-01  1.114901E+01  2.162156E+02  2.624841E+01  1.400000E+00  7.365338E+02  7.843810E-01  1.015072E+03
  2.256000E-01  1.138883E+01  2.178405E+02  2.660518E+01  1.410000E+00  7.355854E+02  7.833711E-01  1.016139E+03
  2.272000E-01  1.163177E+01  2.194671E+02  2.696447E+01  1.420000E+00  7.346419E+02  7.823663E-01  1.017213E+03
  2.288000E-01  1.187785E+01  2.210954E+02  2.732625E+01  1.430000E+00  7.337032E+02  7.813666E-01  1.018293E+03
  2.304000E-01  1.212708E+01  2.227255E+02  2.769053E+01  1.440000E+00  7.327693E+02  7.803719E-01  1.019379E+03
  2.320000E-01  1.237947E+01  2.243573E+02  2.805729E+01  1.450000E+00  7.318400E+02  7.793823E-01  1.020471E+03
  2.336000E-01  1.263502E+01  2.259908E+02  2.842652E+01  1.460000E+00  7.309154E+02  7.783977E-01  1.021569E+03
  2.352000E-01  1.289376E+01  2.276261E+02  2.879822E+01  1.470000E+00  7.299955E+02  7.774180E-01  1.022673E+03
  2.368000E-01  1.315569E+01  2.292632E+02  2.917237E+01  1.480000E+00  7.290802E+02  7.764432E-01  1.023783E+03
  2.384000E-01  1.342082E+01  2.309021E+02  2.954898E+01  1.490000E+00  7.281695E+02  7.754733E-01  1.024900E+03
  2.400000E-01  1.368917E+01  2.325427E+02  2.992801E+01  1.500000E+00  7.272633E+02  7.745083E-01  1.026022E+03
  2.416000E-01  1.396074E+01  2.341852E+02  3.030948E+01  1.510000E+00  7.263616E+02  7.735481E-01  1.027150E+03
  2.432000E-01  1.423554E+01  2.358294E+02  3.069337E+01  1.520000E+00  7.254645E+02  7.725926E-01  1.028284E+03
  2.448000E-01  1.451358E+01  2.374755E+02  3.107967E+01  1.530000E+00  7.245718E+02  7.716420E-01  1.029424E+03
  2.464000E-01  1.479488E+01  2.391234E+02  3.146837E+01  1.540000E+00  7.236835E+02  7.706960E-01  1.030570E+03
  2.480000E-01  1.507944E+01  2.407731E+02  3.185946E+01  1.550000E+00  7.227997E+02  7.697547E-01  1.031721E+03
  2.496000E-01  1.536728E+01  2.424247E+02  3.225293E+01  1.560000E+00  7.219202E+02  7.688181E-01  1.032879E+03
  2.512000E-01  1.565840E+01  2.440782E+02  3.264878E+01  1.570000E+00  7.210450E+02  7.678861E-01  1.034042E+03
  2.528000E-01  1.595281E+01  2.457335E+02  3.304700E+01  1.580000E+00  7.201742E+02  7.669587E-01  1.035210E+03
  2.544000E-01  1.625052E+01  2.473907E+02  3.344757E+01  1.590000E+00  7.193076E+02  7.660358E-01  1.036385E+03
  2.560000E-01  1.655154E+01  2.490497E+02  3.385049E+01  1.600000E+00  7.184453E+02  7.651175E-01  1.037564E+03
  2.576000E-01  1.685588E+01  2.507107E+02  3.425575E+01  1.610000E+00  7.175872E+02  7.642037E-01  1.038750E+03
  2.592000E-01  1.716355E+01  2.523735E+02  3.466334E+01  1.620000E+00  7.167334E+02  7.632943E-01  1.039941E+03
  2.608000E-01  1.747455E+01  2.540383E+02  3.507324E+01  1.630000E+00  7.158836E+02  7.623894E-01  1.041137E+03
  2.624000E-01  1.778891E+01  2.557050E+02  3.548546E+01  1.640000E+00  7.150381E+02  7.614889E-01  1.042340E+03
  2.640000E-01  1.810661E+01  2.573736E+02  3.589999E+01  1.650000E+00  7.141966E+02  7.605928E-01  1.043547E+03
  2.656000E-01  1.842768E+01  2.590441E+02  3.631680E+01  1.660000E+00  7.133592E+02  7.597010E-01  1.044760E+03
  2.672000E-01  1.875212E+01  2.607166E+02  3.673590E+01  1.670000E+00  7.125259E+02  7.588135E-01  1.045978E+03
  2.688000E-01  1.907993E+01  2.623911E+02  3.715728E+01  1.680000E+00  7.116966E+02  7.579303E-01  1.047202E+03
  2.704000E-01  1.941114E+01  2.640675E+02  3.758092E+01  1.690000E+00  7.108713E+02  7.570514E-01  1.048430E+03
  2.720000E-01  1.974574E+01  2.657459E+02  3.800682E+01  1.700000E+00  7.100500E+02  7.561768E-01  1.049665E+03
  2.736000E-01  2.008374E+01  2.674262E+02  3.843497E+01  1.710000E+00  7.092326E+02  7.553063E-01  1.050904E+03
  2.752000E-01  2.042515E+01  2.691085E+02  3.886536E+01  1.720000E+00  7.084192E+02  7.544400E-01  1.052148E+03
  2.768000E-01  2.076998E+01  2.707929E+02  3.929799E+01  1.730000E+00  7.076096E+02  7.535779E-01  1.053398E+03
  2.784000E-01  2.111823E+01  2.724792E+02  3.973283E+01  1.740000E+00  7.068039E+02  7.527199E-01  1.054653E+03
  2.800000E-01  2.146992E+01  2.741676E+02  4.016989E+01  1.750000E+00  7.060021E+02  7.518659E-01  1.055913E+03
  2.816000E-01  2.182505E+01  2.758579E+02  4.060915E+01  1.760000E+00  7.052041E+02  7.510161E-01  1.057178E+03
  2.832000E-01  2.218362E+01  2.775503E+02  4.105061E+01  1.770000E+00  7.044099E+02  7.501703E-01  1.058448E+03
  2.848000E-01  2.254565E+01  2.792448E+02  4.149426E+01  1.780000E+00  7.036194E+02  7.493285E-01  1.059723E+03
  2.864000E-01  2.291114E+01  2.809412E+02  4.194008E+01  1.790000E+00  7.028327E+02  7.484907E-01  1.061003E+03
  2.880000E-01  2.328010E+01  2.826398E+02  4.238807E+01  1.800000E+00  7.020497E+02  7.476568E-01  1.062288E+03
  2.896000E-01  2.365254E+01  2.843403E+02  4.283823E+01  1.810000E+00  7.012704E+02  7.468269E-01  1.063578E+03
  2.912000E-01  2.402845E+01  2.860430E+02  4.329054E+01  1.820000E+00  7.004948E+02  7.460009E-01  1.064873E+03
  2.928000E-01  2.440785E+01  2.877477E+02  4.374499E+01  1.830000E+00  6.997229E+02  7.451788E-01  1.066172E+03
  2.944000E-01  2.479075E+01  2.894545E+02  4.420157E+01  1.840000E+00  6.989545E+02  7.443605E-01  1.067477E+03
  2.960000E-01  2.517715E+01  2.911634E+02  4.466029E+01  1.850000E+00  6.981898E+02  7.435461E-01  1.068786E+03
  2.976000E-01  2.556705E+01  2.928744E+02  4.512112E+01  1.860000E+00  6.974286E+02  7.427355E-01  1.070100E+03
  2.992000E-01  2.596047E+01  2.945875E+02  4.558406E+01  1.870000E+00  6.966710E+02  7.419286E-01  1.071419E+03
  3.008000E-01  2.635741E+01  2.963028E+02  4.604909E+01  1.880000E+00  6.959169E+02  7.411256E-01  1.072742E+03
  3.024000E-01  2.675787E+01  2.980201E+02  4.651623E+01  1.890000E+00  6.951663E+02  7.403262E-01  1.074070E+03
  3.040000E-01  2.716186E+01  2.997396E+02  4.698544E+01  1.900000E+00  6.944192E+02  7.395306E-01  1.075403E+03
  3.056000E-01  2.756939E+01  3.014612E+02  4.745673E+01  1.910000E+00  6.936756E+02  7.387386E-01  1.076740E+03
  3.072000E-01  2.798046E+01  3.031849E+02  4.793009E+01  1.920000E+00  6.929354E+02  7.379504E-01  1.078082E+03
  3.088000E-01  2.839508E+01  3.049108E+02  4.840550E+01  1.930000E+00  6.921986E+02  7.371657E-01  1.079429E+03
  3.104000E-01  2.881326E+01  3.066389E+02  4.888297E+01  1.940000E+00  6.914652E+02  7.363847E-01  1.080780E+03
  3.120000E-01  2.923499E+01  3.083691E+02  4.936247E+01  1.950000E+00  6.907352E+02  7.356073E-01  1.082135E+03
  3.136000E-01  2.966028E+01  3.101015E+02  4.984401E+01  1.960000E+00  6.900086E+02  7.348334E-01  1.083495E+03
  3.152000E-01  3.008915E+01  3.118360E+02  5.032757E+01  1.970000E+00  6.892852E+02  7.340631E-01  1.084859E+03
  3.168000E-01  3.052159E+01  3.135728E+02  5.081315E+01  1.980000E+00  6.885652E+02  7.332963E-01  1.086228E+03
  3.184000E-01  3.095761E+01  3.153117E+02  5.130073E+01  1.990000E+00  6.878485E+02  7.325330E-01  1.087601E+03
  3.200000E-01  3.139721E+01  3.170529E+02  5.179032E+01  2.000000E+00  6.871350E+02  7.317732E-01  1.088979E+03
  3.216000E-01  3.184041E+01  3.187962E+02  5.228189E+01  2.010000E+00  6.864248E+02  7.310168E-01  1.090360E+03
  3.232000E-01  3.228720E+01  3.205418E+02  5.277545E+01  2.020000E+00  6.857178E+02  7.302639E-01  1.091746E+03
  3.248000E-01  3.273758E+01  3.222896E+02  5.327098E+01  2.030000E+00  6.850140E+02  7.295144E-01  1.093137E+03
  3.264000E-01  3.319157E+01  3.240396E+02  5.376848E+01  2.040000E+00  6.843134E+02  7.287682E-01  1.094531E+03
  3.280000E-01  3.364917E+01  3.257919E+02  5.426794E+01  2.050000E+00  6.836159E+02  7.280255E-01  1.095930E+03
  3.296000E-01  3.411038E+01  3.275464E+02  5.476935E+01  2.060000E+00  6.829216E+02  7.272861E-01  1.097333E+03
  3.312000E-01  3.457521E+01  3.293031E+02  5.527270E+01  2.070000E+00  6.822305E+02  7.265500E-01  1.098740E+03
  3.328000E-01  3.504366E+01  3.310621E+02  5.577798E+01  2.080000E+00  6.815424E+02  7.258172E-01  1.100151E+03
  3.344000E-01  3.551574E+01  3.328234E+02  5.628519E+01  2.090000E+00  6.808574E+02  7.250877E-01  1.101567E+03
  3.360000E-01  3.599145E+01  3.345869E+02  5.679432E+01  2.100000E+00  6.801755E+02  7.243615E-01  1.102986E+03
  3.376000E-01  3.647079E+01  3.363527E+02  5.730535E+01  2.110000E+00  6.794966E+02  7.236385E-01  1.104410E+03
  3.392000E-01  3.695377E+01  3.381208E+02  5.781829E+01  2.120000E+00  6.788207E+02  7.229188E-01  1.105837E+03
  3.408000E-01  3.744039E+01  3.398911E+02  5.833312E+01  2.130000E+00  6.781479E+02  7.222022E-01  1.107268E+03
  3.424000E-01  3.793065E+01  3.416638E+02  5.884984E+01  2.140000E+00  6.774780E+02  7.214889E-01  1.108704E+03
  3.440000E-01  3.842457E+01  3.434387E+02  5.936844E+01  2.150000E+00  6.768111E+02  7.207786E-01  1.110143E+03
  3.456000E-01  3.892214E+01  3.452160E+02  5.988890E+01  2.160000E+00  6.761472E+02  7.200716E-01  1.111587E+03
  3.472000E-01  3.942337E+01  3.469956E+02  6.041123E+01  2.170000E+00  6.754862E+02  7.193676E-01  1.113034E+03
  3.488000E-01  3.992826E+01  3.487775E+02  6.093541E+01  2.180000E+00  6.748281E+02  7.186668E-01  1.114485E+03
  3.504000E-01  4.043681E+01  3.505617E+02  6.146144E+01  2.190000E+00  6.741729E+02  7.179690E-01  1.115940E+03
  3.520000E-01  4.094903E+01  3.523482E+02  6.198931E+01  2.200000E+00  6.735206E+02  7.172744E-01  1.117398E+03
  3.536000E-01  4.146492E+01  3.541371E+02  6.251900E+01  2.210000E+00  6.728712E+02  7.165827E-01  1.118861E+03
  3.552000E-01  4.198449E+01  3.559283E+02  6.305053E+01  2.220000E+00  6.722246E+02  7.158941E-01  1.120327E+03
  3.568000E-01  4.250774E+01  3.577219E+02  6.358386E+01  2.230000E+00  6.715808E+02  7.152085E-01  1.121797E+03
  3.584000E-01  4.303466E+01  3.595178E+02  6.411901E+01  2.240000E+00  6.709398E+02  7.145259E-01  1.123271E+03
  3.600000E-01  4.356527E+01  3.613161E+02  6.465595E+01  2.250000E+00  6.703016E+02  7.138462E-01  1.124748E+03
  3.616000E-01  4.409957E+01  3.631168E+02  6.519469E+01  2.260000E+00  6.696662E+02  7.131695E-01  1.126229E+03
  3.632000E-01  4.463756E+01  3.649198E+02  6.573521E+01  2.270000E+00  6.690335E+02  7.124958E-01  1.127714E+03
  3.648000E-01  4.517925E+01  3.667252E+02  6.627752E+01  2.280000E+00  6.684036E+02  7.118250E-01  1.129202E+03
  3.664000E-01  4.572463E+01  3.685330E+02  6.682159E+01  2.290000E+00  6.677764E+02  7.111570E-01  1.130694E+03
  3.680000E-01  4.627371E+01  3.703432E+02  6.736742E+01  2.300000E+00  6.671520E+02  7.104920E-01  1.132189E+03
  3.696000E-01  4.682649E+01  3.721558E+02  6.791501E+01  2.310000E+00  6.665302E+02  7.098298E-01  1.133689E+03
  3.712000E-01  4.738297E+01  3.739708E+02  6.846434E+01  2.320000E+00  6.659110E+02  7.091704E-01  1.135191E+03
  3.728000E-01  4.794317E+01  3.757881E+02  6.901542E+01  2.330000E+00  6.652946E+02  7.085139E-01  1.136697E+03
  3.744000E-01  4.850707E+01  3.776079E+02  6.956823E+01  2.340000E+00  6.646807E+02  7.078602E-01  1.138207E+03
  3.760000E-01  4.907469E+01  3.794302E+02  7.012276E+01  2.350000E+00  6.640695E+02  7.072093E-01  1.139720E+03
  3.776000E-01  4.964602E+01  3.812548E+02  7.067902E+01  2.360000E+00  6.634609E+02  7.065612E-01  1.141236E+03
  3.792000E-01  5.022107E+01  3.830819E+02  7.123698E+01  2.370000E+00  6.628549E+02  7.059158E-01  1.142756E+03
  3.808000E-01  5.079985E+01  3.849114E+02  7.179665E+01  2.380000E+00  6.622515E+02  7.052732E-01  1.144279E+03
  3.824000E-01  5.138234E+01  3.867433E+02  7.235801E+01  2.390000E+00  6.616507E+02  7.046333E-01  1.145806E+03
  3.840000E-01  5.196856E+01  3.885777E+02  7.292106E+01  2.400000E+00  6.610523E+02  7.039961E-01  1.147336E+03
  3.856000E-01  5.255851E+01  3.904145E+02  7.348580E+01  2.410000E+00  6.604566E+02  7.033616E-01  1.148869E+03
  3.872000E-01  5.315218E+01  3.922538E+02  7.405221E+01  2.420000E+00  6.598633E+02  7.027298E-01  1.150406E+03
  3.888000E-01  5.374959E+01  3.940956E+02  7.462029E+01  2.430000E+00  6.592725E+02  7.021007E-01  1.151945E+03
  3.904000E-01  5.435073E+01  3.959398E+02  7.519002E+01  2.440000E+00  6.586842E+02  7.014742E-01  1.153488E+03
  3.920000E-01  5.495561E+01  3.977865E+02  7.576141E+01  2.450000E+00  6.580984E+02  7.008503E-01  1.155035E+03
  3.936000E-01  5.556422E+01  3.996356E+02  7.633445E+01  2.460000E+00  6.575151E+02  7.002290E-01  1.156584E+03
  3.952000E-01  5.617658E+01  4.014873E+02  7.690913E+01  2.470000E+00  6.569341E+02  6.996104E-01  1.158137E+03
  3.968000E-01  5.679268E+01  4.033414E+02  7.748544E+01  2.480000E+00  6.563556E+02  6.989943E-01  1.159693E+03
  3.984000E-01  5.741252E+01  4.051980E+02  7.806338E+01  2.490000E+00  6.557796E+02  6.983808E-01  1.161252E+03
  4.000000E-01  5.803610E+01  4.070572E+02  7.864293E+01  2.500000E+00  6.552059E+02  6.977699E-01  1.162814E+03
  4.016000E-01  5.866344E+01  4.089188E+02  7.922410E+01  2.510000E+00  6.546346E+02  6.971614E-01  1.164380E+03
  4.032000E-01  5.929452E+01  4.107829E+02  7.980687E+01  2.520000E+00  6.540657E+02  6.965556E-01  1.165948E+03
  4.048000E-01  5.992935E+01  4.126496E+02  8.039123E+01  2.530000E+00  6.534991E+02  6.959522E-01  1.167520E+03
  4.064000E-01  6.056794E+01  4.145187E+02  8.097719E+01  2.540000E+00  6.529349E+02  6.953513E-01  1.169094E+03
  4.080000E-01  6.121028E+01  4.163904E+02  8.156474E+01  2.550000E+00  6.523730E+02  6.947529E-01  1.170672E+03
  4.096000E-01  6.185638E+01  4.182646E+02  8.215386E+01  2.560000E+00  6.518134E+02  6.941569E-01  1.172252E+03
  4.112000E-01  6.250623E+01  4.201414E+02  8.274455E+01  2.570000E+00  6.512561E+02  6.935635E-01  1.173836E+03
  4.128000E-01  6.315984E+01  4.220206E+02  8.333681E+01  2.580000E+00  6.507011E+02  6.929724E-01  1.175422E+03
  4.144000E-01  6.381721E+01  4.239024E+02  8.393062E+01  2.590000E+00  6.501483E+02  6.923838E-01  1.177012E+03
  4.160000E-01  6.447834E+01  4.257868E+02  8.452599E+01  2.600000E+00  6.495979E+02  6.917975E-01  1.178604E+03
  4.176000E-01  6.514324E+01  4.276737E+02  8.512290E+01  2.610000E+00  6.490497E+02  6.912137E-01  1.180199E+03
  4.192000E-01  6.581190E+01  4.295632E+02  8.572135E+01  2.620000E+00  6.485037E+02  6.906322E-01  1.181798E+03
  4.208000E-01  6.648432E+01  4.314552E+02  8.632132E+01  2.630000E+00  6.479599E+02  6.900531E-01  1.183399E+03
  4.224000E-01  6.716051E+01  4.333498E+02  8.692283E+01  2.640000E+00  6.474183E+02  6.894764E-01  1.185003E+03
  4.240000E-01  6.784047E+01  4.352469E+02  8.752585E+01  2.650000E+00  6.468790E+02  6.889020E-01  1.186610E+03
  4.256000E-01  6.852420E+01  4.371467E+02  8.813038E+01  2.660000E+00  6.463418E+02  6.883299E-01  1.188219E+03
  4.272000E-01  6.921170E+01  4.390490E+02  8.873642E+01  2.670000E+00  6.458068E+02  6.877601E-01  1.189832E+03
  4.288000E-01  6.990297E+01  4.409539E+02  8.934395E+01  2.680000E+00  6.452739E+02  6.871927E-01  1.191447E+03
  4.304000E-01  7.059801E+01  4.428614E+02  8.995298E+01  2.690000E+00  6.447432E+02  6.866275E-01  1.193065E+03
  4.320000E-01  7.129682E+01  4.447714E+02  9.056350E+01  2.700000E+00  6.442146E+02  6.860646E-01  1.194685E+03
  4.336000E-01  7.199941E+01  4.466841E+02  9.117549E+01  2.710000E+00  6.436882E+02  6.855039E-01  1.196309E+03
  4.352000E-01  7.270578E+01  4.485993E+02  9.178896E+01  2.720000E+00  6.431638E+02  6.849455E-01  1.197935E+03
  4.368000E-01  7.341592E+01  4.505172E+02  9.240389E+01  2.730000E+00  6.426416E+02  6.843893E-01  1.199564E+03
  4.384000E-01  7.412984E+01  4.524377E+02  9.302029E+01  2.740000E+00  6.421214E+02  6.838353E-01  1.201195E+03
  4.400000E-01  7.484753E+01  4.543608E+02  9.363814E+01  2.750000E+00  6.416033E+02  6.832836E-01  1.202829E+03
  4.416000E-01  7.556900E+01  4.562865E+02  9.425744E+01  2.760000E+00  6.410872E+02  6.827340E-01  1.204466E+03
  4.432000E-01  7.629426E+01  4.582148E+02  9.487818E+01  2.770000E+00  6.405732E+02  6.821866E-01  1.206106E+03
  4.448000E-01  7.702329E+01  4.601457E+02  9.550035E+01  2.780000E+00  6.400613E+02  6.816414E-01  1.207748E+03
  4.464000E-01  7.775611E+01  4.620793E+02  9.612396E+01  2.790000E+00  6.395513E+02  6.810983E-01  1.209392E+03
  4.480000E-01  7.849270E+01  4.640155E+02  9.674899E+01  2.800000E+00  6.390434E+02  6.805574E-01  1.211039E+03
  4.496000E-01  7.923308E+01  4.659544E+02  9.737543E+01  2.810000E+00  6.385375E+02  6.800186E-01  1.212689E+03
  4.512000E-01  7.997724E+01  4.678959E+02  9.800329E+01  2.820000E+00  6.380336E+02  6.794820E-01  1.214341E+03
  4.528000E-01  8.072519E+01  4.698400E+02  9.863256E+01  2.830000E+00  6.375316E+02  6.789474E-01  1.215996E+03
  4.544000E-01  8.147692E+01  4.717868E+02  9.926322E+01  2.840000E+00  6.370316E+02  6.784150E-01  1.217653E+03
  4.560000E-01  8.223243E+01  4.737362E+02  9.989528E+01  2.850000E+00  6.365336E+02  6.778846E-01  1.219313E+03
  4.576000E-01  8.299173E+01  4.756883E+02  1.005287E+02  2.860000E+00  6.360375E+02  6.773563E-01  1.220976E+03
  4.592000E-01  8.375481E+01  4.776431E+02  1.011635E+02  2.870000E+00  6.355434E+02  6.768300E-01  1.222640E+03
  4.608000E-01  8.452168E+01  4.796005E+02  1.017997E+02  2.880000E+00  6.350512E+02  6.763058E-01  1.224307E+03
  4.624000E-01  8.529234E+01  4.815606E+02  1.024373E+02  2.890000E+00  6.345609E+02  6.757837E-01  1.225977E+03
  4.640000E-01  8.606678E+01  4.835234E+02  1.030763E+02  2.900000E+00  6.340724E+02  6.752635E-01  1.227649E+03
  4.656000E-01  8.684501E+01  4.854888E+02  1.037166E+02  2.910000E+00  6.335859E+02  6.747454E-01  1.229323E+03
  4.672000E-01  8.762703E+01  4.874569E+02  1.043582E+02  2.920000E+00  6.331013E+02  6.742293E-01  1.231000E+03
  4.688000E-01  8.841284E+01  4.894277E+02  1.050012E+02  2.930000E+00  6.326185E+02  6.737152E-01  1.232679E+03
  4.704000E-01  8.920243E+01  4.914012E+02  1.056455E+02  2.940000E+00  6.321376E+02  6.732030E-01  1.234361E+03
  4.720000E-01  8.999581E+01  4.933774E+02  1.062912E+02  2.950000E+00  6.316586E+02  6.726928E-01  1.236044E+03
  4.736000E-01  9.079299E+01  4.953563E+02  1.069382E+02  2.960000E+00  6.311814E+02  6.721846E-01  1.237730E+03
  4.752000E-01  9.159395E+01  4.973379E+02  1.075865E+02  2.970000E+00  6.307060E+02  6.716783E-01  1.239419E+03
  4.768000E-01  9.239870E+01  4.993222E+02  1.082362E+02  2.980000E+00  6.302324E+02  6.711740E-01  1.241109E+03
  4.784000E-01  9.320723E+01  5.013092E+02  1.088871E+02  2.990000E+00  6.297606E+02  6.706716E-01  1.242802E+03
  4.800000E-01  9.401956E+01  5.032989E+02  1.095394E+02  3.000000E+00  6.292907E+02  6.701711E-01  1.244498E+03
  4.816000E-01  9.483568E+01  5.052913E+02  1.101929E+02  3.010000E+00  6.288225E+02  6.696725E-01  1.246195E+03
  4.832000E-01  9.565559E+01  5.072864E+02  1.108478E+02  3.020000E+00  6.283561E+02  6.691759E-01  1.247895E+03
  4.848000E-01  9.647928E+01  5.092843E+02  1.115040E+02  3.030000E+00  6.278915E+02  6.686810E-01  1.249596E+03
  4.864000E-01  9.730677E+01  5.112849E+02  1.121614E+02  3.040000E+00  6.274286E+02  6.681881E-01  1.251301E+03
  4.880000E-01  9.813805E+01  5.132882E+02  1.128201E+02  3.050000E+00  6.269675E+02  6.676971E-01  1.253007E+03
  4.896000E-01  9.897311E+01  5.152942E+02  1.134801E+02  3.060000E+00  6.265082E+02  6.672078E-01  1.254715E+03
  4.912000E-01  9.981197E+01  5.173030E+02  1.141413E+02  3.070000E+00  6.260505E+02  6.667205E-01  1.256426E+03
  4.928000E-01  1.006546E+02  5.193145E+02  1.148039E+02  3.080000E+00  6.255946E+02  6.662349E-01  1.258138E+03
  4.944000E-01  1.015011E+02  5.213288E+02  1.154676E+02  3.090000E+00  6.251404E+02  6.657512E-01  1.259853E+03
  4.960000E-01  1.023513E+02  5.233458E+02  1.161327E+02  3.100000E+00  6.246879E+02  6.652693E-01  1.261570E+03
  4.976000E-01  1.032053E+02  5.253656E+02  1.167990E+02  3.110000E+00  6.242371E+02  6.647892E-01  1.263289E+03
  4.992000E-01  1.040631E+02  5.273881E+02  1.174665E+02  3.120000E+00  6.237880E+02  6.643109E-01  1.265010E+03
  5.008000E-01  1.049247E+02  5.294133E+02  1.181352E+02  3.130000E+00  6.233405E+02  6.638344E-01  1.266733E+03
  5.024000E-01  1.057901E+02  5.314413E+02  1.188052E+02  3.140000E+00  6.228947E+02  6.633597E-01  1.268459E+03
  5.040000E-01  1.066592E+02  5.334721E+02  1.194764E+02  3.150000E+00  6.224506E+02  6.628867E-01  1.270186E+03
