  1.000000E-02  6.662526E-01  7.003966E-02  0.000000E+00  0.000000E+00  0.000000E+00  0.000000E+00  0.000000E+00  0.000000E+00
  1.200000E-02  7.079230E-01  8.075471E-02  0.000000E+00  0.000000E+00  0.000000E+00  0.000000E+00  0.000000E+00  0.000000E+00
  1.400000E-02  7.451638E-01  9.113410E-02  0.000000E+00  0.000000E+00  0.000000E+00  0.000000E+00  0.000000E+00  0.000000E+00
  1.600000E-02  7.789859E-01  1.012385E-01  0.000000E+00  0.000000E+00  0.000000E+00  0.000000E+00  0.000000E+00  0.000000E+00
  1.800000E-02  8.100741E-01  1.111106E-01  0.000000E+00  0.000000E+00  0.000000E+00  0.000000E+00  0.000000E+00  0.000000E+00
  2.000000E-02  8.389169E-01  1.207821E-01  0.000000E+00  0.000000E+00  0.000000E+00  0.000000E+00  0.000000E+00  0.000000E+00
  2.200000E-02  8.658759E-01  1.302771E-01  0.000000E+00  0.000000E+00  0.000000E+00  0.000000E+00  0.000000E+00  0.000000E+00
  2.400000E-02  8.912276E-01  1.396146E-01  0.000000E+00  0.000000E+00  0.000000E+00  0.000000E+00  0.000000E+00  0.000000E+00
  2.600000E-02  9.151883E-01  1.488096E-01  0.000000E+00  0.000000E+00  0.000000E+00  0.000000E+00  0.000000E+00  0.000000E+00
  2.800000E-02  9.379311E-01  1.578745E-01  0.000000E+00  0.000000E+00  0.000000E+00  0.000000E+00  0.000000E+00  0.000000E+00
  3.000000E-02  9.595969E-01  1.668197E-01  0.000000E+00  0.000000E+00  0.000000E+00  0.000000E+00  0.000000E+00  0.000000E+00
  3.200000E-02  9.803020E-01  1.756535E-01  0.000000E+00  0.000000E+00  0.000000E+00  0.000000E+00  0.000000E+00  0.000000E+00
  3.400000E-02  1.000144E+00  1.843835E-01  0.000000E+00  0.000000E+00  0.000000E+00  0.000000E+00  0.000000E+00  0.000000E+00
  3.600000E-02  1.019204E+00  1.930158E-01  0.000000E+00  0.000000E+00  0.000000E+00  0.000000E+00  0.000000E+00  0.000000E+00
  3.800000E-02  1.037554E+00  2.015558E-01  0.000000E+00  0.000000E+00  0.000000E+00  0.000000E+00  0.000000E+00  0.000000E+00
  4.000000E-02  1.055254E+00  2.100083E-01  0.000000E+00  0.000000E+00  0.000000E+00  0.000000E+00  0.000000E+00  0.000000E+00
  4.200000E-02  1.072357E+00  2.183773E-01  0.000000E+00  0.000000E+00  0.000000E+00  0.000000E+00  0.000000E+00  0.000000E+00
  4.400000E-02  1.088908E+00  2.266667E-01  0.000000E+00  0.000000E+00  0.000000E+00  0.000000E+00  0.000000E+00  0.000000E+00
  4.600000E-02  1.104949E+00  2.348796E-01  0.000000E+00  0.000000E+00  0.000000E+00  0.000000E+00  0.000000E+00  0.000000E+00
  4.800000E-02  1.120516E+00  2.430189E-01  0.000000E+00  0.000000E+00  0.000000E+00  0.000000E+00  0.000000E+00  0.000000E+00
  5.000000E-02  1.135640E+00  2.510873E-01  0.000000E+00  0.000000E+00  0.000000E+00  0.000000E+00  0.000000E+00  0.000000E+00
  5.200000E-02  1.150351E+00  2.590872E-01  0.000000E+00  0.000000E+00  0.000000E+00  0.000000E+00  0.000000E+00  0.000000E+00
  5.400000E-02  1.164673E+00  2.670207E-01  0.000000E+00  0.000000E+00  0.000000E+00  0.000000E+00  0.000000E+00  0.000000E+00
  5.600000E-02  1.178631E+00  2.748898E-01  0.000000E+00  0.000000E+00  0.000000E+00  0.000000E+00  0.000000E+00  0.000000E+00
  5.800000E-02  1.192246E+00  2.826962E-01  0.000000E+00  0.000000E+00  0.000000E+00  0.000000E+00  0.000000E+00  0.000000E+00
  6.000000E-02  1.205536E+00  2.904418E-01  0.000000E+00  0.000000E+00  0.000000E+00  0.000000E+00  0.000000E+00  0.000000E+00
  6.200000E-02  1.218520E+00  2.981279E-01  0.000000E+00  0.000000E+00  0.000000E+00  0.000000E+00  0.000000E+00  0.000000E+00
  6.400000E-02  1.231213E+00  3.057560E-01  0.000000E+00  0.000000E+00  0.000000E+00  0.000000E+00  0.000000E+00  0.000000E+00
  6.600000E-02  1.243631E+00  3.133274E-01  0.000000E+00  0.000000E+00  0.000000E+00  0.000000E+00  0.000000E+00  0.000000E+00
  6.800000E-02  1.255786E+00  3.208434E-01  0.000000E+00  0.000000E+00  0.000000E+00  0.000000E+00  0.000000E+00  0.000000E+00
  7.000000E-02  1.267691E+00  3.283051E-01  0.000000E+00  0.000000E+00  0.000000E+00  0.000000E+00  0.000000E+00  0.000000E+00
  7.200000E-02  1.279358E+00  3.357136E-01  0.000000E+00  0.000000E+00  0.000000E+00  0.000000E+00  0.000000E+00  0.000000E+00
  7.400000E-02  1.290798E+00  3.430699E-01  0.000000E+00  0.000000E+00  0.000000E+00  0.000000E+00  0.000000E+00  0.000000E+00
  7.600000E-02  1.302020E+00  3.503749E-01  0.000000E+00  0.000000E+00  0.000000E+00  0.000000E+00  0.000000E+00  0.000000E+00
  7.800000E-02  1.313034E+00  3.576297E-01  0.000000E+00  0.000000E+00  0.000000E+00  0.000000E+00  0.000000E+00  0.000000E+00
  8.000000E-02  1.323849E+00  3.648349E-01  0.000000E+00  0.000000E+00  0.000000E+00  0.000000E+00  0.000000E+00  0.000000E+00
  8.200000E-02  1.334472E+00  3.719915E-01  0.000000E+00  0.000000E+00  0.000000E+00  0.000000E+00  0.000000E+00  0.000000E+00
  8.400000E-02  1.344911E+00  3.791003E-01  0.000000E+00  0.000000E+00  0.000000E+00  0.000000E+00  0.000000E+00  0.000000E+00
  8.600000E-02  1.355174E+00  3.861619E-01  0.000000E+00  0.000000E+00  0.000000E+00  0.000000E+00  0.000000E+00  0.000000E+00
  8.800000E-02  1.365267E+00  3.931771E-01  0.000000E+00  0.000000E+00  0.000000E+00  0.000000E+00  0.000000E+00  0.000000E+00
  9.000000E-02  1.375196E+00  4.001466E-01  0.000000E+00  0.000000E+00  0.000000E+00  0.000000E+00  0.000000E+00  0.000000E+00
  9.200000E-02  1.384968E+00  4.070710E-01  0.000000E+00  0.000000E+00  0.000000E+00  0.000000E+00  0.000000E+00  0.000000E+00
  9.400000E-02  1.394587E+00  4.139510E-01  0.000000E+00  0.000000E+00  0.000000E+00  0.000000E+00  0.000000E+00  0.000000E+00
  9.600000E-02  1.404060E+00  4.207872E-01  0.000000E+00  0.000000E+00  0.000000E+00  0.000000E+00  0.000000E+00  0.000000E+00
  9.800000E-02  1.413390E+00  4.275801E-01  0.000000E+00  0.000000E+00  0.000000E+00  0.000000E+00  0.000000E+00  0.000000E+00
  1.000000E-01  1.422584E+00  4.343304E-01  0.000000E+00  0.000000E+00  0.000000E+00  0.000000E+00  0.000000E+00  0.000000E+00
  1.020000E-01  1.431645E+00  4.410385E-01  0.000000E+00  0.000000E+00  0.000000E+00  0.000000E+00  0.000000E+00  0.000000E+00
  1.040000E-01  1.440578E+00  4.477051E-01  0.000000E+00  0.000000E+00  0.000000E+00  0.000000E+00  0.000000E+00  0.000000E+00
  1.060000E-01  1.449386E+00  4.543306E-01  0.000000E+00  0.000000E+00  0.000000E+00  0.000000E+00  0.000000E+00  0.000000E+00
  1.080000E-01  1.458074E+00  4.609156E-01  0.000000E+00  0.000000E+00  0.000000E+00  0.000000E+00  0.000000E+00  0.000000E+00
  1.100000E-01  1.466645E+00  4.674605E-01  0.000000E+00  0.000000E+00  0.000000E+00  0.000000E+00  0.000000E+00  0.000000E+00
  1.120000E-01  1.475102E+00  4.739659E-01  0.000000E+00  0.000000E+00  0.000000E+00  0.000000E+00  0.000000E+00  0.000000E+00
  1.140000E-01  1.483450E+00  4.804321E-01  0.000000E+00  0.000000E+00  0.000000E+00  0.000000E+00  0.000000E+00  0.000000E+00
  1.160000E-01  1.491690E+00  4.868596E-01  0.000000E+00  0.000000E+00  0.000000E+00  0.000000E+00  0.000000E+00  0.000000E+00
  1.180000E-01  1.499827E+00  4.932490E-01  0.000000E+00  0.000000E+00  0.000000E+00  0.000000E+00  0.000000E+00  0.000000E+00
  1.200000E-01  1.507863E+00  4.996005E-01  0.000000E+00  0.000000E+00  0.000000E+00  0.000000E+00  0.000000E+00  0.000000E+00
  1.220000E-01  1.515801E+00  5.059147E-01  0.000000E+00  0.000000E+00  0.000000E+00  0.000000E+00  0.000000E+00  0.000000E+00
  1.240000E-01  1.523644E+00  5.121920E-01  0.000000E+00  0.000000E+00  0.000000E+00  0.000000E+00  0.000000E+00  0.000000E+00
  1.260000E-01  1.531393E+00  5.184327E-01  0.000000E+00  0.000000E+00  0.000000E+00  0.000000E+00  0.000000E+00  0.000000E+00
  1.280000E-01  1.539052E+00  5.246373E-01  0.000000E+00  0.000000E+00  0.000000E+00  0.000000E+00  0.000000E+00  0.000000E+00
  1.300000E-01  1.546623E+00  5.308062E-01  0.000000E+00  0.000000E+00  0.000000E+00  0.000000E+00  0.000000E+00  0.000000E+00
  1.320000E-01  1.554101E+00  5.369956E-01  0.000000E+00  0.000000E+00  0.000000E+00  0.000000E+00  0.000000E+00  0.000000E+00
  1.340000E-01  1.561435E+00  5.436507E-01  0.000000E+00  0.000000E+00  0.000000E+00  0.000000E+00  0.000000E+00  0.000000E+00
  1.360000E-01  1.568653E+00  5.505317E-01  0.000000E+00  0.000000E+00  0.000000E+00  0.000000E+00  0.000000E+00  0.000000E+00
  1.380000E-01  1.575769E+00  5.575334E-01  0.000000E+00  0.000000E+00  0.000000E+00  0.000000E+00  0.000000E+00  0.000000E+00
  1.400000E-01  1.582790E+00  5.646074E-01  0.000000E+00  0.000000E+00  0.000000E+00  0.000000E+00  0.000000E+00  0.000000E+00
  1.420000E-01  1.589722E+00  5.717238E-01  0.000000E+00  0.000000E+00  0.000000E+00  0.000000E+00  0.000000E+00  0.000000E+00
  1.440000E-01  1.596569E+00  5.788620E-01  0.000000E+00  0.000000E+00  0.000000E+00  0.000000E+00  0.000000E+00  0.000000E+00
  1.460000E-01  1.603333E+00  5.860071E-01  0.000000E+00  0.000000E+00  0.000000E+00  0.000000E+00  0.000000E+00  0.000000E+00
  1.480000E-01  1.610018E+00  5.931477E-01  0.000000E+00  0.000000E+00  0.000000E+00  0.000000E+00  0.000000E+00  0.000000E+00
  1.500000E-01  1.616627E+00  6.002752E-01  0.000000E+00  0.000000E+00  0.000000E+00  0.000000E+00  0.000000E+00  0.000000E+00
  1.520000E-01  1.623162E+00  6.073825E-01  0.000000E+00  0.000000E+00  0.000000E+00  0.000000E+00  0.000000E+00  0.000000E+00
  1.540000E-01  1.629625E+00  6.144643E-01  0.000000E+00  0.000000E+00  0.000000E+00  0.000000E+00  0.000000E+00  0.000000E+00
  1.560000E-01  1.636018E+00  6.215162E-01  0.000000E+00  0.000000E+00  0.000000E+00  0.000000E+00  0.000000E+00  0.000000E+00
  1.580000E-01  1.642344E+00  6.285347E-01  0.000000E+00  0.000000E+00  0.000000E+00  0.000000E+00  0.000000E+00  0.000000E+00
  1.600000E-01  1.648604E+00  6.355169E-01  0.000000E+00  0.000000E+00  0.000000E+00  0.000000E+00  0.000000E+00  0.000000E+00
  1.620000E-01  1.654801E+00  6.424605E-01  0.000000E+00  0.000000E+00  0.000000E+00  0.000000E+00  0.000000E+00  0.000000E+00
  1.640000E-01  1.660935E+00  6.493639E-01  0.000000E+00  0.000000E+00  0.000000E+00  0.000000E+00  0.000000E+00  0.000000E+00
  1.660000E-01  1.667008E+00  6.562255E-01  0.000000E+00  0.000000E+00  0.000000E+00  0.000000E+00  0.000000E+00  0.000000E+00
  1.680000E-01  1.673021E+00  6.630443E-01  0.000000E+00  0.000000E+00  0.000000E+00  0.000000E+00  0.000000E+00  0.000000E+00
  1.700000E-01  1.678977E+00  6.698194E-01  0.000000E+00  0.000000E+00  0.000000E+00  0.000000E+00  0.000000E+00  0.000000E+00
  1.720000E-01  1.684877E+00  6.765501E-01  0.000000E+00  0.000000E+00  0.000000E+00  0.000000E+00  0.000000E+00  0.000000E+00
  1.740000E-01  1.690721E+00  6.832361E-01  0.000000E+00  0.000000E+00  0.000000E+00  0.000000E+00  0.000000E+00  0.000000E+00
  1.760000E-01  1.696512E+00  6.898770E-01  0.000000E+00  0.000000E+00  0.000000E+00  0.000000E+00  0.000000E+00  0.000000E+00
  1.780000E-01  1.702249E+00  6.964727E-01  0.000000E+00  0.000000E+00  0.000000E+00  0.000000E+00  0.000000E+00  0.000000E+00
  1.800000E-01  1.707936E+00  7.030232E-01  0.000000E+00  0.000000E+00  0.000000E+00  0.000000E+00  0.000000E+00  0.000000E+00
  1.820000E-01  1.713571E+00  7.095284E-01  0.000000E+00  0.000000E+00  0.000000E+00  0.000000E+00  0.000000E+00  0.000000E+00
  1.840000E-01  1.719158E+00  7.159884E-01  0.000000E+00  0.000000E+00  0.000000E+00  0.000000E+00  0.000000E+00  0.000000E+00
  1.860000E-01  1.724696E+00  7.224036E-01  0.000000E+00  0.000000E+00  0.000000E+00  0.000000E+00  0.000000E+00  0.000000E+00
  1.880000E-01  1.730187E+00  7.287740E-01  0.000000E+00  0.000000E+00  0.000000E+00  0.000000E+00  0.000000E+00  0.000000E+00
  1.900000E-01  1.735632E+00  7.351000E-01  0.000000E+00  0.000000E+00  0.000000E+00  0.000000E+00  0.000000E+00  0.000000E+00
  1.920000E-01  1.741031E+00  7.413819E-01  0.000000E+00  0.000000E+00  0.000000E+00  0.000000E+00  0.000000E+00  0.000000E+00
  1.940000E-01  1.746386E+00  7.476202E-01  0.000000E+00  0.000000E+00  0.000000E+00  0.000000E+00  0.000000E+00  0.000000E+00
  1.960000E-01  1.751697E+00  7.538150E-01  0.000000E+00  0.000000E+00  0.000000E+00  0.000000E+00  0.000000E+00  0.000000E+00
  1.980000E-01  1.756966E+00  7.599670E-01  0.000000E+00  0.000000E+00  0.000000E+00  0.000000E+00  0.000000E+00  0.000000E+00
  2.000000E-01  1.762192E+00  7.660764E-01  0.000000E+00  0.000000E+00  0.000000E+00  0.000000E+00  0.000000E+00  0.000000E+00
  2.020000E-01  1.767378E+00  7.721438E-01  0.000000E+00  0.000000E+00  0.000000E+00  0.000000E+00  0.000000E+00  0.000000E+00
  2.040000E-01  1.772523E+00  7.781695E-01  0.000000E+00  0.000000E+00  0.000000E+00  0.000000E+00  0.000000E+00  0.000000E+00
  2.060000E-01  1.777629E+00  7.841541E-01  0.000000E+00  0.000000E+00  0.000000E+00  0.000000E+00  0.000000E+00  0.000000E+00
  2.080000E-01  1.782695E+00  7.900981E-01  0.000000E+00  0.000000E+00  0.000000E+00  0.000000E+00  0.000000E+00  0.000000E+00
  2.100000E-01  1.787724E+00  7.960018E-01  0.000000E+00  0.000000E+00  0.000000E+00  0.000000E+00  0.000000E+00  0.000000E+00
  2.120000E-01  1.792715E+00  8.018658E-01  0.000000E+00  0.000000E+00  0.000000E+00  0.000000E+00  0.000000E+00  0.000000E+00
  2.140000E-01  1.797670E+00  8.076906E-01  0.000000E+00  0.000000E+00  0.000000E+00  0.000000E+00  0.000000E+00  0.000000E+00
  2.160000E-01  1.802588E+00  8.134766E-01  0.000000E+00  0.000000E+00  0.000000E+00  0.000000E+00  0.000000E+00  0.000000E+00
  2.180000E-01  1.807471E+00  8.192243E-01  0.000000E+00  0.000000E+00  0.000000E+00  0.000000E+00  0.000000E+00  0.000000E+00
  2.200000E-01  1.812319E+00  8.249342E-01  0.000000E+00  0.000000E+00  0.000000E+00  0.000000E+00  0.000000E+00  0.000000E+00
  2.220000E-01  1.817132E+00  8.306067E-01  0.000000E+00  0.000000E+00  0.000000E+00  0.000000E+00  0.000000E+00  0.000000E+00
  2.240000E-01  1.821912E+00  8.362424E-01  0.000000E+00  0.000000E+00  0.000000E+00  0.000000E+00  0.000000E+00  0.000000E+00
  2.260000E-01  1.826659E+00  8.418418E-01  0.000000E+00  0.000000E+00  0.000000E+00  0.000000E+00  0.000000E+00  0.000000E+00
  2.280000E-01  1.831373E+00  8.474051E-01  0.000000E+00  0.000000E+00  0.000000E+00  0.000000E+00  0.000000E+00  0.000000E+00
  2.300000E-01  1.836055E+00  8.529331E-01  0.000000E+00  0.000000E+00  0.000000E+00  0.000000E+00  0.000000E+00  0.000000E+00
  2.320000E-01  1.840706E+00  8.584260E-01  0.000000E+00  0.000000E+00  0.000000E+00  0.000000E+00  0.000000E+00  0.000000E+00
  2.340000E-01  1.845325E+00  8.638843E-01  0.000000E+00  0.000000E+00  0.000000E+00  0.000000E+00  0.000000E+00  0.000000E+00
  2.360000E-01  1.849914E+00  8.693085E-01  0.000000E+00  0.000000E+00  0.000000E+00  0.000000E+00  0.000000E+00  0.000000E+00
  2.380000E-01  1.854473E+00  8.746991E-01  0.000000E+00  0.000000E+00  0.000000E+00  0.000000E+00  0.000000E+00  0.000000E+00
  2.400000E-01  1.859003E+00  8.800563E-01  0.000000E+00  0.000000E+00  0.000000E+00  0.000000E+00  0.000000E+00  0.000000E+00
  2.420000E-01  1.863503E+00  8.853808E-01  0.000000E+00  0.000000E+00  0.000000E+00  0.000000E+00  0.000000E+00  0.000000E+00
  2.440000E-01  1.867975E+00  8.906729E-01  0.000000E+00  0.000000E+00  0.000000E+00  0.000000E+00  0.000000E+00  0.000000E+00
  2.460000E-01  1.872418E+00  8.959330E-01  0.000000E+00  0.000000E+00  0.000000E+00  0.000000E+00  0.000000E+00  0.000000E+00
  2.480000E-01  1.876834E+00  9.011614E-01  0.000000E+00  0.000000E+00  0.000000E+00  0.000000E+00  0.000000E+00  0.000000E+00
  2.500000E-01  1.881222E+00  9.063588E-01  0.000000E+00  0.000000E+00  0.000000E+00  0.000000E+00  0.000000E+00  0.000000E+00
  2.520000E-01  1.885584E+00  9.115253E-01  0.000000E+00  0.000000E+00  0.000000E+00  0.000000E+00  0.000000E+00  0.000000E+00
  2.540000E-01  1.889919E+00  9.166615E-01  0.000000E+00  0.000000E+00  0.000000E+00  0.000000E+00  0.000000E+00  0.000000E+00
  2.560000E-01  1.894227E+00  9.217676E-01  0.000000E+00  0.000000E+00  0.000000E+00  0.000000E+00  0.000000E+00  0.000000E+00
  2.580000E-01  1.898510E+00  9.268441E-01  0.000000E+00  0.000000E+00  0.000000E+00  0.000000E+00  0.000000E+00  0.000000E+00
  2.600000E-01  1.902768E+00  9.318913E-01  0.000000E+00  0.000000E+00  0.000000E+00  0.000000E+00  0.000000E+00  0.000000E+00
  2.620000E-01  1.907000E+00  9.369097E-01  0.000000E+00  0.000000E+00  0.000000E+00  0.000000E+00  0.000000E+00  0.000000E+00
  2.640000E-01  1.911208E+00  9.418995E-01  0.000000E+00  0.000000E+00  0.000000E+00  0.000000E+00  0.000000E+00  0.000000E+00
  2.660000E-01  1.915391E+00  9.468611E-01  0.000000E+00  0.000000E+00  0.000000E+00  0.000000E+00  0.000000E+00  0.000000E+00
  2.680000E-01  1.919550E+00  9.517949E-01  0.000000E+00  0.000000E+00  0.000000E+00  0.000000E+00  0.000000E+00  0.000000E+00
  2.700000E-01  1.923686E+00  9.567012E-01  0.000000E+00  0.000000E+00  0.000000E+00  0.000000E+00  0.000000E+00  0.000000E+00
  2.720000E-01  1.927799E+00  9.615804E-01  0.000000E+00  0.000000E+00  0.000000E+00  0.000000E+00  0.000000E+00  0.000000E+00
  2.740000E-01  1.931888E+00  9.664327E-01  0.000000E+00  0.000000E+00  0.000000E+00  0.000000E+00  0.000000E+00  0.000000E+00
  2.760000E-01  1.935955E+00  9.712585E-01  0.000000E+00  0.000000E+00  0.000000E+00  0.000000E+00  0.000000E+00  0.000000E+00
  2.780000E-01  1.939999E+00  9.760581E-01  0.000000E+00  0.000000E+00  0.000000E+00  0.000000E+00  0.000000E+00  0.000000E+00
  2.800000E-01  1.944021E+00  9.808319E-01  0.000000E+00  0.000000E+00  0.000000E+00  0.000000E+00  0.000000E+00  0.000000E+00
  2.820000E-01  1.948021E+00  9.855801E-01  0.000000E+00  0.000000E+00  0.000000E+00  0.000000E+00  0.000000E+00  0.000000E+00
  2.840000E-01  1.952000E+00  9.903031E-01  0.000000E+00  0.000000E+00  0.000000E+00  0.000000E+00  0.000000E+00  0.000000E+00
  2.860000E-01  1.955957E+00  9.950011E-01  0.000000E+00  0.000000E+00  0.000000E+00  0.000000E+00  0.000000E+00  0.000000E+00
  2.880000E-01  1.959894E+00  9.996744E-01  0.000000E+00  0.000000E+00  0.000000E+00  0.000000E+00  0.000000E+00  0.000000E+00
  2.900000E-01  1.963810E+00  1.004323E+00  0.000000E+00  0.000000E+00  0.000000E+00  0.000000E+00  0.000000E+00  0.000000E+00
  2.920000E-01  1.967705E+00  1.008948E+00  0.000000E+00  0.000000E+00  0.000000E+00  0.000000E+00  0.000000E+00  0.000000E+00
  2.940000E-01  1.971581E+00  1.013549E+00  0.000000E+00  0.000000E+00  0.000000E+00  0.000000E+00  0.000000E+00  0.000000E+00
  2.960000E-01  1.975436E+00  1.018127E+00  0.000000E+00  0.000000E+00  0.000000E+00  0.000000E+00  0.000000E+00  0.000000E+00
  2.980000E-01  1.979272E+00  1.022681E+00  0.000000E+00  0.000000E+00  0.000000E+00  0.000000E+00  0.000000E+00  0.000000E+00
  3.000000E-01  1.983088E+00  1.027212E+00  0.000000E+00  0.000000E+00  0.000000E+00  0.000000E+00  0.000000E+00  0.000000E+00
  3.020000E-01  1.986885E+00  1.031721E+00  0.000000E+00  0.000000E+00  0.000000E+00  0.000000E+00  0.000000E+00  0.000000E+00
  3.040000E-01  1.990663E+00  1.036207E+00  0.000000E+00  0.000000E+00  0.000000E+00  0.000000E+00  0.000000E+00  0.000000E+00
  3.060000E-01  1.994422E+00  1.040670E+00  0.000000E+00  0.000000E+00  0.000000E+00  0.000000E+00  0.000000E+00  0.000000E+00
  3.080000E-01  1.998163E+00  1.045112E+00  0.000000E+00  0.000000E+00  0.000000E+00  0.000000E+00  0.000000E+00  0.000000E+00
  3.100000E-01  2.001886E+00  1.049532E+00  0.000000E+00  0.000000E+00  0.000000E+00  0.000000E+00  0.000000E+00  0.000000E+00
  3.120000E-01  2.005591E+00  1.053931E+00  0.000000E+00  0.000000E+00  0.000000E+00  0.000000E+00  0.000000E+00  0.000000E+00
  3.140000E-01  2.009277E+00  1.058308E+00  0.000000E+00  0.000000E+00  0.000000E+00  0.000000E+00  0.000000E+00  0.000000E+00
  3.160000E-01  2.012946E+00  1.062664E+00  0.000000E+00  0.000000E+00  0.000000E+00  0.000000E+00  0.000000E+00  0.000000E+00
  3.180000E-01  2.016598E+00  1.067000E+00  0.000000E+00  0.000000E+00  0.000000E+00  0.000000E+00  0.000000E+00  0.000000E+00
  3.200000E-01  2.020233E+00  1.071315E+00  0.000000E+00  0.000000E+00  0.000000E+00  0.000000E+00  0.000000E+00  0.000000E+00
  3.220000E-01  2.023850E+00  1.075609E+00  0.000000E+00  0.000000E+00  0.000000E+00  0.000000E+00  0.000000E+00  0.000000E+00
  3.240000E-01  2.027451E+00  1.079884E+00  0.000000E+00  0.000000E+00  0.000000E+00  0.000000E+00  0.000000E+00  0.000000E+00
  3.260000E-01  2.031035E+00  1.084138E+00  0.000000E+00  0.000000E+00  0.000000E+00  0.000000E+00  0.000000E+00  0.000000E+00
  3.280000E-01  2.034602E+00  1.088373E+00  0.000000E+00  0.000000E+00  0.000000E+00  0.000000E+00  0.000000E+00  0.000000E+00
  3.300000E-01  2.038154E+00  1.092588E+00  0.000000E+00  0.000000E+00  0.000000E+00  0.000000E+00  0.000000E+00  0.000000E+00
  3.320000E-01  2.041689E+00  1.096784E+00  0.000000E+00  0.000000E+00  0.000000E+00  0.000000E+00  0.000000E+00  0.000000E+00
  3.340000E-01  2.045208E+00  1.100961E+00  0.000000E+00  0.000000E+00  0.000000E+00  0.000000E+00  0.000000E+00  0.000000E+00
  3.360000E-01  2.048712E+00  1.105119E+00  0.000000E+00  0.000000E+00  0.000000E+00  0.000000E+00  0.000000E+00  0.000000E+00
  3.380000E-01  2.052200E+00  1.109258E+00  0.000000E+00  0.000000E+00  0.000000E+00  0.000000E+00  0.000000E+00  0.000000E+00
  3.400000E-01  2.054895E+00  1.112493E+00  2.360305E-01  0.000000E+00  0.000000E+00  0.000000E+00  0.000000E+00  0.000000E+00
  3.420000E-01  2.057510E+00  1.115637E+00  3.017892E-01  0.000000E+00  0.000000E+00  0.000000E+00  0.000000E+00  0.000000E+00
  3.440000E-01  2.059976E+00  1.118608E+00  3.536366E-01  0.000000E+00  0.000000E+00  0.000000E+00  0.000000E+00  0.000000E+00
  3.460000E-01  2.062327E+00  1.121448E+00  3.974758E-01  0.000000E+00  0.000000E+00  0.000000E+00  0.000000E+00  0.000000E+00
  3.480000E-01  2.064583E+00  1.124179E+00  4.359568E-01  0.000000E+00  0.000000E+00  0.000000E+00  0.000000E+00  0.000000E+00
  3.500000E-01  2.066760E+00  1.126819E+00  4.705378E-01  0.000000E+00  0.000000E+00  0.000000E+00  0.000000E+00  0.000000E+00
  3.520000E-01  2.068867E+00  1.129377E+00  5.021215E-01  0.000000E+00  0.000000E+00  0.000000E+00  0.000000E+00  0.000000E+00
  3.540000E-01  2.070913E+00  1.131865E+00  5.313117E-01  0.000000E+00  0.000000E+00  0.000000E+00  0.000000E+00  0.000000E+00
  3.560000E-01  2.072903E+00  1.134288E+00  5.585358E-01  0.000000E+00  0.000000E+00  0.000000E+00  0.000000E+00  0.000000E+00
  3.580000E-01  2.074842E+00  1.136653E+00  5.841090E-01  0.000000E+00  0.000000E+00  0.000000E+00  0.000000E+00  0.000000E+00
  3.600000E-01  2.076735E+00  1.138964E+00  6.082716E-01  0.000000E+00  0.000000E+00  0.000000E+00  0.000000E+00  0.000000E+00
  3.620000E-01  2.078586E+00  1.141225E+00  6.312114E-01  0.000000E+00  0.000000E+00  0.000000E+00  0.000000E+00  0.000000E+00
  3.640000E-01  2.080397E+00  1.143440E+00  6.530789E-01  0.000000E+00  0.000000E+00  0.000000E+00  0.000000E+00  0.000000E+00
  3.660000E-01  2.082171E+00  1.145612E+00  6.739963E-01  0.000000E+00  0.000000E+00  0.000000E+00  0.000000E+00  0.000000E+00
  3.680000E-01  2.083910E+00  1.147743E+00  6.940649E-01  0.000000E+00  0.000000E+00  0.000000E+00  0.000000E+00  0.000000E+00
  3.700000E-01  2.085616E+00  1.149836E+00  7.133692E-01  0.000000E+00  0.000000E+00  0.000000E+00  0.000000E+00  0.000000E+00
  3.720000E-01  2.087292E+00  1.151893E+00  7.319812E-01  0.000000E+00  0.000000E+00  0.000000E+00  0.000000E+00  0.000000E+00
  3.740000E-01  2.088938E+00  1.153916E+00  7.499621E-01  0.000000E+00  0.000000E+00  0.000000E+00  0.000000E+00  0.000000E+00
  3.760000E-01  2.090557E+00  1.155906E+00  7.673651E-01  0.000000E+00  0.000000E+00  0.000000E+00  0.000000E+00  0.000000E+00
  3.780000E-01  2.092149E+00  1.157864E+00  7.842362E-01  0.000000E+00  0.000000E+00  0.000000E+00  0.000000E+00  0.000000E+00
  3.800000E-01  2.093715E+00  1.159793E+00  8.006161E-01  0.000000E+00  0.000000E+00  0.000000E+00  0.000000E+00  0.000000E+00
  3.820000E-01  2.095258E+00  1.161694E+00  8.165402E-01  0.000000E+00  0.000000E+00  0.000000E+00  0.000000E+00  0.000000E+00
  3.840000E-01  2.096777E+00  1.163567E+00  8.320403E-01  0.000000E+00  0.000000E+00  0.000000E+00  0.000000E+00  0.000000E+00
  3.860000E-01  2.098275E+00  1.165414E+00  8.471447E-01  0.000000E+00  0.000000E+00  0.000000E+00  0.000000E+00  0.000000E+00
  3.880000E-01  2.099750E+00  1.167236E+00  8.618786E-01  0.000000E+00  0.000000E+00  0.000000E+00  0.000000E+00  0.000000E+00
  3.900000E-01  2.101206E+00  1.169033E+00  8.762648E-01  0.000000E+00  0.000000E+00  0.000000E+00  0.000000E+00  0.000000E+00
  3.920000E-01  2.102641E+00  1.170807E+00  8.903239E-01  0.000000E+00  0.000000E+00  0.000000E+00  0.000000E+00  0.000000E+00
  3.940000E-01  2.104057E+00  1.172558E+00  9.040747E-01  0.000000E+00  0.000000E+00  0.000000E+00  0.000000E+00  0.000000E+00
  3.960000E-01  2.105455E+00  1.174288E+00  9.175342E-01  0.000000E+00  0.000000E+00  0.000000E+00  0.000000E+00  0.000000E+00
  3.980000E-01  2.106835E+00  1.175996E+00  9.307178E-01  0.000000E+00  0.000000E+00  0.000000E+00  0.000000E+00  0.000000E+00
  4.000000E-01  2.108198E+00  1.177683E+00  9.436399E-01  0.000000E+00  0.000000E+00  0.000000E+00  0.000000E+00  0.000000E+00
  4.020000E-01  2.109544E+00  1.179351E+00  9.563135E-01  0.000000E+00  0.000000E+00  0.000000E+00  0.000000E+00  0.000000E+00
  4.040000E-01  2.110873E+00  1.180999E+00  9.687507E-01  0.000000E+00  0.000000E+00  0.000000E+00  0.000000E+00  0.000000E+00
  4.060000E-01  2.112187E+00  1.182628E+00  9.809626E-01  0.000000E+00  0.000000E+00  0.000000E+00  0.000000E+00  0.000000E+00
  4.080000E-01  2.113486E+00  1.184239E+00  9.929597E-01  0.000000E+00  0.000000E+00  0.000000E+00  0.000000E+00  0.000000E+00
  4.100000E-01  2.114769E+00  1.185832E+00  1.004751E+00  0.000000E+00  0.000000E+00  0.000000E+00  0.000000E+00  0.000000E+00
  4.120000E-01  2.116039E+00  1.187408E+00  1.016347E+00  0.000000E+00  0.000000E+00  0.000000E+00  0.000000E+00  0.000000E+00
  4.140000E-01  2.117294E+00  1.188967E+00  1.027754E+00  0.000000E+00  0.000000E+00  0.000000E+00  0.000000E+00  0.000000E+00
  4.160000E-01  2.118535E+00  1.190509E+00  1.038980E+00  0.000000E+00  0.000000E+00  0.000000E+00  0.000000E+00  0.000000E+00
  4.180000E-01  2.119763E+00  1.192035E+00  1.050034E+00  0.000000E+00  0.000000E+00  0.000000E+00  0.000000E+00  0.000000E+00
  4.200000E-01  2.120977E+00  1.193546E+00  1.060921E+00  0.000000E+00  0.000000E+00  0.000000E+00  0.000000E+00  0.000000E+00
  4.220000E-01  2.122179E+00  1.195041E+00  1.071648E+00  0.000000E+00  0.000000E+00  0.000000E+00  0.000000E+00  0.000000E+00
  4.240000E-01  2.123369E+00  1.196521E+00  1.082221E+00  0.000000E+00  0.000000E+00  0.000000E+00  0.000000E+00  0.000000E+00
  4.260000E-01  2.124546E+00  1.197987E+00  1.092645E+00  0.000000E+00  0.000000E+00  0.000000E+00  0.000000E+00  0.000000E+00
  4.280000E-01  2.125711E+00  1.199438E+00  1.102927E+00  0.000000E+00  0.000000E+00  0.000000E+00  0.000000E+00  0.000000E+00
  4.300000E-01  2.126865E+00  1.200876E+00  1.113070E+00  0.000000E+00  0.000000E+00  0.000000E+00  0.000000E+00  0.000000E+00
  4.320000E-01  2.128008E+00  1.202299E+00  1.123080E+00  0.000000E+00  0.000000E+00  0.000000E+00  0.000000E+00  0.000000E+00
  4.340000E-01  2.129139E+00  1.203709E+00  1.132961E+00  0.000000E+00  0.000000E+00  0.000000E+00  0.000000E+00  0.000000E+00
  4.360000E-01  2.130259E+00  1.205106E+00  1.142718E+00  0.000000E+00  0.000000E+00  0.000000E+00  0.000000E+00  0.000000E+00
  4.380000E-01  2.131369E+00  1.206490E+00  1.152353E+00  0.000000E+00  0.000000E+00  0.000000E+00  0.000000E+00  0.000000E+00
  4.400000E-01  2.132468E+00  1.207862E+00  1.161872E+00  0.000000E+00  0.000000E+00  0.000000E+00  0.000000E+00  0.000000E+00
  4.420000E-01  2.133557E+00  1.209221E+00  1.171277E+00  0.000000E+00  0.000000E+00  0.000000E+00  0.000000E+00  0.000000E+00
  4.440000E-01  2.134636E+00  1.210567E+00  1.180573E+00  0.000000E+00  0.000000E+00  0.000000E+00  0.000000E+00  0.000000E+00
  4.460000E-01  2.135705E+00  1.211902E+00  1.189762E+00  0.000000E+00  0.000000E+00  0.000000E+00  0.000000E+00  0.000000E+00
  4.480000E-01  2.136764E+00  1.213225E+00  1.198848E+00  0.000000E+00  0.000000E+00  0.000000E+00  0.000000E+00  0.000000E+00
  4.500000E-01  2.137814E+00  1.214537E+00  1.207833E+00  0.000000E+00  0.000000E+00  0.000000E+00  0.000000E+00  0.000000E+00
  4.520000E-01  2.138854E+00  1.215837E+00  1.216721E+00  0.000000E+00  0.000000E+00  0.000000E+00  0.000000E+00  0.000000E+00
  4.540000E-01  2.139886E+00  1.217126E+00  1.225514E+00  0.000000E+00  0.000000E+00  0.000000E+00  0.000000E+00  0.000000E+00
  4.560000E-01  2.140908E+00  1.218405E+00  1.234214E+00  0.000000E+00  0.000000E+00  0.000000E+00  0.000000E+00  0.000000E+00
  4.580000E-01  2.141922E+00  1.219672E+00  1.242825E+00  0.000000E+00  0.000000E+00  0.000000E+00  0.000000E+00  0.000000E+00
  4.600000E-01  2.142926E+00  1.220929E+00  1.251348E+00  0.000000E+00  0.000000E+00  0.000000E+00  0.000000E+00  0.000000E+00
  4.620000E-01  2.143923E+00  1.222176E+00  1.259786E+00  0.000000E+00  0.000000E+00  0.000000E+00  0.000000E+00  0.000000E+00
  4.640000E-01  2.144911E+00  1.223412E+00  1.268141E+00  0.000000E+00  0.000000E+00  0.000000E+00  0.000000E+00  0.000000E+00
  4.660000E-01  2.145890E+00  1.224638E+00  1.276415E+00  0.000000E+00  0.000000E+00  0.000000E+00  0.000000E+00  0.000000E+00
  4.680000E-01  2.146862E+00  1.225854E+00  1.284610E+00  0.000000E+00  0.000000E+00  0.000000E+00  0.000000E+00  0.000000E+00
  4.700000E-01  2.147825E+00  1.227061E+00  1.292728E+00  0.000000E+00  0.000000E+00  0.000000E+00  0.000000E+00  0.000000E+00
  4.720000E-01  2.148781E+00  1.228258E+00  1.300771E+00  0.000000E+00  0.000000E+00  0.000000E+00  0.000000E+00  0.000000E+00
  4.740000E-01  2.149729E+00  1.229445E+00  1.308741E+00  0.000000E+00  0.000000E+00  0.000000E+00  0.000000E+00  0.000000E+00
  4.760000E-01  2.150669E+00  1.230623E+00  1.316639E+00  0.000000E+00  0.000000E+00  0.000000E+00  0.000000E+00  0.000000E+00
  4.780000E-01  2.151602E+00  1.231792E+00  1.324467E+00  0.000000E+00  0.000000E+00  0.000000E+00  0.000000E+00  0.000000E+00
  4.800000E-01  2.152527E+00  1.232952E+00  1.332227E+00  0.000000E+00  0.000000E+00  0.000000E+00  0.000000E+00  0.000000E+00
  4.820000E-01  2.153445E+00  1.234103E+00  1.339920E+00  0.000000E+00  0.000000E+00  0.000000E+00  0.000000E+00  0.000000E+00
  4.840000E-01  2.154356E+00  1.235246E+00  1.347547E+00  0.000000E+00  0.000000E+00  0.000000E+00  0.000000E+00  0.000000E+00
  4.860000E-01  2.155260E+00  1.236379E+00  1.355111E+00  0.000000E+00  0.000000E+00  0.000000E+00  0.000000E+00  0.000000E+00
  4.880000E-01  2.156156E+00  1.237504E+00  1.362612E+00  0.000000E+00  0.000000E+00  0.000000E+00  0.000000E+00  0.000000E+00
  4.900000E-01  2.157046E+00  1.238621E+00  1.370051E+00  0.000000E+00  0.000000E+00  0.000000E+00  0.000000E+00  0.000000E+00
  4.920000E-01  2.157929E+00  1.239729E+00  1.377431E+00  0.000000E+00  0.000000E+00  0.000000E+00  0.000000E+00  0.000000E+00
  4.940000E-01  2.158806E+00  1.240829E+00  1.384752E+00  0.000000E+00  0.000000E+00  0.000000E+00  0.000000E+00  0.000000E+00
  4.960000E-01  2.159675E+00  1.241921E+00  1.392016E+00  0.000000E+00  0.000000E+00  0.000000E+00  0.000000E+00  0.000000E+00
  4.980000E-01  2.160539E+00  1.243005E+00  1.399223E+00  0.000000E+00  0.000000E+00  0.000000E+00  0.000000E+00  0.000000E+00
  5.000000E-01  2.161396E+00  1.244081E+00  1.406375E+00  0.000000E+00  0.000000E+00  0.000000E+00  0.000000E+00  0.000000E+00
  5.020000E-01  2.162246E+00  1.245149E+00  1.413473E+00  0.000000E+00  0.000000E+00  0.000000E+00  0.000000E+00  0.000000E+00
  5.040000E-01  2.163090E+00  1.246210E+00  1.420517E+00  0.000000E+00  0.000000E+00  0.000000E+00  0.000000E+00  0.000000E+00
  5.060000E-01  2.163928E+00  1.247263E+00  1.427510E+00  0.000000E+00  0.000000E+00  0.000000E+00  0.000000E+00  0.000000E+00
  5.080000E-01  2.164760E+00  1.248308E+00  1.434452E+00  0.000000E+00  0.000000E+00  0.000000E+00  0.000000E+00  0.000000E+00
  5.100000E-01  2.165586E+00  1.249346E+00  1.441343E+00  0.000000E+00  0.000000E+00  0.000000E+00  0.000000E+00  0.000000E+00
  5.120000E-01  2.166406E+00  1.250377E+00  1.448185E+00  0.000000E+00  0.000000E+00  0.000000E+00  0.000000E+00  0.000000E+00
  5.140000E-01  2.167220E+00  1.251400E+00  1.454979E+00  0.000000E+00  0.000000E+00  0.000000E+00  0.000000E+00  0.000000E+00
  5.160000E-01  2.168029E+00  1.252416E+00  1.461726E+00  0.000000E+00  0.000000E+00  0.000000E+00  0.000000E+00  0.000000E+00
  5.180000E-01  2.168831E+00  1.253426E+00  1.468426E+00  0.000000E+00  0.000000E+00  0.000000E+00  0.000000E+00  0.000000E+00
  5.200000E-01  2.169628E+00  1.254428E+00  1.475080E+00  0.000000E+00  0.000000E+00  0.000000E+00  0.000000E+00  0.000000E+00
  5.220000E-01  2.170419E+00  1.255423E+00  1.481690E+00  0.000000E+00  0.000000E+00  0.000000E+00  0.000000E+00  0.000000E+00
  5.240000E-01  2.171205E+00  1.256412E+00  1.488255E+00  0.000000E+00  0.000000E+00  0.000000E+00  0.000000E+00  0.000000E+00
  5.260000E-01  2.171985E+00  1.257394E+00  1.494777E+00  0.000000E+00  0.000000E+00  0.000000E+00  0.000000E+00  0.000000E+00
  5.280000E-01  2.172760E+00  1.258369E+00  1.501256E+00  0.000000E+00  0.000000E+00  0.000000E+00  0.000000E+00  0.000000E+00
  5.300000E-01  2.173530E+00  1.259337E+00  1.507693E+00  0.000000E+00  0.000000E+00  0.000000E+00  0.000000E+00  0.000000E+00
  5.320000E-01  2.174294E+00  1.260299E+00  1.514089E+00  0.000000E+00  0.000000E+00  0.000000E+00  0.000000E+00  0.000000E+00
  5.340000E-01  2.175053E+00  1.261255E+00  1.520445E+00  0.000000E+00  0.000000E+00  0.000000E+00  0.000000E+00  0.000000E+00
  5.360000E-01  2.175807E+00  1.262204E+00  1.526760E+00  0.000000E+00  0.000000E+00  0.000000E+00  0.000000E+00  0.000000E+00
  5.380000E-01  2.176555E+00  1.263147E+00  1.533036E+00  0.000000E+00  0.000000E+00  0.000000E+00  0.000000E+00  0.000000E+00
  5.400000E-01  2.177299E+00  1.264083E+00  1.539274E+00  0.000000E+00  0.000000E+00  0.000000E+00  0.000000E+00  0.000000E+00
  5.420000E-01  2.178037E+00  1.265014E+00  1.545474E+00  0.000000E+00  0.000000E+00  0.000000E+00  0.000000E+00  0.000000E+00
  5.440000E-01  2.178771E+00  1.265938E+00  1.551636E+00  0.000000E+00  0.000000E+00  0.000000E+00  0.000000E+00  0.000000E+00
  5.460000E-01  2.179500E+00  1.266856E+00  1.557762E+00  0.000000E+00  0.000000E+00  0.000000E+00  0.000000E+00  0.000000E+00
  5.480000E-01  2.180224E+00  1.267768E+00  1.563851E+00  0.000000E+00  0.000000E+00  0.000000E+00  0.000000E+00  0.000000E+00
  5.500000E-01  2.180943E+00  1.268675E+00  1.569905E+00  0.000000E+00  0.000000E+00  0.000000E+00  0.000000E+00  0.000000E+00
  5.520000E-01  2.181657E+00  1.269575E+00  1.575923E+00  0.000000E+00  0.000000E+00  0.000000E+00  0.000000E+00  0.000000E+00
  5.540000E-01  2.182367E+00  1.270470E+00  1.581907E+00  0.000000E+00  0.000000E+00  0.000000E+00  0.000000E+00  0.000000E+00
  5.560000E-01  2.183072E+00  1.271359E+00  1.587856E+00  0.000000E+00  0.000000E+00  0.000000E+00  0.000000E+00  0.000000E+00
  5.580000E-01  2.183773E+00  1.272242E+00  1.593772E+00  0.000000E+00  0.000000E+00  0.000000E+00  0.000000E+00  0.000000E+00
  5.600000E-01  2.184468E+00  1.273119E+00  1.599655E+00  0.000000E+00  0.000000E+00  0.000000E+00  0.000000E+00  0.000000E+00
  5.620000E-01  2.185160E+00  1.273991E+00  1.605505E+00  0.000000E+00  0.000000E+00  0.000000E+00  0.000000E+00  0.000000E+00
  5.640000E-01  2.185847E+00  1.274858E+00  1.611324E+00  0.000000E+00  0.000000E+00  0.000000E+00  0.000000E+00  0.000000E+00
  5.660000E-01  2.186529E+00  1.275718E+00  1.617110E+00  0.000000E+00  0.000000E+00  0.000000E+00  0.000000E+00  0.000000E+00
  5.680000E-01  2.187207E+00  1.276574E+00  1.622865E+00  0.000000E+00  0.000000E+00  0.000000E+00  0.000000E+00  0.000000E+00
  5.700000E-01  2.187881E+00  1.277424E+00  1.628589E+00  0.000000E+00  0.000000E+00  0.000000E+00  0.000000E+00  0.000000E+00
  5.720000E-01  2.188550E+00  1.278269E+00  1.634283E+00  0.000000E+00  0.000000E+00  0.000000E+00  0.000000E+00  0.000000E+00
  5.740000E-01  2.189215E+00  1.279108E+00  1.639947E+00  0.000000E+00  0.000000E+00  0.000000E+00  0.000000E+00  0.000000E+00
  5.760000E-01  2.189876E+00  1.279942E+00  1.645581E+00  0.000000E+00  0.000000E+00  0.000000E+00  0.000000E+00  0.000000E+00
  5.780000E-01  2.190533E+00  1.280771E+00  1.651186E+00  0.000000E+00  0.000000E+00  0.000000E+00  0.000000E+00  0.000000E+00
  5.800000E-01  2.191186E+00  1.281595E+00  1.656762E+00  0.000000E+00  0.000000E+00  0.000000E+00  0.000000E+00  0.000000E+00
  5.820000E-01  2.191834E+00  1.282414E+00  1.662310E+00  0.000000E+00  0.000000E+00  0.000000E+00  0.000000E+00  0.000000E+00
  5.840000E-01  2.192479E+00  1.283228E+00  1.667829E+00  0.000000E+00  0.000000E+00  0.000000E+00  0.000000E+00  0.000000E+00
  5.860000E-01  2.193119E+00  1.284037E+00  1.673321E+00  0.000000E+00  0.000000E+00  0.000000E+00  0.000000E+00  0.000000E+00
  5.880000E-01  2.193756E+00  1.284840E+00  1.678786E+00  0.000000E+00  0.000000E+00  0.000000E+00  0.000000E+00  0.000000E+00
  5.900000E-01  2.194388E+00  1.285639E+00  1.684224E+00  0.000000E+00  0.000000E+00  0.000000E+00  0.000000E+00  0.000000E+00
  5.920000E-01  2.195017E+00  1.286433E+00  1.689635E+00  0.000000E+00  0.000000E+00  0.000000E+00  0.000000E+00  0.000000E+00
  5.940000E-01  2.195641E+00  1.287222E+00  1.695020E+00  0.000000E+00  0.000000E+00  0.000000E+00  0.000000E+00  0.000000E+00
  5.960000E-01  2.196262E+00  1.288007E+00  1.700379E+00  0.000000E+00  0.000000E+00  0.000000E+00  0.000000E+00  0.000000E+00
  5.980000E-01  2.196879E+00  1.288786E+00  1.705712E+00  0.000000E+00  0.000000E+00  0.000000E+00  0.000000E+00  0.000000E+00
  6.000000E-01  2.196755E+00  1.291494E+00  1.709065E+00  0.000000E+00  0.000000E+00  0.000000E+00  2.629008E-01  0.000000E+00
  6.020000E-01  2.196937E+00  1.293384E+00  1.713224E+00  0.000000E+00  0.000000E+00  0.000000E+00  3.063257E-01  0.000000E+00
  6.040000E-01  2.197082E+00  1.295359E+00  1.717274E+00  0.000000E+00  0.000000E+00  0.000000E+00  3.425489E-01  0.000000E+00
  6.060000E-01  2.197197E+00  1.297399E+00  1.721236E+00  0.000000E+00  0.000000E+00  0.000000E+00  3.740317E-01  0.000000E+00
  6.080000E-01  2.197287E+00  1.299489E+00  1.725126E+00  0.000000E+00  0.000000E+00  0.000000E+00  4.021052E-01  0.000000E+00
  6.100000E-01  2.197357E+00  1.301620E+00  1.728952E+00  0.000000E+00  0.000000E+00  0.000000E+00  4.275831E-01  0.000000E+00
  6.120000E-01  2.197408E+00  1.303785E+00  1.732722E+00  0.000000E+00  0.000000E+00  0.000000E+00  4.510046E-01  0.000000E+00
  6.140000E-01  2.197444E+00  1.305978E+00  1.736443E+00  0.000000E+00  0.000000E+00  0.000000E+00  4.727479E-01  0.000000E+00
  6.160000E-01  2.197465E+00  1.308196E+00  1.740117E+00  0.000000E+00  0.000000E+00  0.000000E+00  4.930900E-01  0.000000E+00
  6.180000E-01  2.197473E+00  1.310435E+00  1.743751E+00  0.000000E+00  0.000000E+00  0.000000E+00  5.122410E-01  0.000000E+00
  6.200000E-01  2.197468E+00  1.312692E+00  1.747345E+00  0.000000E+00  0.000000E+00  0.000000E+00  5.303640E-01  0.000000E+00
  6.220000E-01  2.197453E+00  1.314965E+00  1.750903E+00  0.000000E+00  0.000000E+00  0.000000E+00  5.475891E-01  0.000000E+00
  6.240000E-01  2.197427E+00  1.317252E+00  1.754427E+00  0.000000E+00  0.000000E+00  0.000000E+00  5.640216E-01  0.000000E+00
  6.260000E-01  2.197392E+00  1.319550E+00  1.757920E+00  0.000000E+00  0.000000E+00  0.000000E+00  5.797482E-01  0.000000E+00
  6.280000E-01  2.197347E+00  1.321859E+00  1.761382E+00  0.000000E+00  0.000000E+00  0.000000E+00  5.948413E-01  0.000000E+00
  6.300000E-01  2.197294E+00  1.324177E+00  1.764816E+00  0.000000E+00  0.000000E+00  0.000000E+00  6.093619E-01  0.000000E+00
  6.320000E-01  2.197233E+00  1.326503E+00  1.768222E+00  0.000000E+00  0.000000E+00  0.000000E+00  6.233623E-01  0.000000E+00
  6.340000E-01  2.197165E+00  1.328836E+00  1.771602E+00  0.000000E+00  0.000000E+00  0.000000E+00  6.368872E-01  0.000000E+00
  6.360000E-01  2.197089E+00  1.331175E+00  1.774957E+00  0.000000E+00  0.000000E+00  0.000000E+00  6.499756E-01  0.000000E+00
  6.380000E-01  2.197006E+00  1.333520E+00  1.778287E+00  0.000000E+00  0.000000E+00  0.000000E+00  6.626615E-01  0.000000E+00
  6.400000E-01  2.196916E+00  1.335869E+00  1.781595E+00  0.000000E+00  0.000000E+00  0.000000E+00  6.749750E-01  0.000000E+00
  6.420000E-01  2.196820E+00  1.338221E+00  1.784880E+00  0.000000E+00  0.000000E+00  0.000000E+00  6.869425E-01  0.000000E+00
  6.440000E-01  2.196718E+00  1.340577E+00  1.788144E+00  0.000000E+00  0.000000E+00  0.000000E+00  6.985877E-01  0.000000E+00
  6.460000E-01  2.196610E+00  1.342936E+00  1.791386E+00  0.000000E+00  0.000000E+00  0.000000E+00  7.099316E-01  0.000000E+00
  6.480000E-01  2.196497E+00  1.345297E+00  1.794608E+00  0.000000E+00  0.000000E+00  0.000000E+00  7.209933E-01  0.000000E+00
  6.500000E-01  2.196378E+00  1.347660E+00  1.797811E+00  0.000000E+00  0.000000E+00  0.000000E+00  7.317898E-01  0.000000E+00
  6.520000E-01  2.196253E+00  1.350024E+00  1.800995E+00  0.000000E+00  0.000000E+00  0.000000E+00  7.423366E-01  0.000000E+00
  6.540000E-01  2.196124E+00  1.352389E+00  1.804160E+00  0.000000E+00  0.000000E+00  0.000000E+00  7.526479E-01  0.000000E+00
  6.560000E-01  2.195990E+00  1.354755E+00  1.807306E+00  0.000000E+00  0.000000E+00  0.000000E+00  7.627364E-01  0.000000E+00
  6.580000E-01  2.195850E+00  1.357121E+00  1.810436E+00  0.000000E+00  0.000000E+00  0.000000E+00  7.726140E-01  0.000000E+00
  6.600000E-01  2.195707E+00  1.359487E+00  1.813548E+00  0.000000E+00  0.000000E+00  0.000000E+00  7.822915E-01  0.000000E+00
  6.620000E-01  2.195558E+00  1.361853E+00  1.816643E+00  0.000000E+00  0.000000E+00  0.000000E+00  7.917787E-01  0.000000E+00
  6.640000E-01  2.195405E+00  1.364219E+00  1.819722E+00  0.000000E+00  0.000000E+00  0.000000E+00  8.010849E-01  0.000000E+00
  6.660000E-01  2.195248E+00  1.366583E+00  1.822785E+00  0.000000E+00  0.000000E+00  0.000000E+00  8.102184E-01  0.000000E+00
  6.680000E-01  2.195087E+00  1.368947E+00  1.825832E+00  0.000000E+00  0.000000E+00  0.000000E+00  8.191872E-01  0.000000E+00
  6.700000E-01  2.194922E+00  1.371310E+00  1.828863E+00  0.000000E+00  0.000000E+00  0.000000E+00  8.279985E-01  0.000000E+00
  6.720000E-01  2.194753E+00  1.373671E+00  1.831880E+00  0.000000E+00  0.000000E+00  0.000000E+00  8.366591E-01  0.000000E+00
  6.740000E-01  2.194580E+00  1.376030E+00  1.834882E+00  0.000000E+00  0.000000E+00  0.000000E+00  8.451754E-01  0.000000E+00
  6.760000E-01  2.194403E+00  1.378388E+00  1.837870E+00  0.000000E+00  0.000000E+00  0.000000E+00  8.535532E-01  0.000000E+00
  6.780000E-01  2.194222E+00  1.380745E+00  1.840843E+00  0.000000E+00  0.000000E+00  0.000000E+00  8.617981E-01  0.000000E+00
  6.800000E-01  2.194038E+00  1.383099E+00  1.843802E+00  0.000000E+00  0.000000E+00  0.000000E+00  8.699152E-01  0.000000E+00
  6.820000E-01  2.193850E+00  1.385451E+00  1.846748E+00  0.000000E+00  0.000000E+00  0.000000E+00  8.779094E-01  0.000000E+00
  6.840000E-01  2.193659E+00  1.387801E+00  1.849681E+00  0.000000E+00  0.000000E+00  0.000000E+00  8.857853E-01  0.000000E+00
  6.860000E-01  2.193464E+00  1.390148E+00  1.852600E+00  0.000000E+00  0.000000E+00  0.000000E+00  8.935471E-01  0.000000E+00
  6.880000E-01  2.193266E+00  1.392493E+00  1.855506E+00  0.000000E+00  0.000000E+00  0.000000E+00  9.011990E-01  0.000000E+00
  6.900000E-01  2.193065E+00  1.394836E+00  1.858399E+00  0.000000E+00  0.000000E+00  0.000000E+00  9.087448E-01  0.000000E+00
  6.920000E-01  2.192860E+00  1.397176E+00  1.861280E+00  0.000000E+00  0.000000E+00  0.000000E+00  9.161880E-01  0.000000E+00
  6.940000E-01  2.192653E+00  1.399513E+00  1.864149E+00  0.000000E+00  0.000000E+00  0.000000E+00  9.235322E-01  0.000000E+00
  6.960000E-01  2.192442E+00  1.401847E+00  1.867005E+00  0.000000E+00  0.000000E+00  0.000000E+00  9.307804E-01  0.000000E+00
  6.980000E-01  2.192228E+00  1.404178E+00  1.869850E+00  0.000000E+00  0.000000E+00  0.000000E+00  9.379359E-01  0.000000E+00
  7.000000E-01  2.192012E+00  1.406507E+00  1.872683E+00  0.000000E+00  0.000000E+00  0.000000E+00  9.450016E-01  0.000000E+00
  7.020000E-01  2.191792E+00  1.408832E+00  1.875504E+00  0.000000E+00  0.000000E+00  0.000000E+00  9.519801E-01  0.000000E+00
  7.040000E-01  2.191570E+00  1.411155E+00  1.878313E+00  0.000000E+00  0.000000E+00  0.000000E+00  9.588741E-01  0.000000E+00
  7.060000E-01  2.191344E+00  1.413474E+00  1.881112E+00  0.000000E+00  0.000000E+00  0.000000E+00  9.656862E-01  0.000000E+00
  7.080000E-01  2.191116E+00  1.415790E+00  1.883899E+00  0.000000E+00  0.000000E+00  0.000000E+00  9.724188E-01  0.000000E+00
  7.100000E-01  2.190885E+00  1.418102E+00  1.886675E+00  0.000000E+00  0.000000E+00  0.000000E+00  9.790741E-01  0.000000E+00
  7.120000E-01  2.190652E+00  1.420412E+00  1.889441E+00  0.000000E+00  0.000000E+00  0.000000E+00  9.856542E-01  0.000000E+00
  7.140000E-01  2.190416E+00  1.422718E+00  1.892196E+00  0.000000E+00  0.000000E+00  0.000000E+00  9.921614E-01  0.000000E+00
  7.160000E-01  2.190177E+00  1.425020E+00  1.894940E+00  0.000000E+00  0.000000E+00  0.000000E+00  9.985975E-01  0.000000E+00
  7.180000E-01  2.189935E+00  1.427319E+00  1.897674E+00  0.000000E+00  0.000000E+00  0.000000E+00  1.004965E+00  0.000000E+00
  7.200000E-01  2.189691E+00  1.429615E+00  1.900397E+00  0.000000E+00  0.000000E+00  0.000000E+00  1.011264E+00  0.000000E+00
  7.220000E-01  2.189445E+00  1.431907E+00  1.903111E+00  0.000000E+00  0.000000E+00  0.000000E+00  1.017498E+00  0.000000E+00
  7.240000E-01  2.189196E+00  1.434196E+00  1.905814E+00  0.000000E+00  0.000000E+00  0.000000E+00  1.023669E+00  0.000000E+00
  7.260000E-01  2.188945E+00  1.436481E+00  1.908508E+00  0.000000E+00  0.000000E+00  0.000000E+00  1.029776E+00  0.000000E+00
  7.280000E-01  2.188691E+00  1.438763E+00  1.911192E+00  0.000000E+00  0.000000E+00  0.000000E+00  1.035824E+00  0.000000E+00
  7.300000E-01  2.188435E+00  1.441040E+00  1.913866E+00  0.000000E+00  0.000000E+00  0.000000E+00  1.041812E+00  0.000000E+00
  7.320000E-01  2.188176E+00  1.443315E+00  1.916530E+00  0.000000E+00  0.000000E+00  0.000000E+00  1.047742E+00  0.000000E+00
  7.340000E-01  2.187916E+00  1.445585E+00  1.919185E+00  0.000000E+00  0.000000E+00  0.000000E+00  1.053615E+00  0.000000E+00
  7.360000E-01  2.187653E+00  1.447852E+00  1.921831E+00  0.000000E+00  0.000000E+00  0.000000E+00  1.059434E+00  0.000000E+00
  7.380000E-01  2.187387E+00  1.450115E+00  1.924468E+00  0.000000E+00  0.000000E+00  0.000000E+00  1.065198E+00  0.000000E+00
  7.400000E-01  2.187120E+00  1.452375E+00  1.927095E+00  0.000000E+00  0.000000E+00  0.000000E+00  1.070910E+00  0.000000E+00
  7.420000E-01  2.186850E+00  1.454631E+00  1.929714E+00  0.000000E+00  0.000000E+00  0.000000E+00  1.076571E+00  0.000000E+00
  7.440000E-01  2.186578E+00  1.456883E+00  1.932323E+00  0.000000E+00  0.000000E+00  0.000000E+00  1.082181E+00  0.000000E+00
  7.460000E-01  2.186304E+00  1.459131E+00  1.934924E+00  0.000000E+00  0.000000E+00  0.000000E+00  1.087742E+00  0.000000E+00
  7.480000E-01  2.186028E+00  1.461376E+00  1.937516E+00  0.000000E+00  0.000000E+00  0.000000E+00  1.093254E+00  0.000000E+00
  7.500000E-01  2.185750E+00  1.463616E+00  1.940100E+00  0.000000E+00  0.000000E+00  0.000000E+00  1.098720E+00  0.000000E+00
  7.520000E-01  2.185470E+00  1.465853E+00  1.942674E+00  0.000000E+00  0.000000E+00  0.000000E+00  1.104139E+00  0.000000E+00
  7.540000E-01  2.185187E+00  1.468087E+00  1.945241E+00  0.000000E+00  0.000000E+00  0.000000E+00  1.109513E+00  0.000000E+00
  7.560000E-01  2.184903E+00  1.470316E+00  1.947799E+00  0.000000E+00  0.000000E+00  0.000000E+00  1.114842E+00  0.000000E+00
  7.580000E-01  2.184617E+00  1.472542E+00  1.950348E+00  0.000000E+00  0.000000E+00  0.000000E+00  1.120129E+00  0.000000E+00
  7.600000E-01  2.184328E+00  1.474763E+00  1.952890E+00  0.000000E+00  0.000000E+00  0.000000E+00  1.125372E+00  0.000000E+00
  7.620000E-01  2.184038E+00  1.476981E+00  1.955423E+00  0.000000E+00  0.000000E+00  0.000000E+00  1.130574E+00  0.000000E+00
  7.640000E-01  2.183746E+00  1.479196E+00  1.957948E+00  0.000000E+00  0.000000E+00  0.000000E+00  1.135735E+00  0.000000E+00
  7.660000E-01  2.183452E+00  1.481406E+00  1.960466E+00  0.000000E+00  0.000000E+00  0.000000E+00  1.140856E+00  0.000000E+00
  7.680000E-01  2.183156E+00  1.483613E+00  1.962975E+00  0.000000E+00  0.000000E+00  0.000000E+00  1.145937E+00  0.000000E+00
  7.700000E-01  2.182858E+00  1.485815E+00  1.965477E+00  0.000000E+00  0.000000E+00  0.000000E+00  1.150980E+00  0.000000E+00
  7.720000E-01  2.182558E+00  1.488014E+00  1.967971E+00  0.000000E+00  0.000000E+00  0.000000E+00  1.155985E+00  0.000000E+00
  7.740000E-01  2.182257E+00  1.490209E+00  1.970457E+00  0.000000E+00  0.000000E+00  0.000000E+00  1.160953E+00  0.000000E+00
  7.760000E-01  2.181953E+00  1.492401E+00  1.972935E+00  0.000000E+00  0.000000E+00  0.000000E+00  1.165884E+00  0.000000E+00
  7.780000E-01  2.181648E+00  1.494588E+00  1.975407E+00  0.000000E+00  0.000000E+00  0.000000E+00  1.170779E+00  0.000000E+00
  7.800000E-01  2.181341E+00  1.496772E+00  1.977870E+00  0.000000E+00  0.000000E+00  0.000000E+00  1.175639E+00  0.000000E+00
  7.820000E-01  2.181033E+00  1.498952E+00  1.980326E+00  0.000000E+00  0.000000E+00  0.000000E+00  1.180464E+00  0.000000E+00
  7.840000E-01  2.180722E+00  1.501128E+00  1.982775E+00  0.000000E+00  0.000000E+00  0.000000E+00  1.185255E+00  0.000000E+00
  7.860000E-01  2.180410E+00  1.503300E+00  1.985217E+00  0.000000E+00  0.000000E+00  0.000000E+00  1.190013E+00  0.000000E+00
  7.880000E-01  2.180096E+00  1.505469E+00  1.987651E+00  0.000000E+00  0.000000E+00  0.000000E+00  1.194737E+00  0.000000E+00
  7.900000E-01  2.179781E+00  1.507634E+00  1.990078E+00  0.000000E+00  0.000000E+00  0.000000E+00  1.199430E+00  0.000000E+00
  7.920000E-01  2.179463E+00  1.509795E+00  1.992498E+00  0.000000E+00  0.000000E+00  0.000000E+00  1.204090E+00  0.000000E+00
  7.940000E-01  2.179145E+00  1.511952E+00  1.994912E+00  0.000000E+00  0.000000E+00  0.000000E+00  1.208720E+00  0.000000E+00
  7.960000E-01  2.178824E+00  1.514105E+00  1.997318E+00  0.000000E+00  0.000000E+00  0.000000E+00  1.213318E+00  0.000000E+00
  7.980000E-01  2.178502E+00  1.516255E+00  1.999717E+00  0.000000E+00  0.000000E+00  0.000000E+00  1.217886E+00  0.000000E+00
  8.000000E-01  2.178178E+00  1.518401E+00  2.002109E+00  0.000000E+00  0.000000E+00  0.000000E+00  1.222425E+00  0.000000E+00
  8.020000E-01  2.177853E+00  1.520543E+00  2.004495E+00  0.000000E+00  0.000000E+00  0.000000E+00  1.226934E+00  0.000000E+00
  8.040000E-01  2.177526E+00  1.522682E+00  2.006874E+00  0.000000E+00  0.000000E+00  0.000000E+00  1.231414E+00  0.000000E+00
  8.060000E-01  2.177197E+00  1.524816E+00  2.009246E+00  0.000000E+00  0.000000E+00  0.000000E+00  1.235865E+00  0.000000E+00
  8.080000E-01  2.176867E+00  1.526947E+00  2.011612E+00  0.000000E+00  0.000000E+00  0.000000E+00  1.240289E+00  0.000000E+00
  8.100000E-01  2.176536E+00  1.529075E+00  2.013971E+00  0.000000E+00  0.000000E+00  0.000000E+00  1.244685E+00  0.000000E+00
  8.120000E-01  2.176202E+00  1.531198E+00  2.016323E+00  0.000000E+00  0.000000E+00  0.000000E+00  1.249054E+00  0.000000E+00
  8.140000E-01  2.175868E+00  1.533318E+00  2.018669E+00  0.000000E+00  0.000000E+00  0.000000E+00  1.253396E+00  0.000000E+00
  8.160000E-01  2.175531E+00  1.535435E+00  2.021009E+00  0.000000E+00  0.000000E+00  0.000000E+00  1.257712E+00  0.000000E+00
  8.180000E-01  2.175194E+00  1.537547E+00  2.023342E+00  0.000000E+00  0.000000E+00  0.000000E+00  1.262002E+00  0.000000E+00
  8.200000E-01  2.174855E+00  1.539656E+00  2.025669E+00  0.000000E+00  0.000000E+00  0.000000E+00  1.266266E+00  0.000000E+00
  8.220000E-01  2.174514E+00  1.541761E+00  2.027989E+00  0.000000E+00  0.000000E+00  0.000000E+00  1.270505E+00  0.000000E+00
  8.240000E-01  2.174172E+00  1.543863E+00  2.030304E+00  0.000000E+00  0.000000E+00  0.000000E+00  1.274719E+00  0.000000E+00
  8.260000E-01  2.173828E+00  1.545961E+00  2.032612E+00  0.000000E+00  0.000000E+00  0.000000E+00  1.278908E+00  0.000000E+00
  8.280000E-01  2.173483E+00  1.548055E+00  2.034914E+00  0.000000E+00  0.000000E+00  0.000000E+00  1.283074E+00  0.000000E+00
  8.300000E-01  2.173137E+00  1.550146E+00  2.037210E+00  0.000000E+00  0.000000E+00  0.000000E+00  1.287215E+00  0.000000E+00
  8.320000E-01  2.172789E+00  1.552233E+00  2.039500E+00  0.000000E+00  0.000000E+00  0.000000E+00  1.291333E+00  0.000000E+00
  8.340000E-01  2.172440E+00  1.554316E+00  2.041784E+00  0.000000E+00  0.000000E+00  0.000000E+00  1.295428E+00  0.000000E+00
  8.360000E-01  2.172089E+00  1.556396E+00  2.044062E+00  0.000000E+00  0.000000E+00  0.000000E+00  1.299499E+00  0.000000E+00
  8.380000E-01  2.171738E+00  1.558473E+00  2.046334E+00  0.000000E+00  0.000000E+00  0.000000E+00  1.303549E+00  0.000000E+00
  8.400000E-01  2.171384E+00  1.560546E+00  2.048600E+00  0.000000E+00  0.000000E+00  0.000000E+00  1.307576E+00  0.000000E+00
  8.420000E-01  2.171030E+00  1.562615E+00  2.050861E+00  0.000000E+00  0.000000E+00  0.000000E+00  1.311580E+00  0.000000E+00
  8.440000E-01  2.170674E+00  1.564680E+00  2.053115E+00  0.000000E+00  0.000000E+00  0.000000E+00  1.315564E+00  0.000000E+00
  8.460000E-01  2.170316E+00  1.566743E+00  2.055364E+00  0.000000E+00  0.000000E+00  0.000000E+00  1.319525E+00  0.000000E+00
  8.480000E-01  2.169957E+00  1.568801E+00  2.057607E+00  0.000000E+00  0.000000E+00  0.000000E+00  1.323466E+00  0.000000E+00
  8.500000E-01  2.169597E+00  1.570856E+00  2.059845E+00  0.000000E+00  0.000000E+00  0.000000E+00  1.327386E+00  0.000000E+00
  8.520000E-01  2.169236E+00  1.572908E+00  2.062077E+00  0.000000E+00  0.000000E+00  0.000000E+00  1.331285E+00  0.000000E+00
  8.540000E-01  2.168874E+00  1.574956E+00  2.064303E+00  0.000000E+00  0.000000E+00  0.000000E+00  1.335163E+00  0.000000E+00
  8.560000E-01  2.168510E+00  1.577001E+00  2.066524E+00  0.000000E+00  0.000000E+00  0.000000E+00  1.339022E+00  0.000000E+00
  8.580000E-01  2.168145E+00  1.579042E+00  2.068739E+00  0.000000E+00  0.000000E+00  0.000000E+00  1.342861E+00  0.000000E+00
  8.600000E-01  2.167778E+00  1.581080E+00  2.070949E+00  0.000000E+00  0.000000E+00  0.000000E+00  1.346680E+00  0.000000E+00
  8.620000E-01  2.167410E+00  1.583114E+00  2.073154E+00  0.000000E+00  0.000000E+00  0.000000E+00  1.350480E+00  0.000000E+00
  8.640000E-01  2.167042E+00  1.585145E+00  2.075353E+00  0.000000E+00  0.000000E+00  0.000000E+00  1.354260E+00  0.000000E+00
  8.660000E-01  2.166671E+00  1.587173E+00  2.077546E+00  0.000000E+00  0.000000E+00  0.000000E+00  1.358022E+00  0.000000E+00
  8.680000E-01  2.166300E+00  1.589197E+00  2.079735E+00  0.000000E+00  0.000000E+00  0.000000E+00  1.361765E+00  0.000000E+00
  8.700000E-01  2.165927E+00  1.591218E+00  2.081918E+00  0.000000E+00  0.000000E+00  0.000000E+00  1.365489E+00  0.000000E+00
  8.720000E-01  2.165553E+00  1.593235E+00  2.084095E+00  0.000000E+00  0.000000E+00  0.000000E+00  1.369195E+00  0.000000E+00
  8.740000E-01  2.165178E+00  1.595249E+00  2.086268E+00  0.000000E+00  0.000000E+00  0.000000E+00  1.372883E+00  0.000000E+00
  8.760000E-01  2.164802E+00  1.597259E+00  2.088435E+00  0.000000E+00  0.000000E+00  0.000000E+00  1.376554E+00  0.000000E+00
  8.780000E-01  2.164425E+00  1.599267E+00  2.090597E+00  0.000000E+00  0.000000E+00  0.000000E+00  1.380206E+00  0.000000E+00
  8.800000E-01  2.164046E+00  1.601271E+00  2.092755E+00  0.000000E+00  0.000000E+00  0.000000E+00  1.383841E+00  0.000000E+00
  8.820000E-01  2.163666E+00  1.603271E+00  2.094907E+00  0.000000E+00  0.000000E+00  0.000000E+00  1.387459E+00  0.000000E+00
  8.840000E-01  2.163285E+00  1.605269E+00  2.097054E+00  0.000000E+00  0.000000E+00  0.000000E+00  1.391060E+00  0.000000E+00
  8.860000E-01  2.162903E+00  1.607263E+00  2.099196E+00  0.000000E+00  0.000000E+00  0.000000E+00  1.394644E+00  0.000000E+00
  8.880000E-01  2.162520E+00  1.609253E+00  2.101332E+00  0.000000E+00  0.000000E+00  0.000000E+00  1.398212E+00  0.000000E+00
  8.900000E-01  2.162136E+00  1.611241E+00  2.103464E+00  0.000000E+00  0.000000E+00  0.000000E+00  1.401762E+00  0.000000E+00
  8.920000E-01  2.161750E+00  1.613225E+00  2.105592E+00  0.000000E+00  0.000000E+00  0.000000E+00  1.405297E+00  0.000000E+00
  8.940000E-01  2.161364E+00  1.615206E+00  2.107714E+00  0.000000E+00  0.000000E+00  0.000000E+00  1.408815E+00  0.000000E+00
  8.960000E-01  2.160976E+00  1.617184E+00  2.109831E+00  0.000000E+00  0.000000E+00  0.000000E+00  1.412318E+00  0.000000E+00
  8.980000E-01  2.160587E+00  1.619158E+00  2.111944E+00  0.000000E+00  0.000000E+00  0.000000E+00  1.415804E+00  0.000000E+00
  9.000000E-01  2.160197E+00  1.621129E+00  2.114051E+00  0.000000E+00  0.000000E+00  0.000000E+00  1.419275E+00  0.000000E+00
  9.020000E-01  2.159806E+00  1.623098E+00  2.116154E+00  0.000000E+00  0.000000E+00  0.000000E+00  1.422731E+00  0.000000E+00
  9.040000E-01  2.159414E+00  1.625062E+00  2.118252E+00  0.000000E+00  0.000000E+00  0.000000E+00  1.426171E+00  0.000000E+00
  9.060000E-01  2.159021E+00  1.627024E+00  2.120346E+00  0.000000E+00  0.000000E+00  0.000000E+00  1.429596E+00  0.000000E+00
  9.080000E-01  2.158626E+00  1.628983E+00  2.122435E+00  0.000000E+00  0.000000E+00  0.000000E+00  1.433006E+00  0.000000E+00
  9.100000E-01  2.158231E+00  1.630938E+00  2.124519E+00  0.000000E+00  0.000000E+00  0.000000E+00  1.436401E+00  0.000000E+00
  9.120000E-01  2.157834E+00  1.632890E+00  2.126598E+00  0.000000E+00  0.000000E+00  0.000000E+00  1.439782E+00  0.000000E+00
  9.140000E-01  2.157437E+00  1.634840E+00  2.128673E+00  0.000000E+00  0.000000E+00  0.000000E+00  1.443148E+00  0.000000E+00
  9.160000E-01  2.157038E+00  1.636786E+00  2.130743E+00  0.000000E+00  0.000000E+00  0.000000E+00  1.446499E+00  0.000000E+00
  9.180000E-01  2.156639E+00  1.638729E+00  2.132809E+00  0.000000E+00  0.000000E+00  0.000000E+00  1.449837E+00  0.000000E+00
  9.200000E-01  2.156238E+00  1.640668E+00  2.134870E+00  0.000000E+00  0.000000E+00  0.000000E+00  1.453160E+00  0.000000E+00
  9.220000E-01  2.155837E+00  1.642605E+00  2.136927E+00  0.000000E+00  0.000000E+00  0.000000E+00  1.456469E+00  0.000000E+00
  9.240000E-01  2.155434E+00  1.644539E+00  2.138979E+00  0.000000E+00  0.000000E+00  0.000000E+00  1.459764E+00  0.000000E+00
  9.260000E-01  2.155030E+00  1.646470E+00  2.141027E+00  0.000000E+00  0.000000E+00  0.000000E+00  1.463046E+00  0.000000E+00
  9.280000E-01  2.154626E+00  1.648397E+00  2.143070E+00  0.000000E+00  0.000000E+00  0.000000E+00  1.466314E+00  0.000000E+00
  9.300000E-01  2.154220E+00  1.650322E+00  2.145109E+00  0.000000E+00  0.000000E+00  0.000000E+00  1.469569E+00  0.000000E+00
  9.320000E-01  2.153813E+00  1.652243E+00  2.147144E+00  0.000000E+00  0.000000E+00  0.000000E+00  1.472810E+00  0.000000E+00
  9.340000E-01  2.153405E+00  1.654162E+00  2.149174E+00  0.000000E+00  0.000000E+00  0.000000E+00  1.476039E+00  0.000000E+00
  9.360000E-01  2.152997E+00  1.656077E+00  2.151200E+00  0.000000E+00  0.000000E+00  0.000000E+00  1.479254E+00  0.000000E+00
  9.380000E-01  2.152587E+00  1.657990E+00  2.153222E+00  0.000000E+00  0.000000E+00  0.000000E+00  1.482456E+00  0.000000E+00
  9.400000E-01  2.152176E+00  1.659899E+00  2.155239E+00  0.000000E+00  0.000000E+00  0.000000E+00  1.485645E+00  0.000000E+00
  9.420000E-01  2.151765E+00  1.661806E+00  2.157252E+00  0.000000E+00  0.000000E+00  0.000000E+00  1.488822E+00  0.000000E+00
  9.440000E-01  2.151352E+00  1.663710E+00  2.159261E+00  0.000000E+00  0.000000E+00  0.000000E+00  1.491986E+00  0.000000E+00
  9.460000E-01  2.150939E+00  1.665610E+00  2.161266E+00  0.000000E+00  0.000000E+00  0.000000E+00  1.495138E+00  0.000000E+00
  9.480000E-01  2.150524E+00  1.667508E+00  2.163266E+00  0.000000E+00  0.000000E+00  0.000000E+00  1.498277E+00  0.000000E+00
  9.500000E-01  2.150109E+00  1.669403E+00  2.165262E+00  0.000000E+00  0.000000E+00  0.000000E+00  1.501404E+00  0.000000E+00
  9.520000E-01  2.149693E+00  1.671295E+00  2.167255E+00  0.000000E+00  0.000000E+00  0.000000E+00  1.504519E+00  0.000000E+00
  9.540000E-01  2.149275E+00  1.673184E+00  2.169243E+00  0.000000E+00  0.000000E+00  0.000000E+00  1.507621E+00  0.000000E+00
  9.560000E-01  2.148857E+00  1.675070E+00  2.171227E+00  0.000000E+00  0.000000E+00  0.000000E+00  1.510712E+00  0.000000E+00
  9.580000E-01  2.148438E+00  1.676953E+00  2.173207E+00  0.000000E+00  0.000000E+00  0.000000E+00  1.513791E+00  0.000000E+00
  9.600000E-01  2.148018E+00  1.678834E+00  2.175183E+00  0.000000E+00  0.000000E+00  0.000000E+00  1.516859E+00  0.000000E+00
  9.620000E-01  2.147597E+00  1.680711E+00  2.177154E+00  0.000000E+00  0.000000E+00  0.000000E+00  1.519915E+00  0.000000E+00
  9.640000E-01  2.147175E+00  1.682586E+00  2.179122E+00  0.000000E+00  0.000000E+00  0.000000E+00  1.522959E+00  0.000000E+00
  9.660000E-01  2.146752E+00  1.684458E+00  2.181086E+00  0.000000E+00  0.000000E+00  0.000000E+00  1.525992E+00  0.000000E+00
  9.680000E-01  2.146329E+00  1.686327E+00  2.183046E+00  0.000000E+00  0.000000E+00  0.000000E+00  1.529013E+00  0.000000E+00
  9.700000E-01  2.145904E+00  1.688193E+00  2.185002E+00  0.000000E+00  0.000000E+00  0.000000E+00  1.532024E+00  0.000000E+00
  9.720000E-01  2.145479E+00  1.690057E+00  2.186954E+00  0.000000E+00  0.000000E+00  0.000000E+00  1.535023E+00  0.000000E+00
  9.740000E-01  2.145052E+00  1.691918E+00  2.188902E+00  0.000000E+00  0.000000E+00  0.000000E+00  1.538011E+00  0.000000E+00
  9.760000E-01  2.144625E+00  1.693776E+00  2.190847E+00  0.000000E+00  0.000000E+00  0.000000E+00  1.540988E+00  0.000000E+00
  9.780000E-01  2.144197E+00  1.695631E+00  2.192787E+00  0.000000E+00  0.000000E+00  0.000000E+00  1.543955E+00  0.000000E+00
  9.800000E-01  2.143768E+00  1.697483E+00  2.194724E+00  0.000000E+00  0.000000E+00  0.000000E+00  1.546910E+00  0.000000E+00
  9.820000E-01  2.143338E+00  1.699333E+00  2.196656E+00  0.000000E+00  0.000000E+00  0.000000E+00  1.549855E+00  0.000000E+00
  9.840000E-01  2.142908E+00  1.701180E+00  2.198585E+00  0.000000E+00  0.000000E+00  0.000000E+00  1.552790E+00  0.000000E+00
  9.860000E-01  2.142476E+00  1.703024E+00  2.200511E+00  0.000000E+00  0.000000E+00  0.000000E+00  1.555714E+00  0.000000E+00
  9.880000E-01  2.142044E+00  1.704865E+00  2.202432E+00  0.000000E+00  0.000000E+00  0.000000E+00  1.558627E+00  0.000000E+00
  9.900000E-01  2.141610E+00  1.706704E+00  2.204350E+00  0.000000E+00  0.000000E+00  0.000000E+00  1.561530E+00  0.000000E+00
  9.920000E-01  2.141176E+00  1.708540E+00  2.206264E+00  0.000000E+00  0.000000E+00  0.000000E+00  1.564423E+00  0.000000E+00
  9.940000E-01  2.140742E+00  1.710374E+00  2.208174E+00  0.000000E+00  0.000000E+00  0.000000E+00  1.567306E+00  0.000000E+00
  9.960000E-01  2.140306E+00  1.712204E+00  2.210081E+00  0.000000E+00  0.000000E+00  0.000000E+00  1.570179E+00  0.000000E+00
  9.980000E-01  2.139869E+00  1.714033E+00  2.211984E+00  0.000000E+00  0.000000E+00  0.000000E+00  1.573041E+00  0.000000E+00
  1.000000E+00  2.139432E+00  1.715858E+00  2.213883E+00  0.000000E+00  0.000000E+00  0.000000E+00  1.575894E+00  0.000000E+00
  1.002000E+00  2.138994E+00  1.717681E+00  2.215779E+00  0.000000E+00  0.000000E+00  0.000000E+00  1.578737E+00  0.000000E+00
  1.004000E+00  2.138555E+00  1.719501E+00  2.217671E+00  0.000000E+00  0.000000E+00  0.000000E+00  1.581570E+00  0.000000E+00
  1.006000E+00  2.138115E+00  1.721319E+00  2.219559E+00  0.000000E+00  0.000000E+00  0.000000E+00  1.584394E+00  0.000000E+00
  1.008000E+00  2.137674E+00  1.723133E+00  2.221444E+00  0.000000E+00  0.000000E+00  0.000000E+00  1.587208E+00  0.000000E+00
  1.010000E+00  2.137233E+00  1.724946E+00  2.223325E+00  0.000000E+00  0.000000E+00  0.000000E+00  1.590012E+00  0.000000E+00
  1.012000E+00  2.136791E+00  1.726756E+00  2.225203E+00  0.000000E+00  0.000000E+00  0.000000E+00  1.592807E+00  0.000000E+00
  1.014000E+00  2.136348E+00  1.728563E+00  2.227077E+00  0.000000E+00  0.000000E+00  0.000000E+00  1.595592E+00  0.000000E+00
  1.016000E+00  2.135904E+00  1.730367E+00  2.228948E+00  0.000000E+00  0.000000E+00  0.000000E+00  1.598368E+00  0.000000E+00
  1.018000E+00  2.135459E+00  1.732169E+00  2.230815E+00  0.000000E+00  0.000000E+00  0.000000E+00  1.601135E+00  0.000000E+00
  1.020000E+00  2.135014E+00  1.733969E+00  2.232679E+00  0.000000E+00  0.000000E+00  0.000000E+00  1.603893E+00  0.000000E+00
  1.022000E+00  2.134568E+00  1.735766E+00  2.234539E+00  0.000000E+00  0.000000E+00  0.000000E+00  1.606642E+00  0.000000E+00
  1.024000E+00  2.134339E+00  1.737169E+00  2.236068E+00  0.000000E+00  0.000000E+00  0.000000E+00  1.608984E+00  2.046480E-01
  1.026000E+00  2.134048E+00  1.738682E+00  2.237687E+00  0.000000E+00  0.000000E+00  0.000000E+00  1.611431E+00  2.450945E-01
  1.028000E+00  2.133778E+00  1.740156E+00  2.239272E+00  0.000000E+00  0.000000E+00  0.000000E+00  1.613833E+00  2.788941E-01
  1.030000E+00  2.133524E+00  1.741598E+00  2.240829E+00  0.000000E+00  0.000000E+00  0.000000E+00  1.616197E+00  3.083849E-01
  1.032000E+00  2.133284E+00  1.743013E+00  2.242362E+00  0.000000E+00  0.000000E+00  0.000000E+00  1.618528E+00  3.347957E-01
  1.034000E+00  2.133056E+00  1.744405E+00  2.243874E+00  0.000000E+00  0.000000E+00  0.000000E+00  1.620830E+00  3.588663E-01
  1.036000E+00  2.132839E+00  1.745776E+00  2.245368E+00  0.000000E+00  0.000000E+00  0.000000E+00  1.623105E+00  3.810826E-01
  1.038000E+00  2.132632E+00  1.747129E+00  2.246844E+00  0.000000E+00  0.000000E+00  0.000000E+00  1.625356E+00  4.017841E-01
  1.040000E+00  2.132433E+00  1.748464E+00  2.248304E+00  0.000000E+00  0.000000E+00  0.000000E+00  1.627584E+00  4.212186E-01
  1.042000E+00  2.132243E+00  1.749783E+00  2.249750E+00  0.000000E+00  0.000000E+00  0.000000E+00  1.629790E+00  4.395737E-01
  1.044000E+00  2.132060E+00  1.751088E+00  2.251183E+00  0.000000E+00  0.000000E+00  0.000000E+00  1.631977E+00  4.569953E-01
  1.046000E+00  2.131884E+00  1.752379E+00  2.252603E+00  0.000000E+00  0.000000E+00  0.000000E+00  1.634145E+00  4.735996E-01
  1.048000E+00  2.131714E+00  1.753658E+00  2.254011E+00  0.000000E+00  0.000000E+00  0.000000E+00  1.636295E+00  4.894806E-01
  1.050000E+00  2.131551E+00  1.754924E+00  2.255408E+00  0.000000E+00  0.000000E+00  0.000000E+00  1.638428E+00  5.047160E-01
  1.052000E+00  2.131393E+00  1.756180E+00  2.256794E+00  0.000000E+00  0.000000E+00  0.000000E+00  1.640544E+00  5.193706E-01
  1.054000E+00  2.131240E+00  1.757425E+00  2.258170E+00  0.000000E+00  0.000000E+00  0.000000E+00  1.642645E+00  5.334992E-01
  1.056000E+00  2.131093E+00  1.758660E+00  2.259536E+00  0.000000E+00  0.000000E+00  0.000000E+00  1.644731E+00  5.471486E-01
  1.058000E+00  2.130951E+00  1.759885E+00  2.260893E+00  0.000000E+00  0.000000E+00  0.000000E+00  1.646802E+00  5.603593E-01
  1.060000E+00  2.130813E+00  1.761101E+00  2.262241E+00  0.000000E+00  0.000000E+00  0.000000E+00  1.648859E+00  5.731663E-01
  1.062000E+00  2.130680E+00  1.762309E+00  2.263581E+00  0.000000E+00  0.000000E+00  0.000000E+00  1.650902E+00  5.856004E-01
  1.064000E+00  2.130551E+00  1.763508E+00  2.264912E+00  0.000000E+00  0.000000E+00  0.000000E+00  1.652932E+00  5.976886E-01
  1.066000E+00  2.130426E+00  1.764699E+00  2.266236E+00  0.000000E+00  0.000000E+00  0.000000E+00  1.654950E+00  6.094549E-01
  1.068000E+00  2.130305E+00  1.765883E+00  2.267551E+00  0.000000E+00  0.000000E+00  0.000000E+00  1.656955E+00  6.209207E-01
  1.070000E+00  2.130188E+00  1.767059E+00  2.268860E+00  0.000000E+00  0.000000E+00  0.000000E+00  1.658948E+00  6.321053E-01
  1.072000E+00  2.130074E+00  1.768229E+00  2.270161E+00  0.000000E+00  0.000000E+00  0.000000E+00  1.660929E+00  6.430258E-01
  1.074000E+00  2.129964E+00  1.769391E+00  2.271456E+00  0.000000E+00  0.000000E+00  0.000000E+00  1.662899E+00  6.536978E-01
  1.076000E+00  2.129857E+00  1.770547E+00  2.272743E+00  0.000000E+00  0.000000E+00  0.000000E+00  1.664858E+00  6.641356E-01
  1.078000E+00  2.129754E+00  1.771697E+00  2.274024E+00  0.000000E+00  0.000000E+00  0.000000E+00  1.666805E+00  6.743519E-01
  1.080000E+00  2.129654E+00  1.772840E+00  2.275299E+00  0.000000E+00  0.000000E+00  0.000000E+00  1.668742E+00  6.843586E-01
  1.082000E+00  2.129557E+00  1.773978E+00  2.276568E+00  0.000000E+00  0.000000E+00  0.000000E+00  1.670669E+00  6.941664E-01
  1.084000E+00  2.129463E+00  1.775110E+00  2.277831E+00  0.000000E+00  0.000000E+00  0.000000E+00  1.672585E+00  7.037852E-01
  1.086000E+00  2.129371E+00  1.776236E+00  2.279088E+00  0.000000E+00  0.000000E+00  0.000000E+00  1.674492E+00  7.132241E-01
  1.088000E+00  2.129283E+00  1.777357E+00  2.280339E+00  0.000000E+00  0.000000E+00  0.000000E+00  1.676388E+00  7.224916E-01
  1.090000E+00  2.129197E+00  1.778472E+00  2.281584E+00  0.000000E+00  0.000000E+00  0.000000E+00  1.678275E+00  7.315955E-01
  1.092000E+00  2.129114E+00  1.779583E+00  2.282824E+00  0.000000E+00  0.000000E+00  0.000000E+00  1.680152E+00  7.405429E-01
  1.094000E+00  2.129034E+00  1.780689E+00  2.284059E+00  0.000000E+00  0.000000E+00  0.000000E+00  1.682020E+00  7.493407E-01
  1.096000E+00  2.128956E+00  1.781789E+00  2.285289E+00  0.000000E+00  0.000000E+00  0.000000E+00  1.683879E+00  7.579951E-01
  1.098000E+00  2.128880E+00  1.782886E+00  2.286514E+00  0.000000E+00  0.000000E+00  0.000000E+00  1.685729E+00  7.665119E-01
  1.100000E+00  2.128807E+00  1.783977E+00  2.287733E+00  0.000000E+00  0.000000E+00  0.000000E+00  1.687571E+00  7.748967E-01
  1.102000E+00  2.128737E+00  1.785064E+00  2.288948E+00  0.000000E+00  0.000000E+00  0.000000E+00  1.689403E+00  7.831546E-01
  1.104000E+00  2.128668E+00  1.786147E+00  2.290158E+00  0.000000E+00  0.000000E+00  0.000000E+00  1.691227E+00  7.912903E-01
  1.106000E+00  2.128602E+00  1.787226E+00  2.291363E+00  0.000000E+00  0.000000E+00  0.000000E+00  1.693043E+00  7.993085E-01
  1.108000E+00  2.128538E+00  1.788300E+00  2.292564E+00  0.000000E+00  0.000000E+00  0.000000E+00  1.694850E+00  8.072133E-01
  1.110000E+00  2.128476E+00  1.789371E+00  2.293760E+00  0.000000E+00  0.000000E+00  0.000000E+00  1.696650E+00  8.150088E-01
  1.112000E+00  2.128417E+00  1.790438E+00  2.294952E+00  0.000000E+00  0.000000E+00  0.000000E+00  1.698441E+00  8.226987E-01
  1.114000E+00  2.128359E+00  1.791501E+00  2.296140E+00  0.000000E+00  0.000000E+00  0.000000E+00  1.700224E+00  8.302867E-01
  1.116000E+00  2.128304E+00  1.792560E+00  2.297323E+00  0.000000E+00  0.000000E+00  0.000000E+00  1.702000E+00  8.377761E-01
  1.118000E+00  2.128250E+00  1.793615E+00  2.298502E+00  0.000000E+00  0.000000E+00  0.000000E+00  1.703767E+00  8.451701E-01
  1.120000E+00  2.128198E+00  1.794667E+00  2.299677E+00  0.000000E+00  0.000000E+00  0.000000E+00  1.705528E+00  8.524718E-01
  1.122000E+00  2.128149E+00  1.795715E+00  2.300848E+00  0.000000E+00  0.000000E+00  0.000000E+00  1.707281E+00  8.596841E-01
  1.124000E+00  2.128101E+00  1.796761E+00  2.302015E+00  0.000000E+00  0.000000E+00  0.000000E+00  1.709026E+00  8.668096E-01
  1.126000E+00  2.128055E+00  1.797802E+00  2.303178E+00  0.000000E+00  0.000000E+00  0.000000E+00  1.710764E+00  8.738511E-01
  1.128000E+00  2.128011E+00  1.798841E+00  2.304338E+00  0.000000E+00  0.000000E+00  0.000000E+00  1.712495E+00  8.808109E-01
  1.130000E+00  2.127968E+00  1.799876E+00  2.305493E+00  0.000000E+00  0.000000E+00  0.000000E+00  1.714219E+00  8.876915E-01
  1.132000E+00  2.127928E+00  1.800908E+00  2.306645E+00  0.000000E+00  0.000000E+00  0.000000E+00  1.715936E+00  8.944950E-01
  1.134000E+00  2.127889E+00  1.801937E+00  2.307793E+00  0.000000E+00  0.000000E+00  0.000000E+00  1.717646E+00  9.012237E-01
  1.136000E+00  2.127852E+00  1.802963E+00  2.308938E+00  0.000000E+00  0.000000E+00  0.000000E+00  1.719349E+00  9.078797E-01
  1.138000E+00  2.127816E+00  1.803986E+00  2.310079E+00  0.000000E+00  0.000000E+00  0.000000E+00  1.721045E+00  9.144648E-01
  1.140000E+00  2.127782E+00  1.805007E+00  2.311216E+00  0.000000E+00  0.000000E+00  0.000000E+00  1.722734E+00  9.209810E-01
  1.142000E+00  2.127750E+00  1.806024E+00  2.312350E+00  0.000000E+00  0.000000E+00  0.000000E+00  1.724417E+00  9.274300E-01
  1.144000E+00  2.127719E+00  1.807039E+00  2.313481E+00  0.000000E+00  0.000000E+00  0.000000E+00  1.726094E+00  9.338136E-01
  1.146000E+00  2.127690E+00  1.808050E+00  2.314608E+00  0.000000E+00  0.000000E+00  0.000000E+00  1.727764E+00  9.401335E-01
  1.148000E+00  2.127663E+00  1.809060E+00  2.315732E+00  0.000000E+00  0.000000E+00  0.000000E+00  1.729427E+00  9.463912E-01
  1.150000E+00  2.127637E+00  1.810066E+00  2.316853E+00  0.000000E+00  0.000000E+00  0.000000E+00  1.731084E+00  9.525883E-01
  1.152000E+00  2.127612E+00  1.811070E+00  2.317970E+00  0.000000E+00  0.000000E+00  0.000000E+00  1.732735E+00  9.587262E-01
  1.154000E+00  2.127589E+00  1.812072E+00  2.319085E+00  0.000000E+00  0.000000E+00  0.000000E+00  1.734380E+00  9.648063E-01
  1.156000E+00  2.127568E+00  1.813071E+00  2.320196E+00  0.000000E+00  0.000000E+00  0.000000E+00  1.736018E+00  9.708300E-01
  1.158000E+00  2.127547E+00  1.814067E+00  2.321304E+00  0.000000E+00  0.000000E+00  0.000000E+00  1.737650E+00  9.767986E-01
  1.160000E+00  2.127529E+00  1.815062E+00  2.322409E+00  0.000000E+00  0.000000E+00  0.000000E+00  1.739277E+00  9.827134E-01
  1.162000E+00  2.127511E+00  1.816054E+00  2.323511E+00  0.000000E+00  0.000000E+00  0.000000E+00  1.740897E+00  9.885755E-01
  1.164000E+00  2.127496E+00  1.817043E+00  2.324610E+00  0.000000E+00  0.000000E+00  0.000000E+00  1.742512E+00  9.943861E-01
  1.166000E+00  2.127481E+00  1.818030E+00  2.325706E+00  0.000000E+00  0.000000E+00  0.000000E+00  1.744120E+00  1.000146E+00
  1.168000E+00  2.127468E+00  1.819015E+00  2.326799E+00  0.000000E+00  0.000000E+00  0.000000E+00  1.745723E+00  1.005857E+00
  1.170000E+00  2.127456E+00  1.819998E+00  2.327890E+00  0.000000E+00  0.000000E+00  0.000000E+00  1.747320E+00  1.011520E+00
  1.172000E+00  2.127445E+00  1.820979E+00  2.328977E+00  0.000000E+00  0.000000E+00  0.000000E+00  1.748911E+00  1.017136E+00
  1.174000E+00  2.127436E+00  1.821957E+00  2.330062E+00  0.000000E+00  0.000000E+00  0.000000E+00  1.750497E+00  1.022705E+00
  1.176000E+00  2.127428E+00  1.822934E+00  2.331144E+00  0.000000E+00  0.000000E+00  0.000000E+00  1.752077E+00  1.028229E+00
  1.178000E+00  2.127422E+00  1.823908E+00  2.332223E+00  0.000000E+00  0.000000E+00  0.000000E+00  1.753652E+00  1.033709E+00
  1.180000E+00  2.127416E+00  1.824881E+00  2.333300E+00  0.000000E+00  0.000000E+00  0.000000E+00  1.755221E+00  1.039145E+00
  1.182000E+00  2.127412E+00  1.825851E+00  2.334373E+00  0.000000E+00  0.000000E+00  0.000000E+00  1.756784E+00  1.044539E+00
  1.184000E+00  2.127409E+00  1.826819E+00  2.335445E+00  0.000000E+00  0.000000E+00  0.000000E+00  1.758343E+00  1.049891E+00
  1.186000E+00  2.127407E+00  1.827786E+00  2.336513E+00  0.000000E+00  0.000000E+00  0.000000E+00  1.759895E+00  1.055201E+00
  1.188000E+00  2.127407E+00  1.828751E+00  2.337579E+00  0.000000E+00  0.000000E+00  0.000000E+00  1.761443E+00  1.060472E+00
  1.190000E+00  2.127408E+00  1.829713E+00  2.338642E+00  0.000000E+00  0.000000E+00  0.000000E+00  1.762985E+00  1.065703E+00
  1.192000E+00  2.127410E+00  1.830674E+00  2.339703E+00  0.000000E+00  0.000000E+00  0.000000E+00  1.764522E+00  1.070896E+00
  1.194000E+00  2.127413E+00  1.831633E+00  2.340762E+00  0.000000E+00  0.000000E+00  0.000000E+00  1.766054E+00  1.076050E+00
  1.196000E+00  2.127417E+00  1.832591E+00  2.341817E+00  0.000000E+00  0.000000E+00  0.000000E+00  1.767581E+00  1.081167E+00
  1.198000E+00  2.127422E+00  1.833546E+00  2.342871E+00  0.000000E+00  0.000000E+00  0.000000E+00  1.769102E+00  1.086248E+00
  1.200000E+00  2.127429E+00  1.834500E+00  2.343922E+00  0.000000E+00  0.000000E+00  0.000000E+00  1.770619E+00  1.091292E+00
