  1.000000E-02  0.000000E+00
  1.200000E-02  0.000000E+00
  1.400000E-02  0.000000E+00
  1.600000E-02  0.000000E+00
  1.800000E-02  0.000000E+00
  2.000000E-02  0.000000E+00
  2.200000E-02  0.000000E+00
  2.400000E-02  0.000000E+00
  2.600000E-02  0.000000E+00
  2.800000E-02  0.000000E+00
  3.000000E-02  0.000000E+00
  3.200000E-02  0.000000E+00
  3.400000E-02  0.000000E+00
  3.600000E-02  0.000000E+00
  3.800000E-02  0.000000E+00
  4.000000E-02  0.000000E+00
  4.200000E-02  0.000000E+00
  4.400000E-02  0.000000E+00
  4.600000E-02  0.000000E+00
  4.800000E-02  0.000000E+00
  5.000000E-02  0.000000E+00
  5.200000E-02  0.000000E+00
  5.400000E-02  0.000000E+00
  5.600000E-02  0.000000E+00
  5.800000E-02  0.000000E+00
  6.000000E-02  0.000000E+00
  6.200000E-02  0.000000E+00
  6.400000E-02  0.000000E+00
  6.600000E-02  0.000000E+00
  6.800000E-02  0.000000E+00
  7.000000E-02  0.000000E+00
  7.200000E-02  0.000000E+00
  7.400000E-02  0.000000E+00
  7.600000E-02  0.000000E+00
  7.800000E-02  0.000000E+00
  8.000000E-02  0.000000E+00
  8.200000E-02  0.000000E+00
  8.400000E-02  0.000000E+00
  8.600000E-02  0.000000E+00
  8.800000E-02  0.000000E+00
  9.000000E-02  0.000000E+00
  9.200000E-02  0.000000E+00
  9.400000E-02  0.000000E+00
  9.600000E-02  0.000000E+00
  9.800000E-02  0.000000E+00
  1.000000E-01  0.000000E+00
  1.020000E-01  0.000000E+00
  1.040000E-01  0.000000E+00
  1.060000E-01  0.000000E+00
  1.080000E-01  0.000000E+00
  1.100000E-01  0.000000E+00
  1.120000E-01  0.000000E+00
  1.140000E-01  0.000000E+00
  1.160000E-01  0.000000E+00
  1.180000E-01  0.000000E+00
  1.200000E-01  0.000000E+00
  1.220000E-01  0.000000E+00
  1.240000E-01  0.000000E+00
  1.260000E-01  0.000000E+00
  1.280000E-01  0.000000E+00
  1.300000E-01  0.000000E+00
  1.320000E-01  0.000000E+00
  1.340000E-01  0.000000E+00
  1.360000E-01  0.000000E+00
  1.380000E-01  0.000000E+00
  1.400000E-01  0.000000E+00
  1.420000E-01  0.000000E+00
  1.440000E-01  0.000000E+00
  1.460000E-01  0.000000E+00
  1.480000E-01  0.000000E+00
  1.500000E-01  0.000000E+00
  1.520000E-01  0.000000E+00
  1.540000E-01  0.000000E+00
  1.560000E-01  0.000000E+00
  1.580000E-01  0.000000E+00
  1.600000E-01  0.000000E+00
  1.620000E-01  0.000000E+00
  1.640000E-01  0.000000E+00
  1.660000E-01  0.000000E+00
  1.680000E-01  0.000000E+00
  1.700000E-01  0.000000E+00
  1.720000E-01  0.000000E+00
  1.740000E-01  0.000000E+00
  1.760000E-01  0.000000E+00
  1.780000E-01  0.000000E+00
  1.800000E-01  0.000000E+00
  1.820000E-01  0.000000E+00
  1.840000E-01  0.000000E+00
  1.860000E-01  0.000000E+00
  1.880000E-01  0.000000E+00
  1.900000E-01  0.000000E+00
  1.920000E-01  0.000000E+00
  1.940000E-01  0.000000E+00
  1.960000E-01  0.000000E+00
  1.980000E-01  0.000000E+00
  2.000000E-01  0.000000E+00
  2.020000E-01  0.000000E+00
  2.040000E-01  0.000000E+00
  2.060000E-01  0.000000E+00
  2.080000E-01  0.000000E+00
  2.100000E-01  0.000000E+00
  2.120000E-01  0.000000E+00
  2.140000E-01  0.000000E+00
  2.160000E-01  0.000000E+00
  2.180000E-01  0.000000E+00
  2.200000E-01  0.000000E+00
  2.220000E-01  0.000000E+00
  2.240000E-01  0.000000E+00
  2.260000E-01  0.000000E+00
  2.280000E-01  0.000000E+00
  2.300000E-01  0.000000E+00
  2.320000E-01  0.000000E+00
  2.340000E-01  0.000000E+00
  2.360000E-01  0.000000E+00
  2.380000E-01  0.000000E+00
  2.400000E-01  0.000000E+00
  2.420000E-01  0.000000E+00
  2.440000E-01  0.000000E+00
  2.460000E-01  0.000000E+00
  2.480000E-01  0.000000E+00
  2.500000E-01  0.000000E+00
  2.520000E-01  0.000000E+00
  2.540000E-01  0.000000E+00
  2.560000E-01  0.000000E+00
  2.580000E-01  0.000000E+00
  2.600000E-01  0.000000E+00
  2.620000E-01  0.000000E+00
  2.640000E-01  0.000000E+00
  2.660000E-01  0.000000E+00
  2.680000E-01  0.000000E+00
  2.700000E-01  0.000000E+00
  2.720000E-01  0.000000E+00
  2.740000E-01  0.000000E+00
  2.760000E-01  0.000000E+00
  2.780000E-01  0.000000E+00
  2.800000E-01  0.000000E+00
  2.820000E-01  0.000000E+00
  2.840000E-01  0.000000E+00
  2.860000E-01  0.000000E+00
  2.880000E-01  0.000000E+00
  2.900000E-01  0.000000E+00
  2.920000E-01  0.000000E+00
  2.940000E-01  0.000000E+00
  2.960000E-01  0.000000E+00
  2.980000E-01  0.000000E+00
  3.000000E-01  0.000000E+00
  3.020000E-01  0.000000E+00
  3.040000E-01  0.000000E+00
  3.060000E-01  0.000000E+00
  3.080000E-01  0.000000E+00
  3.100000E-01  0.000000E+00
  3.120000E-01  0.000000E+00
  3.140000E-01  0.000000E+00
  3.160000E-01  0.000000E+00
  3.180000E-01  0.000000E+00
  3.200000E-01  0.000000E+00
  3.220000E-01  0.000000E+00
  3.240000E-01  0.000000E+00
  3.260000E-01  0.000000E+00
  3.280000E-01  0.000000E+00
  3.300000E-01  0.000000E+00
  3.320000E-01  0.000000E+00
  3.340000E-01  0.000000E+00
  3.360000E-01  0.000000E+00
  3.380000E-01  0.000000E+00
  3.400000E-01  1.306184E-03
  3.420000E-01  2.714339E-03
  3.440000E-01  4.342025E-03
  3.460000E-01  6.129640E-03
  3.480000E-01  8.041372E-03
  3.500000E-01  1.005298E-02
  3.520000E-01  1.214682E-02
  3.540000E-01  1.430948E-02
  3.560000E-01  1.653035E-02
  3.580000E-01  1.880086E-02
  3.600000E-01  2.111393E-02
  3.620000E-01  2.346362E-02
  3.640000E-01  2.584488E-02
  3.660000E-01  2.825339E-02
  3.680000E-01  3.068537E-02
  3.700000E-01  3.313755E-02
  3.720000E-01  3.560703E-02
  3.740000E-01  3.809126E-02
  3.760000E-01  4.058796E-02
  3.780000E-01  4.309510E-02
  3.800000E-01  4.561086E-02
  3.820000E-01  4.813360E-02
  3.840000E-01  5.066183E-02
  3.860000E-01  5.319422E-02
  3.880000E-01  5.572955E-02
  3.900000E-01  5.826671E-02
  3.920000E-01  6.080469E-02
  3.940000E-01  6.334258E-02
  3.960000E-01  6.587954E-02
  3.980000E-01  6.841478E-02
  4.000000E-01  7.094762E-02
  4.020000E-01  7.347740E-02
  4.040000E-01  7.600352E-02
  4.060000E-01  7.852544E-02
  4.080000E-01  8.104266E-02
  4.100000E-01  8.355471E-02
  4.120000E-01  8.606117E-02
  4.140000E-01  8.856165E-02
  4.160000E-01  9.105579E-02
  4.180000E-01  9.354326E-02
  4.200000E-01  9.602375E-02
  4.220000E-01  9.849697E-02
  4.240000E-01  1.009627E-01
  4.260000E-01  1.034206E-01
  4.280000E-01  1.058706E-01
  4.300000E-01  1.083124E-01
  4.320000E-01  1.107459E-01
  4.340000E-01  1.131708E-01
  4.360000E-01  1.155870E-01
  4.380000E-01  1.179945E-01
  4.400000E-01  1.203930E-01
  4.420000E-01  1.227824E-01
  4.440000E-01  1.251626E-01
  4.460000E-01  1.275336E-01
  4.480000E-01  1.298952E-01
  4.500000E-01  1.322475E-01
  4.520000E-01  1.345902E-01
  4.540000E-01  1.369233E-01
  4.560000E-01  1.392469E-01
  4.580000E-01  1.415608E-01
  4.600000E-01  1.438650E-01
  4.620000E-01  1.461595E-01
  4.640000E-01  1.484442E-01
  4.660000E-01  1.507192E-01
  4.680000E-01  1.529843E-01
  4.700000E-01  1.552396E-01
  4.720000E-01  1.574851E-01
  4.740000E-01  1.597208E-01
  4.760000E-01  1.619467E-01
  4.780000E-01  1.641627E-01
  4.800000E-01  1.663689E-01
  4.820000E-01  1.685653E-01
  4.840000E-01  1.707519E-01
  4.860000E-01  1.729286E-01
  4.880000E-01  1.750957E-01
  4.900000E-01  1.772529E-01
  4.920000E-01  1.794004E-01
  4.940000E-01  1.815383E-01
  4.960000E-01  1.836664E-01
  4.980000E-01  1.857849E-01
  5.000000E-01  1.878937E-01
  5.020000E-01  1.899929E-01
  5.040000E-01  1.920826E-01
  5.060000E-01  1.941628E-01
  5.080000E-01  1.962334E-01
  5.100000E-01  1.982946E-01
  5.120000E-01  2.003463E-01
  5.140000E-01  2.023887E-01
  5.160000E-01  2.044217E-01
  5.180000E-01  2.064454E-01
  5.200000E-01  2.084599E-01
  5.220000E-01  2.104651E-01
  5.240000E-01  2.124612E-01
  5.260000E-01  2.144481E-01
  5.280000E-01  2.164259E-01
  5.300000E-01  2.183946E-01
  5.320000E-01  2.203543E-01
  5.340000E-01  2.223051E-01
  5.360000E-01  2.242470E-01
  5.380000E-01  2.261800E-01
  5.400000E-01  2.281042E-01
  5.420000E-01  2.300196E-01
  5.440000E-01  2.319262E-01
  5.460000E-01  2.338242E-01
  5.480000E-01  2.357136E-01
  5.500000E-01  2.375943E-01
  5.520000E-01  2.394666E-01
  5.540000E-01  2.413303E-01
  5.560000E-01  2.431856E-01
  5.580000E-01  2.450325E-01
  5.600000E-01  2.468710E-01
  5.620000E-01  2.487013E-01
  5.640000E-01  2.505233E-01
  5.660000E-01  2.523371E-01
  5.680000E-01  2.541428E-01
  5.700000E-01  2.559403E-01
  5.720000E-01  2.577298E-01
  5.740000E-01  2.595113E-01
  5.760000E-01  2.612848E-01
  5.780000E-01  2.630504E-01
  5.800000E-01  2.648081E-01
  5.820000E-01  2.665581E-01
  5.840000E-01  2.683002E-01
  5.860000E-01  2.700346E-01
  5.880000E-01  2.717614E-01
  5.900000E-01  2.734805E-01
  5.920000E-01  2.751921E-01
  5.940000E-01  2.768961E-01
  5.960000E-01  2.785927E-01
  5.980000E-01  2.802817E-01
  6.000000E-01  2.830440E-01
  6.020000E-01  2.853395E-01
  6.040000E-01  2.876739E-01
  6.060000E-01  2.900350E-01
  6.080000E-01  2.924152E-01
  6.100000E-01  2.948091E-01
  6.120000E-01  2.972127E-01
  6.140000E-01  2.996229E-01
  6.160000E-01  3.020374E-01
  6.180000E-01  3.044542E-01
  6.200000E-01  3.068717E-01
  6.220000E-01  3.092886E-01
  6.240000E-01  3.117038E-01
  6.260000E-01  3.141164E-01
  6.280000E-01  3.165256E-01
  6.300000E-01  3.189306E-01
  6.320000E-01  3.213308E-01
  6.340000E-01  3.237257E-01
  6.360000E-01  3.261149E-01
  6.380000E-01  3.284979E-01
  6.400000E-01  3.308744E-01
  6.420000E-01  3.332440E-01
  6.440000E-01  3.356064E-01
  6.460000E-01  3.379615E-01
  6.480000E-01  3.403089E-01
  6.500000E-01  3.426485E-01
  6.520000E-01  3.449801E-01
  6.540000E-01  3.473036E-01
  6.560000E-01  3.496187E-01
  6.580000E-01  3.519254E-01
  6.600000E-01  3.542235E-01
  6.620000E-01  3.565130E-01
  6.640000E-01  3.587937E-01
  6.660000E-01  3.610656E-01
  6.680000E-01  3.633287E-01
  6.700000E-01  3.655827E-01
  6.720000E-01  3.678278E-01
  6.740000E-01  3.700639E-01
  6.760000E-01  3.722908E-01
  6.780000E-01  3.745087E-01
  6.800000E-01  3.767174E-01
  6.820000E-01  3.789169E-01
  6.840000E-01  3.811072E-01
  6.860000E-01  3.832884E-01
  6.880000E-01  3.854604E-01
  6.900000E-01  3.876231E-01
  6.920000E-01  3.897767E-01
  6.940000E-01  3.919210E-01
  6.960000E-01  3.940562E-01
  6.980000E-01  3.961822E-01
  7.000000E-01  3.982989E-01
  7.020000E-01  4.004065E-01
  7.040000E-01  4.025050E-01
  7.060000E-01  4.045943E-01
  7.080000E-01  4.066745E-01
  7.100000E-01  4.087457E-01
  7.120000E-01  4.108077E-01
  7.140000E-01  4.128607E-01
  7.160000E-01  4.149046E-01
  7.180000E-01  4.169396E-01
  7.200000E-01  4.189656E-01
  7.220000E-01  4.209826E-01
  7.240000E-01  4.229907E-01
  7.260000E-01  4.249900E-01
  7.280000E-01  4.269804E-01
  7.300000E-01  4.289619E-01
  7.320000E-01  4.309347E-01
  7.340000E-01  4.328987E-01
  7.360000E-01  4.348540E-01
  7.380000E-01  4.368007E-01
  7.400000E-01  4.387386E-01
  7.420000E-01  4.406680E-01
  7.440000E-01  4.425887E-01
  7.460000E-01  4.445010E-01
  7.480000E-01  4.464047E-01
  7.500000E-01  4.483000E-01
  7.520000E-01  4.501868E-01
  7.540000E-01  4.520652E-01
  7.560000E-01  4.539353E-01
  7.580000E-01  4.557971E-01
  7.600000E-01  4.576506E-01
  7.620000E-01  4.594958E-01
  7.640000E-01  4.613329E-01
  7.660000E-01  4.631618E-01
  7.680000E-01  4.649826E-01
  7.700000E-01  4.667953E-01
  7.720000E-01  4.685999E-01
  7.740000E-01  4.703966E-01
  7.760000E-01  4.721853E-01
  7.780000E-01  4.739660E-01
  7.800000E-01  4.757389E-01
  7.820000E-01  4.775040E-01
  7.840000E-01  4.792612E-01
  7.860000E-01  4.810107E-01
  7.880000E-01  4.827524E-01
  7.900000E-01  4.844865E-01
  7.920000E-01  4.862129E-01
  7.940000E-01  4.879317E-01
  7.960000E-01  4.896429E-01
  7.980000E-01  4.913466E-01
  8.000000E-01  4.930428E-01
  8.020000E-01  4.947316E-01
  8.040000E-01  4.964130E-01
  8.060000E-01  4.980869E-01
  8.080000E-01  4.997536E-01
  8.100000E-01  5.014129E-01
  8.120000E-01  5.030650E-01
  8.140000E-01  5.047099E-01
  8.160000E-01  5.063475E-01
  8.180000E-01  5.079781E-01
  8.200000E-01  5.096015E-01
  8.220000E-01  5.112179E-01
  8.240000E-01  5.128272E-01
  8.260000E-01  5.144295E-01
  8.280000E-01  5.160249E-01
  8.300000E-01  5.176133E-01
  8.320000E-01  5.191949E-01
  8.340000E-01  5.207696E-01
  8.360000E-01  5.223376E-01
  8.380000E-01  5.238987E-01
  8.400000E-01  5.254531E-01
  8.420000E-01  5.270008E-01
  8.440000E-01  5.285418E-01
  8.460000E-01  5.300762E-01
  8.480000E-01  5.316040E-01
  8.500000E-01  5.331253E-01
  8.520000E-01  5.346400E-01
  8.540000E-01  5.361482E-01
  8.560000E-01  5.376500E-01
  8.580000E-01  5.391453E-01
  8.600000E-01  5.406343E-01
  8.620000E-01  5.421169E-01
  8.640000E-01  5.435932E-01
  8.660000E-01  5.450632E-01
  8.680000E-01  5.465269E-01
  8.700000E-01  5.479844E-01
  8.720000E-01  5.494358E-01
  8.740000E-01  5.508810E-01
  8.760000E-01  5.523201E-01
  8.780000E-01  5.537530E-01
  8.800000E-01  5.551800E-01
  8.820000E-01  5.566009E-01
  8.840000E-01  5.580158E-01
  8.860000E-01  5.594248E-01
  8.880000E-01  5.608278E-01
  8.900000E-01  5.622249E-01
  8.920000E-01  5.636162E-01
  8.940000E-01  5.650016E-01
  8.960000E-01  5.663813E-01
  8.980000E-01  5.677551E-01
  9.000000E-01  5.691232E-01
  9.020000E-01  5.704856E-01
  9.040000E-01  5.718424E-01
  9.060000E-01  5.731935E-01
  9.080000E-01  5.745389E-01
  9.100000E-01  5.758788E-01
  9.120000E-01  5.772131E-01
  9.140000E-01  5.785418E-01
  9.160000E-01  5.798651E-01
  9.180000E-01  5.811829E-01
  9.200000E-01  5.824952E-01
  9.220000E-01  5.838022E-01
  9.240000E-01  5.851037E-01
  9.260000E-01  5.863999E-01
  9.280000E-01  5.876907E-01
  9.300000E-01  5.889762E-01
  9.320000E-01  5.902565E-01
  9.340000E-01  5.915315E-01
  9.360000E-01  5.928013E-01
  9.380000E-01  5.940658E-01
  9.400000E-01  5.953252E-01
  9.420000E-01  5.965795E-01
  9.440000E-01  5.978287E-01
  9.460000E-01  5.990727E-01
  9.480000E-01  6.003117E-01
  9.500000E-01  6.015457E-01
  9.520000E-01  6.027746E-01
  9.540000E-01  6.039986E-01
  9.560000E-01  6.052176E-01
  9.580000E-01  6.064317E-01
  9.600000E-01  6.076408E-01
  9.620000E-01  6.088451E-01
  9.640000E-01  6.100445E-01
  9.660000E-01  6.112391E-01
  9.680000E-01  6.124289E-01
  9.700000E-01  6.136138E-01
  9.720000E-01  6.147941E-01
  9.740000E-01  6.159695E-01
  9.760000E-01  6.171403E-01
  9.780000E-01  6.183064E-01
  9.800000E-01  6.194678E-01
  9.820000E-01  6.206246E-01
  9.840000E-01  6.217767E-01
  9.860000E-01  6.229243E-01
  9.880000E-01  6.240673E-01
  9.900000E-01  6.252057E-01
  9.920000E-01  6.263396E-01
  9.940000E-01  6.274690E-01
  9.960000E-01  6.285939E-01
  9.980000E-01  6.297144E-01
  1.000000E+00  6.308304E-01
  1.002000E+00  6.319420E-01
  1.004000E+00  6.330492E-01
  1.006000E+00  6.341521E-01
  1.008000E+00  6.352506E-01
  1.010000E+00  6.363447E-01
  1.012000E+00  6.374346E-01
  1.014000E+00  6.385202E-01
  1.016000E+00  6.396015E-01
  1.018000E+00  6.406785E-01
  1.020000E+00  6.417514E-01
  1.022000E+00  6.428200E-01
  1.024000E+00  6.440838E-01
  1.026000E+00  6.452863E-01
  1.028000E+00  6.465029E-01
  1.030000E+00  6.477300E-01
  1.032000E+00  6.489651E-01
  1.034000E+00  6.502065E-01
  1.036000E+00  6.514529E-01
  1.038000E+00  6.527032E-01
  1.040000E+00  6.539566E-01
  1.042000E+00  6.552123E-01
  1.044000E+00  6.564699E-01
  1.046000E+00  6.577287E-01
  1.048000E+00  6.589883E-01
  1.050000E+00  6.602485E-01
  1.052000E+00  6.615087E-01
  1.054000E+00  6.627688E-01
  1.056000E+00  6.640285E-01
  1.058000E+00  6.652875E-01
  1.060000E+00  6.665456E-01
  1.062000E+00  6.678027E-01
  1.064000E+00  6.690585E-01
  1.066000E+00  6.703129E-01
  1.068000E+00  6.715658E-01
  1.070000E+00  6.728169E-01
  1.072000E+00  6.740663E-01
  1.074000E+00  6.753137E-01
  1.076000E+00  6.765592E-01
  1.078000E+00  6.778025E-01
  1.080000E+00  6.790436E-01
  1.082000E+00  6.802824E-01
  1.084000E+00  6.815188E-01
  1.086000E+00  6.827528E-01
  1.088000E+00  6.839843E-01
  1.090000E+00  6.852133E-01
  1.092000E+00  6.864396E-01
  1.094000E+00  6.876632E-01
  1.096000E+00  6.888842E-01
  1.098000E+00  6.901023E-01
  1.100000E+00  6.913177E-01
  1.102000E+00  6.925302E-01
  1.104000E+00  6.937398E-01
  1.106000E+00  6.949464E-01
  1.108000E+00  6.961502E-01
  1.110000E+00  6.973509E-01
  1.112000E+00  6.985486E-01
  1.114000E+00  6.997433E-01
  1.116000E+00  7.009349E-01
  1.118000E+00  7.021234E-01
  1.120000E+00  7.033088E-01
  1.122000E+00  7.044911E-01
  1.124000E+00  7.056702E-01
  1.126000E+00  7.068462E-01
  1.128000E+00  7.080190E-01
  1.130000E+00  7.091886E-01
  1.132000E+00  7.103549E-01
  1.134000E+00  7.115181E-01
  1.136000E+00  7.126780E-01
  1.138000E+00  7.138346E-01
  1.140000E+00  7.149881E-01
  1.142000E+00  7.161382E-01
  1.144000E+00  7.172851E-01
  1.146000E+00  7.184286E-01
  1.148000E+00  7.195689E-01
  1.150000E+00  7.207059E-01
  1.152000E+00  7.218397E-01
  1.154000E+00  7.229701E-01
  1.156000E+00  7.240972E-01
  1.158000E+00  7.252209E-01
  1.160000E+00  7.263414E-01
  1.162000E+00  7.274586E-01
  1.164000E+00  7.285724E-01
  1.166000E+00  7.296829E-01
  1.168000E+00  7.307901E-01
  1.170000E+00  7.318940E-01
  1.172000E+00  7.329946E-01
  1.174000E+00  7.340918E-01
  1.176000E+00  7.351857E-01
  1.178000E+00  7.362763E-01
  1.180000E+00  7.373636E-01
  1.182000E+00  7.384476E-01
  1.184000E+00  7.395283E-01
  1.186000E+00  7.406056E-01
  1.188000E+00  7.416796E-01
  1.190000E+00  7.427504E-01
  1.192000E+00  7.438178E-01
  1.194000E+00  7.448819E-01
  1.196000E+00  7.459428E-01
  1.198000E+00  7.470003E-01
  1.200000E+00  7.480546E-01
