  1.000000E-02  1.224771E+03
  1.200000E-02  1.223342E+03
  1.400000E-02  1.221932E+03
  1.600000E-02  1.220542E+03
  1.800000E-02  1.219169E+03
  2.000000E-02  1.217815E+03
  2.200000E-02  1.216478E+03
  2.400000E-02  1.215159E+03
  2.600000E-02  1.213857E+03
  2.800000E-02  1.212571E+03
  3.000000E-02  1.211302E+03
  3.200000E-02  1.210048E+03
  3.400000E-02  1.208811E+03
  3.600000E-02  1.207589E+03
  3.800000E-02  1.206382E+03
  4.000000E-02  1.205190E+03
  4.200000E-02  1.204013E+03
  4.400000E-02  1.202851E+03
  4.600000E-02  1.201702E+03
  4.800000E-02  1.200568E+03
  5.000000E-02  1.199447E+03
  5.200000E-02  1.198340E+03
  5.400000E-02  1.197246E+03
  5.600000E-02  1.196165E+03
  5.800000E-02  1.195097E+03
  6.000000E-02  1.194042E+03
  6.200000E-02  1.192999E+03
  6.400000E-02  1.191968E+03
  6.600000E-02  1.190949E+03
  6.800000E-02  1.189942E+03
  7.000000E-02  1.188947E+03
  7.200000E-02  1.187963E+03
  7.400000E-02  1.186991E+03
  7.600000E-02  1.186029E+03
  7.800000E-02  1.185079E+03
  8.000000E-02  1.184139E+03
  8.200000E-02  1.183210E+03
  8.400000E-02  1.182291E+03
  8.600000E-02  1.181383E+03
  8.800000E-02  1.180485E+03
  9.000000E-02  1.179596E+03
  9.200000E-02  1.178718E+03
  9.400000E-02  1.177849E+03
  9.600000E-02  1.176990E+03
  9.800000E-02  1.176140E+03
  1.000000E-01  1.175299E+03
  1.020000E-01  1.174467E+03
  1.040000E-01  1.173644E+03
  1.060000E-01  1.172831E+03
  1.080000E-01  1.172025E+03
  1.100000E-01  1.171229E+03
  1.120000E-01  1.170441E+03
  1.140000E-01  1.169661E+03
  1.160000E-01  1.168889E+03
  1.180000E-01  1.168125E+03
  1.200000E-01  1.167370E+03
  1.220000E-01  1.166622E+03
  1.240000E-01  1.165882E+03
  1.260000E-01  1.165150E+03
  1.280000E-01  1.164425E+03
  1.300000E-01  1.163707E+03
  1.320000E-01  1.162997E+03
  1.340000E-01  1.162294E+03
  1.360000E-01  1.161598E+03
  1.380000E-01  1.160908E+03
  1.400000E-01  1.160226E+03
  1.420000E-01  1.159550E+03
  1.440000E-01  1.158880E+03
  1.460000E-01  1.158218E+03
  1.480000E-01  1.157562E+03
  1.500000E-01  1.156912E+03
  1.520000E-01  1.156268E+03
  1.540000E-01  1.155631E+03
  1.560000E-01  1.155000E+03
  1.580000E-01  1.154375E+03
  1.600000E-01  1.153756E+03
  1.620000E-01  1.153143E+03
  1.640000E-01  1.152536E+03
  1.660000E-01  1.151935E+03
  1.680000E-01  1.151339E+03
  1.700000E-01  1.150749E+03
  1.720000E-01  1.150164E+03
  1.740000E-01  1.149585E+03
  1.760000E-01  1.149012E+03
  1.780000E-01  1.148444E+03
  1.800000E-01  1.147881E+03
  1.820000E-01  1.147323E+03
  1.840000E-01  1.146770E+03
  1.860000E-01  1.146223E+03
  1.880000E-01  1.145680E+03
  1.900000E-01  1.145143E+03
  1.920000E-01  1.144610E+03
  1.940000E-01  1.144082E+03
  1.960000E-01  1.143559E+03
  1.980000E-01  1.143041E+03
  2.000000E-01  1.142528E+03
  2.020000E-01  1.142019E+03
  2.040000E-01  1.141514E+03
  2.060000E-01  1.141014E+03
  2.080000E-01  1.140519E+03
  2.100000E-01  1.140028E+03
  2.120000E-01  1.139541E+03
  2.140000E-01  1.139058E+03
  2.160000E-01  1.138580E+03
  2.180000E-01  1.138106E+03
  2.200000E-01  1.137636E+03
  2.220000E-01  1.137170E+03
  2.240000E-01  1.136709E+03
  2.260000E-01  1.136251E+03
  2.280000E-01  1.135797E+03
  2.300000E-01  1.135347E+03
  2.320000E-01  1.134901E+03
  2.340000E-01  1.134459E+03
  2.360000E-01  1.134020E+03
  2.380000E-01  1.133585E+03
  2.400000E-01  1.133154E+03
  2.420000E-01  1.132727E+03
  2.440000E-01  1.132303E+03
  2.460000E-01  1.131883E+03
  2.480000E-01  1.131466E+03
  2.500000E-01  1.131053E+03
  2.520000E-01  1.130643E+03
  2.540000E-01  1.130236E+03
  2.560000E-01  1.129833E+03
  2.580000E-01  1.129433E+03
  2.600000E-01  1.129037E+03
  2.620000E-01  1.128644E+03
  2.640000E-01  1.128254E+03
  2.660000E-01  1.127867E+03
  2.680000E-01  1.127483E+03
  2.700000E-01  1.127102E+03
  2.720000E-01  1.126725E+03
  2.740000E-01  1.126350E+03
  2.760000E-01  1.125979E+03
  2.780000E-01  1.125610E+03
  2.800000E-01  1.125245E+03
  2.820000E-01  1.124882E+03
  2.840000E-01  1.124522E+03
  2.860000E-01  1.124165E+03
  2.880000E-01  1.123811E+03
  2.900000E-01  1.123460E+03
  2.920000E-01  1.123111E+03
  2.940000E-01  1.122765E+03
  2.960000E-01  1.122422E+03
  2.980000E-01  1.122082E+03
  3.000000E-01  1.121744E+03
  3.020000E-01  1.121409E+03
  3.040000E-01  1.121076E+03
  3.060000E-01  1.120746E+03
  3.080000E-01  1.120419E+03
  3.100000E-01  1.120094E+03
  3.120000E-01  1.119771E+03
  3.140000E-01  1.119451E+03
  3.160000E-01  1.119134E+03
  3.180000E-01  1.118818E+03
  3.200000E-01  1.118505E+03
  3.220000E-01  1.118195E+03
  3.240000E-01  1.117887E+03
  3.260000E-01  1.117581E+03
  3.280000E-01  1.117278E+03
  3.300000E-01  1.116976E+03
  3.320000E-01  1.116677E+03
  3.340000E-01  1.116380E+03
  3.360000E-01  1.116086E+03
  3.380000E-01  1.115793E+03
  3.400000E-01  1.115511E+03
  3.420000E-01  1.115232E+03
  3.440000E-01  1.114955E+03
  3.460000E-01  1.114682E+03
  3.480000E-01  1.114412E+03
  3.500000E-01  1.114144E+03
  3.520000E-01  1.113879E+03
  3.540000E-01  1.113616E+03
  3.560000E-01  1.113356E+03
  3.580000E-01  1.113098E+03
  3.600000E-01  1.112841E+03
  3.620000E-01  1.112587E+03
  3.640000E-01  1.112335E+03
  3.660000E-01  1.112085E+03
  3.680000E-01  1.111837E+03
  3.700000E-01  1.111591E+03
  3.720000E-01  1.111347E+03
  3.740000E-01  1.111105E+03
  3.760000E-01  1.110864E+03
  3.780000E-01  1.110625E+03
  3.800000E-01  1.110388E+03
  3.820000E-01  1.110153E+03
  3.840000E-01  1.109919E+03
  3.860000E-01  1.109687E+03
  3.880000E-01  1.109457E+03
  3.900000E-01  1.109228E+03
  3.920000E-01  1.109001E+03
  3.940000E-01  1.108776E+03
  3.960000E-01  1.108552E+03
  3.980000E-01  1.108330E+03
  4.000000E-01  1.108109E+03
  4.020000E-01  1.107890E+03
  4.040000E-01  1.107672E+03
  4.060000E-01  1.107456E+03
  4.080000E-01  1.107241E+03
  4.100000E-01  1.107027E+03
  4.120000E-01  1.106815E+03
  4.140000E-01  1.106605E+03
  4.160000E-01  1.106396E+03
  4.180000E-01  1.106188E+03
  4.200000E-01  1.105981E+03
  4.220000E-01  1.105776E+03
  4.240000E-01  1.105573E+03
  4.260000E-01  1.105370E+03
  4.280000E-01  1.105169E+03
  4.300000E-01  1.104969E+03
  4.320000E-01  1.104771E+03
  4.340000E-01  1.104573E+03
  4.360000E-01  1.104377E+03
  4.380000E-01  1.104183E+03
  4.400000E-01  1.103989E+03
  4.420000E-01  1.103797E+03
  4.440000E-01  1.103606E+03
  4.460000E-01  1.103416E+03
  4.480000E-01  1.103227E+03
  4.500000E-01  1.103040E+03
  4.520000E-01  1.102853E+03
  4.540000E-01  1.102668E+03
  4.560000E-01  1.102484E+03
  4.580000E-01  1.102301E+03
  4.600000E-01  1.102119E+03
  4.620000E-01  1.101938E+03
  4.640000E-01  1.101759E+03
  4.660000E-01  1.101580E+03
  4.680000E-01  1.101403E+03
  4.700000E-01  1.101226E+03
  4.720000E-01  1.101051E+03
  4.740000E-01  1.100877E+03
  4.760000E-01  1.100704E+03
  4.780000E-01  1.100531E+03
  4.800000E-01  1.100360E+03
  4.820000E-01  1.100190E+03
  4.840000E-01  1.100021E+03
  4.860000E-01  1.099853E+03
  4.880000E-01  1.099686E+03
  4.900000E-01  1.099519E+03
  4.920000E-01  1.099354E+03
  4.940000E-01  1.099190E+03
  4.960000E-01  1.099027E+03
  4.980000E-01  1.098864E+03
  5.000000E-01  1.098703E+03
  5.020000E-01  1.098543E+03
  5.040000E-01  1.098383E+03
  5.060000E-01  1.098224E+03
  5.080000E-01  1.098067E+03
  5.100000E-01  1.097910E+03
  5.120000E-01  1.097754E+03
  5.140000E-01  1.097599E+03
  5.160000E-01  1.097445E+03
  5.180000E-01  1.097292E+03
  5.200000E-01  1.097139E+03
  5.220000E-01  1.096988E+03
  5.240000E-01  1.096837E+03
  5.260000E-01  1.096687E+03
  5.280000E-01  1.096538E+03
  5.300000E-01  1.096390E+03
  5.320000E-01  1.096243E+03
  5.340000E-01  1.096096E+03
  5.360000E-01  1.095950E+03
  5.380000E-01  1.095805E+03
  5.400000E-01  1.095661E+03
  5.420000E-01  1.095518E+03
  5.440000E-01  1.095375E+03
  5.460000E-01  1.095234E+03
  5.480000E-01  1.095093E+03
  5.500000E-01  1.094953E+03
  5.520000E-01  1.094813E+03
  5.540000E-01  1.094674E+03
  5.560000E-01  1.094537E+03
  5.580000E-01  1.094399E+03
  5.600000E-01  1.094263E+03
  5.620000E-01  1.094127E+03
  5.640000E-01  1.093992E+03
  5.660000E-01  1.093858E+03
  5.680000E-01  1.093725E+03
  5.700000E-01  1.093592E+03
  5.720000E-01  1.093460E+03
  5.740000E-01  1.093328E+03
  5.760000E-01  1.093198E+03
  5.780000E-01  1.093068E+03
  5.800000E-01  1.092938E+03
  5.820000E-01  1.092810E+03
  5.840000E-01  1.092682E+03
  5.860000E-01  1.092554E+03
  5.880000E-01  1.092428E+03
  5.900000E-01  1.092302E+03
  5.920000E-01  1.092176E+03
  5.940000E-01  1.092052E+03
  5.960000E-01  1.091928E+03
  5.980000E-01  1.091805E+03
  6.000000E-01  1.091699E+03
  6.020000E-01  1.091586E+03
  6.040000E-01  1.091476E+03
  6.060000E-01  1.091366E+03
  6.080000E-01  1.091257E+03
  6.100000E-01  1.091149E+03
  6.120000E-01  1.091042E+03
  6.140000E-01  1.090936E+03
  6.160000E-01  1.090830E+03
  6.180000E-01  1.090726E+03
  6.200000E-01  1.090622E+03
  6.220000E-01  1.090518E+03
  6.240000E-01  1.090416E+03
  6.260000E-01  1.090314E+03
  6.280000E-01  1.090212E+03
  6.300000E-01  1.090111E+03
  6.320000E-01  1.090011E+03
  6.340000E-01  1.089912E+03
  6.360000E-01  1.089812E+03
  6.380000E-01  1.089714E+03
  6.400000E-01  1.089616E+03
  6.420000E-01  1.089518E+03
  6.440000E-01  1.089422E+03
  6.460000E-01  1.089325E+03
  6.480000E-01  1.089229E+03
  6.500000E-01  1.089134E+03
  6.520000E-01  1.089039E+03
  6.540000E-01  1.088944E+03
  6.560000E-01  1.088850E+03
  6.580000E-01  1.088757E+03
  6.600000E-01  1.088664E+03
  6.620000E-01  1.088571E+03
  6.640000E-01  1.088479E+03
  6.660000E-01  1.088388E+03
  6.680000E-01  1.088296E+03
  6.700000E-01  1.088206E+03
  6.720000E-01  1.088115E+03
  6.740000E-01  1.088025E+03
  6.760000E-01  1.087936E+03
  6.780000E-01  1.087847E+03
  6.800000E-01  1.087758E+03
  6.820000E-01  1.087670E+03
  6.840000E-01  1.087582E+03
  6.860000E-01  1.087495E+03
  6.880000E-01  1.087408E+03
  6.900000E-01  1.087321E+03
  6.920000E-01  1.087235E+03
  6.940000E-01  1.087149E+03
  6.960000E-01  1.087064E+03
  6.980000E-01  1.086979E+03
  7.000000E-01  1.086894E+03
  7.020000E-01  1.086810E+03
  7.040000E-01  1.086726E+03
  7.060000E-01  1.086643E+03
  7.080000E-01  1.086560E+03
  7.100000E-01  1.086477E+03
  7.120000E-01  1.086394E+03
  7.140000E-01  1.086312E+03
  7.160000E-01  1.086231E+03
  7.180000E-01  1.086149E+03
  7.200000E-01  1.086068E+03
  7.220000E-01  1.085988E+03
  7.240000E-01  1.085907E+03
  7.260000E-01  1.085828E+03
  7.280000E-01  1.085748E+03
  7.300000E-01  1.085669E+03
  7.320000E-01  1.085590E+03
  7.340000E-01  1.085511E+03
  7.360000E-01  1.085433E+03
  7.380000E-01  1.085355E+03
  7.400000E-01  1.085278E+03
  7.420000E-01  1.085200E+03
  7.440000E-01  1.085123E+03
  7.460000E-01  1.085047E+03
  7.480000E-01  1.084971E+03
  7.500000E-01  1.084895E+03
  7.520000E-01  1.084819E+03
  7.540000E-01  1.084744E+03
  7.560000E-01  1.084669E+03
  7.580000E-01  1.084594E+03
  7.600000E-01  1.084519E+03
  7.620000E-01  1.084445E+03
  7.640000E-01  1.084372E+03
  7.660000E-01  1.084298E+03
  7.680000E-01  1.084225E+03
  7.700000E-01  1.084152E+03
  7.720000E-01  1.084079E+03
  7.740000E-01  1.084007E+03
  7.760000E-01  1.083935E+03
  7.780000E-01  1.083863E+03
  7.800000E-01  1.083792E+03
  7.820000E-01  1.083721E+03
  7.840000E-01  1.083650E+03
  7.860000E-01  1.083579E+03
  7.880000E-01  1.083509E+03
  7.900000E-01  1.083439E+03
  7.920000E-01  1.083369E+03
  7.940000E-01  1.083300E+03
  7.960000E-01  1.083231E+03
  7.980000E-01  1.083162E+03
  8.000000E-01  1.083093E+03
  8.020000E-01  1.083025E+03
  8.040000E-01  1.082957E+03
  8.060000E-01  1.082889E+03
  8.080000E-01  1.082821E+03
  8.100000E-01  1.082754E+03
  8.120000E-01  1.082687E+03
  8.140000E-01  1.082620E+03
  8.160000E-01  1.082554E+03
  8.180000E-01  1.082488E+03
  8.200000E-01  1.082421E+03
  8.220000E-01  1.082356E+03
  8.240000E-01  1.082290E+03
  8.260000E-01  1.082225E+03
  8.280000E-01  1.082160E+03
  8.300000E-01  1.082095E+03
  8.320000E-01  1.082031E+03
  8.340000E-01  1.081967E+03
  8.360000E-01  1.081903E+03
  8.380000E-01  1.081839E+03
  8.400000E-01  1.081775E+03
  8.420000E-01  1.081712E+03
  8.440000E-01  1.081649E+03
  8.460000E-01  1.081586E+03
  8.480000E-01  1.081524E+03
  8.500000E-01  1.081461E+03
  8.520000E-01  1.081399E+03
  8.540000E-01  1.081337E+03
  8.560000E-01  1.081276E+03
  8.580000E-01  1.081214E+03
  8.600000E-01  1.081153E+03
  8.620000E-01  1.081092E+03
  8.640000E-01  1.081031E+03
  8.660000E-01  1.080971E+03
  8.680000E-01  1.080911E+03
  8.700000E-01  1.080851E+03
  8.720000E-01  1.080791E+03
  8.740000E-01  1.080731E+03
  8.760000E-01  1.080672E+03
  8.780000E-01  1.080613E+03
  8.800000E-01  1.080554E+03
  8.820000E-01  1.080495E+03
  8.840000E-01  1.080436E+03
  8.860000E-01  1.080378E+03
  8.880000E-01  1.080320E+03
  8.900000E-01  1.080262E+03
  8.920000E-01  1.080204E+03
  8.940000E-01  1.080147E+03
  8.960000E-01  1.080090E+03
  8.980000E-01  1.080033E+03
  9.000000E-01  1.079976E+03
  9.020000E-01  1.079919E+03
  9.040000E-01  1.079863E+03
  9.060000E-01  1.079806E+03
  9.080000E-01  1.079750E+03
  9.100000E-01  1.079695E+03
  9.120000E-01  1.079639E+03
  9.140000E-01  1.079583E+03
  9.160000E-01  1.079528E+03
  9.180000E-01  1.079473E+03
  9.200000E-01  1.079418E+03
  9.220000E-01  1.079364E+03
  9.240000E-01  1.079309E+03
  9.260000E-01  1.079255E+03
  9.280000E-01  1.079201E+03
  9.300000E-01  1.079147E+03
  9.320000E-01  1.079093E+03
  9.340000E-01  1.079040E+03
  9.360000E-01  1.078987E+03
  9.380000E-01  1.078933E+03
  9.400000E-01  1.078880E+03
  9.420000E-01  1.078828E+03
  9.440000E-01  1.078775E+03
  9.460000E-01  1.078723E+03
  9.480000E-01  1.078671E+03
  9.500000E-01  1.078618E+03
  9.520000E-01  1.078567E+03
  9.540000E-01  1.078515E+03
  9.560000E-01  1.078463E+03
  9.580000E-01  1.078412E+03
  9.600000E-01  1.078361E+03
  9.620000E-01  1.078310E+03
  9.640000E-01  1.078259E+03
  9.660000E-01  1.078209E+03
  9.680000E-01  1.078158E+03
  9.700000E-01  1.078108E+03
  9.720000E-01  1.078058E+03
  9.740000E-01  1.078008E+03
  9.760000E-01  1.077958E+03
  9.780000E-01  1.077909E+03
  9.800000E-01  1.077859E+03
  9.820000E-01  1.077810E+03
  9.840000E-01  1.077761E+03
  9.860000E-01  1.077712E+03
  9.880000E-01  1.077663E+03
  9.900000E-01  1.077615E+03
  9.920000E-01  1.077566E+03
  9.940000E-01  1.077518E+03
  9.960000E-01  1.077470E+03
  9.980000E-01  1.077422E+03
  1.000000E+00  1.077374E+03
  1.002000E+00  1.077327E+03
  1.004000E+00  1.077279E+03
  1.006000E+00  1.077232E+03
  1.008000E+00  1.077185E+03
  1.010000E+00  1.077138E+03
  1.012000E+00  1.077091E+03
  1.014000E+00  1.077044E+03
  1.016000E+00  1.076998E+03
  1.018000E+00  1.076952E+03
  1.020000E+00  1.076905E+03
  1.022000E+00  1.076859E+03
  1.024000E+00  1.076816E+03
  1.026000E+00  1.076773E+03
  1.028000E+00  1.076729E+03
  1.030000E+00  1.076687E+03
  1.032000E+00  1.076644E+03
  1.034000E+00  1.076602E+03
  1.036000E+00  1.076560E+03
  1.038000E+00  1.076518E+03
  1.040000E+00  1.076477E+03
  1.042000E+00  1.076435E+03
  1.044000E+00  1.076394E+03
  1.046000E+00  1.076354E+03
  1.048000E+00  1.076313E+03
  1.050000E+00  1.076273E+03
  1.052000E+00  1.076232E+03
  1.054000E+00  1.076192E+03
  1.056000E+00  1.076153E+03
  1.058000E+00  1.076113E+03
  1.060000E+00  1.076073E+03
  1.062000E+00  1.076034E+03
  1.064000E+00  1.075995E+03
  1.066000E+00  1.075956E+03
  1.068000E+00  1.075917E+03
  1.070000E+00  1.075879E+03
  1.072000E+00  1.075840E+03
  1.074000E+00  1.075802E+03
  1.076000E+00  1.075764E+03
  1.078000E+00  1.075725E+03
  1.080000E+00  1.075688E+03
  1.082000E+00  1.075650E+03
  1.084000E+00  1.075612E+03
  1.086000E+00  1.075575E+03
  1.088000E+00  1.075537E+03
  1.090000E+00  1.075500E+03
  1.092000E+00  1.075463E+03
  1.094000E+00  1.075426E+03
  1.096000E+00  1.075389E+03
  1.098000E+00  1.075353E+03
  1.100000E+00  1.075316E+03
  1.102000E+00  1.075280E+03
  1.104000E+00  1.075244E+03
  1.106000E+00  1.075207E+03
  1.108000E+00  1.075171E+03
  1.110000E+00  1.075136E+03
  1.112000E+00  1.075100E+03
  1.114000E+00  1.075064E+03
  1.116000E+00  1.075029E+03
  1.118000E+00  1.074993E+03
  1.120000E+00  1.074958E+03
  1.122000E+00  1.074923E+03
  1.124000E+00  1.074888E+03
  1.126000E+00  1.074853E+03
  1.128000E+00  1.074818E+03
  1.130000E+00  1.074783E+03
  1.132000E+00  1.074748E+03
  1.134000E+00  1.074714E+03
  1.136000E+00  1.074679E+03
  1.138000E+00  1.074645E+03
  1.140000E+00  1.074611E+03
  1.142000E+00  1.074577E+03
  1.144000E+00  1.074543E+03
  1.146000E+00  1.074509E+03
  1.148000E+00  1.074475E+03
  1.150000E+00  1.074442E+03
  1.152000E+00  1.074408E+03
  1.154000E+00  1.074375E+03
  1.156000E+00  1.074341E+03
  1.158000E+00  1.074308E+03
  1.160000E+00  1.074275E+03
  1.162000E+00  1.074242E+03
  1.164000E+00  1.074209E+03
  1.166000E+00  1.074176E+03
  1.168000E+00  1.074143E+03
  1.170000E+00  1.074111E+03
  1.172000E+00  1.074078E+03
  1.174000E+00  1.074046E+03
  1.176000E+00  1.074013E+03
  1.178000E+00  1.073981E+03
  1.180000E+00  1.073949E+03
  1.182000E+00  1.073917E+03
  1.184000E+00  1.073885E+03
  1.186000E+00  1.073853E+03
  1.188000E+00  1.073821E+03
  1.190000E+00  1.073789E+03
  1.192000E+00  1.073758E+03
  1.194000E+00  1.073726E+03
  1.196000E+00  1.073695E+03
  1.198000E+00  1.073664E+03
  1.200000E+00  1.073632E+03
