  1.000000E-02  9.259060E+02
  1.200000E-02  9.232003E+02
  1.400000E-02  9.205300E+02
  1.600000E-02  9.178945E+02
  1.800000E-02  9.152929E+02
  2.000000E-02  9.127246E+02
  2.200000E-02  9.101890E+02
  2.400000E-02  9.076854E+02
  2.600000E-02  9.052132E+02
  2.800000E-02  9.027719E+02
  3.000000E-02  9.003609E+02
  3.200000E-02  8.979796E+02
  3.400000E-02  8.956276E+02
  3.600000E-02  8.933042E+02
  3.800000E-02  8.910091E+02
  4.000000E-02  8.887418E+02
  4.200000E-02  8.865016E+02
  4.400000E-02  8.842883E+02
  4.600000E-02  8.821013E+02
  4.800000E-02  8.799402E+02
  5.000000E-02  8.778046E+02
  5.200000E-02  8.756941E+02
  5.400000E-02  8.736081E+02
  5.600000E-02  8.715464E+02
  5.800000E-02  8.695086E+02
  6.000000E-02  8.674942E+02
  6.200000E-02  8.655029E+02
  6.400000E-02  8.635343E+02
  6.600000E-02  8.615880E+02
  6.800000E-02  8.596638E+02
  7.000000E-02  8.577611E+02
  7.200000E-02  8.558798E+02
  7.400000E-02  8.540195E+02
  7.600000E-02  8.521799E+02
  7.800000E-02  8.503605E+02
  8.000000E-02  8.485612E+02
  8.200000E-02  8.467816E+02
  8.400000E-02  8.450214E+02
  8.600000E-02  8.432803E+02
  8.800000E-02  8.415581E+02
  9.000000E-02  8.398544E+02
  9.200000E-02  8.381689E+02
  9.400000E-02  8.365015E+02
  9.600000E-02  8.348518E+02
  9.800000E-02  8.332196E+02
  1.000000E-01  8.316046E+02
  1.020000E-01  8.300065E+02
  1.040000E-01  8.284251E+02
  1.060000E-01  8.268602E+02
  1.080000E-01  8.253116E+02
  1.100000E-01  8.237789E+02
  1.120000E-01  8.222620E+02
  1.140000E-01  8.207607E+02
  1.160000E-01  8.192746E+02
  1.180000E-01  8.178037E+02
  1.200000E-01  8.163477E+02
  1.220000E-01  8.149063E+02
  1.240000E-01  8.134794E+02
  1.260000E-01  8.120668E+02
  1.280000E-01  8.106682E+02
  1.300000E-01  8.092836E+02
  1.320000E-01  8.079125E+02
  1.340000E-01  8.065544E+02
  1.360000E-01  8.052091E+02
  1.380000E-01  8.038768E+02
  1.400000E-01  8.025572E+02
  1.420000E-01  8.012503E+02
  1.440000E-01  7.999558E+02
  1.460000E-01  7.986736E+02
  1.480000E-01  7.974036E+02
  1.500000E-01  7.961456E+02
  1.520000E-01  7.948994E+02
  1.540000E-01  7.936649E+02
  1.560000E-01  7.924420E+02
  1.580000E-01  7.912305E+02
  1.600000E-01  7.900303E+02
  1.620000E-01  7.888412E+02
  1.640000E-01  7.876631E+02
  1.660000E-01  7.864958E+02
  1.680000E-01  7.853392E+02
  1.700000E-01  7.841932E+02
  1.720000E-01  7.830576E+02
  1.740000E-01  7.819324E+02
  1.760000E-01  7.808173E+02
  1.780000E-01  7.797123E+02
  1.800000E-01  7.786172E+02
  1.820000E-01  7.775320E+02
  1.840000E-01  7.764564E+02
  1.860000E-01  7.753904E+02
  1.880000E-01  7.743339E+02
  1.900000E-01  7.732867E+02
  1.920000E-01  7.722487E+02
  1.940000E-01  7.712198E+02
  1.960000E-01  7.702000E+02
  1.980000E-01  7.691890E+02
  2.000000E-01  7.681868E+02
  2.020000E-01  7.671934E+02
  2.040000E-01  7.662085E+02
  2.060000E-01  7.652321E+02
  2.080000E-01  7.642640E+02
  2.100000E-01  7.633043E+02
  2.120000E-01  7.623527E+02
  2.140000E-01  7.614092E+02
  2.160000E-01  7.604737E+02
  2.180000E-01  7.595462E+02
  2.200000E-01  7.586264E+02
  2.220000E-01  7.577143E+02
  2.240000E-01  7.568099E+02
  2.260000E-01  7.559130E+02
  2.280000E-01  7.550236E+02
  2.300000E-01  7.541416E+02
  2.320000E-01  7.532668E+02
  2.340000E-01  7.523992E+02
  2.360000E-01  7.515388E+02
  2.380000E-01  7.506854E+02
  2.400000E-01  7.498390E+02
  2.420000E-01  7.489994E+02
  2.440000E-01  7.481667E+02
  2.460000E-01  7.473406E+02
  2.480000E-01  7.465213E+02
  2.500000E-01  7.457085E+02
  2.520000E-01  7.449023E+02
  2.540000E-01  7.441024E+02
  2.560000E-01  7.433090E+02
  2.580000E-01  7.425218E+02
  2.600000E-01  7.417409E+02
  2.620000E-01  7.409661E+02
  2.640000E-01  7.401975E+02
  2.660000E-01  7.394348E+02
  2.680000E-01  7.386781E+02
  2.700000E-01  7.379274E+02
  2.720000E-01  7.371824E+02
  2.740000E-01  7.364433E+02
  2.760000E-01  7.357098E+02
  2.780000E-01  7.349820E+02
  2.800000E-01  7.342598E+02
  2.820000E-01  7.335431E+02
  2.840000E-01  7.328319E+02
  2.860000E-01  7.321261E+02
  2.880000E-01  7.314257E+02
  2.900000E-01  7.307306E+02
  2.920000E-01  7.300407E+02
  2.940000E-01  7.293560E+02
  2.960000E-01  7.286764E+02
  2.980000E-01  7.280020E+02
  3.000000E-01  7.273326E+02
  3.020000E-01  7.266681E+02
  3.040000E-01  7.260086E+02
  3.060000E-01  7.253540E+02
  3.080000E-01  7.247042E+02
  3.100000E-01  7.240592E+02
  3.120000E-01  7.234189E+02
  3.140000E-01  7.227833E+02
  3.160000E-01  7.221523E+02
  3.180000E-01  7.215260E+02
  3.200000E-01  7.209041E+02
  3.220000E-01  7.202868E+02
  3.240000E-01  7.196740E+02
  3.260000E-01  7.190655E+02
  3.280000E-01  7.184614E+02
  3.300000E-01  7.178617E+02
  3.320000E-01  7.172662E+02
  3.340000E-01  7.166749E+02
  3.360000E-01  7.160879E+02
  3.380000E-01  7.155050E+02
  3.400000E-01  7.149423E+02
  3.420000E-01  7.143848E+02
  3.440000E-01  7.138340E+02
  3.460000E-01  7.132890E+02
  3.480000E-01  7.127495E+02
  3.500000E-01  7.122151E+02
  3.520000E-01  7.116854E+02
  3.540000E-01  7.111604E+02
  3.560000E-01  7.106398E+02
  3.580000E-01  7.101234E+02
  3.600000E-01  7.096112E+02
  3.620000E-01  7.091031E+02
  3.640000E-01  7.085989E+02
  3.660000E-01  7.080985E+02
  3.680000E-01  7.076019E+02
  3.700000E-01  7.071091E+02
  3.720000E-01  7.066198E+02
  3.740000E-01  7.061341E+02
  3.760000E-01  7.056519E+02
  3.780000E-01  7.051732E+02
  3.800000E-01  7.046978E+02
  3.820000E-01  7.042258E+02
  3.840000E-01  7.037571E+02
  3.860000E-01  7.032916E+02
  3.880000E-01  7.028293E+02
  3.900000E-01  7.023701E+02
  3.920000E-01  7.019141E+02
  3.940000E-01  7.014611E+02
  3.960000E-01  7.010111E+02
  3.980000E-01  7.005642E+02
  4.000000E-01  7.001202E+02
  4.020000E-01  6.996791E+02
  4.040000E-01  6.992409E+02
  4.060000E-01  6.988055E+02
  4.080000E-01  6.983730E+02
  4.100000E-01  6.979432E+02
  4.120000E-01  6.975162E+02
  4.140000E-01  6.970919E+02
  4.160000E-01  6.966703E+02
  4.180000E-01  6.962514E+02
  4.200000E-01  6.958351E+02
  4.220000E-01  6.954214E+02
  4.240000E-01  6.950103E+02
  4.260000E-01  6.946017E+02
  4.280000E-01  6.941957E+02
  4.300000E-01  6.937922E+02
  4.320000E-01  6.933912E+02
  4.340000E-01  6.929926E+02
  4.360000E-01  6.925964E+02
  4.380000E-01  6.922027E+02
  4.400000E-01  6.918113E+02
  4.420000E-01  6.914223E+02
  4.440000E-01  6.910356E+02
  4.460000E-01  6.906512E+02
  4.480000E-01  6.902692E+02
  4.500000E-01  6.898894E+02
  4.520000E-01  6.895118E+02
  4.540000E-01  6.891365E+02
  4.560000E-01  6.887634E+02
  4.580000E-01  6.883925E+02
  4.600000E-01  6.880237E+02
  4.620000E-01  6.876571E+02
  4.640000E-01  6.872926E+02
  4.660000E-01  6.869303E+02
  4.680000E-01  6.865700E+02
  4.700000E-01  6.862118E+02
  4.720000E-01  6.858557E+02
  4.740000E-01  6.855016E+02
  4.760000E-01  6.851495E+02
  4.780000E-01  6.847995E+02
  4.800000E-01  6.844514E+02
  4.820000E-01  6.841053E+02
  4.840000E-01  6.837611E+02
  4.860000E-01  6.834189E+02
  4.880000E-01  6.830786E+02
  4.900000E-01  6.827402E+02
  4.920000E-01  6.824037E+02
  4.940000E-01  6.820690E+02
  4.960000E-01  6.817363E+02
  4.980000E-01  6.814053E+02
  5.000000E-01  6.810762E+02
  5.020000E-01  6.807489E+02
  5.040000E-01  6.804234E+02
  5.060000E-01  6.800997E+02
  5.080000E-01  6.797777E+02
  5.100000E-01  6.794575E+02
  5.120000E-01  6.791391E+02
  5.140000E-01  6.788224E+02
  5.160000E-01  6.785073E+02
  5.180000E-01  6.781940E+02
  5.200000E-01  6.778824E+02
  5.220000E-01  6.775724E+02
  5.240000E-01  6.772641E+02
  5.260000E-01  6.769575E+02
  5.280000E-01  6.766524E+02
  5.300000E-01  6.763490E+02
  5.320000E-01  6.760472E+02
  5.340000E-01  6.757470E+02
  5.360000E-01  6.754484E+02
  5.380000E-01  6.751514E+02
  5.400000E-01  6.748559E+02
  5.420000E-01  6.745620E+02
  5.440000E-01  6.742696E+02
  5.460000E-01  6.739787E+02
  5.480000E-01  6.736893E+02
  5.500000E-01  6.734015E+02
  5.520000E-01  6.731151E+02
  5.540000E-01  6.728302E+02
  5.560000E-01  6.725468E+02
  5.580000E-01  6.722649E+02
  5.600000E-01  6.719843E+02
  5.620000E-01  6.717053E+02
  5.640000E-01  6.714276E+02
  5.660000E-01  6.711514E+02
  5.680000E-01  6.708765E+02
  5.700000E-01  6.706031E+02
  5.720000E-01  6.703310E+02
  5.740000E-01  6.700604E+02
  5.760000E-01  6.697910E+02
  5.780000E-01  6.695231E+02
  5.800000E-01  6.692565E+02
  5.820000E-01  6.689912E+02
  5.840000E-01  6.687272E+02
  5.860000E-01  6.684646E+02
  5.880000E-01  6.682032E+02
  5.900000E-01  6.679432E+02
  5.920000E-01  6.676845E+02
  5.940000E-01  6.674270E+02
  5.960000E-01  6.671708E+02
  5.980000E-01  6.669159E+02
  6.000000E-01  6.666973E+02
  6.020000E-01  6.664651E+02
  6.040000E-01  6.662355E+02
  6.060000E-01  6.660083E+02
  6.080000E-01  6.657831E+02
  6.100000E-01  6.655598E+02
  6.120000E-01  6.653383E+02
  6.140000E-01  6.651184E+02
  6.160000E-01  6.649000E+02
  6.180000E-01  6.646830E+02
  6.200000E-01  6.644675E+02
  6.220000E-01  6.642533E+02
  6.240000E-01  6.640405E+02
  6.260000E-01  6.638289E+02
  6.280000E-01  6.636185E+02
  6.300000E-01  6.634093E+02
  6.320000E-01  6.632013E+02
  6.340000E-01  6.629944E+02
  6.360000E-01  6.627887E+02
  6.380000E-01  6.625841E+02
  6.400000E-01  6.623805E+02
  6.420000E-01  6.621780E+02
  6.440000E-01  6.619765E+02
  6.460000E-01  6.617760E+02
  6.480000E-01  6.615766E+02
  6.500000E-01  6.613781E+02
  6.520000E-01  6.611806E+02
  6.540000E-01  6.609841E+02
  6.560000E-01  6.607886E+02
  6.580000E-01  6.605939E+02
  6.600000E-01  6.604002E+02
  6.620000E-01  6.602075E+02
  6.640000E-01  6.600156E+02
  6.660000E-01  6.598246E+02
  6.680000E-01  6.596345E+02
  6.700000E-01  6.594453E+02
  6.720000E-01  6.592569E+02
  6.740000E-01  6.590694E+02
  6.760000E-01  6.588827E+02
  6.780000E-01  6.586969E+02
  6.800000E-01  6.585119E+02
  6.820000E-01  6.583278E+02
  6.840000E-01  6.581444E+02
  6.860000E-01  6.579619E+02
  6.880000E-01  6.577802E+02
  6.900000E-01  6.575992E+02
  6.920000E-01  6.574191E+02
  6.940000E-01  6.572397E+02
  6.960000E-01  6.570611E+02
  6.980000E-01  6.568833E+02
  7.000000E-01  6.567062E+02
  7.020000E-01  6.565299E+02
  7.040000E-01  6.563543E+02
  7.060000E-01  6.561795E+02
  7.080000E-01  6.560054E+02
  7.100000E-01  6.558320E+02
  7.120000E-01  6.556593E+02
  7.140000E-01  6.554874E+02
  7.160000E-01  6.553162E+02
  7.180000E-01  6.551457E+02
  7.200000E-01  6.549759E+02
  7.220000E-01  6.548068E+02
  7.240000E-01  6.546384E+02
  7.260000E-01  6.544707E+02
  7.280000E-01  6.543036E+02
  7.300000E-01  6.541373E+02
  7.320000E-01  6.539716E+02
  7.340000E-01  6.538066E+02
  7.360000E-01  6.536422E+02
  7.380000E-01  6.534785E+02
  7.400000E-01  6.533155E+02
  7.420000E-01  6.531531E+02
  7.440000E-01  6.529913E+02
  7.460000E-01  6.528302E+02
  7.480000E-01  6.526697E+02
  7.500000E-01  6.525099E+02
  7.520000E-01  6.523507E+02
  7.540000E-01  6.521921E+02
  7.560000E-01  6.520341E+02
  7.580000E-01  6.518768E+02
  7.600000E-01  6.517201E+02
  7.620000E-01  6.515639E+02
  7.640000E-01  6.514084E+02
  7.660000E-01  6.512535E+02
  7.680000E-01  6.510991E+02
  7.700000E-01  6.509454E+02
  7.720000E-01  6.507923E+02
  7.740000E-01  6.506397E+02
  7.760000E-01  6.504877E+02
  7.780000E-01  6.503363E+02
  7.800000E-01  6.501855E+02
  7.820000E-01  6.500352E+02
  7.840000E-01  6.498856E+02
  7.860000E-01  6.497364E+02
  7.880000E-01  6.495879E+02
  7.900000E-01  6.494399E+02
  7.920000E-01  6.492924E+02
  7.940000E-01  6.491455E+02
  7.960000E-01  6.489992E+02
  7.980000E-01  6.488534E+02
  8.000000E-01  6.487081E+02
  8.020000E-01  6.485634E+02
  8.040000E-01  6.484192E+02
  8.060000E-01  6.482755E+02
  8.080000E-01  6.481324E+02
  8.100000E-01  6.479898E+02
  8.120000E-01  6.478477E+02
  8.140000E-01  6.477062E+02
  8.160000E-01  6.475651E+02
  8.180000E-01  6.474246E+02
  8.200000E-01  6.472846E+02
  8.220000E-01  6.471450E+02
  8.240000E-01  6.470060E+02
  8.260000E-01  6.468675E+02
  8.280000E-01  6.467295E+02
  8.300000E-01  6.465920E+02
  8.320000E-01  6.464550E+02
  8.340000E-01  6.463185E+02
  8.360000E-01  6.461825E+02
  8.380000E-01  6.460469E+02
  8.400000E-01  6.459118E+02
  8.420000E-01  6.457773E+02
  8.440000E-01  6.456432E+02
  8.460000E-01  6.455095E+02
  8.480000E-01  6.453764E+02
  8.500000E-01  6.452437E+02
  8.520000E-01  6.451115E+02
  8.540000E-01  6.449797E+02
  8.560000E-01  6.448484E+02
  8.580000E-01  6.447176E+02
  8.600000E-01  6.445872E+02
  8.620000E-01  6.444573E+02
  8.640000E-01  6.443279E+02
  8.660000E-01  6.441988E+02
  8.680000E-01  6.440703E+02
  8.700000E-01  6.439422E+02
  8.720000E-01  6.438145E+02
  8.740000E-01  6.436873E+02
  8.760000E-01  6.435605E+02
  8.780000E-01  6.434341E+02
  8.800000E-01  6.433082E+02
  8.820000E-01  6.431827E+02
  8.840000E-01  6.430576E+02
  8.860000E-01  6.429330E+02
  8.880000E-01  6.428088E+02
  8.900000E-01  6.426850E+02
  8.920000E-01  6.425617E+02
  8.940000E-01  6.424387E+02
  8.960000E-01  6.423162E+02
  8.980000E-01  6.421941E+02
  9.000000E-01  6.420724E+02
  9.020000E-01  6.419511E+02
  9.040000E-01  6.418302E+02
  9.060000E-01  6.417097E+02
  9.080000E-01  6.415897E+02
  9.100000E-01  6.414700E+02
  9.120000E-01  6.413507E+02
  9.140000E-01  6.412319E+02
  9.160000E-01  6.411134E+02
  9.180000E-01  6.409953E+02
  9.200000E-01  6.408777E+02
  9.220000E-01  6.407604E+02
  9.240000E-01  6.406435E+02
  9.260000E-01  6.405269E+02
  9.280000E-01  6.404108E+02
  9.300000E-01  6.402951E+02
  9.320000E-01  6.401797E+02
  9.340000E-01  6.400647E+02
  9.360000E-01  6.399501E+02
  9.380000E-01  6.398359E+02
  9.400000E-01  6.397220E+02
  9.420000E-01  6.396085E+02
  9.440000E-01  6.394954E+02
  9.460000E-01  6.393827E+02
  9.480000E-01  6.392703E+02
  9.500000E-01  6.391583E+02
  9.520000E-01  6.390466E+02
  9.540000E-01  6.389353E+02
  9.560000E-01  6.388244E+02
  9.580000E-01  6.387138E+02
  9.600000E-01  6.386036E+02
  9.620000E-01  6.384937E+02
  9.640000E-01  6.383842E+02
  9.660000E-01  6.382751E+02
  9.680000E-01  6.381663E+02
  9.700000E-01  6.380578E+02
  9.720000E-01  6.379497E+02
  9.740000E-01  6.378419E+02
  9.760000E-01  6.377345E+02
  9.780000E-01  6.376274E+02
  9.800000E-01  6.375207E+02
  9.820000E-01  6.374143E+02
  9.840000E-01  6.373082E+02
  9.860000E-01  6.372025E+02
  9.880000E-01  6.370971E+02
  9.900000E-01  6.369920E+02
  9.920000E-01  6.368872E+02
  9.940000E-01  6.367828E+02
  9.960000E-01  6.366788E+02
  9.980000E-01  6.365750E+02
  1.000000E+00  6.364716E+02
  1.002000E+00  6.363685E+02
  1.004000E+00  6.362657E+02
  1.006000E+00  6.361632E+02
  1.008000E+00  6.360611E+02
  1.010000E+00  6.359592E+02
  1.012000E+00  6.358577E+02
  1.014000E+00  6.357565E+02
  1.016000E+00  6.356556E+02
  1.018000E+00  6.355551E+02
  1.020000E+00  6.354548E+02
  1.022000E+00  6.353549E+02
  1.024000E+00  6.352616E+02
  1.026000E+00  6.351668E+02
  1.028000E+00  6.350729E+02
  1.030000E+00  6.349798E+02
  1.032000E+00  6.348874E+02
  1.034000E+00  6.347955E+02
  1.036000E+00  6.347043E+02
  1.038000E+00  6.346136E+02
  1.040000E+00  6.345234E+02
  1.042000E+00  6.344337E+02
  1.044000E+00  6.343444E+02
  1.046000E+00  6.342556E+02
  1.048000E+00  6.341673E+02
  1.050000E+00  6.340793E+02
  1.052000E+00  6.339918E+02
  1.054000E+00  6.339046E+02
  1.056000E+00  6.338179E+02
  1.058000E+00  6.337315E+02
  1.060000E+00  6.336454E+02
  1.062000E+00  6.335598E+02
  1.064000E+00  6.334744E+02
  1.066000E+00  6.333894E+02
  1.068000E+00  6.333048E+02
  1.070000E+00  6.332205E+02
  1.072000E+00  6.331365E+02
  1.074000E+00  6.330528E+02
  1.076000E+00  6.329694E+02
  1.078000E+00  6.328864E+02
  1.080000E+00  6.328036E+02
  1.082000E+00  6.327211E+02
  1.084000E+00  6.326390E+02
  1.086000E+00  6.325571E+02
  1.088000E+00  6.324755E+02
  1.090000E+00  6.323942E+02
  1.092000E+00  6.323132E+02
  1.094000E+00  6.322324E+02
  1.096000E+00  6.321519E+02
  1.098000E+00  6.320717E+02
  1.100000E+00  6.319918E+02
  1.102000E+00  6.319121E+02
  1.104000E+00  6.318327E+02
  1.106000E+00  6.317536E+02
  1.108000E+00  6.316747E+02
  1.110000E+00  6.315960E+02
  1.112000E+00  6.315176E+02
  1.114000E+00  6.314395E+02
  1.116000E+00  6.313616E+02
  1.118000E+00  6.312839E+02
  1.120000E+00  6.312065E+02
  1.122000E+00  6.311293E+02
  1.124000E+00  6.310524E+02
  1.126000E+00  6.309757E+02
  1.128000E+00  6.308992E+02
  1.130000E+00  6.308230E+02
  1.132000E+00  6.307469E+02
  1.134000E+00  6.306712E+02
  1.136000E+00  6.305956E+02
  1.138000E+00  6.305203E+02
  1.140000E+00  6.304452E+02
  1.142000E+00  6.303703E+02
  1.144000E+00  6.302956E+02
  1.146000E+00  6.302212E+02
  1.148000E+00  6.301469E+02
  1.150000E+00  6.300729E+02
  1.152000E+00  6.299991E+02
  1.154000E+00  6.299255E+02
  1.156000E+00  6.298521E+02
  1.158000E+00  6.297790E+02
  1.160000E+00  6.297060E+02
  1.162000E+00  6.296332E+02
  1.164000E+00  6.295607E+02
  1.166000E+00  6.294883E+02
  1.168000E+00  6.294162E+02
  1.170000E+00  6.293442E+02
  1.172000E+00  6.292725E+02
  1.174000E+00  6.292009E+02
  1.176000E+00  6.291295E+02
  1.178000E+00  6.290584E+02
  1.180000E+00  6.289874E+02
  1.182000E+00  6.289166E+02
  1.184000E+00  6.288461E+02
  1.186000E+00  6.287757E+02
  1.188000E+00  6.287055E+02
  1.190000E+00  6.286355E+02
  1.192000E+00  6.285656E+02
  1.194000E+00  6.284960E+02
  1.196000E+00  6.284265E+02
  1.198000E+00  6.283573E+02
  1.200000E+00  6.282882E+02
