  1.000000E-02  2.504134E-02 -3.760137E-02 -2.073366E-02 -4.526332E-03
  1.200000E-02  3.534912E-02 -5.349951E-02 -2.955017E-02 -6.169741E-03
  1.400000E-02  4.720395E-02 -7.200079E-02 -3.984130E-02 -7.999193E-03
  1.600000E-02  6.052733E-02 -9.303929E-02 -5.158132E-02 -1.000101E-02
  1.800000E-02  7.524594E-02 -1.165537E-01 -6.474733E-02 -1.216402E-02
  2.000000E-02  9.129097E-02 -1.424866E-01 -7.931885E-02 -1.447890E-02
  2.200000E-02  1.085975E-01 -1.707839E-01 -9.527741E-02 -1.693777E-02
  2.400000E-02  1.271043E-01 -2.013944E-01 -1.126063E-01 -1.953385E-02
  2.600000E-02  1.467531E-01 -2.342693E-01 -1.312903E-01 -2.226123E-02
  2.800000E-02  1.674887E-01 -2.693622E-01 -1.513155E-01 -2.511477E-02
  3.000000E-02  1.892585E-01 -3.066286E-01 -1.726694E-01 -2.808989E-02
  3.200000E-02  2.120124E-01 -3.460262E-01 -1.953402E-01 -3.118254E-02
  3.400000E-02  2.357026E-01 -3.875138E-01 -2.193173E-01 -3.438909E-02
  3.600000E-02  2.602833E-01 -4.310522E-01 -2.445910E-01 -3.770626E-02
  3.800000E-02  2.857109E-01 -4.766035E-01 -2.711521E-01 -4.113109E-02
  4.000000E-02  3.119435E-01 -5.241312E-01 -2.989924E-01 -4.466089E-02
  4.200000E-02  3.389410E-01 -5.735997E-01 -3.281042E-01 -4.829320E-02
  4.400000E-02  3.666651E-01 -6.249750E-01 -3.584804E-01 -5.202576E-02
  4.600000E-02  3.950789E-01 -6.782240E-01 -3.901144E-01 -5.585652E-02
  4.800000E-02  4.241470E-01 -7.333145E-01 -4.230003E-01 -5.978355E-02
  5.000000E-02  4.538355E-01 -7.902155E-01 -4.571323E-01 -6.380510E-02
  5.200000E-02  4.841118E-01 -8.488966E-01 -4.925053E-01 -6.791953E-02
  5.400000E-02  5.149445E-01 -9.093285E-01 -5.291146E-01 -7.212530E-02
  5.600000E-02  5.463036E-01 -9.714828E-01 -5.669556E-01 -7.642101E-02
  5.800000E-02  5.781601E-01 -1.035332E+00 -6.060242E-01 -8.080531E-02
  6.000000E-02  6.104862E-01 -1.100848E+00 -6.463167E-01 -8.527696E-02
  6.200000E-02  6.432550E-01 -1.168005E+00 -6.878296E-01 -8.983479E-02
  6.400000E-02  6.764409E-01 -1.236778E+00 -7.305594E-01 -9.447770E-02
  6.600000E-02  7.100190E-01 -1.307142E+00 -7.745034E-01 -9.920465E-02
  6.800000E-02  7.439654E-01 -1.379072E+00 -8.196585E-01 -1.040146E-01
  7.000000E-02  7.782571E-01 -1.452544E+00 -8.660223E-01 -1.089068E-01
  7.200000E-02  8.128721E-01 -1.527535E+00 -9.135924E-01 -1.138801E-01
  7.400000E-02  8.477891E-01 -1.604023E+00 -9.623665E-01 -1.189339E-01
  7.600000E-02  8.829874E-01 -1.681986E+00 -1.012343E+00 -1.240673E-01
  7.800000E-02  9.184475E-01 -1.761401E+00 -1.063519E+00 -1.292795E-01
  8.000000E-02  9.541501E-01 -1.842248E+00 -1.115894E+00 -1.345699E-01
  8.200000E-02  9.900770E-01 -1.924506E+00 -1.169465E+00 -1.399376E-01
  8.400000E-02  1.026211E+00 -2.008154E+00 -1.224232E+00 -1.453821E-01
  8.600000E-02  1.062534E+00 -2.093174E+00 -1.280192E+00 -1.509027E-01
  8.800000E-02  1.099030E+00 -2.179546E+00 -1.337345E+00 -1.564988E-01
  9.000000E-02  1.135684E+00 -2.267251E+00 -1.395690E+00 -1.621698E-01
  9.200000E-02  1.172480E+00 -2.356270E+00 -1.455225E+00 -1.679152E-01
  9.400000E-02  1.209404E+00 -2.446585E+00 -1.515950E+00 -1.737343E-01
  9.600000E-02  1.246442E+00 -2.538179E+00 -1.577862E+00 -1.796267E-01
  9.800000E-02  1.283579E+00 -2.631034E+00 -1.640963E+00 -1.855917E-01
  1.000000E-01  1.320803E+00 -2.725133E+00 -1.705250E+00 -1.916291E-01
  1.020000E-01  1.358101E+00 -2.820460E+00 -1.770724E+00 -1.977381E-01
  1.040000E-01  1.395462E+00 -2.916998E+00 -1.837383E+00 -2.039184E-01
  1.060000E-01  1.432873E+00 -3.014731E+00 -1.905227E+00 -2.101696E-01
  1.080000E-01  1.470323E+00 -3.113644E+00 -1.974255E+00 -2.164910E-01
  1.100000E-01  1.507801E+00 -3.213721E+00 -2.044467E+00 -2.228825E-01
  1.120000E-01  1.545298E+00 -3.314947E+00 -2.115862E+00 -2.293434E-01
  1.140000E-01  1.582802E+00 -3.417307E+00 -2.188439E+00 -2.358733E-01
  1.160000E-01  1.620305E+00 -3.520788E+00 -2.262199E+00 -2.424720E-01
  1.180000E-01  1.657797E+00 -3.625374E+00 -2.337141E+00 -2.491389E-01
  1.200000E-01  1.695268E+00 -3.731051E+00 -2.413265E+00 -2.558737E-01
  1.220000E-01  1.732712E+00 -3.837807E+00 -2.490569E+00 -2.626760E-01
  1.240000E-01  1.770118E+00 -3.945628E+00 -2.569054E+00 -2.695454E-01
  1.260000E-01  1.807480E+00 -4.054500E+00 -2.648720E+00 -2.764815E-01
  1.280000E-01  1.844790E+00 -4.164410E+00 -2.729566E+00 -2.834841E-01
  1.300000E-01  1.882040E+00 -4.275347E+00 -2.811591E+00 -2.905526E-01
  1.320000E-01  1.919078E+00 -4.386968E+00 -2.895144E+00 -2.977359E-01
  1.340000E-01  1.955721E+00 -4.498848E+00 -2.980667E+00 -3.050949E-01
  1.360000E-01  1.992113E+00 -4.611310E+00 -3.067814E+00 -3.125791E-01
  1.380000E-01  2.028289E+00 -4.724435E+00 -3.156495E+00 -3.201744E-01
  1.400000E-01  2.064268E+00 -4.838256E+00 -3.246663E+00 -3.278735E-01
  1.420000E-01  2.100056E+00 -4.952792E+00 -3.338292E+00 -3.356717E-01
  1.440000E-01  2.135660E+00 -5.068052E+00 -3.431361E+00 -3.435656E-01
  1.460000E-01  2.171081E+00 -5.184041E+00 -3.525857E+00 -3.515524E-01
  1.480000E-01  2.206322E+00 -5.300761E+00 -3.621769E+00 -3.596300E-01
  1.500000E-01  2.241382E+00 -5.418211E+00 -3.719089E+00 -3.677965E-01
  1.520000E-01  2.276263E+00 -5.536391E+00 -3.817809E+00 -3.760504E-01
  1.540000E-01  2.310964E+00 -5.655296E+00 -3.917923E+00 -3.843902E-01
  1.560000E-01  2.345485E+00 -5.774925E+00 -4.019426E+00 -3.928146E-01
  1.580000E-01  2.379824E+00 -5.895273E+00 -4.122313E+00 -4.013224E-01
  1.600000E-01  2.413981E+00 -6.016337E+00 -4.226579E+00 -4.099126E-01
  1.620000E-01  2.447956E+00 -6.138111E+00 -4.332222E+00 -4.185842E-01
  1.640000E-01  2.481746E+00 -6.260592E+00 -4.439237E+00 -4.273360E-01
  1.660000E-01  2.515353E+00 -6.383775E+00 -4.547621E+00 -4.361674E-01
  1.680000E-01  2.548774E+00 -6.507655E+00 -4.657371E+00 -4.450772E-01
  1.700000E-01  2.582008E+00 -6.632227E+00 -4.768483E+00 -4.540648E-01
  1.720000E-01  2.615056E+00 -6.757487E+00 -4.880955E+00 -4.631292E-01
  1.740000E-01  2.647916E+00 -6.883430E+00 -4.994783E+00 -4.722698E-01
  1.760000E-01  2.680588E+00 -7.010050E+00 -5.109965E+00 -4.814857E-01
  1.780000E-01  2.713070E+00 -7.137344E+00 -5.226498E+00 -4.907761E-01
  1.800000E-01  2.745363E+00 -7.265307E+00 -5.344379E+00 -5.001404E-01
  1.820000E-01  2.777465E+00 -7.393933E+00 -5.463605E+00 -5.095778E-01
  1.840000E-01  2.809377E+00 -7.523219E+00 -5.584174E+00 -5.190876E-01
  1.860000E-01  2.841097E+00 -7.653160E+00 -5.706082E+00 -5.286691E-01
  1.880000E-01  2.872626E+00 -7.783751E+00 -5.829327E+00 -5.383217E-01
  1.900000E-01  2.903963E+00 -7.914988E+00 -5.953907E+00 -5.480447E-01
  1.920000E-01  2.935108E+00 -8.046867E+00 -6.079817E+00 -5.578373E-01
  1.940000E-01  2.966061E+00 -8.179383E+00 -6.207056E+00 -5.676991E-01
  1.960000E-01  2.996821E+00 -8.312533E+00 -6.335620E+00 -5.776292E-01
  1.980000E-01  3.027388E+00 -8.446312E+00 -6.465507E+00 -5.876271E-01
  2.000000E-01  3.057763E+00 -8.580717E+00 -6.596714E+00 -5.976921E-01
  2.020000E-01  3.087945E+00 -8.715742E+00 -6.729237E+00 -6.078237E-01
  2.040000E-01  3.117935E+00 -8.851385E+00 -6.863074E+00 -6.180211E-01
  2.060000E-01  3.147732E+00 -8.987642E+00 -6.998221E+00 -6.282839E-01
  2.080000E-01  3.177336E+00 -9.124509E+00 -7.134676E+00 -6.386113E-01
  2.100000E-01  3.206749E+00 -9.261982E+00 -7.272436E+00 -6.490028E-01
  2.120000E-01  3.235969E+00 -9.400058E+00 -7.411496E+00 -6.594577E-01
  2.140000E-01  3.264998E+00 -9.538733E+00 -7.551855E+00 -6.699755E-01
  2.160000E-01  3.293836E+00 -9.678005E+00 -7.693509E+00 -6.805557E-01
  2.180000E-01  3.322482E+00 -9.817868E+00 -7.836454E+00 -6.911975E-01
  2.200000E-01  3.350938E+00 -9.958322E+00 -7.980688E+00 -7.019004E-01
  2.220000E-01  3.379203E+00 -1.009936E+01 -8.126207E+00 -7.126639E-01
  2.240000E-01  3.407279E+00 -1.024098E+01 -8.273007E+00 -7.234874E-01
  2.260000E-01  3.435166E+00 -1.038319E+01 -8.421086E+00 -7.343702E-01
  2.280000E-01  3.462864E+00 -1.052596E+01 -8.570439E+00 -7.453119E-01
  2.300000E-01  3.490374E+00 -1.066932E+01 -8.721063E+00 -7.563118E-01
  2.320000E-01  3.517696E+00 -1.081324E+01 -8.872955E+00 -7.673695E-01
  2.340000E-01  3.544831E+00 -1.095773E+01 -9.026112E+00 -7.784843E-01
  2.360000E-01  3.571779E+00 -1.110279E+01 -9.180529E+00 -7.896557E-01
  2.380000E-01  3.598542E+00 -1.124841E+01 -9.336202E+00 -8.008831E-01
  2.400000E-01  3.625120E+00 -1.139459E+01 -9.493129E+00 -8.121661E-01
  2.420000E-01  3.651514E+00 -1.154133E+01 -9.651306E+00 -8.235040E-01
  2.440000E-01  3.677724E+00 -1.168862E+01 -9.810728E+00 -8.348963E-01
  2.460000E-01  3.703751E+00 -1.183647E+01 -9.971392E+00 -8.463425E-01
  2.480000E-01  3.729596E+00 -1.198486E+01 -1.013329E+01 -8.578420E-01
  2.500000E-01  3.755259E+00 -1.213380E+01 -1.029643E+01 -8.693943E-01
  2.520000E-01  3.780742E+00 -1.228329E+01 -1.046080E+01 -8.809990E-01
  2.540000E-01  3.806045E+00 -1.243332E+01 -1.062639E+01 -8.926553E-01
  2.560000E-01  3.831170E+00 -1.258389E+01 -1.079321E+01 -9.043630E-01
  2.580000E-01  3.856116E+00 -1.273500E+01 -1.096124E+01 -9.161213E-01
  2.600000E-01  3.880885E+00 -1.288664E+01 -1.113049E+01 -9.279298E-01
  2.620000E-01  3.905477E+00 -1.303882E+01 -1.130095E+01 -9.397880E-01
  2.640000E-01  3.929894E+00 -1.319153E+01 -1.147262E+01 -9.516954E-01
  2.660000E-01  3.954137E+00 -1.334477E+01 -1.164549E+01 -9.636514E-01
  2.680000E-01  3.978206E+00 -1.349854E+01 -1.181955E+01 -9.756556E-01
  2.700000E-01  4.002102E+00 -1.365283E+01 -1.199481E+01 -9.877075E-01
  2.720000E-01  4.025826E+00 -1.380765E+01 -1.217126E+01 -9.998065E-01
  2.740000E-01  4.049379E+00 -1.396299E+01 -1.234890E+01 -1.011952E+00
  2.760000E-01  4.072762E+00 -1.411884E+01 -1.252772E+01 -1.024144E+00
  2.780000E-01  4.095976E+00 -1.427522E+01 -1.270772E+01 -1.036382E+00
  2.800000E-01  4.119021E+00 -1.443211E+01 -1.288888E+01 -1.048664E+00
  2.820000E-01  4.141900E+00 -1.458952E+01 -1.307122E+01 -1.060992E+00
  2.840000E-01  4.164612E+00 -1.474744E+01 -1.325472E+01 -1.073363E+00
  2.860000E-01  4.187159E+00 -1.490587E+01 -1.343939E+01 -1.085779E+00
  2.880000E-01  4.209542E+00 -1.506480E+01 -1.362520E+01 -1.098237E+00
  2.900000E-01  4.231761E+00 -1.522425E+01 -1.381217E+01 -1.110739E+00
  2.920000E-01  4.253818E+00 -1.538420E+01 -1.400029E+01 -1.123283E+00
  2.940000E-01  4.275713E+00 -1.554466E+01 -1.418955E+01 -1.135868E+00
  2.960000E-01  4.297448E+00 -1.570561E+01 -1.437995E+01 -1.148495E+00
  2.980000E-01  4.319024E+00 -1.586707E+01 -1.457148E+01 -1.161163E+00
  3.000000E-01  4.340441E+00 -1.602903E+01 -1.476414E+01 -1.173872E+00
  3.020000E-01  4.361700E+00 -1.619148E+01 -1.495792E+01 -1.186620E+00
  3.040000E-01  4.382803E+00 -1.635443E+01 -1.515283E+01 -1.199408E+00
  3.060000E-01  4.403750E+00 -1.651787E+01 -1.534885E+01 -1.212235E+00
  3.080000E-01  4.424542E+00 -1.668181E+01 -1.554599E+01 -1.225101E+00
  3.100000E-01  4.445181E+00 -1.684624E+01 -1.574423E+01 -1.238005E+00
  3.120000E-01  4.465668E+00 -1.701116E+01 -1.594357E+01 -1.250947E+00
  3.140000E-01  4.486002E+00 -1.717656E+01 -1.614401E+01 -1.263927E+00
  3.160000E-01  4.506186E+00 -1.734245E+01 -1.634555E+01 -1.276943E+00
  3.180000E-01  4.526220E+00 -1.750883E+01 -1.654817E+01 -1.289996E+00
  3.200000E-01  4.546105E+00 -1.767570E+01 -1.675188E+01 -1.303084E+00
  3.220000E-01  4.565843E+00 -1.784304E+01 -1.695666E+01 -1.316209E+00
  3.240000E-01  4.585433E+00 -1.801087E+01 -1.716253E+01 -1.329368E+00
  3.260000E-01  4.604878E+00 -1.817917E+01 -1.736946E+01 -1.342563E+00
  3.280000E-01  4.624178E+00 -1.834795E+01 -1.757746E+01 -1.355792E+00
  3.300000E-01  4.643334E+00 -1.851721E+01 -1.778652E+01 -1.369054E+00
  3.320000E-01  4.662347E+00 -1.868695E+01 -1.799664E+01 -1.382351E+00
  3.340000E-01  4.681217E+00 -1.885716E+01 -1.820781E+01 -1.395680E+00
  3.360000E-01  4.699947E+00 -1.902784E+01 -1.842002E+01 -1.409043E+00
  3.380000E-01  4.718537E+00 -1.919900E+01 -1.863328E+01 -1.422437E+00
  3.400000E-01  4.736987E+00 -1.937062E+01 -1.884758E+01 -1.435864E+00
  3.420000E-01  4.755299E+00 -1.954272E+01 -1.906291E+01 -1.449322E+00
  3.440000E-01  4.773473E+00 -1.971528E+01 -1.927927E+01 -1.462812E+00
  3.460000E-01  4.791511E+00 -1.988831E+01 -1.949666E+01 -1.476332E+00
  3.480000E-01  4.809414E+00 -2.006180E+01 -1.971506E+01 -1.489883E+00
  3.500000E-01  4.827182E+00 -2.023576E+01 -1.993449E+01 -1.503463E+00
  3.520000E-01  4.844816E+00 -2.041018E+01 -2.015492E+01 -1.517074E+00
  3.540000E-01  4.862318E+00 -2.058506E+01 -2.037635E+01 -1.530713E+00
  3.560000E-01  4.879687E+00 -2.076040E+01 -2.059879E+01 -1.544382E+00
  3.580000E-01  4.896926E+00 -2.093619E+01 -2.082223E+01 -1.558079E+00
  3.600000E-01  4.914034E+00 -2.111245E+01 -2.104666E+01 -1.571804E+00
  3.620000E-01  4.931014E+00 -2.128916E+01 -2.127207E+01 -1.585557E+00
  3.640000E-01  4.947865E+00 -2.146633E+01 -2.149847E+01 -1.599337E+00
  3.660000E-01  4.964589E+00 -2.164395E+01 -2.172585E+01 -1.613145E+00
  3.680000E-01  4.981186E+00 -2.182203E+01 -2.195420E+01 -1.626979E+00
  3.700000E-01  4.997657E+00 -2.200055E+01 -2.218352E+01 -1.640839E+00
  3.720000E-01  5.014004E+00 -2.217952E+01 -2.241380E+01 -1.654726E+00
  3.740000E-01  5.030226E+00 -2.235895E+01 -2.264505E+01 -1.668638E+00
  3.760000E-01  5.046326E+00 -2.253882E+01 -2.287725E+01 -1.682576E+00
  3.780000E-01  5.062303E+00 -2.271914E+01 -2.311040E+01 -1.696538E+00
  3.800000E-01  5.078159E+00 -2.289990E+01 -2.334450E+01 -1.710526E+00
  3.820000E-01  5.093894E+00 -2.308111E+01 -2.357953E+01 -1.724537E+00
  3.840000E-01  5.109510E+00 -2.326275E+01 -2.381551E+01 -1.738573E+00
  3.860000E-01  5.125007E+00 -2.344485E+01 -2.405242E+01 -1.752632E+00
  3.880000E-01  5.140385E+00 -2.362738E+01 -2.429026E+01 -1.766715E+00
  3.900000E-01  5.155646E+00 -2.381035E+01 -2.452902E+01 -1.780820E+00
  3.920000E-01  5.170791E+00 -2.399375E+01 -2.476870E+01 -1.794948E+00
  3.940000E-01  5.185821E+00 -2.417760E+01 -2.500929E+01 -1.809099E+00
  3.960000E-01  5.200735E+00 -2.436188E+01 -2.525079E+01 -1.823272E+00
  3.980000E-01  5.215535E+00 -2.454659E+01 -2.549320E+01 -1.837466E+00
  4.000000E-01  5.230222E+00 -2.473174E+01 -2.573651E+01 -1.851682E+00
  4.020000E-01  5.244797E+00 -2.491732E+01 -2.598072E+01 -1.865919E+00
  4.040000E-01  5.259259E+00 -2.510333E+01 -2.622582E+01 -1.880177E+00
  4.060000E-01  5.273611E+00 -2.528977E+01 -2.647181E+01 -1.894456E+00
  4.080000E-01  5.287853E+00 -2.547663E+01 -2.671868E+01 -1.908754E+00
  4.100000E-01  5.301985E+00 -2.566393E+01 -2.696643E+01 -1.923073E+00
  4.120000E-01  5.316009E+00 -2.585165E+01 -2.721505E+01 -1.937411E+00
  4.140000E-01  5.329925E+00 -2.603980E+01 -2.746454E+01 -1.951769E+00
  4.160000E-01  5.343733E+00 -2.622836E+01 -2.771490E+01 -1.966145E+00
  4.180000E-01  5.357435E+00 -2.641736E+01 -2.796612E+01 -1.980541E+00
  4.200000E-01  5.371032E+00 -2.660677E+01 -2.821820E+01 -1.994955E+00
  4.220000E-01  5.384523E+00 -2.679660E+01 -2.847113E+01 -2.009387E+00
  4.240000E-01  5.397911E+00 -2.698685E+01 -2.872490E+01 -2.023837E+00
  4.260000E-01  5.411195E+00 -2.717752E+01 -2.897952E+01 -2.038305E+00
  4.280000E-01  5.424376E+00 -2.736860E+01 -2.923498E+01 -2.052790E+00
  4.300000E-01  5.437454E+00 -2.756010E+01 -2.949128E+01 -2.067292E+00
  4.320000E-01  5.450432E+00 -2.775202E+01 -2.974840E+01 -2.081811E+00
  4.340000E-01  5.463309E+00 -2.794435E+01 -3.000635E+01 -2.096347E+00
  4.360000E-01  5.476086E+00 -2.813708E+01 -3.026513E+01 -2.110899E+00
  4.380000E-01  5.488763E+00 -2.833023E+01 -3.052472E+01 -2.125468E+00
  4.400000E-01  5.501342E+00 -2.852379E+01 -3.078512E+01 -2.140052E+00
  4.420000E-01  5.513823E+00 -2.871776E+01 -3.104634E+01 -2.154651E+00
  4.440000E-01  5.526207E+00 -2.891213E+01 -3.130836E+01 -2.169266E+00
  4.460000E-01  5.538494E+00 -2.910691E+01 -3.157118E+01 -2.183896E+00
  4.480000E-01  5.550685E+00 -2.930209E+01 -3.183480E+01 -2.198541E+00
  4.500000E-01  5.562781E+00 -2.949768E+01 -3.209921E+01 -2.213200E+00
  4.520000E-01  5.574782E+00 -2.969367E+01 -3.236441E+01 -2.227874E+00
  4.540000E-01  5.586689E+00 -2.989006E+01 -3.263039E+01 -2.242562E+00
  4.560000E-01  5.598503E+00 -3.008685E+01 -3.289715E+01 -2.257264E+00
  4.580000E-01  5.610224E+00 -3.028404E+01 -3.316469E+01 -2.271979E+00
  4.600000E-01  5.621853E+00 -3.048162E+01 -3.343300E+01 -2.286708E+00
  4.620000E-01  5.633391E+00 -3.067960E+01 -3.370208E+01 -2.301450E+00
  4.640000E-01  5.644838E+00 -3.087798E+01 -3.397192E+01 -2.316205E+00
  4.660000E-01  5.656194E+00 -3.107675E+01 -3.424253E+01 -2.330972E+00
  4.680000E-01  5.667461E+00 -3.127591E+01 -3.451388E+01 -2.345752E+00
  4.700000E-01  5.658850E+00 -3.131440E+01 -3.467811E+01 -2.356317E+00
  4.720000E-01  5.657582E+00 -3.141229E+01 -3.488206E+01 -2.368425E+00
  4.740000E-01  5.655686E+00 -3.150501E+01 -3.508257E+01 -2.380386E+00
  4.760000E-01  5.653362E+00 -3.159413E+01 -3.528068E+01 -2.392239E+00
  4.780000E-01  5.650724E+00 -3.168054E+01 -3.547698E+01 -2.404007E+00
  4.800000E-01  5.647847E+00 -3.176483E+01 -3.567185E+01 -2.415706E+00
  4.820000E-01  5.644781E+00 -3.184739E+01 -3.586553E+01 -2.427346E+00
  4.840000E-01  5.641565E+00 -3.192851E+01 -3.605824E+01 -2.438933E+00
  4.860000E-01  5.638226E+00 -3.200843E+01 -3.625010E+01 -2.450474E+00
  4.880000E-01  5.634788E+00 -3.208732E+01 -3.644123E+01 -2.461974E+00
  4.900000E-01  5.631268E+00 -3.216532E+01 -3.663173E+01 -2.473434E+00
  4.920000E-01  5.627680E+00 -3.224254E+01 -3.682165E+01 -2.484860E+00
  4.940000E-01  5.624038E+00 -3.231908E+01 -3.701108E+01 -2.496252E+00
  4.960000E-01  5.620352E+00 -3.239502E+01 -3.720005E+01 -2.507613E+00
  4.980000E-01  5.616629E+00 -3.247043E+01 -3.738861E+01 -2.518944E+00
  5.000000E-01  5.612878E+00 -3.254538E+01 -3.757681E+01 -2.530247E+00
  5.020000E-01  5.609104E+00 -3.261991E+01 -3.776466E+01 -2.541524E+00
  5.040000E-01  5.605314E+00 -3.269407E+01 -3.795220E+01 -2.552775E+00
  5.060000E-01  5.601513E+00 -3.276790E+01 -3.813945E+01 -2.564001E+00
  5.080000E-01  5.597705E+00 -3.284143E+01 -3.832645E+01 -2.575204E+00
  5.100000E-01  5.593893E+00 -3.291470E+01 -3.851320E+01 -2.586383E+00
  5.120000E-01  5.590081E+00 -3.298775E+01 -3.869972E+01 -2.597540E+00
  5.140000E-01  5.586272E+00 -3.306058E+01 -3.888603E+01 -2.608675E+00
  5.160000E-01  5.582469E+00 -3.313324E+01 -3.907215E+01 -2.619789E+00
  5.180000E-01  5.578674E+00 -3.320573E+01 -3.925809E+01 -2.630883E+00
  5.200000E-01  5.574890E+00 -3.327809E+01 -3.944385E+01 -2.641956E+00
  5.220000E-01  5.571118E+00 -3.335032E+01 -3.962945E+01 -2.653010E+00
  5.240000E-01  5.567360E+00 -3.342245E+01 -3.981491E+01 -2.664044E+00
  5.260000E-01  5.563618E+00 -3.349448E+01 -4.000022E+01 -2.675059E+00
  5.280000E-01  5.559893E+00 -3.356645E+01 -4.018541E+01 -2.686056E+00
  5.300000E-01  5.556187E+00 -3.363835E+01 -4.037046E+01 -2.697034E+00
  5.320000E-01  5.552501E+00 -3.371020E+01 -4.055541E+01 -2.707994E+00
  5.340000E-01  5.548836E+00 -3.378201E+01 -4.074024E+01 -2.718936E+00
  5.360000E-01  5.545192E+00 -3.385379E+01 -4.092496E+01 -2.729861E+00
  5.380000E-01  5.541572E+00 -3.392556E+01 -4.110959E+01 -2.740769E+00
  5.400000E-01  5.537975E+00 -3.399732E+01 -4.129412E+01 -2.751659E+00
  5.420000E-01  5.534402E+00 -3.406909E+01 -4.147857E+01 -2.762533E+00
  5.440000E-01  5.530855E+00 -3.414086E+01 -4.166293E+01 -2.773389E+00
  5.460000E-01  5.527334E+00 -3.421265E+01 -4.184722E+01 -2.784230E+00
  5.480000E-01  5.523838E+00 -3.428446E+01 -4.203143E+01 -2.795054E+00
  5.500000E-01  5.520370E+00 -3.435631E+01 -4.221557E+01 -2.805862E+00
  5.520000E-01  5.516929E+00 -3.442819E+01 -4.239964E+01 -2.816653E+00
  5.540000E-01  5.513516E+00 -3.450013E+01 -4.258365E+01 -2.827429E+00
  5.560000E-01  5.510130E+00 -3.457211E+01 -4.276760E+01 -2.838189E+00
  5.580000E-01  5.506774E+00 -3.464415E+01 -4.295149E+01 -2.848934E+00
  5.600000E-01  5.503446E+00 -3.471625E+01 -4.313533E+01 -2.859663E+00
  5.620000E-01  5.500147E+00 -3.478841E+01 -4.331912E+01 -2.870377E+00
  5.640000E-01  5.496877E+00 -3.486065E+01 -4.350286E+01 -2.881075E+00
  5.660000E-01  5.493637E+00 -3.493297E+01 -4.368655E+01 -2.891759E+00
  5.680000E-01  5.490427E+00 -3.500537E+01 -4.387020E+01 -2.902427E+00
  5.700000E-01  5.487246E+00 -3.507785E+01 -4.405381E+01 -2.913081E+00
  5.720000E-01  5.484096E+00 -3.515042E+01 -4.423738E+01 -2.923720E+00
  5.740000E-01  5.480976E+00 -3.522309E+01 -4.442091E+01 -2.934344E+00
  5.760000E-01  5.477886E+00 -3.529585E+01 -4.460441E+01 -2.944953E+00
  5.780000E-01  5.474826E+00 -3.536871E+01 -4.478788E+01 -2.955548E+00
  5.800000E-01  5.471797E+00 -3.544168E+01 -4.497131E+01 -2.966128E+00
  5.820000E-01  5.468798E+00 -3.551476E+01 -4.515472E+01 -2.976694E+00
  5.840000E-01  5.465830E+00 -3.558794E+01 -4.533809E+01 -2.987246E+00
  5.860000E-01  5.462893E+00 -3.566124E+01 -4.552145E+01 -2.997783E+00
  5.880000E-01  5.459986E+00 -3.573466E+01 -4.570477E+01 -3.008307E+00
  5.900000E-01  5.457109E+00 -3.580820E+01 -4.588808E+01 -3.018816E+00
  5.920000E-01  5.454264E+00 -3.588185E+01 -4.607136E+01 -3.029312E+00
  5.940000E-01  5.451448E+00 -3.595564E+01 -4.625463E+01 -3.039793E+00
  5.960000E-01  5.448664E+00 -3.602955E+01 -4.643787E+01 -3.050260E+00
  5.980000E-01  5.445910E+00 -3.610359E+01 -4.662110E+01 -3.060714E+00
  6.000000E-01  5.443186E+00 -3.617776E+01 -4.680431E+01 -3.071154E+00
  6.020000E-01  5.440493E+00 -3.625206E+01 -4.698751E+01 -3.081581E+00
  6.040000E-01  5.437830E+00 -3.632651E+01 -4.717069E+01 -3.091993E+00
  6.060000E-01  5.435198E+00 -3.640109E+01 -4.735386E+01 -3.102392E+00
  6.080000E-01  5.432595E+00 -3.647581E+01 -4.753702E+01 -3.112778E+00
  6.100000E-01  5.430023E+00 -3.655067E+01 -4.772017E+01 -3.123150E+00
  6.120000E-01  5.427481E+00 -3.662568E+01 -4.790331E+01 -3.133509E+00
  6.140000E-01  5.424969E+00 -3.670084E+01 -4.808644E+01 -3.143855E+00
  6.160000E-01  5.422486E+00 -3.677614E+01 -4.826956E+01 -3.154187E+00
  6.180000E-01  5.420034E+00 -3.685160E+01 -4.845268E+01 -3.164506E+00
  6.200000E-01  5.417611E+00 -3.692720E+01 -4.863579E+01 -3.174812E+00
  6.220000E-01  5.415217E+00 -3.700296E+01 -4.881890E+01 -3.185104E+00
  6.240000E-01  5.412853E+00 -3.707887E+01 -4.900200E+01 -3.195384E+00
  6.260000E-01  5.410518E+00 -3.715494E+01 -4.918510E+01 -3.205650E+00
  6.280000E-01  5.408213E+00 -3.723117E+01 -4.936820E+01 -3.215904E+00
  6.300000E-01  5.405936E+00 -3.730756E+01 -4.955130E+01 -3.226145E+00
  6.320000E-01  5.403689E+00 -3.738411E+01 -4.973439E+01 -3.236372E+00
  6.340000E-01  5.401470E+00 -3.746082E+01 -4.991749E+01 -3.246587E+00
  6.360000E-01  5.399280E+00 -3.753769E+01 -5.010059E+01 -3.256789E+00
  6.380000E-01  5.397118E+00 -3.761473E+01 -5.028368E+01 -3.266978E+00
  6.400000E-01  5.394985E+00 -3.769194E+01 -5.046679E+01 -3.277155E+00
  6.420000E-01  5.392880E+00 -3.776931E+01 -5.064989E+01 -3.287319E+00
  6.440000E-01  5.390803E+00 -3.784685E+01 -5.083300E+01 -3.297470E+00
  6.460000E-01  5.388754E+00 -3.792457E+01 -5.101611E+01 -3.307608E+00
  6.480000E-01  5.386733E+00 -3.800245E+01 -5.119922E+01 -3.317734E+00
  6.500000E-01  5.384739E+00 -3.808050E+01 -5.138235E+01 -3.327847E+00
  6.520000E-01  5.382773E+00 -3.815873E+01 -5.156547E+01 -3.337948E+00
  6.540000E-01  5.380834E+00 -3.823713E+01 -5.174861E+01 -3.348037E+00
  6.560000E-01  5.378922E+00 -3.831571E+01 -5.193175E+01 -3.358113E+00
  6.580000E-01  5.377038E+00 -3.839446E+01 -5.211490E+01 -3.368176E+00
  6.600000E-01  5.375180E+00 -3.847340E+01 -5.229806E+01 -3.378227E+00
  6.620000E-01  5.373349E+00 -3.855251E+01 -5.248123E+01 -3.388266E+00
  6.640000E-01  5.371544E+00 -3.863180E+01 -5.266440E+01 -3.398293E+00
  6.660000E-01  5.369766E+00 -3.871126E+01 -5.284759E+01 -3.408307E+00
  6.680000E-01  5.368014E+00 -3.879092E+01 -5.303079E+01 -3.418309E+00
  6.700000E-01  5.366288E+00 -3.887075E+01 -5.321400E+01 -3.428299E+00
  6.720000E-01  5.364588E+00 -3.895076E+01 -5.339722E+01 -3.438277E+00
  6.740000E-01  5.362914E+00 -3.903096E+01 -5.358045E+01 -3.448243E+00
  6.760000E-01  5.361265E+00 -3.911135E+01 -5.376369E+01 -3.458196E+00
  6.780000E-01  5.359642E+00 -3.919192E+01 -5.394695E+01 -3.468138E+00
  6.800000E-01  5.358044E+00 -3.927267E+01 -5.413022E+01 -3.478067E+00
  6.820000E-01  5.356471E+00 -3.935361E+01 -5.431351E+01 -3.487985E+00
  6.840000E-01  5.354923E+00 -3.943474E+01 -5.449680E+01 -3.497890E+00
  6.860000E-01  5.353400E+00 -3.951606E+01 -5.468012E+01 -3.507784E+00
  6.880000E-01  5.351901E+00 -3.959757E+01 -5.486345E+01 -3.517665E+00
  6.900000E-01  5.350427E+00 -3.967927E+01 -5.504679E+01 -3.527535E+00
  6.920000E-01  5.348977E+00 -3.976116E+01 -5.523015E+01 -3.537393E+00
  6.940000E-01  5.347551E+00 -3.984324E+01 -5.541353E+01 -3.547239E+00
  6.960000E-01  5.346149E+00 -3.992551E+01 -5.559692E+01 -3.557073E+00
  6.980000E-01  5.344771E+00 -4.000798E+01 -5.578033E+01 -3.566896E+00
  7.000000E-01  5.343417E+00 -4.009064E+01 -5.596376E+01 -3.576706E+00
  7.020000E-01  5.342085E+00 -4.017349E+01 -5.614721E+01 -3.586505E+00
  7.040000E-01  5.340778E+00 -4.025654E+01 -5.633067E+01 -3.596293E+00
  7.060000E-01  5.339493E+00 -4.033978E+01 -5.651415E+01 -3.606068E+00
  7.080000E-01  5.338231E+00 -4.042322E+01 -5.669766E+01 -3.615832E+00
  7.100000E-01  5.336992E+00 -4.050685E+01 -5.688118E+01 -3.625585E+00
  7.120000E-01  5.335776E+00 -4.059069E+01 -5.706472E+01 -3.635326E+00
  7.140000E-01  5.334582E+00 -4.067472E+01 -5.724828E+01 -3.645055E+00
  7.160000E-01  5.333410E+00 -4.075895E+01 -5.743186E+01 -3.654773E+00
  7.180000E-01  5.332261E+00 -4.084337E+01 -5.761547E+01 -3.664479E+00
  7.200000E-01  5.331133E+00 -4.092800E+01 -5.779909E+01 -3.674174E+00
  7.220000E-01  5.330028E+00 -4.101283E+01 -5.798273E+01 -3.683857E+00
  7.240000E-01  5.328944E+00 -4.109785E+01 -5.816640E+01 -3.693529E+00
  7.260000E-01  5.327881E+00 -4.118308E+01 -5.835009E+01 -3.703189E+00
  7.280000E-01  5.326840E+00 -4.126851E+01 -5.853380E+01 -3.712838E+00
  7.300000E-01  5.325820E+00 -4.135414E+01 -5.871754E+01 -3.722476E+00
  7.320000E-01  5.324821E+00 -4.143998E+01 -5.890129E+01 -3.732103E+00
  7.340000E-01  5.323843E+00 -4.152602E+01 -5.908507E+01 -3.741718E+00
  7.360000E-01  5.322885E+00 -4.161226E+01 -5.926888E+01 -3.751321E+00
  7.380000E-01  5.321949E+00 -4.169870E+01 -5.945270E+01 -3.760914E+00
  7.400000E-01  5.321032E+00 -4.178535E+01 -5.963655E+01 -3.770495E+00
  7.420000E-01  5.320136E+00 -4.187220E+01 -5.982043E+01 -3.780065E+00
  7.440000E-01  5.319260E+00 -4.195926E+01 -6.000433E+01 -3.789624E+00
  7.460000E-01  5.318403E+00 -4.204653E+01 -6.018826E+01 -3.799171E+00
  7.480000E-01  5.317567E+00 -4.213400E+01 -6.037221E+01 -3.808708E+00
  7.500000E-01  5.316750E+00 -4.222168E+01 -6.055618E+01 -3.818233E+00
  7.520000E-01  5.315953E+00 -4.230957E+01 -6.074018E+01 -3.827747E+00
  7.540000E-01  5.315175E+00 -4.239766E+01 -6.092421E+01 -3.837250E+00
  7.560000E-01  5.314416E+00 -4.248596E+01 -6.110826E+01 -3.846742E+00
  7.580000E-01  5.313676E+00 -4.257447E+01 -6.129234E+01 -3.856223E+00
  7.600000E-01  5.312955E+00 -4.266319E+01 -6.147645E+01 -3.865693E+00
  7.620000E-01  5.312252E+00 -4.275211E+01 -6.166058E+01 -3.875152E+00
  7.640000E-01  5.311568E+00 -4.284125E+01 -6.184474E+01 -3.884600E+00
  7.660000E-01  5.310903E+00 -4.293060E+01 -6.202893E+01 -3.894036E+00
  7.680000E-01  5.310256E+00 -4.302016E+01 -6.221315E+01 -3.903462E+00
  7.700000E-01  5.309627E+00 -4.310992E+01 -6.239739E+01 -3.912877E+00
  7.720000E-01  5.309016E+00 -4.319990E+01 -6.258166E+01 -3.922281E+00
  7.740000E-01  5.308422E+00 -4.329009E+01 -6.276596E+01 -3.931674E+00
  7.760000E-01  5.307847E+00 -4.338050E+01 -6.295029E+01 -3.941056E+00
  7.780000E-01  5.307289E+00 -4.347111E+01 -6.313464E+01 -3.950428E+00
  7.800000E-01  5.306748E+00 -4.356194E+01 -6.331903E+01 -3.959788E+00
  7.820000E-01  5.306225E+00 -4.365298E+01 -6.350344E+01 -3.969138E+00
  7.840000E-01  5.305718E+00 -4.374423E+01 -6.368788E+01 -3.978476E+00
  7.860000E-01  5.305229E+00 -4.383570E+01 -6.387235E+01 -3.987804E+00
  7.880000E-01  5.304756E+00 -4.392738E+01 -6.405686E+01 -3.997121E+00
  7.900000E-01  5.304301E+00 -4.401927E+01 -6.424139E+01 -4.006428E+00
  7.920000E-01  5.303861E+00 -4.411138E+01 -6.442595E+01 -4.015723E+00
  7.940000E-01  5.303438E+00 -4.420370E+01 -6.461054E+01 -4.025008E+00
  7.960000E-01  5.303032E+00 -4.429624E+01 -6.479516E+01 -4.034282E+00
  7.980000E-01  5.302641E+00 -4.438900E+01 -6.497981E+01 -4.043545E+00
  8.000000E-01  5.302267E+00 -4.448197E+01 -6.516449E+01 -4.052798E+00
  8.020000E-01  5.301908E+00 -4.457515E+01 -6.534921E+01 -4.062040E+00
  8.040000E-01  5.301565E+00 -4.466856E+01 -6.553395E+01 -4.071271E+00
  8.060000E-01  5.301238E+00 -4.476218E+01 -6.571872E+01 -4.080492E+00
  8.080000E-01  5.300926E+00 -4.485601E+01 -6.590353E+01 -4.089702E+00
  8.100000E-01  5.300629E+00 -4.495007E+01 -6.608837E+01 -4.098901E+00
  8.120000E-01  5.300348E+00 -4.504434E+01 -6.627323E+01 -4.108090E+00
  8.140000E-01  5.300081E+00 -4.513882E+01 -6.645813E+01 -4.117268E+00
  8.160000E-01  5.299830E+00 -4.523353E+01 -6.664306E+01 -4.126436E+00
  8.180000E-01  5.299593E+00 -4.532846E+01 -6.682803E+01 -4.135593E+00
  8.200000E-01  5.299371E+00 -4.542360E+01 -6.701302E+01 -4.144739E+00
  8.220000E-01  5.299164E+00 -4.551896E+01 -6.719805E+01 -4.153875E+00
  8.240000E-01  5.298971E+00 -4.561454E+01 -6.738311E+01 -4.163000E+00
  8.260000E-01  5.298792E+00 -4.571035E+01 -6.756820E+01 -4.172115E+00
  8.280000E-01  5.298627E+00 -4.580637E+01 -6.775332E+01 -4.181220E+00
  8.300000E-01  5.298477E+00 -4.590261E+01 -6.793848E+01 -4.190313E+00
  8.320000E-01  5.298340E+00 -4.599907E+01 -6.812367E+01 -4.199397E+00
  8.340000E-01  5.298217E+00 -4.609575E+01 -6.830889E+01 -4.208469E+00
  8.360000E-01  5.298108E+00 -4.619265E+01 -6.849414E+01 -4.217532E+00
  8.380000E-01  5.298012E+00 -4.628977E+01 -6.867943E+01 -4.226584E+00
  8.400000E-01  5.297930E+00 -4.638712E+01 -6.886475E+01 -4.235625E+00
  8.420000E-01  5.297861E+00 -4.648468E+01 -6.905010E+01 -4.244656E+00
  8.440000E-01  5.297805E+00 -4.658247E+01 -6.923548E+01 -4.253677E+00
  8.460000E-01  5.297762E+00 -4.668047E+01 -6.942090E+01 -4.262687E+00
  8.480000E-01  5.297732E+00 -4.677870E+01 -6.960635E+01 -4.271687E+00
  8.500000E-01  5.297715E+00 -4.687716E+01 -6.979184E+01 -4.280676E+00
  8.520000E-01  5.297711E+00 -4.697583E+01 -6.997736E+01 -4.289655E+00
  8.540000E-01  5.297719E+00 -4.707473E+01 -7.016291E+01 -4.298624E+00
  8.560000E-01  5.297740E+00 -4.717385E+01 -7.034850E+01 -4.307582E+00
  8.580000E-01  5.297773E+00 -4.727319E+01 -7.053411E+01 -4.316530E+00
  8.600000E-01  5.297818E+00 -4.737276E+01 -7.071977E+01 -4.325468E+00
  8.620000E-01  5.297875E+00 -4.747255E+01 -7.090545E+01 -4.334395E+00
  8.640000E-01  5.297944E+00 -4.757256E+01 -7.109117E+01 -4.343312E+00
  8.660000E-01  5.298025E+00 -4.767280E+01 -7.127693E+01 -4.352219E+00
  8.680000E-01  5.298118E+00 -4.777326E+01 -7.146272E+01 -4.361116E+00
  8.700000E-01  5.298223E+00 -4.787395E+01 -7.164854E+01 -4.370002E+00
  8.720000E-01  5.298339E+00 -4.797486E+01 -7.183439E+01 -4.378878E+00
  8.740000E-01  5.298467E+00 -4.807600E+01 -7.202028E+01 -4.387743E+00
  8.760000E-01  5.298606E+00 -4.817736E+01 -7.220621E+01 -4.396598E+00
  8.780000E-01  5.298756E+00 -4.827894E+01 -7.239217E+01 -4.405443E+00
  8.800000E-01  5.298917E+00 -4.838075E+01 -7.257816E+01 -4.414278E+00
  8.820000E-01  5.299089E+00 -4.848279E+01 -7.276418E+01 -4.423103E+00
  8.840000E-01  5.299272E+00 -4.858505E+01 -7.295025E+01 -4.431917E+00
  8.860000E-01  5.299466E+00 -4.868754E+01 -7.313634E+01 -4.440721E+00
  8.880000E-01  5.299671E+00 -4.879025E+01 -7.332247E+01 -4.449515E+00
  8.900000E-01  5.299886E+00 -4.889319E+01 -7.350863E+01 -4.458299E+00
  8.920000E-01  5.300112E+00 -4.899636E+01 -7.369483E+01 -4.467073E+00
  8.940000E-01  5.300348E+00 -4.909975E+01 -7.388106E+01 -4.475836E+00
  8.960000E-01  5.300594E+00 -4.920337E+01 -7.406733E+01 -4.484589E+00
  8.980000E-01  5.300850E+00 -4.930722E+01 -7.425363E+01 -4.493332E+00
  9.000000E-01  5.301117E+00 -4.941129E+01 -7.443997E+01 -4.502065E+00
  9.020000E-01  5.301393E+00 -4.951559E+01 -7.462634E+01 -4.510788E+00
  9.040000E-01  5.301680E+00 -4.962012E+01 -7.481274E+01 -4.519501E+00
  9.060000E-01  5.301976E+00 -4.972488E+01 -7.499918E+01 -4.528203E+00
  9.080000E-01  5.302281E+00 -4.982986E+01 -7.518566E+01 -4.536895E+00
  9.100000E-01  5.302597E+00 -4.993507E+01 -7.537217E+01 -4.545578E+00
  9.120000E-01  5.302921E+00 -5.004051E+01 -7.555871E+01 -4.554250E+00
  9.140000E-01  5.303256E+00 -5.014618E+01 -7.574529E+01 -4.562912E+00
  9.160000E-01  5.303599E+00 -5.025208E+01 -7.593191E+01 -4.571564E+00
  9.180000E-01  5.303952E+00 -5.035821E+01 -7.611856E+01 -4.580206E+00
  9.200000E-01  5.301932E+00 -5.042955E+01 -7.625211E+01 -4.586192E+00
  9.220000E-01  5.300290E+00 -5.050637E+01 -7.639377E+01 -4.592576E+00
  9.240000E-01  5.298378E+00 -5.057912E+01 -7.652907E+01 -4.598637E+00
  9.260000E-01  5.296259E+00 -5.064871E+01 -7.665939E+01 -4.604444E+00
  9.280000E-01  5.293975E+00 -5.071571E+01 -7.678562E+01 -4.610042E+00
  9.300000E-01  5.291555E+00 -5.078053E+01 -7.690837E+01 -4.615462E+00
  9.320000E-01  5.289019E+00 -5.084346E+01 -7.702810E+01 -4.620727E+00
  9.340000E-01  5.286386E+00 -5.090474E+01 -7.714517E+01 -4.625855E+00
  9.360000E-01  5.283668E+00 -5.096455E+01 -7.725986E+01 -4.630861E+00
  9.380000E-01  5.280877E+00 -5.102305E+01 -7.737241E+01 -4.635756E+00
  9.400000E-01  5.278021E+00 -5.108035E+01 -7.748301E+01 -4.640549E+00
  9.420000E-01  5.275110E+00 -5.113657E+01 -7.759182E+01 -4.645250E+00
  9.440000E-01  5.272149E+00 -5.119181E+01 -7.769900E+01 -4.649866E+00
  9.460000E-01  5.269144E+00 -5.124613E+01 -7.780466E+01 -4.654402E+00
  9.480000E-01  5.266101E+00 -5.129961E+01 -7.790892E+01 -4.658865E+00
  9.500000E-01  5.263025E+00 -5.135232E+01 -7.801186E+01 -4.663259E+00
  9.520000E-01  5.259919E+00 -5.140430E+01 -7.811357E+01 -4.667588E+00
  9.540000E-01  5.256787E+00 -5.145561E+01 -7.821414E+01 -4.671856E+00
  9.560000E-01  5.253632E+00 -5.150630E+01 -7.831363E+01 -4.676067E+00
  9.580000E-01  5.250458E+00 -5.155640E+01 -7.841210E+01 -4.680224E+00
  9.600000E-01  5.247267E+00 -5.160595E+01 -7.850960E+01 -4.684329E+00
  9.620000E-01  5.244061E+00 -5.165498E+01 -7.860621E+01 -4.688386E+00
  9.640000E-01  5.240843E+00 -5.170353E+01 -7.870195E+01 -4.692397E+00
  9.660000E-01  5.237614E+00 -5.175162E+01 -7.879687E+01 -4.696364E+00
  9.680000E-01  5.234378E+00 -5.179928E+01 -7.889102E+01 -4.700289E+00
  9.700000E-01  5.231134E+00 -5.184653E+01 -7.898443E+01 -4.704174E+00
  9.720000E-01  5.227886E+00 -5.189340E+01 -7.907714E+01 -4.708020E+00
  9.740000E-01  5.224634E+00 -5.193991E+01 -7.916918E+01 -4.711830E+00
  9.760000E-01  5.221379E+00 -5.198608E+01 -7.926059E+01 -4.715605E+00
  9.780000E-01  5.218124E+00 -5.203192E+01 -7.935138E+01 -4.719346E+00
  9.800000E-01  5.214869E+00 -5.207745E+01 -7.944159E+01 -4.723055E+00
  9.820000E-01  5.211615E+00 -5.212270E+01 -7.953124E+01 -4.726732E+00
  9.840000E-01  5.208364E+00 -5.216767E+01 -7.962035E+01 -4.730380E+00
  9.860000E-01  5.205115E+00 -5.221237E+01 -7.970896E+01 -4.734000E+00
  9.880000E-01  5.201871E+00 -5.225683E+01 -7.979707E+01 -4.737591E+00
  9.900000E-01  5.198632E+00 -5.230106E+01 -7.988472E+01 -4.741156E+00
  9.920000E-01  5.195399E+00 -5.234506E+01 -7.997191E+01 -4.744696E+00
  9.940000E-01  5.192172E+00 -5.238885E+01 -8.005868E+01 -4.748211E+00
  9.960000E-01  5.188952E+00 -5.243244E+01 -8.014502E+01 -4.751702E+00
  9.980000E-01  5.185740E+00 -5.247585E+01 -8.023098E+01 -4.755170E+00
  1.000000E+00  5.182537E+00 -5.251907E+01 -8.031655E+01 -4.758615E+00
  1.002000E+00  5.179342E+00 -5.256213E+01 -8.040176E+01 -4.762040E+00
  1.004000E+00  5.176157E+00 -5.260503E+01 -8.048662E+01 -4.765444E+00
  1.006000E+00  5.172982E+00 -5.264779E+01 -8.057114E+01 -4.768829E+00
  1.008000E+00  5.169817E+00 -5.269040E+01 -8.065535E+01 -4.772194E+00
  1.010000E+00  5.166664E+00 -5.273288E+01 -8.073925E+01 -4.775541E+00
  1.012000E+00  5.163522E+00 -5.277525E+01 -8.082286E+01 -4.778870E+00
  1.014000E+00  5.160392E+00 -5.281750E+01 -8.090620E+01 -4.782183E+00
  1.016000E+00  5.157274E+00 -5.285965E+01 -8.098928E+01 -4.785480E+00
  1.018000E+00  5.154169E+00 -5.290171E+01 -8.107212E+01 -4.788761E+00
  1.020000E+00  5.151077E+00 -5.294369E+01 -8.115473E+01 -4.792028E+00
  1.022000E+00  5.147999E+00 -5.298559E+01 -8.123713E+01 -4.795282E+00
  1.024000E+00  5.144935E+00 -5.302745E+01 -8.131936E+01 -4.798523E+00
  1.026000E+00  5.141885E+00 -5.306927E+01 -8.140143E+01 -4.801754E+00
  1.028000E+00  5.138852E+00 -5.311107E+01 -8.148338E+01 -4.804975E+00
  1.030000E+00  5.135834E+00 -5.315291E+01 -8.156531E+01 -4.808191E+00
  1.032000E+00  5.132838E+00 -5.319491E+01 -8.164742E+01 -4.811414E+00
  1.034000E+00  5.129856E+00 -5.323687E+01 -8.172936E+01 -4.814624E+00
  1.036000E+00  5.126886E+00 -5.327870E+01 -8.181098E+01 -4.817816E+00
  1.038000E+00  5.123930E+00 -5.332040E+01 -8.189231E+01 -4.820990E+00
  1.040000E+00  5.120986E+00 -5.336199E+01 -8.197333E+01 -4.824146E+00
  1.042000E+00  5.118056E+00 -5.340346E+01 -8.205406E+01 -4.827285E+00
  1.044000E+00  5.115139E+00 -5.344481E+01 -8.213451E+01 -4.830407E+00
  1.046000E+00  5.112236E+00 -5.348606E+01 -8.221468E+01 -4.833512E+00
  1.048000E+00  5.109346E+00 -5.352720E+01 -8.229457E+01 -4.836600E+00
  1.050000E+00  5.106470E+00 -5.356824E+01 -8.237420E+01 -4.839673E+00
  1.052000E+00  5.103607E+00 -5.360917E+01 -8.245356E+01 -4.842730E+00
  1.054000E+00  5.100759E+00 -5.365001E+01 -8.253266E+01 -4.845771E+00
  1.056000E+00  5.097924E+00 -5.369076E+01 -8.261151E+01 -4.848796E+00
  1.058000E+00  5.095104E+00 -5.373142E+01 -8.269010E+01 -4.851807E+00
  1.060000E+00  5.092298E+00 -5.377198E+01 -8.276845E+01 -4.854802E+00
  1.062000E+00  5.089506E+00 -5.381246E+01 -8.284656E+01 -4.857783E+00
  1.064000E+00  5.086729E+00 -5.385286E+01 -8.292444E+01 -4.860749E+00
  1.066000E+00  5.083966E+00 -5.389318E+01 -8.300208E+01 -4.863701E+00
  1.068000E+00  5.081217E+00 -5.393341E+01 -8.307949E+01 -4.866639E+00
  1.070000E+00  5.078483E+00 -5.397357E+01 -8.315667E+01 -4.869563E+00
  1.072000E+00  5.075763E+00 -5.401366E+01 -8.323363E+01 -4.872474E+00
  1.074000E+00  5.073058E+00 -5.405367E+01 -8.331038E+01 -4.875371E+00
  1.076000E+00  5.070368E+00 -5.409362E+01 -8.338691E+01 -4.878254E+00
  1.078000E+00  5.067692E+00 -5.413349E+01 -8.346323E+01 -4.881125E+00
  1.080000E+00  5.065031E+00 -5.417330E+01 -8.353934E+01 -4.883982E+00
  1.082000E+00  5.062384E+00 -5.421304E+01 -8.361524E+01 -4.886827E+00
  1.084000E+00  5.059753E+00 -5.425272E+01 -8.369095E+01 -4.889659E+00
  1.086000E+00  5.057136E+00 -5.429233E+01 -8.376645E+01 -4.892479E+00
  1.088000E+00  5.054534E+00 -5.433189E+01 -8.384176E+01 -4.895286E+00
  1.090000E+00  5.051946E+00 -5.437139E+01 -8.391687E+01 -4.898081E+00
  1.092000E+00  5.049373E+00 -5.441083E+01 -8.399179E+01 -4.900865E+00
  1.094000E+00  5.046815E+00 -5.445022E+01 -8.406653E+01 -4.903636E+00
  1.096000E+00  5.044272E+00 -5.448956E+01 -8.414107E+01 -4.906395E+00
  1.098000E+00  5.041744E+00 -5.452884E+01 -8.421544E+01 -4.909143E+00
  1.100000E+00  5.039230E+00 -5.456807E+01 -8.428962E+01 -4.911879E+00
  1.102000E+00  5.036731E+00 -5.460725E+01 -8.436363E+01 -4.914605E+00
  1.104000E+00  5.034247E+00 -5.464638E+01 -8.443746E+01 -4.917318E+00
  1.106000E+00  5.031778E+00 -5.468546E+01 -8.451111E+01 -4.920021E+00
  1.108000E+00  5.029323E+00 -5.472450E+01 -8.458459E+01 -4.922713E+00
  1.110000E+00  5.026883E+00 -5.476350E+01 -8.465790E+01 -4.925393E+00
  1.112000E+00  5.024458E+00 -5.480245E+01 -8.473105E+01 -4.928063E+00
  1.114000E+00  5.022047E+00 -5.484136E+01 -8.480403E+01 -4.930723E+00
  1.116000E+00  5.019651E+00 -5.488022E+01 -8.487684E+01 -4.933372E+00
  1.118000E+00  5.017270E+00 -5.491905E+01 -8.494949E+01 -4.936010E+00
  1.120000E+00  5.014903E+00 -5.495783E+01 -8.502199E+01 -4.938638E+00
  1.122000E+00  5.012551E+00 -5.499658E+01 -8.509432E+01 -4.941256E+00
  1.124000E+00  5.010213E+00 -5.503529E+01 -8.516650E+01 -4.943863E+00
  1.126000E+00  5.007890E+00 -5.507396E+01 -8.523852E+01 -4.946461E+00
  1.128000E+00  5.005581E+00 -5.511260E+01 -8.531039E+01 -4.949048E+00
  1.130000E+00  5.003287E+00 -5.515120E+01 -8.538210E+01 -4.951626E+00
  1.132000E+00  5.001007E+00 -5.518977E+01 -8.545367E+01 -4.954194E+00
  1.134000E+00  4.998741E+00 -5.522831E+01 -8.552509E+01 -4.956752E+00
  1.136000E+00  4.996490E+00 -5.526681E+01 -8.559635E+01 -4.959301E+00
  1.138000E+00  4.994253E+00 -5.530528E+01 -8.566748E+01 -4.961840E+00
  1.140000E+00  4.992031E+00 -5.534372E+01 -8.573846E+01 -4.964370E+00
  1.142000E+00  4.989823E+00 -5.538213E+01 -8.580929E+01 -4.966890E+00
  1.144000E+00  4.987628E+00 -5.542051E+01 -8.587999E+01 -4.969401E+00
  1.146000E+00  4.985448E+00 -5.545886E+01 -8.595054E+01 -4.971903E+00
  1.148000E+00  4.983282E+00 -5.549718E+01 -8.602096E+01 -4.974395E+00
  1.150000E+00  4.981131E+00 -5.553547E+01 -8.609123E+01 -4.976879E+00
  1.152000E+00  4.978993E+00 -5.557374E+01 -8.616137E+01 -4.979353E+00
  1.154000E+00  4.976869E+00 -5.561198E+01 -8.623138E+01 -4.981819E+00
  1.156000E+00  4.974759E+00 -5.565020E+01 -8.630125E+01 -4.984275E+00
  1.158000E+00  4.972663E+00 -5.568839E+01 -8.637098E+01 -4.986723E+00
  1.160000E+00  4.970581E+00 -5.572655E+01 -8.644059E+01 -4.989162E+00
  1.162000E+00  4.968513E+00 -5.576469E+01 -8.651006E+01 -4.991593E+00
  1.164000E+00  4.966458E+00 -5.580281E+01 -8.657940E+01 -4.994014E+00
  1.166000E+00  4.964417E+00 -5.584090E+01 -8.664861E+01 -4.996428E+00
  1.168000E+00  4.962390E+00 -5.587897E+01 -8.671770E+01 -4.998832E+00
  1.170000E+00  4.960376E+00 -5.591702E+01 -8.678666E+01 -5.001229E+00
  1.172000E+00  4.958376E+00 -5.595505E+01 -8.685549E+01 -5.003617E+00
  1.174000E+00  4.956390E+00 -5.599305E+01 -8.692420E+01 -5.005996E+00
  1.176000E+00  4.954416E+00 -5.603104E+01 -8.699278E+01 -5.008368E+00
  1.178000E+00  4.952457E+00 -5.606900E+01 -8.706124E+01 -5.010731E+00
  1.180000E+00  4.950510E+00 -5.610694E+01 -8.712957E+01 -5.013086E+00
  1.182000E+00  4.948577E+00 -5.614487E+01 -8.719779E+01 -5.015433E+00
  1.184000E+00  4.946658E+00 -5.618277E+01 -8.726588E+01 -5.017771E+00
  1.186000E+00  4.944751E+00 -5.622065E+01 -8.733385E+01 -5.020102E+00
  1.188000E+00  4.942858E+00 -5.625852E+01 -8.740171E+01 -5.022425E+00
  1.190000E+00  4.940977E+00 -5.629637E+01 -8.746944E+01 -5.024740E+00
  1.192000E+00  4.939110E+00 -5.633420E+01 -8.753706E+01 -5.027047E+00
  1.194000E+00  4.937256E+00 -5.637201E+01 -8.760456E+01 -5.029346E+00
  1.196000E+00  4.935414E+00 -5.640980E+01 -8.767194E+01 -5.031638E+00
  1.198000E+00  4.933586E+00 -5.644758E+01 -8.773921E+01 -5.033921E+00
  1.200000E+00  4.931770E+00 -5.648534E+01 -8.780636E+01 -5.036197E+00
