  1.000000E-02  1.106710E+03
  1.200000E-02  1.104901E+03
  1.400000E-02  1.103106E+03
  1.600000E-02  1.101326E+03
  1.800000E-02  1.099561E+03
  2.000000E-02  1.097810E+03
  2.200000E-02  1.096073E+03
  2.400000E-02  1.094351E+03
  2.600000E-02  1.092642E+03
  2.800000E-02  1.090947E+03
  3.000000E-02  1.089265E+03
  3.200000E-02  1.087597E+03
  3.400000E-02  1.085941E+03
  3.600000E-02  1.084299E+03
  3.800000E-02  1.082670E+03
  4.000000E-02  1.081053E+03
  4.200000E-02  1.079449E+03
  4.400000E-02  1.077857E+03
  4.600000E-02  1.076277E+03
  4.800000E-02  1.074709E+03
  5.000000E-02  1.073154E+03
  5.200000E-02  1.071610E+03
  5.400000E-02  1.070078E+03
  5.600000E-02  1.068557E+03
  5.800000E-02  1.067048E+03
  6.000000E-02  1.065550E+03
  6.200000E-02  1.064064E+03
  6.400000E-02  1.062588E+03
  6.600000E-02  1.061124E+03
  6.800000E-02  1.059670E+03
  7.000000E-02  1.058227E+03
  7.200000E-02  1.056795E+03
  7.400000E-02  1.055373E+03
  7.600000E-02  1.053962E+03
  7.800000E-02  1.052561E+03
  8.000000E-02  1.051170E+03
  8.200000E-02  1.049789E+03
  8.400000E-02  1.048418E+03
  8.600000E-02  1.047057E+03
  8.800000E-02  1.045706E+03
  9.000000E-02  1.044364E+03
  9.200000E-02  1.043032E+03
  9.400000E-02  1.041710E+03
  9.600000E-02  1.040397E+03
  9.800000E-02  1.039093E+03
  1.000000E-01  1.037799E+03
  1.020000E-01  1.036513E+03
  1.040000E-01  1.035237E+03
  1.060000E-01  1.033970E+03
  1.080000E-01  1.032711E+03
  1.100000E-01  1.031461E+03
  1.120000E-01  1.030220E+03
  1.140000E-01  1.028988E+03
  1.160000E-01  1.027764E+03
  1.180000E-01  1.026548E+03
  1.200000E-01  1.025341E+03
  1.220000E-01  1.024142E+03
  1.240000E-01  1.022951E+03
  1.260000E-01  1.021769E+03
  1.280000E-01  1.020594E+03
  1.300000E-01  1.019427E+03
  1.320000E-01  1.018268E+03
  1.340000E-01  1.017117E+03
  1.360000E-01  1.015973E+03
  1.380000E-01  1.014836E+03
  1.400000E-01  1.013707E+03
  1.420000E-01  1.012585E+03
  1.440000E-01  1.011470E+03
  1.460000E-01  1.010363E+03
  1.480000E-01  1.009263E+03
  1.500000E-01  1.008170E+03
  1.520000E-01  1.007084E+03
  1.540000E-01  1.006006E+03
  1.560000E-01  1.004934E+03
  1.580000E-01  1.003869E+03
  1.600000E-01  1.002811E+03
  1.620000E-01  1.001759E+03
  1.640000E-01  1.000715E+03
  1.660000E-01  9.996770E+02
  1.680000E-01  9.986457E+02
  1.700000E-01  9.976210E+02
  1.720000E-01  9.966027E+02
  1.740000E-01  9.955909E+02
  1.760000E-01  9.945855E+02
  1.780000E-01  9.935864E+02
  1.800000E-01  9.925936E+02
  1.820000E-01  9.916070E+02
  1.840000E-01  9.906266E+02
  1.860000E-01  9.896523E+02
  1.880000E-01  9.886840E+02
  1.900000E-01  9.877218E+02
  1.920000E-01  9.867655E+02
  1.940000E-01  9.858152E+02
  1.960000E-01  9.848707E+02
  1.980000E-01  9.839320E+02
  2.000000E-01  9.829990E+02
  2.020000E-01  9.820718E+02
  2.040000E-01  9.811502E+02
  2.060000E-01  9.802343E+02
  2.080000E-01  9.793239E+02
  2.100000E-01  9.784190E+02
  2.120000E-01  9.775197E+02
  2.140000E-01  9.766257E+02
  2.160000E-01  9.757371E+02
  2.180000E-01  9.748539E+02
  2.200000E-01  9.739760E+02
  2.220000E-01  9.731033E+02
  2.240000E-01  9.722358E+02
  2.260000E-01  9.713735E+02
  2.280000E-01  9.705164E+02
  2.300000E-01  9.696643E+02
  2.320000E-01  9.688172E+02
  2.340000E-01  9.679752E+02
  2.360000E-01  9.671381E+02
  2.380000E-01  9.663059E+02
  2.400000E-01  9.654786E+02
  2.420000E-01  9.646561E+02
  2.440000E-01  9.638385E+02
  2.460000E-01  9.630256E+02
  2.480000E-01  9.622174E+02
  2.500000E-01  9.614139E+02
  2.520000E-01  9.606151E+02
  2.540000E-01  9.598209E+02
  2.560000E-01  9.590312E+02
  2.580000E-01  9.582461E+02
  2.600000E-01  9.574655E+02
  2.620000E-01  9.566894E+02
  2.640000E-01  9.559177E+02
  2.660000E-01  9.551504E+02
  2.680000E-01  9.543874E+02
  2.700000E-01  9.536288E+02
  2.720000E-01  9.528745E+02
  2.740000E-01  9.521244E+02
  2.760000E-01  9.513786E+02
  2.780000E-01  9.506370E+02
  2.800000E-01  9.498995E+02
  2.820000E-01  9.491661E+02
  2.840000E-01  9.484369E+02
  2.860000E-01  9.477117E+02
  2.880000E-01  9.469906E+02
  2.900000E-01  9.462734E+02
  2.920000E-01  9.455603E+02
  2.940000E-01  9.448511E+02
  2.960000E-01  9.441457E+02
  2.980000E-01  9.434443E+02
  3.000000E-01  9.427468E+02
  3.020000E-01  9.420530E+02
  3.040000E-01  9.413631E+02
  3.060000E-01  9.406769E+02
  3.080000E-01  9.399945E+02
  3.100000E-01  9.393157E+02
  3.120000E-01  9.386407E+02
  3.140000E-01  9.379693E+02
  3.160000E-01  9.373015E+02
  3.180000E-01  9.366374E+02
  3.200000E-01  9.359768E+02
  3.220000E-01  9.353198E+02
  3.240000E-01  9.346663E+02
  3.260000E-01  9.340162E+02
  3.280000E-01  9.333697E+02
  3.300000E-01  9.327266E+02
  3.320000E-01  9.320869E+02
  3.340000E-01  9.314506E+02
  3.360000E-01  9.308177E+02
  3.380000E-01  9.301881E+02
  3.400000E-01  9.295619E+02
  3.420000E-01  9.289389E+02
  3.440000E-01  9.283192E+02
  3.460000E-01  9.277028E+02
  3.480000E-01  9.270896E+02
  3.500000E-01  9.264796E+02
  3.520000E-01  9.258727E+02
  3.540000E-01  9.252690E+02
  3.560000E-01  9.246685E+02
  3.580000E-01  9.240711E+02
  3.600000E-01  9.234767E+02
  3.620000E-01  9.228854E+02
  3.640000E-01  9.222972E+02
  3.660000E-01  9.217120E+02
  3.680000E-01  9.211297E+02
  3.700000E-01  9.205505E+02
  3.720000E-01  9.199742E+02
  3.740000E-01  9.194009E+02
  3.760000E-01  9.188304E+02
  3.780000E-01  9.182629E+02
  3.800000E-01  9.176982E+02
  3.820000E-01  9.171364E+02
  3.840000E-01  9.165775E+02
  3.860000E-01  9.160213E+02
  3.880000E-01  9.154680E+02
  3.900000E-01  9.149174E+02
  3.920000E-01  9.143696E+02
  3.940000E-01  9.138245E+02
  3.960000E-01  9.132821E+02
  3.980000E-01  9.127424E+02
  4.000000E-01  9.122054E+02
  4.020000E-01  9.116711E+02
  4.040000E-01  9.111394E+02
  4.060000E-01  9.106104E+02
  4.080000E-01  9.100839E+02
  4.100000E-01  9.095601E+02
  4.120000E-01  9.090388E+02
  4.140000E-01  9.085200E+02
  4.160000E-01  9.080039E+02
  4.180000E-01  9.074902E+02
  4.200000E-01  9.069790E+02
  4.220000E-01  9.064703E+02
  4.240000E-01  9.059641E+02
  4.260000E-01  9.054603E+02
  4.280000E-01  9.049590E+02
  4.300000E-01  9.044601E+02
  4.320000E-01  9.039636E+02
  4.340000E-01  9.034695E+02
  4.360000E-01  9.029777E+02
  4.380000E-01  9.024883E+02
  4.400000E-01  9.020013E+02
  4.420000E-01  9.015165E+02
  4.440000E-01  9.010341E+02
  4.460000E-01  9.005540E+02
  4.480000E-01  9.000761E+02
  4.500000E-01  8.996005E+02
  4.520000E-01  8.991272E+02
  4.540000E-01  8.986561E+02
  4.560000E-01  8.981872E+02
  4.580000E-01  8.977205E+02
  4.600000E-01  8.972560E+02
  4.620000E-01  8.967937E+02
  4.640000E-01  8.963335E+02
  4.660000E-01  8.958755E+02
  4.680000E-01  8.954196E+02
  4.700000E-01  8.951298E+02
  4.720000E-01  8.947809E+02
  4.740000E-01  8.944386E+02
  4.760000E-01  8.941015E+02
  4.780000E-01  8.937686E+02
  4.800000E-01  8.934392E+02
  4.820000E-01  8.931129E+02
  4.840000E-01  8.927893E+02
  4.860000E-01  8.924683E+02
  4.880000E-01  8.921496E+02
  4.900000E-01  8.918331E+02
  4.920000E-01  8.915187E+02
  4.940000E-01  8.912062E+02
  4.960000E-01  8.908955E+02
  4.980000E-01  8.905866E+02
  5.000000E-01  8.902794E+02
  5.020000E-01  8.899738E+02
  5.040000E-01  8.896697E+02
  5.060000E-01  8.893672E+02
  5.080000E-01  8.890662E+02
  5.100000E-01  8.887665E+02
  5.120000E-01  8.884683E+02
  5.140000E-01  8.881714E+02
  5.160000E-01  8.878759E+02
  5.180000E-01  8.875816E+02
  5.200000E-01  8.872886E+02
  5.220000E-01  8.869969E+02
  5.240000E-01  8.867063E+02
  5.260000E-01  8.864170E+02
  5.280000E-01  8.861288E+02
  5.300000E-01  8.858418E+02
  5.320000E-01  8.855559E+02
  5.340000E-01  8.852711E+02
  5.360000E-01  8.849875E+02
  5.380000E-01  8.847049E+02
  5.400000E-01  8.844234E+02
  5.420000E-01  8.841429E+02
  5.440000E-01  8.838635E+02
  5.460000E-01  8.835851E+02
  5.480000E-01  8.833077E+02
  5.500000E-01  8.830313E+02
  5.520000E-01  8.827559E+02
  5.540000E-01  8.824815E+02
  5.560000E-01  8.822080E+02
  5.580000E-01  8.819355E+02
  5.600000E-01  8.816640E+02
  5.620000E-01  8.813933E+02
  5.640000E-01  8.811236E+02
  5.660000E-01  8.808549E+02
  5.680000E-01  8.805870E+02
  5.700000E-01  8.803200E+02
  5.720000E-01  8.800539E+02
  5.740000E-01  8.797887E+02
  5.760000E-01  8.795244E+02
  5.780000E-01  8.792609E+02
  5.800000E-01  8.789983E+02
  5.820000E-01  8.787365E+02
  5.840000E-01  8.784756E+02
  5.860000E-01  8.782155E+02
  5.880000E-01  8.779562E+02
  5.900000E-01  8.776978E+02
  5.920000E-01  8.774401E+02
  5.940000E-01  8.771833E+02
  5.960000E-01  8.769273E+02
  5.980000E-01  8.766721E+02
  6.000000E-01  8.764176E+02
  6.020000E-01  8.761640E+02
  6.040000E-01  8.759111E+02
  6.060000E-01  8.756590E+02
  6.080000E-01  8.754076E+02
  6.100000E-01  8.751571E+02
  6.120000E-01  8.749072E+02
  6.140000E-01  8.746581E+02
  6.160000E-01  8.744098E+02
  6.180000E-01  8.741622E+02
  6.200000E-01  8.739153E+02
  6.220000E-01  8.736692E+02
  6.240000E-01  8.734238E+02
  6.260000E-01  8.731791E+02
  6.280000E-01  8.729351E+02
  6.300000E-01  8.726918E+02
  6.320000E-01  8.724492E+02
  6.340000E-01  8.722074E+02
  6.360000E-01  8.719662E+02
  6.380000E-01  8.717257E+02
  6.400000E-01  8.714859E+02
  6.420000E-01  8.712468E+02
  6.440000E-01  8.710083E+02
  6.460000E-01  8.707706E+02
  6.480000E-01  8.705335E+02
  6.500000E-01  8.702970E+02
  6.520000E-01  8.700613E+02
  6.540000E-01  8.698261E+02
  6.560000E-01  8.695917E+02
  6.580000E-01  8.693579E+02
  6.600000E-01  8.691247E+02
  6.620000E-01  8.688922E+02
  6.640000E-01  8.686603E+02
  6.660000E-01  8.684290E+02
  6.680000E-01  8.681984E+02
  6.700000E-01  8.679684E+02
  6.720000E-01  8.677390E+02
  6.740000E-01  8.675103E+02
  6.760000E-01  8.672822E+02
  6.780000E-01  8.670546E+02
  6.800000E-01  8.668277E+02
  6.820000E-01  8.666014E+02
  6.840000E-01  8.663757E+02
  6.860000E-01  8.661506E+02
  6.880000E-01  8.659261E+02
  6.900000E-01  8.657022E+02
  6.920000E-01  8.654789E+02
  6.940000E-01  8.652562E+02
  6.960000E-01  8.650340E+02
  6.980000E-01  8.648124E+02
  7.000000E-01  8.645914E+02
  7.020000E-01  8.643710E+02
  7.040000E-01  8.641512E+02
  7.060000E-01  8.639319E+02
  7.080000E-01  8.637132E+02
  7.100000E-01  8.634951E+02
  7.120000E-01  8.632775E+02
  7.140000E-01  8.630605E+02
  7.160000E-01  8.628440E+02
  7.180000E-01  8.626281E+02
  7.200000E-01  8.624127E+02
  7.220000E-01  8.621979E+02
  7.240000E-01  8.619836E+02
  7.260000E-01  8.617699E+02
  7.280000E-01  8.615567E+02
  7.300000E-01  8.613440E+02
  7.320000E-01  8.611319E+02
  7.340000E-01  8.609203E+02
  7.360000E-01  8.607092E+02
  7.380000E-01  8.604987E+02
  7.400000E-01  8.602887E+02
  7.420000E-01  8.600792E+02
  7.440000E-01  8.598702E+02
  7.460000E-01  8.596618E+02
  7.480000E-01  8.594538E+02
  7.500000E-01  8.592464E+02
  7.520000E-01  8.590395E+02
  7.540000E-01  8.588330E+02
  7.560000E-01  8.586271E+02
  7.580000E-01  8.584217E+02
  7.600000E-01  8.582168E+02
  7.620000E-01  8.580124E+02
  7.640000E-01  8.578085E+02
  7.660000E-01  8.576050E+02
  7.680000E-01  8.574021E+02
  7.700000E-01  8.571997E+02
  7.720000E-01  8.569977E+02
  7.740000E-01  8.567962E+02
  7.760000E-01  8.565953E+02
  7.780000E-01  8.563947E+02
  7.800000E-01  8.561947E+02
  7.820000E-01  8.559952E+02
  7.840000E-01  8.557961E+02
  7.860000E-01  8.555975E+02
  7.880000E-01  8.553993E+02
  7.900000E-01  8.552017E+02
  7.920000E-01  8.550045E+02
  7.940000E-01  8.548077E+02
  7.960000E-01  8.546114E+02
  7.980000E-01  8.544156E+02
  8.000000E-01  8.542203E+02
  8.020000E-01  8.540254E+02
  8.040000E-01  8.538309E+02
  8.060000E-01  8.536369E+02
  8.080000E-01  8.534434E+02
  8.100000E-01  8.532503E+02
  8.120000E-01  8.530576E+02
  8.140000E-01  8.528654E+02
  8.160000E-01  8.526737E+02
  8.180000E-01  8.524823E+02
  8.200000E-01  8.522915E+02
  8.220000E-01  8.521010E+02
  8.240000E-01  8.519110E+02
  8.260000E-01  8.517215E+02
  8.280000E-01  8.515323E+02
  8.300000E-01  8.513436E+02
  8.320000E-01  8.511553E+02
  8.340000E-01  8.509675E+02
  8.360000E-01  8.507801E+02
  8.380000E-01  8.505931E+02
  8.400000E-01  8.504065E+02
  8.420000E-01  8.502203E+02
  8.440000E-01  8.500346E+02
  8.460000E-01  8.498493E+02
  8.480000E-01  8.496644E+02
  8.500000E-01  8.494799E+02
  8.520000E-01  8.492958E+02
  8.540000E-01  8.491122E+02
  8.560000E-01  8.489289E+02
  8.580000E-01  8.487461E+02
  8.600000E-01  8.485637E+02
  8.620000E-01  8.483816E+02
  8.640000E-01  8.482000E+02
  8.660000E-01  8.480188E+02
  8.680000E-01  8.478380E+02
  8.700000E-01  8.476575E+02
  8.720000E-01  8.474775E+02
  8.740000E-01  8.472979E+02
  8.760000E-01  8.471187E+02
  8.780000E-01  8.469398E+02
  8.800000E-01  8.467614E+02
  8.820000E-01  8.465833E+02
  8.840000E-01  8.464056E+02
  8.860000E-01  8.462284E+02
  8.880000E-01  8.460515E+02
  8.900000E-01  8.458750E+02
  8.920000E-01  8.456988E+02
  8.940000E-01  8.455231E+02
  8.960000E-01  8.453477E+02
  8.980000E-01  8.451727E+02
  9.000000E-01  8.449981E+02
  9.020000E-01  8.448239E+02
  9.040000E-01  8.446501E+02
  9.060000E-01  8.444766E+02
  9.080000E-01  8.443035E+02
  9.100000E-01  8.441307E+02
  9.120000E-01  8.439584E+02
  9.140000E-01  8.437864E+02
  9.160000E-01  8.436148E+02
  9.180000E-01  8.434435E+02
  9.200000E-01  8.432946E+02
  9.220000E-01  8.431426E+02
  9.240000E-01  8.429935E+02
  9.260000E-01  8.428468E+02
  9.280000E-01  8.427020E+02
  9.300000E-01  8.425589E+02
  9.320000E-01  8.424174E+02
  9.340000E-01  8.422772E+02
  9.360000E-01  8.421382E+02
  9.380000E-01  8.420003E+02
  9.400000E-01  8.418635E+02
  9.420000E-01  8.417277E+02
  9.440000E-01  8.415928E+02
  9.460000E-01  8.414587E+02
  9.480000E-01  8.413255E+02
  9.500000E-01  8.411930E+02
  9.520000E-01  8.410613E+02
  9.540000E-01  8.409302E+02
  9.560000E-01  8.407998E+02
  9.580000E-01  8.406701E+02
  9.600000E-01  8.405410E+02
  9.620000E-01  8.404124E+02
  9.640000E-01  8.402845E+02
  9.660000E-01  8.401570E+02
  9.680000E-01  8.400302E+02
  9.700000E-01  8.399038E+02
  9.720000E-01  8.397779E+02
  9.740000E-01  8.396525E+02
  9.760000E-01  8.395276E+02
  9.780000E-01  8.394031E+02
  9.800000E-01  8.392791E+02
  9.820000E-01  8.391555E+02
  9.840000E-01  8.390323E+02
  9.860000E-01  8.389096E+02
  9.880000E-01  8.387872E+02
  9.900000E-01  8.386652E+02
  9.920000E-01  8.385436E+02
  9.940000E-01  8.384224E+02
  9.960000E-01  8.383016E+02
  9.980000E-01  8.381811E+02
  1.000000E+00  8.380609E+02
  1.002000E+00  8.379411E+02
  1.004000E+00  8.378217E+02
  1.006000E+00  8.377025E+02
  1.008000E+00  8.375837E+02
  1.010000E+00  8.374652E+02
  1.012000E+00  8.373470E+02
  1.014000E+00  8.372291E+02
  1.016000E+00  8.371115E+02
  1.018000E+00  8.369942E+02
  1.020000E+00  8.368772E+02
  1.022000E+00  8.367604E+02
  1.024000E+00  8.366439E+02
  1.026000E+00  8.365277E+02
  1.028000E+00  8.364117E+02
  1.030000E+00  8.362958E+02
  1.032000E+00  8.361801E+02
  1.034000E+00  8.360647E+02
  1.036000E+00  8.359496E+02
  1.038000E+00  8.358347E+02
  1.040000E+00  8.357202E+02
  1.042000E+00  8.356059E+02
  1.044000E+00  8.354920E+02
  1.046000E+00  8.353783E+02
  1.048000E+00  8.352649E+02
  1.050000E+00  8.351518E+02
  1.052000E+00  8.350390E+02
  1.054000E+00  8.349265E+02
  1.056000E+00  8.348142E+02
  1.058000E+00  8.347022E+02
  1.060000E+00  8.345905E+02
  1.062000E+00  8.344790E+02
  1.064000E+00  8.343678E+02
  1.066000E+00  8.342569E+02
  1.068000E+00  8.341462E+02
  1.070000E+00  8.340358E+02
  1.072000E+00  8.339256E+02
  1.074000E+00  8.338157E+02
  1.076000E+00  8.337061E+02
  1.078000E+00  8.335966E+02
  1.080000E+00  8.334875E+02
  1.082000E+00  8.333786E+02
  1.084000E+00  8.332699E+02
  1.086000E+00  8.331614E+02
  1.088000E+00  8.330532E+02
  1.090000E+00  8.329453E+02
  1.092000E+00  8.328376E+02
  1.094000E+00  8.327301E+02
  1.096000E+00  8.326228E+02
  1.098000E+00  8.325158E+02
  1.100000E+00  8.324090E+02
  1.102000E+00  8.323024E+02
  1.104000E+00  8.321961E+02
  1.106000E+00  8.320900E+02
  1.108000E+00  8.319841E+02
  1.110000E+00  8.318784E+02
  1.112000E+00  8.317730E+02
  1.114000E+00  8.316677E+02
  1.116000E+00  8.315627E+02
  1.118000E+00  8.314579E+02
  1.120000E+00  8.313534E+02
  1.122000E+00  8.312490E+02
  1.124000E+00  8.311448E+02
  1.126000E+00  8.310409E+02
  1.128000E+00  8.309372E+02
  1.130000E+00  8.308336E+02
  1.132000E+00  8.307303E+02
  1.134000E+00  8.306272E+02
  1.136000E+00  8.305243E+02
  1.138000E+00  8.304216E+02
  1.140000E+00  8.303191E+02
  1.142000E+00  8.302168E+02
  1.144000E+00  8.301148E+02
  1.146000E+00  8.300129E+02
  1.148000E+00  8.299112E+02
  1.150000E+00  8.298097E+02
  1.152000E+00  8.297084E+02
  1.154000E+00  8.296073E+02
  1.156000E+00  8.295064E+02
  1.158000E+00  8.294057E+02
  1.160000E+00  8.293052E+02
  1.162000E+00  8.292049E+02
  1.164000E+00  8.291047E+02
  1.166000E+00  8.290048E+02
  1.168000E+00  8.289050E+02
  1.170000E+00  8.288055E+02
  1.172000E+00  8.287061E+02
  1.174000E+00  8.286069E+02
  1.176000E+00  8.285079E+02
  1.178000E+00  8.284091E+02
  1.180000E+00  8.283105E+02
  1.182000E+00  8.282121E+02
  1.184000E+00  8.281138E+02
  1.186000E+00  8.280157E+02
  1.188000E+00  8.279178E+02
  1.190000E+00  8.278201E+02
  1.192000E+00  8.277226E+02
  1.194000E+00  8.276252E+02
  1.196000E+00  8.275281E+02
  1.198000E+00  8.274311E+02
  1.200000E+00  8.273342E+02
