  1.000000E-02  1.313562E+03
  1.200000E-02  1.312698E+03
  1.400000E-02  1.311842E+03
  1.600000E-02  1.310993E+03
  1.800000E-02  1.310151E+03
  2.000000E-02  1.309316E+03
  2.200000E-02  1.308488E+03
  2.400000E-02  1.307667E+03
  2.600000E-02  1.306853E+03
  2.800000E-02  1.306046E+03
  3.000000E-02  1.305245E+03
  3.200000E-02  1.304451E+03
  3.400000E-02  1.303663E+03
  3.600000E-02  1.302882E+03
  3.800000E-02  1.302106E+03
  4.000000E-02  1.301338E+03
  4.200000E-02  1.300575E+03
  4.400000E-02  1.299818E+03
  4.600000E-02  1.299068E+03
  4.800000E-02  1.298323E+03
  5.000000E-02  1.297584E+03
  5.200000E-02  1.296851E+03
  5.400000E-02  1.296124E+03
  5.600000E-02  1.295403E+03
  5.800000E-02  1.294687E+03
  6.000000E-02  1.293977E+03
  6.200000E-02  1.293272E+03
  6.400000E-02  1.292572E+03
  6.600000E-02  1.291878E+03
  6.800000E-02  1.291190E+03
  7.000000E-02  1.290506E+03
  7.200000E-02  1.289828E+03
  7.400000E-02  1.289155E+03
  7.600000E-02  1.288487E+03
  7.800000E-02  1.287824E+03
  8.000000E-02  1.287166E+03
  8.200000E-02  1.286514E+03
  8.400000E-02  1.285865E+03
  8.600000E-02  1.285222E+03
  8.800000E-02  1.284584E+03
  9.000000E-02  1.283950E+03
  9.200000E-02  1.283321E+03
  9.400000E-02  1.282697E+03
  9.600000E-02  1.282077E+03
  9.800000E-02  1.281462E+03
  1.000000E-01  1.280851E+03
  1.020000E-01  1.280245E+03
  1.040000E-01  1.279643E+03
  1.060000E-01  1.279046E+03
  1.080000E-01  1.278453E+03
  1.100000E-01  1.277864E+03
  1.120000E-01  1.277279E+03
  1.140000E-01  1.276699E+03
  1.160000E-01  1.276123E+03
  1.180000E-01  1.275551E+03
  1.200000E-01  1.274983E+03
  1.220000E-01  1.274419E+03
  1.240000E-01  1.273859E+03
  1.260000E-01  1.273303E+03
  1.280000E-01  1.272751E+03
  1.300000E-01  1.272203E+03
  1.320000E-01  1.271658E+03
  1.340000E-01  1.271117E+03
  1.360000E-01  1.270580E+03
  1.380000E-01  1.270047E+03
  1.400000E-01  1.269517E+03
  1.420000E-01  1.268990E+03
  1.440000E-01  1.268468E+03
  1.460000E-01  1.267948E+03
  1.480000E-01  1.267433E+03
  1.500000E-01  1.266920E+03
  1.520000E-01  1.266412E+03
  1.540000E-01  1.265906E+03
  1.560000E-01  1.265404E+03
  1.580000E-01  1.264906E+03
  1.600000E-01  1.264410E+03
  1.620000E-01  1.263918E+03
  1.640000E-01  1.263430E+03
  1.660000E-01  1.262944E+03
  1.680000E-01  1.262462E+03
  1.700000E-01  1.261983E+03
  1.720000E-01  1.261507E+03
  1.740000E-01  1.261034E+03
  1.760000E-01  1.260565E+03
  1.780000E-01  1.260098E+03
  1.800000E-01  1.259635E+03
  1.820000E-01  1.259174E+03
  1.840000E-01  1.258717E+03
  1.860000E-01  1.258262E+03
  1.880000E-01  1.257810E+03
  1.900000E-01  1.257362E+03
  1.920000E-01  1.256916E+03
  1.940000E-01  1.256473E+03
  1.960000E-01  1.256033E+03
  1.980000E-01  1.255596E+03
  2.000000E-01  1.255161E+03
  2.020000E-01  1.254730E+03
  2.040000E-01  1.254301E+03
  2.060000E-01  1.253874E+03
  2.080000E-01  1.253451E+03
  2.100000E-01  1.253030E+03
  2.120000E-01  1.252612E+03
  2.140000E-01  1.252196E+03
  2.160000E-01  1.251783E+03
  2.180000E-01  1.251373E+03
  2.200000E-01  1.250965E+03
  2.220000E-01  1.250560E+03
  2.240000E-01  1.250157E+03
  2.260000E-01  1.249757E+03
  2.280000E-01  1.249359E+03
  2.300000E-01  1.248964E+03
  2.320000E-01  1.248571E+03
  2.340000E-01  1.248180E+03
  2.360000E-01  1.247792E+03
  2.380000E-01  1.247406E+03
  2.400000E-01  1.247023E+03
  2.420000E-01  1.246642E+03
  2.440000E-01  1.246263E+03
  2.460000E-01  1.245887E+03
  2.480000E-01  1.245513E+03
  2.500000E-01  1.245141E+03
  2.520000E-01  1.244772E+03
  2.540000E-01  1.244404E+03
  2.560000E-01  1.244039E+03
  2.580000E-01  1.243676E+03
  2.600000E-01  1.243315E+03
  2.620000E-01  1.242957E+03
  2.640000E-01  1.242600E+03
  2.660000E-01  1.242246E+03
  2.680000E-01  1.241893E+03
  2.700000E-01  1.241543E+03
  2.720000E-01  1.241195E+03
  2.740000E-01  1.240849E+03
  2.760000E-01  1.240505E+03
  2.780000E-01  1.240163E+03
  2.800000E-01  1.239823E+03
  2.820000E-01  1.239485E+03
  2.840000E-01  1.239149E+03
  2.860000E-01  1.238815E+03
  2.880000E-01  1.238482E+03
  2.900000E-01  1.238152E+03
  2.920000E-01  1.237824E+03
  2.940000E-01  1.237497E+03
  2.960000E-01  1.237173E+03
  2.980000E-01  1.236850E+03
  3.000000E-01  1.236529E+03
  3.020000E-01  1.236210E+03
  3.040000E-01  1.235893E+03
  3.060000E-01  1.235578E+03
  3.080000E-01  1.235264E+03
  3.100000E-01  1.234952E+03
  3.120000E-01  1.234642E+03
  3.140000E-01  1.234334E+03
  3.160000E-01  1.234027E+03
  3.180000E-01  1.233723E+03
  3.200000E-01  1.233420E+03
  3.220000E-01  1.233118E+03
  3.240000E-01  1.232818E+03
  3.260000E-01  1.232520E+03
  3.280000E-01  1.232224E+03
  3.300000E-01  1.231929E+03
  3.320000E-01  1.231636E+03
  3.340000E-01  1.231345E+03
  3.360000E-01  1.231055E+03
  3.380000E-01  1.230767E+03
  3.400000E-01  1.230480E+03
  3.420000E-01  1.230195E+03
  3.440000E-01  1.229912E+03
  3.460000E-01  1.229630E+03
  3.480000E-01  1.229349E+03
  3.500000E-01  1.229070E+03
  3.520000E-01  1.228793E+03
  3.540000E-01  1.228517E+03
  3.560000E-01  1.228243E+03
  3.580000E-01  1.227970E+03
  3.600000E-01  1.227698E+03
  3.620000E-01  1.227429E+03
  3.640000E-01  1.227160E+03
  3.660000E-01  1.226893E+03
  3.680000E-01  1.226627E+03
  3.700000E-01  1.226363E+03
  3.720000E-01  1.226100E+03
  3.740000E-01  1.225839E+03
  3.760000E-01  1.225579E+03
  3.780000E-01  1.225321E+03
  3.800000E-01  1.225063E+03
  3.820000E-01  1.224807E+03
  3.840000E-01  1.224553E+03
  3.860000E-01  1.224300E+03
  3.880000E-01  1.224048E+03
  3.900000E-01  1.223797E+03
  3.920000E-01  1.223548E+03
  3.940000E-01  1.223300E+03
  3.960000E-01  1.223054E+03
  3.980000E-01  1.222808E+03
  4.000000E-01  1.222564E+03
  4.020000E-01  1.222322E+03
  4.040000E-01  1.222080E+03
  4.060000E-01  1.221840E+03
  4.080000E-01  1.221601E+03
  4.100000E-01  1.221363E+03
  4.120000E-01  1.221126E+03
  4.140000E-01  1.220891E+03
  4.160000E-01  1.220657E+03
  4.180000E-01  1.220424E+03
  4.200000E-01  1.220192E+03
  4.220000E-01  1.219962E+03
  4.240000E-01  1.219732E+03
  4.260000E-01  1.219504E+03
  4.280000E-01  1.219277E+03
  4.300000E-01  1.219051E+03
  4.320000E-01  1.218826E+03
  4.340000E-01  1.218602E+03
  4.360000E-01  1.218380E+03
  4.380000E-01  1.218159E+03
  4.400000E-01  1.217938E+03
  4.420000E-01  1.217719E+03
  4.440000E-01  1.217501E+03
  4.460000E-01  1.217284E+03
  4.480000E-01  1.217068E+03
  4.500000E-01  1.216853E+03
  4.520000E-01  1.216639E+03
  4.540000E-01  1.216426E+03
  4.560000E-01  1.216215E+03
  4.580000E-01  1.216004E+03
  4.600000E-01  1.215794E+03
  4.620000E-01  1.215586E+03
  4.640000E-01  1.215378E+03
  4.660000E-01  1.215172E+03
  4.680000E-01  1.214966E+03
  4.700000E-01  1.214836E+03
  4.720000E-01  1.214678E+03
  4.740000E-01  1.214524E+03
  4.760000E-01  1.214372E+03
  4.780000E-01  1.214222E+03
  4.800000E-01  1.214074E+03
  4.820000E-01  1.213927E+03
  4.840000E-01  1.213781E+03
  4.860000E-01  1.213637E+03
  4.880000E-01  1.213493E+03
  4.900000E-01  1.213351E+03
  4.920000E-01  1.213209E+03
  4.940000E-01  1.213069E+03
  4.960000E-01  1.212929E+03
  4.980000E-01  1.212790E+03
  5.000000E-01  1.212652E+03
  5.020000E-01  1.212514E+03
  5.040000E-01  1.212378E+03
  5.060000E-01  1.212242E+03
  5.080000E-01  1.212107E+03
  5.100000E-01  1.211972E+03
  5.120000E-01  1.211838E+03
  5.140000E-01  1.211705E+03
  5.160000E-01  1.211572E+03
  5.180000E-01  1.211440E+03
  5.200000E-01  1.211308E+03
  5.220000E-01  1.211177E+03
  5.240000E-01  1.211047E+03
  5.260000E-01  1.210917E+03
  5.280000E-01  1.210788E+03
  5.300000E-01  1.210659E+03
  5.320000E-01  1.210531E+03
  5.340000E-01  1.210403E+03
  5.360000E-01  1.210276E+03
  5.380000E-01  1.210149E+03
  5.400000E-01  1.210023E+03
  5.420000E-01  1.209897E+03
  5.440000E-01  1.209772E+03
  5.460000E-01  1.209647E+03
  5.480000E-01  1.209523E+03
  5.500000E-01  1.209399E+03
  5.520000E-01  1.209276E+03
  5.540000E-01  1.209153E+03
  5.560000E-01  1.209031E+03
  5.580000E-01  1.208909E+03
  5.600000E-01  1.208787E+03
  5.620000E-01  1.208666E+03
  5.640000E-01  1.208545E+03
  5.660000E-01  1.208425E+03
  5.680000E-01  1.208305E+03
  5.700000E-01  1.208186E+03
  5.720000E-01  1.208067E+03
  5.740000E-01  1.207949E+03
  5.760000E-01  1.207830E+03
  5.780000E-01  1.207713E+03
  5.800000E-01  1.207595E+03
  5.820000E-01  1.207478E+03
  5.840000E-01  1.207362E+03
  5.860000E-01  1.207246E+03
  5.880000E-01  1.207130E+03
  5.900000E-01  1.207014E+03
  5.920000E-01  1.206899E+03
  5.940000E-01  1.206785E+03
  5.960000E-01  1.206671E+03
  5.980000E-01  1.206557E+03
  6.000000E-01  1.206443E+03
  6.020000E-01  1.206330E+03
  6.040000E-01  1.206217E+03
  6.060000E-01  1.206105E+03
  6.080000E-01  1.205993E+03
  6.100000E-01  1.205881E+03
  6.120000E-01  1.205770E+03
  6.140000E-01  1.205659E+03
  6.160000E-01  1.205548E+03
  6.180000E-01  1.205438E+03
  6.200000E-01  1.205328E+03
  6.220000E-01  1.205218E+03
  6.240000E-01  1.205109E+03
  6.260000E-01  1.205000E+03
  6.280000E-01  1.204891E+03
  6.300000E-01  1.204783E+03
  6.320000E-01  1.204675E+03
  6.340000E-01  1.204567E+03
  6.360000E-01  1.204460E+03
  6.380000E-01  1.204353E+03
  6.400000E-01  1.204246E+03
  6.420000E-01  1.204140E+03
  6.440000E-01  1.204034E+03
  6.460000E-01  1.203928E+03
  6.480000E-01  1.203823E+03
  6.500000E-01  1.203718E+03
  6.520000E-01  1.203613E+03
  6.540000E-01  1.203508E+03
  6.560000E-01  1.203404E+03
  6.580000E-01  1.203300E+03
  6.600000E-01  1.203197E+03
  6.620000E-01  1.203094E+03
  6.640000E-01  1.202991E+03
  6.660000E-01  1.202888E+03
  6.680000E-01  1.202786E+03
  6.700000E-01  1.202684E+03
  6.720000E-01  1.202582E+03
  6.740000E-01  1.202480E+03
  6.760000E-01  1.202379E+03
  6.780000E-01  1.202278E+03
  6.800000E-01  1.202178E+03
  6.820000E-01  1.202077E+03
  6.840000E-01  1.201977E+03
  6.860000E-01  1.201877E+03
  6.880000E-01  1.201778E+03
  6.900000E-01  1.201679E+03
  6.920000E-01  1.201580E+03
  6.940000E-01  1.201481E+03
  6.960000E-01  1.201383E+03
  6.980000E-01  1.201285E+03
  7.000000E-01  1.201187E+03
  7.020000E-01  1.201089E+03
  7.040000E-01  1.200992E+03
  7.060000E-01  1.200895E+03
  7.080000E-01  1.200798E+03
  7.100000E-01  1.200701E+03
  7.120000E-01  1.200605E+03
  7.140000E-01  1.200509E+03
  7.160000E-01  1.200414E+03
  7.180000E-01  1.200318E+03
  7.200000E-01  1.200223E+03
  7.220000E-01  1.200128E+03
  7.240000E-01  1.200033E+03
  7.260000E-01  1.199939E+03
  7.280000E-01  1.199844E+03
  7.300000E-01  1.199751E+03
  7.320000E-01  1.199657E+03
  7.340000E-01  1.199563E+03
  7.360000E-01  1.199470E+03
  7.380000E-01  1.199377E+03
  7.400000E-01  1.199284E+03
  7.420000E-01  1.199192E+03
  7.440000E-01  1.199100E+03
  7.460000E-01  1.199008E+03
  7.480000E-01  1.198916E+03
  7.500000E-01  1.198825E+03
  7.520000E-01  1.198733E+03
  7.540000E-01  1.198642E+03
  7.560000E-01  1.198551E+03
  7.580000E-01  1.198461E+03
  7.600000E-01  1.198371E+03
  7.620000E-01  1.198280E+03
  7.640000E-01  1.198191E+03
  7.660000E-01  1.198101E+03
  7.680000E-01  1.198012E+03
  7.700000E-01  1.197922E+03
  7.720000E-01  1.197833E+03
  7.740000E-01  1.197745E+03
  7.760000E-01  1.197656E+03
  7.780000E-01  1.197568E+03
  7.800000E-01  1.197480E+03
  7.820000E-01  1.197392E+03
  7.840000E-01  1.197305E+03
  7.860000E-01  1.197217E+03
  7.880000E-01  1.197130E+03
  7.900000E-01  1.197043E+03
  7.920000E-01  1.196956E+03
  7.940000E-01  1.196870E+03
  7.960000E-01  1.196784E+03
  7.980000E-01  1.196697E+03
  8.000000E-01  1.196612E+03
  8.020000E-01  1.196526E+03
  8.040000E-01  1.196441E+03
  8.060000E-01  1.196355E+03
  8.080000E-01  1.196270E+03
  8.100000E-01  1.196186E+03
  8.120000E-01  1.196101E+03
  8.140000E-01  1.196017E+03
  8.160000E-01  1.195932E+03
  8.180000E-01  1.195848E+03
  8.200000E-01  1.195765E+03
  8.220000E-01  1.195681E+03
  8.240000E-01  1.195598E+03
  8.260000E-01  1.195515E+03
  8.280000E-01  1.195432E+03
  8.300000E-01  1.195349E+03
  8.320000E-01  1.195266E+03
  8.340000E-01  1.195184E+03
  8.360000E-01  1.195102E+03
  8.380000E-01  1.195020E+03
  8.400000E-01  1.194938E+03
  8.420000E-01  1.194857E+03
  8.440000E-01  1.194775E+03
  8.460000E-01  1.194694E+03
  8.480000E-01  1.194613E+03
  8.500000E-01  1.194532E+03
  8.520000E-01  1.194452E+03
  8.540000E-01  1.194371E+03
  8.560000E-01  1.194291E+03
  8.580000E-01  1.194211E+03
  8.600000E-01  1.194131E+03
  8.620000E-01  1.194052E+03
  8.640000E-01  1.193972E+03
  8.660000E-01  1.193893E+03
  8.680000E-01  1.193814E+03
  8.700000E-01  1.193735E+03
  8.720000E-01  1.193656E+03
  8.740000E-01  1.193578E+03
  8.760000E-01  1.193499E+03
  8.780000E-01  1.193421E+03
  8.800000E-01  1.193343E+03
  8.820000E-01  1.193266E+03
  8.840000E-01  1.193188E+03
  8.860000E-01  1.193110E+03
  8.880000E-01  1.193033E+03
  8.900000E-01  1.192956E+03
  8.920000E-01  1.192879E+03
  8.940000E-01  1.192803E+03
  8.960000E-01  1.192726E+03
  8.980000E-01  1.192650E+03
  9.000000E-01  1.192574E+03
  9.020000E-01  1.192498E+03
  9.040000E-01  1.192422E+03
  9.060000E-01  1.192346E+03
  9.080000E-01  1.192271E+03
  9.100000E-01  1.192195E+03
  9.120000E-01  1.192120E+03
  9.140000E-01  1.192045E+03
  9.160000E-01  1.191970E+03
  9.180000E-01  1.191896E+03
  9.200000E-01  1.191831E+03
  9.220000E-01  1.191765E+03
  9.240000E-01  1.191700E+03
  9.260000E-01  1.191636E+03
  9.280000E-01  1.191573E+03
  9.300000E-01  1.191511E+03
  9.320000E-01  1.191449E+03
  9.340000E-01  1.191388E+03
  9.360000E-01  1.191328E+03
  9.380000E-01  1.191268E+03
  9.400000E-01  1.191208E+03
  9.420000E-01  1.191149E+03
  9.440000E-01  1.191090E+03
  9.460000E-01  1.191032E+03
  9.480000E-01  1.190974E+03
  9.500000E-01  1.190916E+03
  9.520000E-01  1.190859E+03
  9.540000E-01  1.190802E+03
  9.560000E-01  1.190746E+03
  9.580000E-01  1.190689E+03
  9.600000E-01  1.190633E+03
  9.620000E-01  1.190577E+03
  9.640000E-01  1.190522E+03
  9.660000E-01  1.190466E+03
  9.680000E-01  1.190411E+03
  9.700000E-01  1.190356E+03
  9.720000E-01  1.190302E+03
  9.740000E-01  1.190247E+03
  9.760000E-01  1.190193E+03
  9.780000E-01  1.190139E+03
  9.800000E-01  1.190085E+03
  9.820000E-01  1.190031E+03
  9.840000E-01  1.189978E+03
  9.860000E-01  1.189925E+03
  9.880000E-01  1.189872E+03
  9.900000E-01  1.189819E+03
  9.920000E-01  1.189766E+03
  9.940000E-01  1.189713E+03
  9.960000E-01  1.189661E+03
  9.980000E-01  1.189609E+03
  1.000000E+00  1.189557E+03
  1.002000E+00  1.189505E+03
  1.004000E+00  1.189453E+03
  1.006000E+00  1.189401E+03
  1.008000E+00  1.189350E+03
  1.010000E+00  1.189298E+03
  1.012000E+00  1.189247E+03
  1.014000E+00  1.189196E+03
  1.016000E+00  1.189145E+03
  1.018000E+00  1.189094E+03
  1.020000E+00  1.189044E+03
  1.022000E+00  1.188993E+03
  1.024000E+00  1.188943E+03
  1.026000E+00  1.188892E+03
  1.028000E+00  1.188842E+03
  1.030000E+00  1.188792E+03
  1.032000E+00  1.188742E+03
  1.034000E+00  1.188692E+03
  1.036000E+00  1.188642E+03
  1.038000E+00  1.188592E+03
  1.040000E+00  1.188543E+03
  1.042000E+00  1.188494E+03
  1.044000E+00  1.188444E+03
  1.046000E+00  1.188395E+03
  1.048000E+00  1.188346E+03
  1.050000E+00  1.188297E+03
  1.052000E+00  1.188248E+03
  1.054000E+00  1.188200E+03
  1.056000E+00  1.188151E+03
  1.058000E+00  1.188103E+03
  1.060000E+00  1.188055E+03
  1.062000E+00  1.188006E+03
  1.064000E+00  1.187958E+03
  1.066000E+00  1.187910E+03
  1.068000E+00  1.187863E+03
  1.070000E+00  1.187815E+03
  1.072000E+00  1.187767E+03
  1.074000E+00  1.187720E+03
  1.076000E+00  1.187673E+03
  1.078000E+00  1.187625E+03
  1.080000E+00  1.187578E+03
  1.082000E+00  1.187531E+03
  1.084000E+00  1.187484E+03
  1.086000E+00  1.187437E+03
  1.088000E+00  1.187391E+03
  1.090000E+00  1.187344E+03
  1.092000E+00  1.187298E+03
  1.094000E+00  1.187251E+03
  1.096000E+00  1.187205E+03
  1.098000E+00  1.187159E+03
  1.100000E+00  1.187113E+03
  1.102000E+00  1.187067E+03
  1.104000E+00  1.187021E+03
  1.106000E+00  1.186975E+03
  1.108000E+00  1.186930E+03
  1.110000E+00  1.186884E+03
  1.112000E+00  1.186839E+03
  1.114000E+00  1.186793E+03
  1.116000E+00  1.186748E+03
  1.118000E+00  1.186703E+03
  1.120000E+00  1.186658E+03
  1.122000E+00  1.186613E+03
  1.124000E+00  1.186568E+03
  1.126000E+00  1.186523E+03
  1.128000E+00  1.186479E+03
  1.130000E+00  1.186434E+03
  1.132000E+00  1.186390E+03
  1.134000E+00  1.186345E+03
  1.136000E+00  1.186301E+03
  1.138000E+00  1.186257E+03
  1.140000E+00  1.186213E+03
  1.142000E+00  1.186169E+03
  1.144000E+00  1.186125E+03
  1.146000E+00  1.186081E+03
  1.148000E+00  1.186037E+03
  1.150000E+00  1.185994E+03
  1.152000E+00  1.185950E+03
  1.154000E+00  1.185907E+03
  1.156000E+00  1.185863E+03
  1.158000E+00  1.185820E+03
  1.160000E+00  1.185777E+03
  1.162000E+00  1.185734E+03
  1.164000E+00  1.185691E+03
  1.166000E+00  1.185648E+03
  1.168000E+00  1.185605E+03
  1.170000E+00  1.185562E+03
  1.172000E+00  1.185519E+03
  1.174000E+00  1.185477E+03
  1.176000E+00  1.185434E+03
  1.178000E+00  1.185392E+03
  1.180000E+00  1.185349E+03
  1.182000E+00  1.185307E+03
  1.184000E+00  1.185265E+03
  1.186000E+00  1.185223E+03
  1.188000E+00  1.185181E+03
  1.190000E+00  1.185139E+03
  1.192000E+00  1.185097E+03
  1.194000E+00  1.185055E+03
  1.196000E+00  1.185014E+03
  1.198000E+00  1.184972E+03
  1.200000E+00  1.184930E+03
