  1.000000E-02  9.259438E+02
  1.200000E-02  9.234008E+02
  1.400000E-02  9.208791E+02
  1.600000E-02  9.183786E+02
  1.800000E-02  9.158988E+02
  2.000000E-02  9.134394E+02
  2.200000E-02  9.110001E+02
  2.400000E-02  9.085807E+02
  2.600000E-02  9.061809E+02
  2.800000E-02  9.038003E+02
  3.000000E-02  9.014389E+02
  3.200000E-02  8.990963E+02
  3.400000E-02  8.967723E+02
  3.600000E-02  8.944667E+02
  3.800000E-02  8.921792E+02
  4.000000E-02  8.899097E+02
  4.200000E-02  8.876579E+02
  4.400000E-02  8.854237E+02
  4.600000E-02  8.832068E+02
  4.800000E-02  8.810070E+02
  5.000000E-02  8.788241E+02
  5.200000E-02  8.766581E+02
  5.400000E-02  8.745086E+02
  5.600000E-02  8.723755E+02
  5.800000E-02  8.702586E+02
  6.000000E-02  8.681577E+02
  6.200000E-02  8.660727E+02
  6.400000E-02  8.640034E+02
  6.600000E-02  8.619496E+02
  6.800000E-02  8.599112E+02
  7.000000E-02  8.578879E+02
  7.200000E-02  8.558798E+02
  7.400000E-02  8.538865E+02
  7.600000E-02  8.519079E+02
  7.800000E-02  8.499439E+02
  8.000000E-02  8.479943E+02
  8.200000E-02  8.460590E+02
  8.400000E-02  8.441379E+02
  8.600000E-02  8.422307E+02
  8.800000E-02  8.403373E+02
  9.000000E-02  8.384577E+02
  9.200000E-02  8.365917E+02
  9.400000E-02  8.347390E+02
  9.600000E-02  8.328997E+02
  9.800000E-02  8.310735E+02
  1.000000E-01  8.292604E+02
  1.020000E-01  8.274601E+02
  1.040000E-01  8.256727E+02
  1.060000E-01  8.238978E+02
  1.080000E-01  8.221355E+02
  1.100000E-01  8.203856E+02
  1.120000E-01  8.186480E+02
  1.140000E-01  8.169226E+02
  1.160000E-01  8.152092E+02
  1.180000E-01  8.135077E+02
  1.200000E-01  8.118180E+02
  1.220000E-01  8.101400E+02
  1.240000E-01  8.084736E+02
  1.260000E-01  8.068187E+02
  1.280000E-01  8.051751E+02
  1.300000E-01  8.035428E+02
  1.320000E-01  8.019213E+02
  1.340000E-01  8.003103E+02
  1.360000E-01  7.987097E+02
  1.380000E-01  7.971198E+02
  1.400000E-01  7.955404E+02
  1.420000E-01  7.939713E+02
  1.440000E-01  7.924127E+02
  1.460000E-01  7.908643E+02
  1.480000E-01  7.893261E+02
  1.500000E-01  7.877980E+02
  1.520000E-01  7.862799E+02
  1.540000E-01  7.847717E+02
  1.560000E-01  7.832734E+02
  1.580000E-01  7.817848E+02
  1.600000E-01  7.803059E+02
  1.620000E-01  7.788366E+02
  1.640000E-01  7.773768E+02
  1.660000E-01  7.759264E+02
  1.680000E-01  7.744854E+02
  1.700000E-01  7.730536E+02
  1.720000E-01  7.716309E+02
  1.740000E-01  7.702174E+02
  1.760000E-01  7.688129E+02
  1.780000E-01  7.674173E+02
  1.800000E-01  7.660306E+02
  1.820000E-01  7.646527E+02
  1.840000E-01  7.632835E+02
  1.860000E-01  7.619229E+02
  1.880000E-01  7.605708E+02
  1.900000E-01  7.592273E+02
  1.920000E-01  7.578922E+02
  1.940000E-01  7.565654E+02
  1.960000E-01  7.552468E+02
  1.980000E-01  7.539365E+02
  2.000000E-01  7.526343E+02
  2.020000E-01  7.513402E+02
  2.040000E-01  7.500540E+02
  2.060000E-01  7.487758E+02
  2.080000E-01  7.475054E+02
  2.100000E-01  7.462428E+02
  2.120000E-01  7.449880E+02
  2.140000E-01  7.437408E+02
  2.160000E-01  7.425012E+02
  2.180000E-01  7.412691E+02
  2.200000E-01  7.400445E+02
  2.220000E-01  7.388273E+02
  2.240000E-01  7.376175E+02
  2.260000E-01  7.364150E+02
  2.280000E-01  7.352196E+02
  2.300000E-01  7.340315E+02
  2.320000E-01  7.328504E+02
  2.340000E-01  7.316764E+02
  2.360000E-01  7.305094E+02
  2.380000E-01  7.293493E+02
  2.400000E-01  7.281961E+02
  2.420000E-01  7.270498E+02
  2.440000E-01  7.259102E+02
  2.460000E-01  7.247773E+02
  2.480000E-01  7.236510E+02
  2.500000E-01  7.225314E+02
  2.520000E-01  7.214183E+02
  2.540000E-01  7.203117E+02
  2.560000E-01  7.192116E+02
  2.580000E-01  7.181179E+02
  2.600000E-01  7.170305E+02
  2.620000E-01  7.159494E+02
  2.640000E-01  7.148745E+02
  2.660000E-01  7.138059E+02
  2.680000E-01  7.127434E+02
  2.700000E-01  7.116870E+02
  2.720000E-01  7.106366E+02
  2.740000E-01  7.095922E+02
  2.760000E-01  7.085538E+02
  2.780000E-01  7.075213E+02
  2.800000E-01  7.064947E+02
  2.820000E-01  7.054739E+02
  2.840000E-01  7.044588E+02
  2.860000E-01  7.034495E+02
  2.880000E-01  7.024459E+02
  2.900000E-01  7.014479E+02
  2.920000E-01  7.004555E+02
  2.940000E-01  6.994686E+02
  2.960000E-01  6.984873E+02
  2.980000E-01  6.975114E+02
  3.000000E-01  6.965409E+02
  3.020000E-01  6.955759E+02
  3.040000E-01  6.946162E+02
  3.060000E-01  6.936617E+02
  3.080000E-01  6.927126E+02
  3.100000E-01  6.917687E+02
  3.120000E-01  6.908299E+02
  3.140000E-01  6.898963E+02
  3.160000E-01  6.889678E+02
  3.180000E-01  6.880444E+02
  3.200000E-01  6.871260E+02
  3.220000E-01  6.862126E+02
  3.240000E-01  6.853041E+02
  3.260000E-01  6.844006E+02
  3.280000E-01  6.835019E+02
  3.300000E-01  6.826081E+02
  3.320000E-01  6.817191E+02
  3.340000E-01  6.808349E+02
  3.360000E-01  6.799554E+02
  3.380000E-01  6.790806E+02
  3.400000E-01  6.782104E+02
  3.420000E-01  6.773450E+02
  3.440000E-01  6.764841E+02
  3.460000E-01  6.756277E+02
  3.480000E-01  6.747760E+02
  3.500000E-01  6.739287E+02
  3.520000E-01  6.730858E+02
  3.540000E-01  6.722475E+02
  3.560000E-01  6.714135E+02
  3.580000E-01  6.705839E+02
  3.600000E-01  6.697586E+02
  3.620000E-01  6.689376E+02
  3.640000E-01  6.681209E+02
  3.660000E-01  6.673085E+02
  3.680000E-01  6.665003E+02
  3.700000E-01  6.656962E+02
  3.720000E-01  6.648964E+02
  3.740000E-01  6.641006E+02
  3.760000E-01  6.633089E+02
  3.780000E-01  6.625214E+02
  3.800000E-01  6.617378E+02
  3.820000E-01  6.609583E+02
  3.840000E-01  6.601827E+02
  3.860000E-01  6.594111E+02
  3.880000E-01  6.586434E+02
  3.900000E-01  6.578796E+02
  3.920000E-01  6.571197E+02
  3.940000E-01  6.563637E+02
  3.960000E-01  6.556114E+02
  3.980000E-01  6.548630E+02
  4.000000E-01  6.541183E+02
  4.020000E-01  6.533773E+02
  4.040000E-01  6.526401E+02
  4.060000E-01  6.519065E+02
  4.080000E-01  6.511766E+02
  4.100000E-01  6.504504E+02
  4.120000E-01  6.497277E+02
  4.140000E-01  6.490087E+02
  4.160000E-01  6.482932E+02
  4.180000E-01  6.475812E+02
  4.200000E-01  6.468728E+02
  4.220000E-01  6.461678E+02
  4.240000E-01  6.454663E+02
  4.260000E-01  6.447682E+02
  4.280000E-01  6.440736E+02
  4.300000E-01  6.433824E+02
  4.320000E-01  6.426945E+02
  4.340000E-01  6.420100E+02
  4.360000E-01  6.413288E+02
  4.380000E-01  6.406509E+02
  4.400000E-01  6.399762E+02
  4.420000E-01  6.393049E+02
  4.440000E-01  6.386368E+02
  4.460000E-01  6.379719E+02
  4.480000E-01  6.373102E+02
  4.500000E-01  6.366516E+02
  4.520000E-01  6.359962E+02
  4.540000E-01  6.353440E+02
  4.560000E-01  6.346948E+02
  4.580000E-01  6.340488E+02
  4.600000E-01  6.334058E+02
  4.620000E-01  6.327658E+02
  4.640000E-01  6.321289E+02
  4.660000E-01  6.314950E+02
  4.680000E-01  6.308641E+02
  4.700000E-01  6.304632E+02
  4.720000E-01  6.299803E+02
  4.740000E-01  6.295067E+02
  4.760000E-01  6.290403E+02
  4.780000E-01  6.285796E+02
  4.800000E-01  6.281238E+02
  4.820000E-01  6.276724E+02
  4.840000E-01  6.272248E+02
  4.860000E-01  6.267807E+02
  4.880000E-01  6.263399E+02
  4.900000E-01  6.259021E+02
  4.920000E-01  6.254672E+02
  4.940000E-01  6.250350E+02
  4.960000E-01  6.246053E+02
  4.980000E-01  6.241781E+02
  5.000000E-01  6.237532E+02
  5.020000E-01  6.233306E+02
  5.040000E-01  6.229101E+02
  5.060000E-01  6.224918E+02
  5.080000E-01  6.220755E+02
  5.100000E-01  6.216613E+02
  5.120000E-01  6.212489E+02
  5.140000E-01  6.208385E+02
  5.160000E-01  6.204299E+02
  5.180000E-01  6.200231E+02
  5.200000E-01  6.196181E+02
  5.220000E-01  6.192148E+02
  5.240000E-01  6.188132E+02
  5.260000E-01  6.184133E+02
  5.280000E-01  6.180150E+02
  5.300000E-01  6.176183E+02
  5.320000E-01  6.172232E+02
  5.340000E-01  6.168296E+02
  5.360000E-01  6.164376E+02
  5.380000E-01  6.160472E+02
  5.400000E-01  6.156582E+02
  5.420000E-01  6.152706E+02
  5.440000E-01  6.148846E+02
  5.460000E-01  6.144999E+02
  5.480000E-01  6.141167E+02
  5.500000E-01  6.137348E+02
  5.520000E-01  6.133544E+02
  5.540000E-01  6.129753E+02
  5.560000E-01  6.125976E+02
  5.580000E-01  6.122212E+02
  5.600000E-01  6.118461E+02
  5.620000E-01  6.114723E+02
  5.640000E-01  6.110998E+02
  5.660000E-01  6.107286E+02
  5.680000E-01  6.103587E+02
  5.700000E-01  6.099900E+02
  5.720000E-01  6.096225E+02
  5.740000E-01  6.092563E+02
  5.760000E-01  6.088913E+02
  5.780000E-01  6.085275E+02
  5.800000E-01  6.081649E+02
  5.820000E-01  6.078035E+02
  5.840000E-01  6.074433E+02
  5.860000E-01  6.070843E+02
  5.880000E-01  6.067264E+02
  5.900000E-01  6.063696E+02
  5.920000E-01  6.060140E+02
  5.940000E-01  6.056595E+02
  5.960000E-01  6.053061E+02
  5.980000E-01  6.049539E+02
  6.000000E-01  6.046027E+02
  6.020000E-01  6.042526E+02
  6.040000E-01  6.039037E+02
  6.060000E-01  6.035558E+02
  6.080000E-01  6.032089E+02
  6.100000E-01  6.028631E+02
  6.120000E-01  6.025184E+02
  6.140000E-01  6.021748E+02
  6.160000E-01  6.018321E+02
  6.180000E-01  6.014905E+02
  6.200000E-01  6.011500E+02
  6.220000E-01  6.008104E+02
  6.240000E-01  6.004719E+02
  6.260000E-01  6.001343E+02
  6.280000E-01  5.997978E+02
  6.300000E-01  5.994622E+02
  6.320000E-01  5.991276E+02
  6.340000E-01  5.987941E+02
  6.360000E-01  5.984614E+02
  6.380000E-01  5.981298E+02
  6.400000E-01  5.977991E+02
  6.420000E-01  5.974693E+02
  6.440000E-01  5.971405E+02
  6.460000E-01  5.968127E+02
  6.480000E-01  5.964858E+02
  6.500000E-01  5.961598E+02
  6.520000E-01  5.958347E+02
  6.540000E-01  5.955106E+02
  6.560000E-01  5.951873E+02
  6.580000E-01  5.948650E+02
  6.600000E-01  5.945436E+02
  6.620000E-01  5.942231E+02
  6.640000E-01  5.939034E+02
  6.660000E-01  5.935847E+02
  6.680000E-01  5.932668E+02
  6.700000E-01  5.929498E+02
  6.720000E-01  5.926337E+02
  6.740000E-01  5.923185E+02
  6.760000E-01  5.920041E+02
  6.780000E-01  5.916906E+02
  6.800000E-01  5.913779E+02
  6.820000E-01  5.910661E+02
  6.840000E-01  5.907551E+02
  6.860000E-01  5.904449E+02
  6.880000E-01  5.901356E+02
  6.900000E-01  5.898272E+02
  6.920000E-01  5.895195E+02
  6.940000E-01  5.892127E+02
  6.960000E-01  5.889066E+02
  6.980000E-01  5.886014E+02
  7.000000E-01  5.882970E+02
  7.020000E-01  5.879935E+02
  7.040000E-01  5.876907E+02
  7.060000E-01  5.873887E+02
  7.080000E-01  5.870875E+02
  7.100000E-01  5.867870E+02
  7.120000E-01  5.864874E+02
  7.140000E-01  5.861886E+02
  7.160000E-01  5.858905E+02
  7.180000E-01  5.855932E+02
  7.200000E-01  5.852966E+02
  7.220000E-01  5.850009E+02
  7.240000E-01  5.847058E+02
  7.260000E-01  5.844116E+02
  7.280000E-01  5.841181E+02
  7.300000E-01  5.838253E+02
  7.320000E-01  5.835333E+02
  7.340000E-01  5.832421E+02
  7.360000E-01  5.829515E+02
  7.380000E-01  5.826618E+02
  7.400000E-01  5.823727E+02
  7.420000E-01  5.820844E+02
  7.440000E-01  5.817968E+02
  7.460000E-01  5.815099E+02
  7.480000E-01  5.812237E+02
  7.500000E-01  5.809383E+02
  7.520000E-01  5.806535E+02
  7.540000E-01  5.803695E+02
  7.560000E-01  5.800862E+02
  7.580000E-01  5.798035E+02
  7.600000E-01  5.795216E+02
  7.620000E-01  5.792404E+02
  7.640000E-01  5.789599E+02
  7.660000E-01  5.786800E+02
  7.680000E-01  5.784009E+02
  7.700000E-01  5.781224E+02
  7.720000E-01  5.778446E+02
  7.740000E-01  5.775675E+02
  7.760000E-01  5.772910E+02
  7.780000E-01  5.770152E+02
  7.800000E-01  5.767401E+02
  7.820000E-01  5.764657E+02
  7.840000E-01  5.761919E+02
  7.860000E-01  5.759188E+02
  7.880000E-01  5.756463E+02
  7.900000E-01  5.753745E+02
  7.920000E-01  5.751034E+02
  7.940000E-01  5.748329E+02
  7.960000E-01  5.745630E+02
  7.980000E-01  5.742938E+02
  8.000000E-01  5.740252E+02
  8.020000E-01  5.737573E+02
  8.040000E-01  5.734900E+02
  8.060000E-01  5.732233E+02
  8.080000E-01  5.729573E+02
  8.100000E-01  5.726919E+02
  8.120000E-01  5.724271E+02
  8.140000E-01  5.721629E+02
  8.160000E-01  5.718993E+02
  8.180000E-01  5.716364E+02
  8.200000E-01  5.713741E+02
  8.220000E-01  5.711124E+02
  8.240000E-01  5.708513E+02
  8.260000E-01  5.705908E+02
  8.280000E-01  5.703309E+02
  8.300000E-01  5.700716E+02
  8.320000E-01  5.698130E+02
  8.340000E-01  5.695549E+02
  8.360000E-01  5.692974E+02
  8.380000E-01  5.690405E+02
  8.400000E-01  5.687842E+02
  8.420000E-01  5.685285E+02
  8.440000E-01  5.682734E+02
  8.460000E-01  5.680188E+02
  8.480000E-01  5.677648E+02
  8.500000E-01  5.675115E+02
  8.520000E-01  5.672586E+02
  8.540000E-01  5.670064E+02
  8.560000E-01  5.667548E+02
  8.580000E-01  5.665037E+02
  8.600000E-01  5.662531E+02
  8.620000E-01  5.660032E+02
  8.640000E-01  5.657538E+02
  8.660000E-01  5.655050E+02
  8.680000E-01  5.652567E+02
  8.700000E-01  5.650090E+02
  8.720000E-01  5.647618E+02
  8.740000E-01  5.645152E+02
  8.760000E-01  5.642692E+02
  8.780000E-01  5.640237E+02
  8.800000E-01  5.637787E+02
  8.820000E-01  5.635343E+02
  8.840000E-01  5.632904E+02
  8.860000E-01  5.630471E+02
  8.880000E-01  5.628043E+02
  8.900000E-01  5.625621E+02
  8.920000E-01  5.623204E+02
  8.940000E-01  5.620792E+02
  8.960000E-01  5.618385E+02
  8.980000E-01  5.615984E+02
  9.000000E-01  5.613588E+02
  9.020000E-01  5.611198E+02
  9.040000E-01  5.608812E+02
  9.060000E-01  5.606432E+02
  9.080000E-01  5.604057E+02
  9.100000E-01  5.601688E+02
  9.120000E-01  5.599323E+02
  9.140000E-01  5.596963E+02
  9.160000E-01  5.594609E+02
  9.180000E-01  5.592260E+02
  9.200000E-01  5.590217E+02
  9.220000E-01  5.588132E+02
  9.240000E-01  5.586088E+02
  9.260000E-01  5.584075E+02
  9.280000E-01  5.582090E+02
  9.300000E-01  5.580128E+02
  9.320000E-01  5.578186E+02
  9.340000E-01  5.576263E+02
  9.360000E-01  5.574358E+02
  9.380000E-01  5.572467E+02
  9.400000E-01  5.570592E+02
  9.420000E-01  5.568729E+02
  9.440000E-01  5.566879E+02
  9.460000E-01  5.565041E+02
  9.480000E-01  5.563214E+02
  9.500000E-01  5.561398E+02
  9.520000E-01  5.559592E+02
  9.540000E-01  5.557795E+02
  9.560000E-01  5.556008E+02
  9.580000E-01  5.554229E+02
  9.600000E-01  5.552459E+02
  9.620000E-01  5.550697E+02
  9.640000E-01  5.548943E+02
  9.660000E-01  5.547197E+02
  9.680000E-01  5.545457E+02
  9.700000E-01  5.543725E+02
  9.720000E-01  5.542000E+02
  9.740000E-01  5.540281E+02
  9.760000E-01  5.538569E+02
  9.780000E-01  5.536864E+02
  9.800000E-01  5.535164E+02
  9.820000E-01  5.533470E+02
  9.840000E-01  5.531782E+02
  9.860000E-01  5.530100E+02
  9.880000E-01  5.528423E+02
  9.900000E-01  5.526752E+02
  9.920000E-01  5.525086E+02
  9.940000E-01  5.523425E+02
  9.960000E-01  5.521770E+02
  9.980000E-01  5.520119E+02
  1.000000E+00  5.518473E+02
  1.002000E+00  5.516832E+02
  1.004000E+00  5.515195E+02
  1.006000E+00  5.513563E+02
  1.008000E+00  5.511935E+02
  1.010000E+00  5.510312E+02
  1.012000E+00  5.508693E+02
  1.014000E+00  5.507078E+02
  1.016000E+00  5.505467E+02
  1.018000E+00  5.503861E+02
  1.020000E+00  5.502258E+02
  1.022000E+00  5.500658E+02
  1.024000E+00  5.499063E+02
  1.026000E+00  5.497471E+02
  1.028000E+00  5.495882E+02
  1.030000E+00  5.494296E+02
  1.032000E+00  5.492711E+02
  1.034000E+00  5.491131E+02
  1.036000E+00  5.489554E+02
  1.038000E+00  5.487981E+02
  1.040000E+00  5.486413E+02
  1.042000E+00  5.484849E+02
  1.044000E+00  5.483289E+02
  1.046000E+00  5.481732E+02
  1.048000E+00  5.480180E+02
  1.050000E+00  5.478632E+02
  1.052000E+00  5.477087E+02
  1.054000E+00  5.475546E+02
  1.056000E+00  5.474009E+02
  1.058000E+00  5.472476E+02
  1.060000E+00  5.470947E+02
  1.062000E+00  5.469421E+02
  1.064000E+00  5.467899E+02
  1.066000E+00  5.466381E+02
  1.068000E+00  5.464866E+02
  1.070000E+00  5.463354E+02
  1.072000E+00  5.461847E+02
  1.074000E+00  5.460342E+02
  1.076000E+00  5.458842E+02
  1.078000E+00  5.457344E+02
  1.080000E+00  5.455850E+02
  1.082000E+00  5.454360E+02
  1.084000E+00  5.452873E+02
  1.086000E+00  5.451389E+02
  1.088000E+00  5.449908E+02
  1.090000E+00  5.448431E+02
  1.092000E+00  5.446957E+02
  1.094000E+00  5.445486E+02
  1.096000E+00  5.444019E+02
  1.098000E+00  5.442555E+02
  1.100000E+00  5.441094E+02
  1.102000E+00  5.439636E+02
  1.104000E+00  5.438181E+02
  1.106000E+00  5.436729E+02
  1.108000E+00  5.435281E+02
  1.110000E+00  5.433835E+02
  1.112000E+00  5.432393E+02
  1.114000E+00  5.430953E+02
  1.116000E+00  5.429517E+02
  1.118000E+00  5.428083E+02
  1.120000E+00  5.426653E+02
  1.122000E+00  5.425226E+02
  1.124000E+00  5.423801E+02
  1.126000E+00  5.422379E+02
  1.128000E+00  5.420961E+02
  1.130000E+00  5.419545E+02
  1.132000E+00  5.418132E+02
  1.134000E+00  5.416722E+02
  1.136000E+00  5.415315E+02
  1.138000E+00  5.413911E+02
  1.140000E+00  5.412509E+02
  1.142000E+00  5.411111E+02
  1.144000E+00  5.409715E+02
  1.146000E+00  5.408322E+02
  1.148000E+00  5.406931E+02
  1.150000E+00  5.405544E+02
  1.152000E+00  5.404159E+02
  1.154000E+00  5.402777E+02
  1.156000E+00  5.401397E+02
  1.158000E+00  5.400020E+02
  1.160000E+00  5.398646E+02
  1.162000E+00  5.397275E+02
  1.164000E+00  5.395906E+02
  1.166000E+00  5.394540E+02
  1.168000E+00  5.393177E+02
  1.170000E+00  5.391816E+02
  1.172000E+00  5.390458E+02
  1.174000E+00  5.389102E+02
  1.176000E+00  5.387749E+02
  1.178000E+00  5.386398E+02
  1.180000E+00  5.385051E+02
  1.182000E+00  5.383705E+02
  1.184000E+00  5.382362E+02
  1.186000E+00  5.381022E+02
  1.188000E+00  5.379684E+02
  1.190000E+00  5.378349E+02
  1.192000E+00  5.377016E+02
  1.194000E+00  5.375686E+02
  1.196000E+00  5.374358E+02
  1.198000E+00  5.373033E+02
  1.200000E+00  5.371710E+02
