  1.000000E-02  1.422256E+00  1.301001E+00 -3.357827E-01
  1.200000E-02  1.701291E+00  1.561201E+00 -4.026310E-01
  1.400000E-02  1.978631E+00  1.821401E+00 -4.693551E-01
  1.600000E-02  2.254303E+00  2.081601E+00 -5.359481E-01
  1.800000E-02  2.528335E+00  2.341802E+00 -6.024040E-01
  2.000000E-02  2.800748E+00  2.602002E+00 -6.687175E-01
  2.200000E-02  3.071565E+00  2.862202E+00 -7.348835E-01
  2.400000E-02  3.340806E+00  3.122402E+00 -8.008977E-01
  2.600000E-02  3.608489E+00  3.382602E+00 -8.667558E-01
  2.800000E-02  3.874632E+00  3.642803E+00 -9.324542E-01
  3.000000E-02  4.139252E+00  3.903003E+00 -9.979893E-01
  3.200000E-02  4.402365E+00  4.163203E+00 -1.063358E+00
  3.400000E-02  4.663988E+00  4.423403E+00 -1.128558E+00
  3.600000E-02  4.924135E+00  4.683603E+00 -1.193585E+00
  3.800000E-02  5.182821E+00  4.943803E+00 -1.258438E+00
  4.000000E-02  5.440061E+00  5.204004E+00 -1.323114E+00
  4.200000E-02  5.695867E+00  5.464204E+00 -1.387611E+00
  4.400000E-02  5.950255E+00  5.724404E+00 -1.451927E+00
  4.600000E-02  6.203237E+00  5.984604E+00 -1.516060E+00
  4.800000E-02  6.454825E+00  6.244804E+00 -1.580008E+00
  5.000000E-02  6.705034E+00  6.505004E+00 -1.643771E+00
  5.200000E-02  6.953874E+00  6.765205E+00 -1.707346E+00
  5.400000E-02  7.201359E+00  7.025405E+00 -1.770731E+00
  5.600000E-02  7.447500E+00  7.285605E+00 -1.833927E+00
  5.800000E-02  7.692309E+00  7.545805E+00 -1.896931E+00
  6.000000E-02  7.935798E+00  7.806005E+00 -1.959743E+00
  6.200000E-02  8.177977E+00  8.066206E+00 -2.022361E+00
  6.400000E-02  8.418859E+00  8.326406E+00 -2.084785E+00
  6.600000E-02  8.658453E+00  8.586606E+00 -2.147013E+00
  6.800000E-02  8.896772E+00  8.846806E+00 -2.209046E+00
  7.000000E-02  9.133825E+00  9.107006E+00 -2.270881E+00
  7.200000E-02  9.369623E+00  9.367206E+00 -2.332519E+00
  7.400000E-02  9.604177E+00  9.627407E+00 -2.393960E+00
  7.600000E-02  9.837497E+00  9.887607E+00 -2.455201E+00
  7.800000E-02  1.006959E+01  1.014781E+01 -2.516243E+00
  8.000000E-02  1.030047E+01  1.040801E+01 -2.577086E+00
  8.200000E-02  1.053015E+01  1.066821E+01 -2.637729E+00
  8.400000E-02  1.075863E+01  1.092841E+01 -2.698172E+00
  8.600000E-02  1.098593E+01  1.118861E+01 -2.758414E+00
  8.800000E-02  1.121205E+01  1.144881E+01 -2.818455E+00
  9.000000E-02  1.143701E+01  1.170901E+01 -2.878294E+00
  9.200000E-02  1.166081E+01  1.196921E+01 -2.937933E+00
  9.400000E-02  1.188346E+01  1.222941E+01 -2.997369E+00
  9.600000E-02  1.210497E+01  1.248961E+01 -3.056604E+00
  9.800000E-02  1.232536E+01  1.274981E+01 -3.115637E+00
  1.000000E-01  1.254462E+01  1.301001E+01 -3.174469E+00
  1.020000E-01  1.276277E+01  1.327021E+01 -3.233098E+00
  1.040000E-01  1.297982E+01  1.353041E+01 -3.291525E+00
  1.060000E-01  1.319577E+01  1.379061E+01 -3.349749E+00
  1.080000E-01  1.341064E+01  1.405081E+01 -3.407772E+00
  1.100000E-01  1.362442E+01  1.431101E+01 -3.465593E+00
  1.120000E-01  1.383714E+01  1.457121E+01 -3.523212E+00
  1.140000E-01  1.404880E+01  1.483141E+01 -3.580629E+00
  1.160000E-01  1.425940E+01  1.509161E+01 -3.637844E+00
  1.180000E-01  1.446896E+01  1.535181E+01 -3.694857E+00
  1.200000E-01  1.467748E+01  1.561201E+01 -3.751669E+00
  1.220000E-01  1.488497E+01  1.587221E+01 -3.808280E+00
  1.240000E-01  1.509144E+01  1.613241E+01 -3.864690E+00
  1.260000E-01  1.529689E+01  1.639261E+01 -3.920898E+00
  1.280000E-01  1.550134E+01  1.665281E+01 -3.976906E+00
  1.300000E-01  1.570479E+01  1.691301E+01 -4.032714E+00
  1.320000E-01  1.590728E+01  1.717321E+01 -4.087914E+00
  1.340000E-01  1.610888E+01  1.743341E+01 -4.142012E+00
  1.360000E-01  1.630954E+01  1.769361E+01 -4.195434E+00
  1.380000E-01  1.650927E+01  1.795381E+01 -4.248301E+00
  1.400000E-01  1.670806E+01  1.821401E+01 -4.300675E+00
  1.420000E-01  1.690593E+01  1.847421E+01 -4.352596E+00
  1.440000E-01  1.710287E+01  1.873441E+01 -4.404093E+00
  1.460000E-01  1.729889E+01  1.899461E+01 -4.455187E+00
  1.480000E-01  1.749399E+01  1.925481E+01 -4.505896E+00
  1.500000E-01  1.768819E+01  1.951501E+01 -4.556234E+00
  1.520000E-01  1.788149E+01  1.977521E+01 -4.606215E+00
  1.540000E-01  1.807389E+01  2.003541E+01 -4.655847E+00
  1.560000E-01  1.826539E+01  2.029561E+01 -4.705140E+00
  1.580000E-01  1.845601E+01  2.055581E+01 -4.754103E+00
  1.600000E-01  1.864576E+01  2.081601E+01 -4.802743E+00
  1.620000E-01  1.883463E+01  2.107621E+01 -4.851066E+00
  1.640000E-01  1.902263E+01  2.133641E+01 -4.899080E+00
  1.660000E-01  1.920977E+01  2.159661E+01 -4.946788E+00
  1.680000E-01  1.939605E+01  2.185682E+01 -4.994198E+00
  1.700000E-01  1.958148E+01  2.211702E+01 -5.041313E+00
  1.720000E-01  1.976607E+01  2.237722E+01 -5.088138E+00
  1.740000E-01  1.994982E+01  2.263742E+01 -5.134678E+00
  1.760000E-01  2.013273E+01  2.289762E+01 -5.180937E+00
  1.780000E-01  2.031482E+01  2.315782E+01 -5.226919E+00
  1.800000E-01  2.049608E+01  2.341802E+01 -5.272627E+00
  1.820000E-01  2.067653E+01  2.367822E+01 -5.318066E+00
  1.840000E-01  2.085617E+01  2.393842E+01 -5.363238E+00
  1.860000E-01  2.103500E+01  2.419862E+01 -5.408147E+00
  1.880000E-01  2.121303E+01  2.445882E+01 -5.452796E+00
  1.900000E-01  2.139027E+01  2.471902E+01 -5.497189E+00
  1.920000E-01  2.156671E+01  2.497922E+01 -5.541328E+00
  1.940000E-01  2.174237E+01  2.523942E+01 -5.585216E+00
  1.960000E-01  2.191725E+01  2.549962E+01 -5.628856E+00
  1.980000E-01  2.209136E+01  2.575982E+01 -5.672252E+00
  2.000000E-01  2.226470E+01  2.602002E+01 -5.715404E+00
  2.020000E-01  2.243727E+01  2.628022E+01 -5.758317E+00
  2.040000E-01  2.260908E+01  2.654042E+01 -5.800993E+00
  2.060000E-01  2.278014E+01  2.680062E+01 -5.843434E+00
  2.080000E-01  2.295045E+01  2.706082E+01 -5.885643E+00
  2.100000E-01  2.312002E+01  2.732102E+01 -5.927622E+00
  2.120000E-01  2.328885E+01  2.758122E+01 -5.969374E+00
  2.140000E-01  2.345694E+01  2.784142E+01 -6.010901E+00
  2.160000E-01  2.362430E+01  2.810162E+01 -6.052204E+00
  2.180000E-01  2.379094E+01  2.836182E+01 -6.093288E+00
  2.200000E-01  2.395685E+01  2.862202E+01 -6.134153E+00
  2.220000E-01  2.412205E+01  2.888222E+01 -6.174802E+00
  2.240000E-01  2.428654E+01  2.914242E+01 -6.215237E+00
  2.260000E-01  2.445032E+01  2.940262E+01 -6.255460E+00
  2.280000E-01  2.461340E+01  2.966282E+01 -6.295474E+00
  2.300000E-01  2.477579E+01  2.992302E+01 -6.335279E+00
  2.320000E-01  2.493748E+01  3.018322E+01 -6.374879E+00
  2.340000E-01  2.509848E+01  3.044342E+01 -6.414276E+00
  2.360000E-01  2.525879E+01  3.070362E+01 -6.453471E+00
  2.380000E-01  2.541843E+01  3.096382E+01 -6.492466E+00
  2.400000E-01  2.557738E+01  3.122402E+01 -6.531263E+00
  2.420000E-01  2.573567E+01  3.148422E+01 -6.569865E+00
  2.440000E-01  2.589329E+01  3.174442E+01 -6.608273E+00
  2.460000E-01  2.605025E+01  3.200462E+01 -6.646489E+00
  2.480000E-01  2.620655E+01  3.226482E+01 -6.684514E+00
  2.500000E-01  2.636219E+01  3.252502E+01 -6.722351E+00
  2.520000E-01  2.651718E+01  3.278522E+01 -6.760002E+00
  2.540000E-01  2.667153E+01  3.304542E+01 -6.797468E+00
  2.560000E-01  2.682523E+01  3.330562E+01 -6.834751E+00
  2.580000E-01  2.697829E+01  3.356582E+01 -6.871853E+00
  2.600000E-01  2.713072E+01  3.382602E+01 -6.908775E+00
  2.620000E-01  2.728252E+01  3.408622E+01 -6.945520E+00
  2.640000E-01  2.743369E+01  3.434642E+01 -6.982088E+00
  2.660000E-01  2.758424E+01  3.460662E+01 -7.018483E+00
  2.680000E-01  2.773417E+01  3.486682E+01 -7.054704E+00
  2.700000E-01  2.788348E+01  3.512702E+01 -7.090755E+00
  2.720000E-01  2.803218E+01  3.538722E+01 -7.126637E+00
  2.740000E-01  2.818028E+01  3.564742E+01 -7.162351E+00
  2.760000E-01  2.832776E+01  3.590762E+01 -7.197898E+00
  2.780000E-01  2.847465E+01  3.616782E+01 -7.233282E+00
  2.800000E-01  2.862094E+01  3.642803E+01 -7.268502E+00
  2.820000E-01  2.876664E+01  3.668823E+01 -7.303562E+00
  2.840000E-01  2.891175E+01  3.694843E+01 -7.338461E+00
  2.860000E-01  2.905627E+01  3.720863E+01 -7.373203E+00
  2.880000E-01  2.920021E+01  3.746883E+01 -7.407788E+00
  2.900000E-01  2.934357E+01  3.772903E+01 -7.442218E+00
  2.920000E-01  2.948635E+01  3.798923E+01 -7.476494E+00
  2.940000E-01  2.962856E+01  3.824943E+01 -7.510618E+00
  2.960000E-01  2.977020E+01  3.850963E+01 -7.544592E+00
  2.980000E-01  2.991128E+01  3.876983E+01 -7.578417E+00
  3.000000E-01  3.005179E+01  3.903003E+01 -7.612094E+00
  3.020000E-01  3.019175E+01  3.929023E+01 -7.645624E+00
  3.040000E-01  3.033115E+01  3.955043E+01 -7.679010E+00
  3.060000E-01  3.046999E+01  3.981063E+01 -7.712253E+00
  3.080000E-01  3.060829E+01  4.007083E+01 -7.745354E+00
  3.100000E-01  3.074604E+01  4.033103E+01 -7.778314E+00
  3.120000E-01  3.088325E+01  4.059123E+01 -7.811135E+00
  3.140000E-01  3.101992E+01  4.085143E+01 -7.843819E+00
  3.160000E-01  3.115606E+01  4.111163E+01 -7.876366E+00
  3.180000E-01  3.129166E+01  4.137183E+01 -7.908778E+00
  3.200000E-01  3.142673E+01  4.163203E+01 -7.941056E+00
  3.220000E-01  3.156127E+01  4.189223E+01 -7.973202E+00
  3.240000E-01  3.169529E+01  4.215243E+01 -8.005217E+00
  3.260000E-01  3.182879E+01  4.241263E+01 -8.037103E+00
  3.280000E-01  3.196177E+01  4.267283E+01 -8.068859E+00
  3.300000E-01  3.209424E+01  4.293303E+01 -8.100489E+00
  3.320000E-01  3.222620E+01  4.319323E+01 -8.131993E+00
  3.340000E-01  3.235764E+01  4.345343E+01 -8.163372E+00
  3.360000E-01  3.248858E+01  4.371363E+01 -8.194628E+00
  3.380000E-01  3.261902E+01  4.397383E+01 -8.225762E+00
  3.400000E-01  3.274896E+01  4.423403E+01 -8.256774E+00
  3.420000E-01  3.287840E+01  4.449423E+01 -8.287668E+00
  3.440000E-01  3.300734E+01  4.475443E+01 -8.318442E+00
  3.460000E-01  3.313579E+01  4.501463E+01 -8.349100E+00
  3.480000E-01  3.326376E+01  4.527483E+01 -8.379641E+00
  3.500000E-01  3.339124E+01  4.553503E+01 -8.410067E+00
  3.520000E-01  3.351823E+01  4.579523E+01 -8.440380E+00
  3.540000E-01  3.364475E+01  4.605543E+01 -8.470580E+00
  3.560000E-01  3.377078E+01  4.631563E+01 -8.500669E+00
  3.580000E-01  3.389634E+01  4.657583E+01 -8.530647E+00
  3.600000E-01  3.402143E+01  4.683603E+01 -8.560516E+00
  3.620000E-01  3.414605E+01  4.709623E+01 -8.590277E+00
  3.640000E-01  3.427020E+01  4.735643E+01 -8.619931E+00
  3.660000E-01  3.439389E+01  4.761663E+01 -8.649480E+00
  3.680000E-01  3.451712E+01  4.787683E+01 -8.678923E+00
  3.700000E-01  3.463988E+01  4.813703E+01 -8.708263E+00
  3.720000E-01  3.476219E+01  4.839723E+01 -8.737500E+00
  3.740000E-01  3.488405E+01  4.865743E+01 -8.766635E+00
  3.760000E-01  3.500545E+01  4.891763E+01 -8.795670E+00
  3.780000E-01  3.512640E+01  4.917783E+01 -8.824606E+00
  3.800000E-01  3.524691E+01  4.943803E+01 -8.853443E+00
  3.820000E-01  3.536697E+01  4.969823E+01 -8.882182E+00
  3.840000E-01  3.548659E+01  4.995843E+01 -8.910825E+00
  3.860000E-01  3.560577E+01  5.021863E+01 -8.939373E+00
  3.880000E-01  3.572452E+01  5.047883E+01 -8.967826E+00
  3.900000E-01  3.584283E+01  5.073903E+01 -8.996185E+00
  3.920000E-01  3.596071E+01  5.099924E+01 -9.024452E+00
  3.940000E-01  3.607815E+01  5.125944E+01 -9.052628E+00
  3.960000E-01  3.619517E+01  5.151964E+01 -9.080713E+00
  3.980000E-01  3.631177E+01  5.177984E+01 -9.108708E+00
  4.000000E-01  3.642794E+01  5.204004E+01 -9.136614E+00
  4.020000E-01  3.654369E+01  5.230024E+01 -9.164433E+00
  4.040000E-01  3.665903E+01  5.256044E+01 -9.192164E+00
  4.060000E-01  3.677395E+01  5.282064E+01 -9.219810E+00
  4.080000E-01  3.688845E+01  5.308084E+01 -9.247370E+00
  4.100000E-01  3.700254E+01  5.334104E+01 -9.274847E+00
  4.120000E-01  3.711623E+01  5.360124E+01 -9.302239E+00
  4.140000E-01  3.722950E+01  5.386144E+01 -9.329550E+00
  4.160000E-01  3.734237E+01  5.412164E+01 -9.356779E+00
  4.180000E-01  3.745484E+01  5.438184E+01 -9.383927E+00
  4.200000E-01  3.756691E+01  5.464204E+01 -9.410995E+00
  4.220000E-01  3.767858E+01  5.490224E+01 -9.437984E+00
  4.240000E-01  3.778985E+01  5.516244E+01 -9.464895E+00
  4.260000E-01  3.790073E+01  5.542264E+01 -9.491728E+00
  4.280000E-01  3.801122E+01  5.568284E+01 -9.518485E+00
  4.300000E-01  3.812132E+01  5.594304E+01 -9.545166E+00
  4.320000E-01  3.823103E+01  5.620324E+01 -9.571772E+00
  4.340000E-01  3.834035E+01  5.646344E+01 -9.598304E+00
  4.360000E-01  3.844929E+01  5.672364E+01 -9.624762E+00
  4.380000E-01  3.855785E+01  5.698384E+01 -9.651147E+00
  4.400000E-01  3.866603E+01  5.724404E+01 -9.677461E+00
  4.420000E-01  3.877384E+01  5.750424E+01 -9.703704E+00
  4.440000E-01  3.888126E+01  5.776444E+01 -9.729876E+00
  4.460000E-01  3.898831E+01  5.802464E+01 -9.755978E+00
  4.480000E-01  3.909499E+01  5.828484E+01 -9.782012E+00
  4.500000E-01  3.920131E+01  5.854504E+01 -9.807977E+00
  4.520000E-01  3.930725E+01  5.880524E+01 -9.833875E+00
  4.540000E-01  3.941283E+01  5.906544E+01 -9.859706E+00
  4.560000E-01  3.951804E+01  5.932564E+01 -9.885472E+00
  4.580000E-01  3.962289E+01  5.958584E+01 -9.911171E+00
  4.600000E-01  3.972738E+01  5.984604E+01 -9.936806E+00
  4.620000E-01  3.983152E+01  6.010624E+01 -9.962377E+00
  4.640000E-01  3.993529E+01  6.036644E+01 -9.987885E+00
  4.660000E-01  4.003872E+01  6.062664E+01 -1.001333E+01
  4.680000E-01  4.014178E+01  6.088684E+01 -1.003871E+01
  4.700000E-01  4.020736E+01  6.103223E+01 -1.005413E+01
  4.720000E-01  4.028641E+01  6.121978E+01 -1.007319E+01
  4.740000E-01  4.036400E+01  6.140343E+01 -1.009189E+01
  4.760000E-01  4.044050E+01  6.158431E+01 -1.011033E+01
  4.780000E-01  4.051613E+01  6.176305E+01 -1.012857E+01
  4.800000E-01  4.059102E+01  6.194008E+01 -1.014663E+01
  4.820000E-01  4.066528E+01  6.211567E+01 -1.016455E+01
  4.840000E-01  4.073898E+01  6.229004E+01 -1.018235E+01
  4.860000E-01  4.081216E+01  6.246336E+01 -1.020002E+01
  4.880000E-01  4.088487E+01  6.263574E+01 -1.021759E+01
  4.900000E-01  4.095715E+01  6.280729E+01 -1.023506E+01
  4.920000E-01  4.102903E+01  6.297810E+01 -1.025243E+01
  4.940000E-01  4.110052E+01  6.314822E+01 -1.026972E+01
  4.960000E-01  4.117166E+01  6.331773E+01 -1.028693E+01
  4.980000E-01  4.124246E+01  6.348667E+01 -1.030406E+01
  5.000000E-01  4.131293E+01  6.365508E+01 -1.032111E+01
  5.020000E-01  4.138309E+01  6.382301E+01 -1.033809E+01
  5.040000E-01  4.145295E+01  6.399048E+01 -1.035500E+01
  5.060000E-01  4.152253E+01  6.415753E+01 -1.037185E+01
  5.080000E-01  4.159182E+01  6.432418E+01 -1.038862E+01
  5.100000E-01  4.166084E+01  6.449046E+01 -1.040534E+01
  5.120000E-01  4.172961E+01  6.465639E+01 -1.042199E+01
  5.140000E-01  4.179811E+01  6.482199E+01 -1.043857E+01
  5.160000E-01  4.186637E+01  6.498727E+01 -1.045510E+01
  5.180000E-01  4.193439E+01  6.515226E+01 -1.047157E+01
  5.200000E-01  4.200217E+01  6.531697E+01 -1.048798E+01
  5.220000E-01  4.206972E+01  6.548140E+01 -1.050433E+01
  5.240000E-01  4.213705E+01  6.564558E+01 -1.052063E+01
  5.260000E-01  4.220416E+01  6.580952E+01 -1.053687E+01
  5.280000E-01  4.227105E+01  6.597322E+01 -1.055306E+01
  5.300000E-01  4.233772E+01  6.613670E+01 -1.056919E+01
  5.320000E-01  4.240419E+01  6.629996E+01 -1.058526E+01
  5.340000E-01  4.247046E+01  6.646303E+01 -1.060129E+01
  5.360000E-01  4.253652E+01  6.662589E+01 -1.061726E+01
  5.380000E-01  4.260238E+01  6.678857E+01 -1.063317E+01
  5.400000E-01  4.266805E+01  6.695107E+01 -1.064904E+01
  5.420000E-01  4.273353E+01  6.711339E+01 -1.066485E+01
  5.440000E-01  4.279882E+01  6.727555E+01 -1.068061E+01
  5.460000E-01  4.286392E+01  6.743755E+01 -1.069632E+01
  5.480000E-01  4.292884E+01  6.759939E+01 -1.071198E+01
  5.500000E-01  4.299357E+01  6.776109E+01 -1.072759E+01
  5.520000E-01  4.305813E+01  6.792264E+01 -1.074315E+01
  5.540000E-01  4.312251E+01  6.808405E+01 -1.075865E+01
  5.560000E-01  4.318672E+01  6.824533E+01 -1.077411E+01
  5.580000E-01  4.325075E+01  6.840648E+01 -1.078952E+01
  5.600000E-01  4.331461E+01  6.856751E+01 -1.080487E+01
  5.620000E-01  4.337831E+01  6.872842E+01 -1.082018E+01
  5.640000E-01  4.344183E+01  6.888921E+01 -1.083544E+01
  5.660000E-01  4.350520E+01  6.904989E+01 -1.085065E+01
  5.680000E-01  4.356840E+01  6.921046E+01 -1.086580E+01
  5.700000E-01  4.363143E+01  6.937093E+01 -1.088091E+01
  5.720000E-01  4.369431E+01  6.953130E+01 -1.089597E+01
  5.740000E-01  4.375703E+01  6.969157E+01 -1.091098E+01
  5.760000E-01  4.381960E+01  6.985174E+01 -1.092595E+01
  5.780000E-01  4.388200E+01  7.001183E+01 -1.094086E+01
  5.800000E-01  4.394426E+01  7.017182E+01 -1.095572E+01
  5.820000E-01  4.400636E+01  7.033174E+01 -1.097054E+01
  5.840000E-01  4.406831E+01  7.049157E+01 -1.098531E+01
  5.860000E-01  4.413011E+01  7.065132E+01 -1.100002E+01
  5.880000E-01  4.419177E+01  7.081100E+01 -1.101469E+01
  5.900000E-01  4.425327E+01  7.097060E+01 -1.102931E+01
  5.920000E-01  4.431463E+01  7.113013E+01 -1.104388E+01
  5.940000E-01  4.437585E+01  7.128959E+01 -1.105840E+01
  5.960000E-01  4.443692E+01  7.144898E+01 -1.107288E+01
  5.980000E-01  4.449786E+01  7.160831E+01 -1.108730E+01
  6.000000E-01  4.455865E+01  7.176758E+01 -1.110168E+01
  6.020000E-01  4.461930E+01  7.192679E+01 -1.111600E+01
  6.040000E-01  4.467981E+01  7.208593E+01 -1.113028E+01
  6.060000E-01  4.474018E+01  7.224503E+01 -1.114451E+01
  6.080000E-01  4.480042E+01  7.240407E+01 -1.115869E+01
  6.100000E-01  4.486052E+01  7.256306E+01 -1.117282E+01
  6.120000E-01  4.492049E+01  7.272200E+01 -1.118690E+01
  6.140000E-01  4.498032E+01  7.288089E+01 -1.120094E+01
  6.160000E-01  4.504002E+01  7.303973E+01 -1.121492E+01
  6.180000E-01  4.509959E+01  7.319853E+01 -1.122885E+01
  6.200000E-01  4.515903E+01  7.335729E+01 -1.124274E+01
  6.220000E-01  4.521834E+01  7.351600E+01 -1.125657E+01
  6.240000E-01  4.527752E+01  7.367468E+01 -1.127036E+01
  6.260000E-01  4.533657E+01  7.383332E+01 -1.128409E+01
  6.280000E-01  4.539549E+01  7.399192E+01 -1.129778E+01
  6.300000E-01  4.545429E+01  7.415049E+01 -1.131142E+01
  6.320000E-01  4.551296E+01  7.430902E+01 -1.132501E+01
  6.340000E-01  4.557151E+01  7.446753E+01 -1.133854E+01
  6.360000E-01  4.562994E+01  7.462600E+01 -1.135203E+01
  6.380000E-01  4.568824E+01  7.478444E+01 -1.136547E+01
  6.400000E-01  4.574641E+01  7.494286E+01 -1.137885E+01
  6.420000E-01  4.580447E+01  7.510125E+01 -1.139219E+01
  6.440000E-01  4.586241E+01  7.525962E+01 -1.140548E+01
  6.460000E-01  4.592022E+01  7.541796E+01 -1.141872E+01
  6.480000E-01  4.597792E+01  7.557628E+01 -1.143190E+01
  6.500000E-01  4.603550E+01  7.573458E+01 -1.144504E+01
  6.520000E-01  4.609296E+01  7.589286E+01 -1.145812E+01
  6.540000E-01  4.615030E+01  7.605112E+01 -1.147115E+01
  6.560000E-01  4.620752E+01  7.620937E+01 -1.148414E+01
  6.580000E-01  4.626463E+01  7.636760E+01 -1.149707E+01
  6.600000E-01  4.632163E+01  7.652581E+01 -1.150995E+01
  6.620000E-01  4.637851E+01  7.668401E+01 -1.152278E+01
  6.640000E-01  4.643528E+01  7.684220E+01 -1.153556E+01
  6.660000E-01  4.649193E+01  7.700038E+01 -1.154828E+01
  6.680000E-01  4.654847E+01  7.715855E+01 -1.156096E+01
  6.700000E-01  4.660490E+01  7.731671E+01 -1.157358E+01
  6.720000E-01  4.666122E+01  7.747486E+01 -1.158615E+01
  6.740000E-01  4.671742E+01  7.763300E+01 -1.159867E+01
  6.760000E-01  4.677352E+01  7.779114E+01 -1.161114E+01
  6.780000E-01  4.682951E+01  7.794927E+01 -1.162356E+01
  6.800000E-01  4.688539E+01  7.810740E+01 -1.163592E+01
  6.820000E-01  4.694116E+01  7.826552E+01 -1.164823E+01
  6.840000E-01  4.699682E+01  7.842364E+01 -1.166049E+01
  6.860000E-01  4.705237E+01  7.858177E+01 -1.167269E+01
  6.880000E-01  4.710782E+01  7.873989E+01 -1.168485E+01
  6.900000E-01  4.716316E+01  7.889801E+01 -1.169695E+01
  6.920000E-01  4.721840E+01  7.905613E+01 -1.170899E+01
  6.940000E-01  4.727353E+01  7.921426E+01 -1.172099E+01
  6.960000E-01  4.732856E+01  7.937239E+01 -1.173293E+01
  6.980000E-01  4.738348E+01  7.953052E+01 -1.174481E+01
  7.000000E-01  4.743830E+01  7.968866E+01 -1.175665E+01
  7.020000E-01  4.749302E+01  7.984681E+01 -1.176843E+01
  7.040000E-01  4.754764E+01  8.000496E+01 -1.178015E+01
  7.060000E-01  4.760215E+01  8.016312E+01 -1.179182E+01
  7.080000E-01  4.765656E+01  8.032129E+01 -1.180344E+01
  7.100000E-01  4.771087E+01  8.047947E+01 -1.181501E+01
  7.120000E-01  4.776508E+01  8.063766E+01 -1.182651E+01
  7.140000E-01  4.781919E+01  8.079586E+01 -1.183797E+01
  7.160000E-01  4.787320E+01  8.095407E+01 -1.184937E+01
  7.180000E-01  4.792711E+01  8.111229E+01 -1.186071E+01
  7.200000E-01  4.798093E+01  8.127053E+01 -1.187200E+01
  7.220000E-01  4.803464E+01  8.142878E+01 -1.188324E+01
  7.240000E-01  4.808826E+01  8.158705E+01 -1.189442E+01
  7.260000E-01  4.814178E+01  8.174533E+01 -1.190554E+01
  7.280000E-01  4.819521E+01  8.190363E+01 -1.191661E+01
  7.300000E-01  4.824853E+01  8.206194E+01 -1.192762E+01
  7.320000E-01  4.830177E+01  8.222028E+01 -1.193858E+01
  7.340000E-01  4.835490E+01  8.237863E+01 -1.194948E+01
  7.360000E-01  4.840795E+01  8.253700E+01 -1.196033E+01
  7.380000E-01  4.846089E+01  8.269539E+01 -1.197112E+01
  7.400000E-01  4.851375E+01  8.285380E+01 -1.198185E+01
  7.420000E-01  4.856651E+01  8.301223E+01 -1.199252E+01
  7.440000E-01  4.861917E+01  8.317068E+01 -1.200314E+01
  7.460000E-01  4.867175E+01  8.332916E+01 -1.201371E+01
  7.480000E-01  4.872423E+01  8.348766E+01 -1.202421E+01
  7.500000E-01  4.877662E+01  8.364618E+01 -1.203466E+01
  7.520000E-01  4.882892E+01  8.380473E+01 -1.204505E+01
  7.540000E-01  4.888112E+01  8.396330E+01 -1.205538E+01
  7.560000E-01  4.893324E+01  8.412190E+01 -1.206566E+01
  7.580000E-01  4.898526E+01  8.428053E+01 -1.207588E+01
  7.600000E-01  4.903720E+01  8.443918E+01 -1.208604E+01
  7.620000E-01  4.908905E+01  8.459786E+01 -1.209614E+01
  7.640000E-01  4.914080E+01  8.475657E+01 -1.210619E+01
  7.660000E-01  4.919247E+01  8.491530E+01 -1.211617E+01
  7.680000E-01  4.924405E+01  8.507407E+01 -1.212610E+01
  7.700000E-01  4.929554E+01  8.523286E+01 -1.213597E+01
  7.720000E-01  4.934694E+01  8.539169E+01 -1.214578E+01
  7.740000E-01  4.939826E+01  8.555055E+01 -1.215554E+01
  7.760000E-01  4.944949E+01  8.570943E+01 -1.216523E+01
  7.780000E-01  4.950063E+01  8.586836E+01 -1.217486E+01
  7.800000E-01  4.955168E+01  8.602731E+01 -1.218444E+01
  7.820000E-01  4.960265E+01  8.618630E+01 -1.219395E+01
  7.840000E-01  4.965354E+01  8.634532E+01 -1.220341E+01
  7.860000E-01  4.970434E+01  8.650437E+01 -1.221280E+01
  7.880000E-01  4.975505E+01  8.666346E+01 -1.222214E+01
  7.900000E-01  4.980568E+01  8.682259E+01 -1.223141E+01
  7.920000E-01  4.985622E+01  8.698175E+01 -1.224063E+01
  7.940000E-01  4.990668E+01  8.714095E+01 -1.224978E+01
  7.960000E-01  4.995706E+01  8.730019E+01 -1.225888E+01
  7.980000E-01  5.000735E+01  8.745946E+01 -1.226791E+01
  8.000000E-01  5.005756E+01  8.761877E+01 -1.227689E+01
  8.020000E-01  5.010769E+01  8.777812E+01 -1.228580E+01
  8.040000E-01  5.015774E+01  8.793751E+01 -1.229465E+01
  8.060000E-01  5.020770E+01  8.809694E+01 -1.230344E+01
  8.080000E-01  5.025758E+01  8.825640E+01 -1.231217E+01
  8.100000E-01  5.030738E+01  8.841591E+01 -1.232084E+01
  8.120000E-01  5.035710E+01  8.857546E+01 -1.232944E+01
  8.140000E-01  5.040674E+01  8.873505E+01 -1.233799E+01
  8.160000E-01  5.045630E+01  8.889469E+01 -1.234647E+01
  8.180000E-01  5.050577E+01  8.905436E+01 -1.235489E+01
  8.200000E-01  5.055517E+01  8.921408E+01 -1.236325E+01
  8.220000E-01  5.060449E+01  8.937384E+01 -1.237154E+01
  8.240000E-01  5.065373E+01  8.953365E+01 -1.237977E+01
  8.260000E-01  5.070288E+01  8.969350E+01 -1.238794E+01
  8.280000E-01  5.075197E+01  8.985339E+01 -1.239605E+01
  8.300000E-01  5.080097E+01  9.001333E+01 -1.240409E+01
  8.320000E-01  5.084989E+01  9.017332E+01 -1.241208E+01
  8.340000E-01  5.089874E+01  9.033335E+01 -1.241999E+01
  8.360000E-01  5.094750E+01  9.049343E+01 -1.242785E+01
  8.380000E-01  5.099619E+01  9.065355E+01 -1.243564E+01
  8.400000E-01  5.104481E+01  9.081372E+01 -1.244337E+01
  8.420000E-01  5.109334E+01  9.097394E+01 -1.245103E+01
  8.440000E-01  5.114180E+01  9.113421E+01 -1.245863E+01
  8.460000E-01  5.119019E+01  9.129453E+01 -1.246616E+01
  8.480000E-01  5.123850E+01  9.145489E+01 -1.247363E+01
  8.500000E-01  5.128673E+01  9.161530E+01 -1.248104E+01
  8.520000E-01  5.133488E+01  9.177577E+01 -1.248838E+01
  8.540000E-01  5.138297E+01  9.193628E+01 -1.249566E+01
  8.560000E-01  5.143097E+01  9.209685E+01 -1.250287E+01
  8.580000E-01  5.147890E+01  9.225746E+01 -1.251002E+01
  8.600000E-01  5.152676E+01  9.241813E+01 -1.251710E+01
  8.620000E-01  5.157454E+01  9.257885E+01 -1.252412E+01
  8.640000E-01  5.162225E+01  9.273962E+01 -1.253107E+01
  8.660000E-01  5.166989E+01  9.290044E+01 -1.253796E+01
  8.680000E-01  5.171745E+01  9.306132E+01 -1.254478E+01
  8.700000E-01  5.176493E+01  9.322225E+01 -1.255153E+01
  8.720000E-01  5.181235E+01  9.338323E+01 -1.255822E+01
  8.740000E-01  5.185969E+01  9.354427E+01 -1.256484E+01
  8.760000E-01  5.190696E+01  9.370536E+01 -1.257140E+01
  8.780000E-01  5.195416E+01  9.386651E+01 -1.257789E+01
  8.800000E-01  5.200128E+01  9.402771E+01 -1.258431E+01
  8.820000E-01  5.204834E+01  9.418897E+01 -1.259067E+01
  8.840000E-01  5.209532E+01  9.435028E+01 -1.259695E+01
  8.860000E-01  5.214223E+01  9.451165E+01 -1.260318E+01
  8.880000E-01  5.218907E+01  9.467307E+01 -1.260933E+01
  8.900000E-01  5.223584E+01  9.483456E+01 -1.261542E+01
  8.920000E-01  5.228254E+01  9.499610E+01 -1.262144E+01
  8.940000E-01  5.232916E+01  9.515769E+01 -1.262739E+01
  8.960000E-01  5.237572E+01  9.531935E+01 -1.263328E+01
  8.980000E-01  5.242221E+01  9.548106E+01 -1.263909E+01
  9.000000E-01  5.246863E+01  9.564283E+01 -1.264484E+01
  9.020000E-01  5.251497E+01  9.580467E+01 -1.265052E+01
  9.040000E-01  5.256125E+01  9.596656E+01 -1.265614E+01
  9.060000E-01  5.260746E+01  9.612851E+01 -1.266168E+01
  9.080000E-01  5.265360E+01  9.629052E+01 -1.266716E+01
  9.100000E-01  5.269967E+01  9.645259E+01 -1.267256E+01
  9.120000E-01  5.274568E+01  9.661472E+01 -1.267790E+01
  9.140000E-01  5.279161E+01  9.677691E+01 -1.268317E+01
  9.160000E-01  5.283748E+01  9.693917E+01 -1.268837E+01
  9.180000E-01  5.288328E+01  9.710149E+01 -1.269350E+01
  9.200000E-01  5.292313E+01  9.723728E+01 -1.267724E+01
  9.220000E-01  5.296383E+01  9.737716E+01 -1.266415E+01
  9.240000E-01  5.300376E+01  9.751389E+01 -1.264841E+01
  9.260000E-01  5.304309E+01  9.764814E+01 -1.263058E+01
  9.280000E-01  5.308192E+01  9.778037E+01 -1.261102E+01
  9.300000E-01  5.312031E+01  9.791088E+01 -1.258996E+01
  9.320000E-01  5.315832E+01  9.803990E+01 -1.256759E+01
  9.340000E-01  5.319599E+01  9.816760E+01 -1.254406E+01
  9.360000E-01  5.323334E+01  9.829413E+01 -1.251947E+01
  9.380000E-01  5.327041E+01  9.841960E+01 -1.249393E+01
  9.400000E-01  5.330722E+01  9.854410E+01 -1.246750E+01
  9.420000E-01  5.334379E+01  9.866773E+01 -1.244026E+01
  9.440000E-01  5.338013E+01  9.879055E+01 -1.241226E+01
  9.460000E-01  5.341626E+01  9.891262E+01 -1.238354E+01
  9.480000E-01  5.345218E+01  9.903400E+01 -1.235417E+01
  9.500000E-01  5.348792E+01  9.915472E+01 -1.232416E+01
  9.520000E-01  5.352348E+01  9.927485E+01 -1.229356E+01
  9.540000E-01  5.355887E+01  9.939441E+01 -1.226239E+01
  9.560000E-01  5.359410E+01  9.951343E+01 -1.223068E+01
  9.580000E-01  5.362918E+01  9.963195E+01 -1.219847E+01
  9.600000E-01  5.366410E+01  9.975000E+01 -1.216576E+01
  9.620000E-01  5.369888E+01  9.986761E+01 -1.213259E+01
  9.640000E-01  5.373353E+01  9.998478E+01 -1.209896E+01
  9.660000E-01  5.376804E+01  1.001016E+02 -1.206490E+01
  9.680000E-01  5.380243E+01  1.002180E+02 -1.203043E+01
  9.700000E-01  5.383670E+01  1.003340E+02 -1.199555E+01
  9.720000E-01  5.387085E+01  1.004497E+02 -1.196028E+01
  9.740000E-01  5.390488E+01  1.005650E+02 -1.192464E+01
  9.760000E-01  5.393880E+01  1.006801E+02 -1.188864E+01
  9.780000E-01  5.397262E+01  1.007948E+02 -1.185228E+01
  9.800000E-01  5.400633E+01  1.009093E+02 -1.181558E+01
  9.820000E-01  5.403995E+01  1.010234E+02 -1.177854E+01
  9.840000E-01  5.407346E+01  1.011373E+02 -1.174118E+01
  9.860000E-01  5.410688E+01  1.012510E+02 -1.170351E+01
  9.880000E-01  5.414020E+01  1.013644E+02 -1.166552E+01
  9.900000E-01  5.417344E+01  1.014776E+02 -1.162724E+01
  9.920000E-01  5.420658E+01  1.015906E+02 -1.158867E+01
  9.940000E-01  5.423964E+01  1.017033E+02 -1.154980E+01
  9.960000E-01  5.427262E+01  1.018159E+02 -1.151066E+01
  9.980000E-01  5.430552E+01  1.019283E+02 -1.147124E+01
  1.000000E+00  5.433833E+01  1.020404E+02 -1.143155E+01
  1.002000E+00  5.437107E+01  1.021524E+02 -1.139160E+01
  1.004000E+00  5.440373E+01  1.022642E+02 -1.135139E+01
  1.006000E+00  5.443632E+01  1.023759E+02 -1.131092E+01
  1.008000E+00  5.446883E+01  1.024874E+02 -1.127020E+01
  1.010000E+00  5.450128E+01  1.025987E+02 -1.122923E+01
  1.012000E+00  5.453365E+01  1.027099E+02 -1.118802E+01
  1.014000E+00  5.456596E+01  1.028210E+02 -1.114657E+01
  1.016000E+00  5.459821E+01  1.029320E+02 -1.110487E+01
  1.018000E+00  5.463039E+01  1.030428E+02 -1.106294E+01
  1.020000E+00  5.466250E+01  1.031535E+02 -1.102077E+01
  1.022000E+00  5.469456E+01  1.032641E+02 -1.097836E+01
  1.024000E+00  5.472657E+01  1.033747E+02 -1.093572E+01
  1.026000E+00  5.475852E+01  1.034851E+02 -1.089283E+01
  1.028000E+00  5.479042E+01  1.035955E+02 -1.084970E+01
  1.030000E+00  5.482228E+01  1.037059E+02 -1.080629E+01
  1.032000E+00  5.485412E+01  1.038164E+02 -1.076254E+01
  1.034000E+00  5.488591E+01  1.039267E+02 -1.071858E+01
  1.036000E+00  5.491762E+01  1.040370E+02 -1.067446E+01
  1.038000E+00  5.494927E+01  1.041471E+02 -1.063017E+01
  1.040000E+00  5.498086E+01  1.042570E+02 -1.058573E+01
  1.042000E+00  5.501237E+01  1.043668E+02 -1.054113E+01
  1.044000E+00  5.504382E+01  1.044765E+02 -1.049638E+01
  1.046000E+00  5.507521E+01  1.045860E+02 -1.045147E+01
  1.048000E+00  5.510653E+01  1.046954E+02 -1.040642E+01
  1.050000E+00  5.513779E+01  1.048047E+02 -1.036122E+01
  1.052000E+00  5.516898E+01  1.049139E+02 -1.031587E+01
  1.054000E+00  5.520011E+01  1.050229E+02 -1.027039E+01
  1.056000E+00  5.523118E+01  1.051318E+02 -1.022476E+01
  1.058000E+00  5.526220E+01  1.052406E+02 -1.017900E+01
  1.060000E+00  5.529314E+01  1.053493E+02 -1.013310E+01
  1.062000E+00  5.532404E+01  1.054578E+02 -1.008706E+01
  1.064000E+00  5.535487E+01  1.055663E+02 -1.004090E+01
  1.066000E+00  5.538564E+01  1.056746E+02 -9.994599E+00
  1.068000E+00  5.541635E+01  1.057828E+02 -9.948173E+00
  1.070000E+00  5.544701E+01  1.058909E+02 -9.901620E+00
  1.072000E+00  5.547761E+01  1.059990E+02 -9.854942E+00
  1.074000E+00  5.550816E+01  1.061069E+02 -9.808140E+00
  1.076000E+00  5.553864E+01  1.062147E+02 -9.761216E+00
  1.078000E+00  5.556908E+01  1.063224E+02 -9.714171E+00
  1.080000E+00  5.559945E+01  1.064300E+02 -9.667007E+00
  1.082000E+00  5.562978E+01  1.065375E+02 -9.619726E+00
  1.084000E+00  5.566005E+01  1.066449E+02 -9.572328E+00
  1.086000E+00  5.569026E+01  1.067523E+02 -9.524816E+00
  1.088000E+00  5.572043E+01  1.068595E+02 -9.477190E+00
  1.090000E+00  5.575054E+01  1.069667E+02 -9.429452E+00
  1.092000E+00  5.578059E+01  1.070737E+02 -9.381603E+00
  1.094000E+00  5.581060E+01  1.071807E+02 -9.333644E+00
  1.096000E+00  5.584055E+01  1.072876E+02 -9.285578E+00
  1.098000E+00  5.587046E+01  1.073944E+02 -9.237404E+00
  1.100000E+00  5.590031E+01  1.075011E+02 -9.189124E+00
  1.102000E+00  5.593011E+01  1.076077E+02 -9.140739E+00
  1.104000E+00  5.595986E+01  1.077143E+02 -9.092251E+00
  1.106000E+00  5.598956E+01  1.078207E+02 -9.043660E+00
  1.108000E+00  5.601922E+01  1.079271E+02 -8.994967E+00
  1.110000E+00  5.604882E+01  1.080335E+02 -8.946174E+00
  1.112000E+00  5.607838E+01  1.081397E+02 -8.897282E+00
  1.114000E+00  5.610788E+01  1.082459E+02 -8.848292E+00
  1.116000E+00  5.613734E+01  1.083519E+02 -8.799204E+00
  1.118000E+00  5.616675E+01  1.084580E+02 -8.750020E+00
  1.120000E+00  5.619612E+01  1.085639E+02 -8.700740E+00
  1.122000E+00  5.622543E+01  1.086698E+02 -8.651366E+00
  1.124000E+00  5.625470E+01  1.087756E+02 -8.601898E+00
  1.126000E+00  5.628392E+01  1.088813E+02 -8.552338E+00
  1.128000E+00  5.631310E+01  1.089869E+02 -8.502686E+00
  1.130000E+00  5.634223E+01  1.090925E+02 -8.452943E+00
  1.132000E+00  5.637131E+01  1.091981E+02 -8.403110E+00
  1.134000E+00  5.640035E+01  1.093035E+02 -8.353188E+00
  1.136000E+00  5.642935E+01  1.094089E+02 -8.303178E+00
  1.138000E+00  5.645829E+01  1.095142E+02 -8.253080E+00
  1.140000E+00  5.648720E+01  1.096195E+02 -8.202896E+00
  1.142000E+00  5.651606E+01  1.097247E+02 -8.152625E+00
  1.144000E+00  5.654487E+01  1.098298E+02 -8.102270E+00
  1.146000E+00  5.657364E+01  1.099349E+02 -8.051830E+00
  1.148000E+00  5.660237E+01  1.100399E+02 -8.001306E+00
  1.150000E+00  5.663105E+01  1.101448E+02 -7.950699E+00
  1.152000E+00  5.665970E+01  1.102497E+02 -7.900011E+00
  1.154000E+00  5.668829E+01  1.103545E+02 -7.849240E+00
  1.156000E+00  5.671685E+01  1.104593E+02 -7.798389E+00
  1.158000E+00  5.674536E+01  1.105640E+02 -7.747458E+00
  1.160000E+00  5.677383E+01  1.106686E+02 -7.696448E+00
  1.162000E+00  5.680225E+01  1.107732E+02 -7.645359E+00
  1.164000E+00  5.683064E+01  1.108777E+02 -7.594191E+00
  1.166000E+00  5.685898E+01  1.109822E+02 -7.542947E+00
  1.168000E+00  5.688728E+01  1.110866E+02 -7.491625E+00
  1.170000E+00  5.691554E+01  1.111910E+02 -7.440228E+00
  1.172000E+00  5.694376E+01  1.112953E+02 -7.388755E+00
  1.174000E+00  5.697194E+01  1.113996E+02 -7.337207E+00
  1.176000E+00  5.700007E+01  1.115038E+02 -7.285584E+00
  1.178000E+00  5.702817E+01  1.116079E+02 -7.233888E+00
  1.180000E+00  5.705622E+01  1.117120E+02 -7.182119E+00
  1.182000E+00  5.708424E+01  1.118160E+02 -7.130278E+00
  1.184000E+00  5.711221E+01  1.119200E+02 -7.078364E+00
  1.186000E+00  5.714014E+01  1.120240E+02 -7.026379E+00
  1.188000E+00  5.716804E+01  1.121278E+02 -6.974323E+00
  1.190000E+00  5.719589E+01  1.122317E+02 -6.922197E+00
  1.192000E+00  5.722371E+01  1.123355E+02 -6.870002E+00
  1.194000E+00  5.725148E+01  1.124392E+02 -6.817737E+00
  1.196000E+00  5.727922E+01  1.125429E+02 -6.765403E+00
  1.198000E+00  5.730691E+01  1.126465E+02 -6.713001E+00
  1.200000E+00  5.733457E+01  1.127501E+02 -6.660532E+00
