  1.000000E-02  9.986145E-01  1.385479E-03  0.000000E+00  0.000000E+00  0.000000E+00  0.000000E+00  0.000000E+00  0.000000E+00  1.385479E-03  0.000000E+00
  1.200000E-02  9.982331E-01  1.766870E-03  0.000000E+00  0.000000E+00  0.000000E+00  0.000000E+00  0.000000E+00  0.000000E+00  1.766870E-03  0.000000E+00
  1.400000E-02  9.978289E-01  2.171109E-03  0.000000E+00  0.000000E+00  0.000000E+00  0.000000E+00  0.000000E+00  0.000000E+00  2.171109E-03  0.000000E+00
  1.600000E-02  9.974041E-01  2.595897E-03  0.000000E+00  0.000000E+00  0.000000E+00  0.000000E+00  0.000000E+00  0.000000E+00  2.595897E-03  0.000000E+00
  1.800000E-02  9.969606E-01  3.039361E-03  0.000000E+00  0.000000E+00  0.000000E+00  0.000000E+00  0.000000E+00  0.000000E+00  3.039361E-03  0.000000E+00
  2.000000E-02  9.965001E-01  3.499932E-03  0.000000E+00  0.000000E+00  0.000000E+00  0.000000E+00  0.000000E+00  0.000000E+00  3.499932E-03  0.000000E+00
  2.200000E-02  9.960237E-01  3.976267E-03  0.000000E+00  0.000000E+00  0.000000E+00  0.000000E+00  0.000000E+00  0.000000E+00  3.976267E-03  0.000000E+00
  2.400000E-02  9.955328E-01  4.467198E-03  0.000000E+00  0.000000E+00  0.000000E+00  0.000000E+00  0.000000E+00  0.000000E+00  4.467198E-03  0.000000E+00
  2.600000E-02  9.950283E-01  4.971699E-03  0.000000E+00  0.000000E+00  0.000000E+00  0.000000E+00  0.000000E+00  0.000000E+00  4.971699E-03  0.000000E+00
  2.800000E-02  9.945111E-01  5.488853E-03  0.000000E+00  0.000000E+00  0.000000E+00  0.000000E+00  0.000000E+00  0.000000E+00  5.488853E-03  0.000000E+00
  3.000000E-02  9.939822E-01  6.017840E-03  0.000000E+00  0.000000E+00  0.000000E+00  0.000000E+00  0.000000E+00  0.000000E+00  6.017840E-03  0.000000E+00
  3.200000E-02  9.934421E-01  6.557918E-03  0.000000E+00  0.000000E+00  0.000000E+00  0.000000E+00  0.000000E+00  0.000000E+00  6.557918E-03  0.000000E+00
  3.400000E-02  9.928916E-01  7.108410E-03  0.000000E+00  0.000000E+00  0.000000E+00  0.000000E+00  0.000000E+00  0.000000E+00  7.108410E-03  0.000000E+00
  3.600000E-02  9.923313E-01  7.668699E-03  0.000000E+00  0.000000E+00  0.000000E+00  0.000000E+00  0.000000E+00  0.000000E+00  7.668699E-03  0.000000E+00
  3.800000E-02  9.917618E-01  8.238218E-03  0.000000E+00  0.000000E+00  0.000000E+00  0.000000E+00  0.000000E+00  0.000000E+00  8.238218E-03  0.000000E+00
  4.000000E-02  9.911836E-01  8.816443E-03  0.000000E+00  0.000000E+00  0.000000E+00  0.000000E+00  0.000000E+00  0.000000E+00  8.816443E-03  0.000000E+00
  4.200000E-02  9.905971E-01  9.402890E-03  0.000000E+00  0.000000E+00  0.000000E+00  0.000000E+00  0.000000E+00  0.000000E+00  9.402890E-03  0.000000E+00
  4.400000E-02  9.900029E-01  9.997110E-03  0.000000E+00  0.000000E+00  0.000000E+00  0.000000E+00  0.000000E+00  0.000000E+00  9.997110E-03  0.000000E+00
  4.600000E-02  9.894013E-01  1.059869E-02  0.000000E+00  0.000000E+00  0.000000E+00  0.000000E+00  0.000000E+00  0.000000E+00  1.059869E-02  0.000000E+00
  4.800000E-02  9.887928E-01  1.120723E-02  0.000000E+00  0.000000E+00  0.000000E+00  0.000000E+00  0.000000E+00  0.000000E+00  1.120723E-02  0.000000E+00
  5.000000E-02  9.881776E-01  1.182237E-02  0.000000E+00  0.000000E+00  0.000000E+00  0.000000E+00  0.000000E+00  0.000000E+00  1.182237E-02  0.000000E+00
  5.200000E-02  9.875562E-01  1.244376E-02  0.000000E+00  0.000000E+00  0.000000E+00  0.000000E+00  0.000000E+00  0.000000E+00  1.244376E-02  0.000000E+00
  5.400000E-02  9.869289E-01  1.307110E-02  0.000000E+00  0.000000E+00  0.000000E+00  0.000000E+00  0.000000E+00  0.000000E+00  1.307110E-02  0.000000E+00
  5.600000E-02  9.862959E-01  1.370407E-02  0.000000E+00  0.000000E+00  0.000000E+00  0.000000E+00  0.000000E+00  0.000000E+00  1.370407E-02  0.000000E+00
  5.800000E-02  9.856576E-01  1.434240E-02  0.000000E+00  0.000000E+00  0.000000E+00  0.000000E+00  0.000000E+00  0.000000E+00  1.434240E-02  0.000000E+00
  6.000000E-02  9.850142E-01  1.498581E-02  0.000000E+00  0.000000E+00  0.000000E+00  0.000000E+00  0.000000E+00  0.000000E+00  1.498581E-02  0.000000E+00
  6.200000E-02  9.843659E-01  1.563405E-02  0.000000E+00  0.000000E+00  0.000000E+00  0.000000E+00  0.000000E+00  0.000000E+00  1.563405E-02  0.000000E+00
  6.400000E-02  9.837131E-01  1.628689E-02  0.000000E+00  0.000000E+00  0.000000E+00  0.000000E+00  0.000000E+00  0.000000E+00  1.628689E-02  0.000000E+00
  6.600000E-02  9.830559E-01  1.694410E-02  0.000000E+00  0.000000E+00  0.000000E+00  0.000000E+00  0.000000E+00  0.000000E+00  1.694410E-02  0.000000E+00
  6.800000E-02  9.823945E-01  1.760546E-02  0.000000E+00  0.000000E+00  0.000000E+00  0.000000E+00  0.000000E+00  0.000000E+00  1.760546E-02  0.000000E+00
  7.000000E-02  9.817292E-01  1.827077E-02  0.000000E+00  0.000000E+00  0.000000E+00  0.000000E+00  0.000000E+00  0.000000E+00  1.827077E-02  0.000000E+00
  7.200000E-02  9.810602E-01  1.893984E-02  0.000000E+00  0.000000E+00  0.000000E+00  0.000000E+00  0.000000E+00  0.000000E+00  1.893984E-02  0.000000E+00
  7.400000E-02  9.803875E-01  1.961249E-02  0.000000E+00  0.000000E+00  0.000000E+00  0.000000E+00  0.000000E+00  0.000000E+00  1.961249E-02  0.000000E+00
  7.600000E-02  9.797115E-01  2.028853E-02  0.000000E+00  0.000000E+00  0.000000E+00  0.000000E+00  0.000000E+00  0.000000E+00  2.028853E-02  0.000000E+00
  7.800000E-02  9.790322E-01  2.096782E-02  0.000000E+00  0.000000E+00  0.000000E+00  0.000000E+00  0.000000E+00  0.000000E+00  2.096782E-02  0.000000E+00
  8.000000E-02  9.783498E-01  2.165018E-02  0.000000E+00  0.000000E+00  0.000000E+00  0.000000E+00  0.000000E+00  0.000000E+00  2.165018E-02  0.000000E+00
  8.200000E-02  9.776645E-01  2.233547E-02  0.000000E+00  0.000000E+00  0.000000E+00  0.000000E+00  0.000000E+00  0.000000E+00  2.233547E-02  0.000000E+00
  8.400000E-02  9.769765E-01  2.302354E-02  0.000000E+00  0.000000E+00  0.000000E+00  0.000000E+00  0.000000E+00  0.000000E+00  2.302354E-02  0.000000E+00
  8.600000E-02  9.762857E-01  2.371425E-02  0.000000E+00  0.000000E+00  0.000000E+00  0.000000E+00  0.000000E+00  0.000000E+00  2.371425E-02  0.000000E+00
  8.800000E-02  9.755925E-01  2.440748E-02  0.000000E+00  0.000000E+00  0.000000E+00  0.000000E+00  0.000000E+00  0.000000E+00  2.440748E-02  0.000000E+00
  9.000000E-02  9.748969E-01  2.510310E-02  0.000000E+00  0.000000E+00  0.000000E+00  0.000000E+00  0.000000E+00  0.000000E+00  2.510310E-02  0.000000E+00
  9.200000E-02  9.741990E-01  2.580099E-02  0.000000E+00  0.000000E+00  0.000000E+00  0.000000E+00  0.000000E+00  0.000000E+00  2.580099E-02  0.000000E+00
  9.400000E-02  9.734990E-01  2.650102E-02  0.000000E+00  0.000000E+00  0.000000E+00  0.000000E+00  0.000000E+00  0.000000E+00  2.650102E-02  0.000000E+00
  9.600000E-02  9.727969E-01  2.720310E-02  0.000000E+00  0.000000E+00  0.000000E+00  0.000000E+00  0.000000E+00  0.000000E+00  2.720310E-02  0.000000E+00
  9.800000E-02  9.720929E-01  2.790711E-02  0.000000E+00  0.000000E+00  0.000000E+00  0.000000E+00  0.000000E+00  0.000000E+00  2.790711E-02  0.000000E+00
  1.000000E-01  9.713871E-01  2.861295E-02  0.000000E+00  0.000000E+00  0.000000E+00  0.000000E+00  0.000000E+00  0.000000E+00  2.861295E-02  0.000000E+00
  1.020000E-01  9.706795E-01  2.932052E-02  0.000000E+00  0.000000E+00  0.000000E+00  0.000000E+00  0.000000E+00  0.000000E+00  2.932052E-02  0.000000E+00
  1.040000E-01  9.699703E-01  3.002973E-02  0.000000E+00  0.000000E+00  0.000000E+00  0.000000E+00  0.000000E+00  0.000000E+00  3.002973E-02  0.000000E+00
  1.060000E-01  9.692595E-01  3.074049E-02  0.000000E+00  0.000000E+00  0.000000E+00  0.000000E+00  0.000000E+00  0.000000E+00  3.074049E-02  0.000000E+00
  1.080000E-01  9.685473E-01  3.145271E-02  0.000000E+00  0.000000E+00  0.000000E+00  0.000000E+00  0.000000E+00  0.000000E+00  3.145271E-02  0.000000E+00
  1.100000E-01  9.678337E-01  3.216630E-02  0.000000E+00  0.000000E+00  0.000000E+00  0.000000E+00  0.000000E+00  0.000000E+00  3.216630E-02  0.000000E+00
  1.120000E-01  9.671188E-01  3.288119E-02  0.000000E+00  0.000000E+00  0.000000E+00  0.000000E+00  0.000000E+00  0.000000E+00  3.288119E-02  0.000000E+00
  1.140000E-01  9.664027E-01  3.359729E-02  0.000000E+00  0.000000E+00  0.000000E+00  0.000000E+00  0.000000E+00  0.000000E+00  3.359729E-02  0.000000E+00
  1.160000E-01  9.656855E-01  3.431452E-02  0.000000E+00  0.000000E+00  0.000000E+00  0.000000E+00  0.000000E+00  0.000000E+00  3.431452E-02  0.000000E+00
  1.180000E-01  9.649672E-01  3.503282E-02  0.000000E+00  0.000000E+00  0.000000E+00  0.000000E+00  0.000000E+00  0.000000E+00  3.503282E-02  0.000000E+00
  1.200000E-01  9.642479E-01  3.575211E-02  0.000000E+00  0.000000E+00  0.000000E+00  0.000000E+00  0.000000E+00  0.000000E+00  3.575211E-02  0.000000E+00
  1.220000E-01  9.635277E-01  3.647232E-02  0.000000E+00  0.000000E+00  0.000000E+00  0.000000E+00  0.000000E+00  0.000000E+00  3.647232E-02  0.000000E+00
  1.240000E-01  9.628066E-01  3.719338E-02  0.000000E+00  0.000000E+00  0.000000E+00  0.000000E+00  0.000000E+00  0.000000E+00  3.719338E-02  0.000000E+00
  1.260000E-01  9.620848E-01  3.791523E-02  0.000000E+00  0.000000E+00  0.000000E+00  0.000000E+00  0.000000E+00  0.000000E+00  3.791523E-02  0.000000E+00
  1.280000E-01  9.613622E-01  3.863781E-02  0.000000E+00  0.000000E+00  0.000000E+00  0.000000E+00  0.000000E+00  0.000000E+00  3.863781E-02  0.000000E+00
  1.300000E-01  9.606389E-01  3.936106E-02  0.000000E+00  0.000000E+00  0.000000E+00  0.000000E+00  0.000000E+00  0.000000E+00  3.936106E-02  0.000000E+00
  1.320000E-01  9.598693E-01  4.013070E-02  0.000000E+00  0.000000E+00  0.000000E+00  0.000000E+00  0.000000E+00  0.000000E+00  4.006969E-02  6.100520E-05
  1.340000E-01  9.590005E-01  4.099950E-02  0.000000E+00  0.000000E+00  0.000000E+00  0.000000E+00  0.000000E+00  0.000000E+00  4.074513E-02  2.543611E-04
  1.360000E-01  9.580835E-01  4.191652E-02  0.000000E+00  0.000000E+00  0.000000E+00  0.000000E+00  0.000000E+00  0.000000E+00  4.140326E-02  5.132540E-04
  1.380000E-01  9.571333E-01  4.286672E-02  0.000000E+00  0.000000E+00  0.000000E+00  0.000000E+00  0.000000E+00  0.000000E+00  4.204854E-02  8.181777E-04
  1.400000E-01  9.561579E-01  4.384207E-02  0.000000E+00  0.000000E+00  0.000000E+00  0.000000E+00  0.000000E+00  0.000000E+00  4.268327E-02  1.158805E-03
  1.420000E-01  9.551627E-01  4.483732E-02  0.000000E+00  0.000000E+00  0.000000E+00  0.000000E+00  0.000000E+00  0.000000E+00  4.330889E-02  1.528423E-03
  1.440000E-01  9.541513E-01  4.584868E-02  0.000000E+00  0.000000E+00  0.000000E+00  0.000000E+00  0.000000E+00  0.000000E+00  4.392646E-02  1.922220E-03
  1.460000E-01  9.531267E-01  4.687326E-02  0.000000E+00  0.000000E+00  0.000000E+00  0.000000E+00  0.000000E+00  0.000000E+00  4.453673E-02  2.336534E-03
  1.480000E-01  9.520912E-01  4.790878E-02  0.000000E+00  0.000000E+00  0.000000E+00  0.000000E+00  0.000000E+00  0.000000E+00  4.514031E-02  2.768471E-03
  1.500000E-01  9.510466E-01  4.895338E-02  0.000000E+00  0.000000E+00  0.000000E+00  0.000000E+00  0.000000E+00  0.000000E+00  4.573770E-02  3.215679E-03
  1.520000E-01  9.499945E-01  5.000551E-02  0.000000E+00  0.000000E+00  0.000000E+00  0.000000E+00  0.000000E+00  0.000000E+00  4.632931E-02  3.676203E-03
  1.540000E-01  9.489361E-01  5.106385E-02  0.000000E+00  0.000000E+00  0.000000E+00  0.000000E+00  0.000000E+00  0.000000E+00  4.691546E-02  4.148393E-03
  1.560000E-01  9.478727E-01  5.212730E-02  0.000000E+00  0.000000E+00  0.000000E+00  0.000000E+00  0.000000E+00  0.000000E+00  4.749646E-02  4.630841E-03
  1.580000E-01  9.468051E-01  5.319489E-02  0.000000E+00  0.000000E+00  0.000000E+00  0.000000E+00  0.000000E+00  0.000000E+00  4.807256E-02  5.122329E-03
  1.600000E-01  9.457342E-01  5.426577E-02  0.000000E+00  0.000000E+00  0.000000E+00  0.000000E+00  0.000000E+00  0.000000E+00  4.864398E-02  5.621794E-03
  1.620000E-01  9.446608E-01  5.533921E-02  0.000000E+00  0.000000E+00  0.000000E+00  0.000000E+00  0.000000E+00  0.000000E+00  4.921091E-02  6.128306E-03
  1.640000E-01  9.435854E-01  5.641456E-02  0.000000E+00  0.000000E+00  0.000000E+00  0.000000E+00  0.000000E+00  0.000000E+00  4.977352E-02  6.641040E-03
  1.660000E-01  9.425088E-01  5.749124E-02  0.000000E+00  0.000000E+00  0.000000E+00  0.000000E+00  0.000000E+00  0.000000E+00  5.033198E-02  7.159266E-03
  1.680000E-01  9.414313E-01  5.856874E-02  0.000000E+00  0.000000E+00  0.000000E+00  0.000000E+00  0.000000E+00  0.000000E+00  5.088641E-02  7.682330E-03
  1.700000E-01  9.403534E-01  5.964659E-02  0.000000E+00  0.000000E+00  0.000000E+00  0.000000E+00  0.000000E+00  0.000000E+00  5.143695E-02  8.209647E-03
  1.720000E-01  9.392756E-01  6.072439E-02  0.000000E+00  0.000000E+00  0.000000E+00  0.000000E+00  0.000000E+00  0.000000E+00  5.198370E-02  8.740690E-03
  1.740000E-01  9.381982E-01  6.180176E-02  0.000000E+00  0.000000E+00  0.000000E+00  0.000000E+00  0.000000E+00  0.000000E+00  5.252678E-02  9.274983E-03
  1.760000E-01  9.371216E-01  6.287836E-02  0.000000E+00  0.000000E+00  0.000000E+00  0.000000E+00  0.000000E+00  0.000000E+00  5.306627E-02  9.812096E-03
  1.780000E-01  9.360461E-01  6.395390E-02  0.000000E+00  0.000000E+00  0.000000E+00  0.000000E+00  0.000000E+00  0.000000E+00  5.360226E-02  1.035164E-02
  1.800000E-01  9.349719E-01  6.502810E-02  0.000000E+00  0.000000E+00  0.000000E+00  0.000000E+00  0.000000E+00  0.000000E+00  5.413484E-02  1.089325E-02
  1.820000E-01  9.338993E-01  6.610070E-02  0.000000E+00  0.000000E+00  0.000000E+00  0.000000E+00  0.000000E+00  0.000000E+00  5.466408E-02  1.143662E-02
  1.840000E-01  9.328285E-01  6.717148E-02  0.000000E+00  0.000000E+00  0.000000E+00  0.000000E+00  0.000000E+00  0.000000E+00  5.519005E-02  1.198143E-02
  1.860000E-01  9.317598E-01  6.824023E-02  0.000000E+00  0.000000E+00  0.000000E+00  0.000000E+00  0.000000E+00  0.000000E+00  5.571280E-02  1.252743E-02
  1.880000E-01  9.306932E-01  6.930676E-02  0.000000E+00  0.000000E+00  0.000000E+00  0.000000E+00  0.000000E+00  0.000000E+00  5.623241E-02  1.307435E-02
  1.900000E-01  9.296291E-01  7.037090E-02  0.000000E+00  0.000000E+00  0.000000E+00  0.000000E+00  0.000000E+00  0.000000E+00  5.674892E-02  1.362198E-02
  1.920000E-01  9.285675E-01  7.143249E-02  0.000000E+00  0.000000E+00  0.000000E+00  0.000000E+00  0.000000E+00  0.000000E+00  5.726239E-02  1.417010E-02
  1.940000E-01  9.275086E-01  7.249138E-02  0.000000E+00  0.000000E+00  0.000000E+00  0.000000E+00  0.000000E+00  0.000000E+00  5.777286E-02  1.471852E-02
  1.960000E-01  9.264526E-01  7.354744E-02  0.000000E+00  0.000000E+00  0.000000E+00  0.000000E+00  0.000000E+00  0.000000E+00  5.828039E-02  1.526705E-02
  1.980000E-01  9.253994E-01  7.460056E-02  0.000000E+00  0.000000E+00  0.000000E+00  0.000000E+00  0.000000E+00  0.000000E+00  5.878501E-02  1.581554E-02
  2.000000E-01  9.243494E-01  7.565060E-02  0.000000E+00  0.000000E+00  0.000000E+00  0.000000E+00  0.000000E+00  0.000000E+00  5.928677E-02  1.636383E-02
  2.020000E-01  9.233025E-01  7.669749E-02  0.000000E+00  0.000000E+00  0.000000E+00  0.000000E+00  0.000000E+00  0.000000E+00  5.978571E-02  1.691178E-02
  2.040000E-01  9.222589E-01  7.774111E-02  0.000000E+00  0.000000E+00  0.000000E+00  0.000000E+00  0.000000E+00  0.000000E+00  6.028185E-02  1.745925E-02
  2.060000E-01  9.212186E-01  7.878138E-02  0.000000E+00  0.000000E+00  0.000000E+00  0.000000E+00  0.000000E+00  0.000000E+00  6.077524E-02  1.800614E-02
  2.080000E-01  9.201818E-01  7.981822E-02  0.000000E+00  0.000000E+00  0.000000E+00  0.000000E+00  0.000000E+00  0.000000E+00  6.126591E-02  1.855231E-02
  2.100000E-01  9.191484E-01  8.085157E-02  0.000000E+00  0.000000E+00  0.000000E+00  0.000000E+00  0.000000E+00  0.000000E+00  6.175388E-02  1.909768E-02
  2.120000E-01  9.181187E-01  8.188134E-02  0.000000E+00  0.000000E+00  0.000000E+00  0.000000E+00  0.000000E+00  0.000000E+00  6.223920E-02  1.964214E-02
  2.140000E-01  9.170925E-01  8.290748E-02  0.000000E+00  0.000000E+00  0.000000E+00  0.000000E+00  0.000000E+00  0.000000E+00  6.272188E-02  2.018560E-02
  2.160000E-01  9.160701E-01  8.392994E-02  0.000000E+00  0.000000E+00  0.000000E+00  0.000000E+00  0.000000E+00  0.000000E+00  6.320195E-02  2.072799E-02
  2.180000E-01  9.150513E-01  8.494865E-02  0.000000E+00  0.000000E+00  0.000000E+00  0.000000E+00  0.000000E+00  0.000000E+00  6.367944E-02  2.126921E-02
  2.200000E-01  9.140364E-01  8.596358E-02  0.000000E+00  0.000000E+00  0.000000E+00  0.000000E+00  0.000000E+00  0.000000E+00  6.415438E-02  2.180920E-02
  2.220000E-01  9.130253E-01  8.697467E-02  0.000000E+00  0.000000E+00  0.000000E+00  0.000000E+00  0.000000E+00  0.000000E+00  6.462678E-02  2.234790E-02
  2.240000E-01  9.120181E-01  8.798190E-02  0.000000E+00  0.000000E+00  0.000000E+00  0.000000E+00  0.000000E+00  0.000000E+00  6.509667E-02  2.288523E-02
  2.260000E-01  9.110148E-01  8.898521E-02  0.000000E+00  0.000000E+00  0.000000E+00  0.000000E+00  0.000000E+00  0.000000E+00  6.556407E-02  2.342114E-02
  2.280000E-01  9.100154E-01  8.998459E-02  0.000000E+00  0.000000E+00  0.000000E+00  0.000000E+00  0.000000E+00  0.000000E+00  6.602900E-02  2.395558E-02
  2.300000E-01  9.090200E-01  9.097999E-02  0.000000E+00  0.000000E+00  0.000000E+00  0.000000E+00  0.000000E+00  0.000000E+00  6.649149E-02  2.448850E-02
  2.320000E-01  9.080286E-01  9.197139E-02  0.000000E+00  0.000000E+00  0.000000E+00  0.000000E+00  0.000000E+00  0.000000E+00  6.695154E-02  2.501985E-02
  2.340000E-01  9.070412E-01  9.295876E-02  0.000000E+00  0.000000E+00  0.000000E+00  0.000000E+00  0.000000E+00  0.000000E+00  6.740919E-02  2.554958E-02
  2.360000E-01  9.060579E-01  9.394209E-02  0.000000E+00  0.000000E+00  0.000000E+00  0.000000E+00  0.000000E+00  0.000000E+00  6.786444E-02  2.607765E-02
  2.380000E-01  9.050786E-01  9.492135E-02  0.000000E+00  0.000000E+00  0.000000E+00  0.000000E+00  0.000000E+00  0.000000E+00  6.831732E-02  2.660403E-02
  2.400000E-01  9.041035E-01  9.589652E-02  0.000000E+00  0.000000E+00  0.000000E+00  0.000000E+00  0.000000E+00  0.000000E+00  6.876784E-02  2.712868E-02
  2.420000E-01  9.031324E-01  9.686759E-02  0.000000E+00  0.000000E+00  0.000000E+00  0.000000E+00  0.000000E+00  0.000000E+00  6.921602E-02  2.765157E-02
  2.440000E-01  9.021655E-01  9.783454E-02  0.000000E+00  0.000000E+00  0.000000E+00  0.000000E+00  0.000000E+00  0.000000E+00  6.966187E-02  2.817267E-02
  2.460000E-01  9.012026E-01  9.879736E-02  0.000000E+00  0.000000E+00  0.000000E+00  0.000000E+00  0.000000E+00  0.000000E+00  7.010541E-02  2.869195E-02
  2.480000E-01  9.002440E-01  9.975604E-02  0.000000E+00  0.000000E+00  0.000000E+00  0.000000E+00  0.000000E+00  0.000000E+00  7.054666E-02  2.920938E-02
  2.500000E-01  8.992894E-01  1.007106E-01  0.000000E+00  0.000000E+00  0.000000E+00  0.000000E+00  0.000000E+00  0.000000E+00  7.098562E-02  2.972494E-02
  2.520000E-01  8.983391E-01  1.016609E-01  0.000000E+00  0.000000E+00  0.000000E+00  0.000000E+00  0.000000E+00  0.000000E+00  7.142232E-02  3.023861E-02
  2.540000E-01  8.973929E-01  1.026071E-01  0.000000E+00  0.000000E+00  0.000000E+00  0.000000E+00  0.000000E+00  0.000000E+00  7.185677E-02  3.075036E-02
  2.560000E-01  8.964508E-01  1.035492E-01  0.000000E+00  0.000000E+00  0.000000E+00  0.000000E+00  0.000000E+00  0.000000E+00  7.228898E-02  3.126018E-02
  2.580000E-01  8.955130E-01  1.044870E-01  0.000000E+00  0.000000E+00  0.000000E+00  0.000000E+00  0.000000E+00  0.000000E+00  7.271896E-02  3.176805E-02
  2.600000E-01  8.945793E-01  1.054207E-01  0.000000E+00  0.000000E+00  0.000000E+00  0.000000E+00  0.000000E+00  0.000000E+00  7.314673E-02  3.227395E-02
  2.620000E-01  8.936498E-01  1.063502E-01  0.000000E+00  0.000000E+00  0.000000E+00  0.000000E+00  0.000000E+00  0.000000E+00  7.357230E-02  3.277787E-02
  2.640000E-01  8.927245E-01  1.072755E-01  0.000000E+00  0.000000E+00  0.000000E+00  0.000000E+00  0.000000E+00  0.000000E+00  7.399568E-02  3.327979E-02
  2.660000E-01  8.918034E-01  1.081966E-01  0.000000E+00  0.000000E+00  0.000000E+00  0.000000E+00  0.000000E+00  0.000000E+00  7.441688E-02  3.377971E-02
  2.680000E-01  8.908865E-01  1.091135E-01  0.000000E+00  0.000000E+00  0.000000E+00  0.000000E+00  0.000000E+00  0.000000E+00  7.483592E-02  3.427760E-02
  2.700000E-01  8.899737E-01  1.100263E-01  0.000000E+00  0.000000E+00  0.000000E+00  0.000000E+00  0.000000E+00  0.000000E+00  7.525281E-02  3.477346E-02
  2.720000E-01  8.890652E-01  1.109348E-01  0.000000E+00  0.000000E+00  0.000000E+00  0.000000E+00  0.000000E+00  0.000000E+00  7.566756E-02  3.526729E-02
  2.740000E-01  8.881608E-01  1.118392E-01  0.000000E+00  0.000000E+00  0.000000E+00  0.000000E+00  0.000000E+00  0.000000E+00  7.608018E-02  3.575906E-02
  2.760000E-01  8.872605E-01  1.127395E-01  0.000000E+00  0.000000E+00  0.000000E+00  0.000000E+00  0.000000E+00  0.000000E+00  7.649068E-02  3.624878E-02
  2.780000E-01  8.863645E-01  1.136355E-01  0.000000E+00  0.000000E+00  0.000000E+00  0.000000E+00  0.000000E+00  0.000000E+00  7.689907E-02  3.673643E-02
  2.800000E-01  8.854726E-01  1.145274E-01  0.000000E+00  0.000000E+00  0.000000E+00  0.000000E+00  0.000000E+00  0.000000E+00  7.730536E-02  3.722202E-02
  2.820000E-01  8.845849E-01  1.154151E-01  0.000000E+00  0.000000E+00  0.000000E+00  0.000000E+00  0.000000E+00  0.000000E+00  7.770958E-02  3.770553E-02
  2.840000E-01  8.837013E-01  1.162987E-01  0.000000E+00  0.000000E+00  0.000000E+00  0.000000E+00  0.000000E+00  0.000000E+00  7.811171E-02  3.818696E-02
  2.860000E-01  8.828219E-01  1.171781E-01  0.000000E+00  0.000000E+00  0.000000E+00  0.000000E+00  0.000000E+00  0.000000E+00  7.851178E-02  3.866631E-02
  2.880000E-01  8.819466E-01  1.180534E-01  0.000000E+00  0.000000E+00  0.000000E+00  0.000000E+00  0.000000E+00  0.000000E+00  7.890980E-02  3.914358E-02
  2.900000E-01  8.810755E-01  1.189245E-01  0.000000E+00  0.000000E+00  0.000000E+00  0.000000E+00  0.000000E+00  0.000000E+00  7.930577E-02  3.961876E-02
  2.920000E-01  8.802085E-01  1.197915E-01  0.000000E+00  0.000000E+00  0.000000E+00  0.000000E+00  0.000000E+00  0.000000E+00  7.969971E-02  4.009184E-02
  2.940000E-01  8.793455E-01  1.206545E-01  0.000000E+00  0.000000E+00  0.000000E+00  0.000000E+00  0.000000E+00  0.000000E+00  8.009162E-02  4.056283E-02
  2.960000E-01  8.784867E-01  1.215133E-01  0.000000E+00  0.000000E+00  0.000000E+00  0.000000E+00  0.000000E+00  0.000000E+00  8.048152E-02  4.103173E-02
  2.980000E-01  8.776320E-01  1.223680E-01  0.000000E+00  0.000000E+00  0.000000E+00  0.000000E+00  0.000000E+00  0.000000E+00  8.086942E-02  4.149854E-02
  3.000000E-01  8.767814E-01  1.232186E-01  0.000000E+00  0.000000E+00  0.000000E+00  0.000000E+00  0.000000E+00  0.000000E+00  8.125532E-02  4.196325E-02
  3.020000E-01  8.759349E-01  1.240651E-01  0.000000E+00  0.000000E+00  0.000000E+00  0.000000E+00  0.000000E+00  0.000000E+00  8.163923E-02  4.242587E-02
  3.040000E-01  8.750924E-01  1.249076E-01  0.000000E+00  0.000000E+00  0.000000E+00  0.000000E+00  0.000000E+00  0.000000E+00  8.202117E-02  4.288640E-02
  3.060000E-01  8.742540E-01  1.257460E-01  0.000000E+00  0.000000E+00  0.000000E+00  0.000000E+00  0.000000E+00  0.000000E+00  8.240114E-02  4.334484E-02
  3.080000E-01  8.734197E-01  1.265803E-01  0.000000E+00  0.000000E+00  0.000000E+00  0.000000E+00  0.000000E+00  0.000000E+00  8.277916E-02  4.380118E-02
  3.100000E-01  8.725893E-01  1.274107E-01  0.000000E+00  0.000000E+00  0.000000E+00  0.000000E+00  0.000000E+00  0.000000E+00  8.315522E-02  4.425544E-02
  3.120000E-01  8.717630E-01  1.282370E-01  0.000000E+00  0.000000E+00  0.000000E+00  0.000000E+00  0.000000E+00  0.000000E+00  8.352935E-02  4.470761E-02
  3.140000E-01  8.709407E-01  1.290593E-01  0.000000E+00  0.000000E+00  0.000000E+00  0.000000E+00  0.000000E+00  0.000000E+00  8.390155E-02  4.515770E-02
  3.160000E-01  8.701225E-01  1.298775E-01  0.000000E+00  0.000000E+00  0.000000E+00  0.000000E+00  0.000000E+00  0.000000E+00  8.427183E-02  4.560571E-02
  3.180000E-01  8.693082E-01  1.306918E-01  0.000000E+00  0.000000E+00  0.000000E+00  0.000000E+00  0.000000E+00  0.000000E+00  8.464020E-02  4.605165E-02
  3.200000E-01  8.684978E-01  1.315022E-01  0.000000E+00  0.000000E+00  0.000000E+00  0.000000E+00  0.000000E+00  0.000000E+00  8.500667E-02  4.649551E-02
  3.220000E-01  8.676915E-01  1.323085E-01  0.000000E+00  0.000000E+00  0.000000E+00  0.000000E+00  0.000000E+00  0.000000E+00  8.537124E-02  4.693730E-02
  3.240000E-01  8.668890E-01  1.331110E-01  0.000000E+00  0.000000E+00  0.000000E+00  0.000000E+00  0.000000E+00  0.000000E+00  8.573393E-02  4.737702E-02
  3.260000E-01  8.660906E-01  1.339094E-01  0.000000E+00  0.000000E+00  0.000000E+00  0.000000E+00  0.000000E+00  0.000000E+00  8.609475E-02  4.781468E-02
  3.280000E-01  8.652960E-01  1.347040E-01  0.000000E+00  0.000000E+00  0.000000E+00  0.000000E+00  0.000000E+00  0.000000E+00  8.645370E-02  4.825029E-02
  3.300000E-01  8.645054E-01  1.354946E-01  0.000000E+00  0.000000E+00  0.000000E+00  0.000000E+00  0.000000E+00  0.000000E+00  8.681079E-02  4.868384E-02
  3.320000E-01  8.637186E-01  1.362814E-01  0.000000E+00  0.000000E+00  0.000000E+00  0.000000E+00  0.000000E+00  0.000000E+00  8.716603E-02  4.911535E-02
  3.340000E-01  8.629358E-01  1.370642E-01  0.000000E+00  0.000000E+00  0.000000E+00  0.000000E+00  0.000000E+00  0.000000E+00  8.751943E-02  4.954481E-02
  3.360000E-01  8.621568E-01  1.378432E-01  0.000000E+00  0.000000E+00  0.000000E+00  0.000000E+00  0.000000E+00  0.000000E+00  8.787100E-02  4.997224E-02
  3.380000E-01  8.613816E-01  1.386184E-01  0.000000E+00  0.000000E+00  0.000000E+00  0.000000E+00  0.000000E+00  0.000000E+00  8.822075E-02  5.039764E-02
  3.400000E-01  8.606103E-01  1.393897E-01  0.000000E+00  0.000000E+00  0.000000E+00  0.000000E+00  0.000000E+00  0.000000E+00  8.856869E-02  5.082101E-02
  3.420000E-01  8.598428E-01  1.401572E-01  0.000000E+00  0.000000E+00  0.000000E+00  0.000000E+00  0.000000E+00  0.000000E+00  8.891482E-02  5.124236E-02
  3.440000E-01  8.590791E-01  1.409209E-01  0.000000E+00  0.000000E+00  0.000000E+00  0.000000E+00  0.000000E+00  0.000000E+00  8.925916E-02  5.166169E-02
  3.460000E-01  8.583193E-01  1.416807E-01  0.000000E+00  0.000000E+00  0.000000E+00  0.000000E+00  0.000000E+00  0.000000E+00  8.960170E-02  5.207902E-02
  3.480000E-01  8.575632E-01  1.424368E-01  0.000000E+00  0.000000E+00  0.000000E+00  0.000000E+00  0.000000E+00  0.000000E+00  8.994247E-02  5.249435E-02
  3.500000E-01  8.568109E-01  1.431891E-01  0.000000E+00  0.000000E+00  0.000000E+00  0.000000E+00  0.000000E+00  0.000000E+00  9.028147E-02  5.290768E-02
  3.520000E-01  8.560623E-01  1.439377E-01  0.000000E+00  0.000000E+00  0.000000E+00  0.000000E+00  0.000000E+00  0.000000E+00  9.061870E-02  5.331902E-02
  3.540000E-01  8.553174E-01  1.446826E-01  0.000000E+00  0.000000E+00  0.000000E+00  0.000000E+00  0.000000E+00  0.000000E+00  9.095419E-02  5.372838E-02
  3.560000E-01  8.545763E-01  1.454237E-01  0.000000E+00  0.000000E+00  0.000000E+00  0.000000E+00  0.000000E+00  0.000000E+00  9.128792E-02  5.413576E-02
  3.580000E-01  8.538389E-01  1.461611E-01  0.000000E+00  0.000000E+00  0.000000E+00  0.000000E+00  0.000000E+00  0.000000E+00  9.161992E-02  5.454118E-02
  3.600000E-01  8.531052E-01  1.468948E-01  0.000000E+00  0.000000E+00  0.000000E+00  0.000000E+00  0.000000E+00  0.000000E+00  9.195019E-02  5.494463E-02
  3.620000E-01  8.523751E-01  1.476249E-01  0.000000E+00  0.000000E+00  0.000000E+00  0.000000E+00  0.000000E+00  0.000000E+00  9.227875E-02  5.534613E-02
  3.640000E-01  8.516487E-01  1.483513E-01  0.000000E+00  0.000000E+00  0.000000E+00  0.000000E+00  0.000000E+00  0.000000E+00  9.260559E-02  5.574568E-02
  3.660000E-01  8.509260E-01  1.490740E-01  0.000000E+00  0.000000E+00  0.000000E+00  0.000000E+00  0.000000E+00  0.000000E+00  9.293072E-02  5.614329E-02
  3.680000E-01  8.502069E-01  1.497931E-01  0.000000E+00  0.000000E+00  0.000000E+00  0.000000E+00  0.000000E+00  0.000000E+00  9.325417E-02  5.653897E-02
  3.700000E-01  8.494914E-01  1.505086E-01  0.000000E+00  0.000000E+00  0.000000E+00  0.000000E+00  0.000000E+00  0.000000E+00  9.357592E-02  5.693273E-02
  3.720000E-01  8.487794E-01  1.512206E-01  0.000000E+00  0.000000E+00  0.000000E+00  0.000000E+00  0.000000E+00  0.000000E+00  9.389600E-02  5.732456E-02
  3.740000E-01  8.480711E-01  1.519289E-01  0.000000E+00  0.000000E+00  0.000000E+00  0.000000E+00  0.000000E+00  0.000000E+00  9.421441E-02  5.771448E-02
  3.760000E-01  8.473663E-01  1.526337E-01  0.000000E+00  0.000000E+00  0.000000E+00  0.000000E+00  0.000000E+00  0.000000E+00  9.453116E-02  5.810250E-02
  3.780000E-01  8.466651E-01  1.533349E-01  0.000000E+00  0.000000E+00  0.000000E+00  0.000000E+00  0.000000E+00  0.000000E+00  9.484625E-02  5.848863E-02
  3.800000E-01  8.459674E-01  1.540326E-01  0.000000E+00  0.000000E+00  0.000000E+00  0.000000E+00  0.000000E+00  0.000000E+00  9.515970E-02  5.887287E-02
  3.820000E-01  8.452733E-01  1.547267E-01  0.000000E+00  0.000000E+00  0.000000E+00  0.000000E+00  0.000000E+00  0.000000E+00  9.547152E-02  5.925522E-02
  3.840000E-01  8.445826E-01  1.554174E-01  0.000000E+00  0.000000E+00  0.000000E+00  0.000000E+00  0.000000E+00  0.000000E+00  9.578170E-02  5.963571E-02
  3.860000E-01  8.438954E-01  1.561046E-01  0.000000E+00  0.000000E+00  0.000000E+00  0.000000E+00  0.000000E+00  0.000000E+00  9.609027E-02  6.001433E-02
  3.880000E-01  8.432117E-01  1.567883E-01  0.000000E+00  0.000000E+00  0.000000E+00  0.000000E+00  0.000000E+00  0.000000E+00  9.639722E-02  6.039109E-02
  3.900000E-01  8.425314E-01  1.574686E-01  0.000000E+00  0.000000E+00  0.000000E+00  0.000000E+00  0.000000E+00  0.000000E+00  9.670257E-02  6.076601E-02
  3.920000E-01  8.418546E-01  1.581454E-01  0.000000E+00  0.000000E+00  0.000000E+00  0.000000E+00  0.000000E+00  0.000000E+00  9.700632E-02  6.113909E-02
  3.940000E-01  8.411812E-01  1.588188E-01  0.000000E+00  0.000000E+00  0.000000E+00  0.000000E+00  0.000000E+00  0.000000E+00  9.730849E-02  6.151033E-02
  3.960000E-01  8.405112E-01  1.594888E-01  0.000000E+00  0.000000E+00  0.000000E+00  0.000000E+00  0.000000E+00  0.000000E+00  9.760907E-02  6.187975E-02
  3.980000E-01  8.398446E-01  1.601554E-01  0.000000E+00  0.000000E+00  0.000000E+00  0.000000E+00  0.000000E+00  0.000000E+00  9.790809E-02  6.224735E-02
  4.000000E-01  8.391813E-01  1.608187E-01  0.000000E+00  0.000000E+00  0.000000E+00  0.000000E+00  0.000000E+00  0.000000E+00  9.820554E-02  6.261315E-02
  4.020000E-01  8.385214E-01  1.614786E-01  0.000000E+00  0.000000E+00  0.000000E+00  0.000000E+00  0.000000E+00  0.000000E+00  9.850143E-02  6.297714E-02
  4.040000E-01  8.378649E-01  1.621351E-01  0.000000E+00  0.000000E+00  0.000000E+00  0.000000E+00  0.000000E+00  0.000000E+00  9.879578E-02  6.333935E-02
  4.060000E-01  8.372116E-01  1.627884E-01  0.000000E+00  0.000000E+00  0.000000E+00  0.000000E+00  0.000000E+00  0.000000E+00  9.908859E-02  6.369977E-02
  4.080000E-01  8.365617E-01  1.634383E-01  0.000000E+00  0.000000E+00  0.000000E+00  0.000000E+00  0.000000E+00  0.000000E+00  9.937987E-02  6.405841E-02
  4.100000E-01  8.359151E-01  1.640849E-01  0.000000E+00  0.000000E+00  0.000000E+00  0.000000E+00  0.000000E+00  0.000000E+00  9.966962E-02  6.441529E-02
  4.120000E-01  8.352717E-01  1.647283E-01  0.000000E+00  0.000000E+00  0.000000E+00  0.000000E+00  0.000000E+00  0.000000E+00  9.995786E-02  6.477041E-02
  4.140000E-01  8.346316E-01  1.653684E-01  0.000000E+00  0.000000E+00  0.000000E+00  0.000000E+00  0.000000E+00  0.000000E+00  1.002446E-01  6.512378E-02
  4.160000E-01  8.339948E-01  1.660052E-01  0.000000E+00  0.000000E+00  0.000000E+00  0.000000E+00  0.000000E+00  0.000000E+00  1.005298E-01  6.547541E-02
  4.180000E-01  8.333611E-01  1.666389E-01  0.000000E+00  0.000000E+00  0.000000E+00  0.000000E+00  0.000000E+00  0.000000E+00  1.008136E-01  6.582530E-02
  4.200000E-01  8.327307E-01  1.672693E-01  0.000000E+00  0.000000E+00  0.000000E+00  0.000000E+00  0.000000E+00  0.000000E+00  1.010958E-01  6.617347E-02
  4.220000E-01  8.321035E-01  1.678965E-01  0.000000E+00  0.000000E+00  0.000000E+00  0.000000E+00  0.000000E+00  0.000000E+00  1.013766E-01  6.651992E-02
  4.240000E-01  8.314794E-01  1.685206E-01  0.000000E+00  0.000000E+00  0.000000E+00  0.000000E+00  0.000000E+00  0.000000E+00  1.016559E-01  6.686466E-02
  4.260000E-01  8.308585E-01  1.691415E-01  0.000000E+00  0.000000E+00  0.000000E+00  0.000000E+00  0.000000E+00  0.000000E+00  1.019338E-01  6.720770E-02
  4.280000E-01  8.302408E-01  1.697592E-01  0.000000E+00  0.000000E+00  0.000000E+00  0.000000E+00  0.000000E+00  0.000000E+00  1.022102E-01  6.754905E-02
  4.300000E-01  8.296261E-01  1.703739E-01  0.000000E+00  0.000000E+00  0.000000E+00  0.000000E+00  0.000000E+00  0.000000E+00  1.024851E-01  6.788872E-02
  4.320000E-01  8.290146E-01  1.709854E-01  0.000000E+00  0.000000E+00  0.000000E+00  0.000000E+00  0.000000E+00  0.000000E+00  1.027587E-01  6.822671E-02
  4.340000E-01  8.284062E-01  1.715938E-01  0.000000E+00  0.000000E+00  0.000000E+00  0.000000E+00  0.000000E+00  0.000000E+00  1.030307E-01  6.856303E-02
  4.360000E-01  8.278009E-01  1.721991E-01  0.000000E+00  0.000000E+00  0.000000E+00  0.000000E+00  0.000000E+00  0.000000E+00  1.033014E-01  6.889769E-02
  4.380000E-01  8.271986E-01  1.728014E-01  0.000000E+00  0.000000E+00  0.000000E+00  0.000000E+00  0.000000E+00  0.000000E+00  1.035707E-01  6.923071E-02
  4.400000E-01  8.265994E-01  1.734006E-01  0.000000E+00  0.000000E+00  0.000000E+00  0.000000E+00  0.000000E+00  0.000000E+00  1.038385E-01  6.956208E-02
  4.420000E-01  8.260032E-01  1.739968E-01  0.000000E+00  0.000000E+00  0.000000E+00  0.000000E+00  0.000000E+00  0.000000E+00  1.041050E-01  6.989182E-02
  4.440000E-01  8.254100E-01  1.745900E-01  0.000000E+00  0.000000E+00  0.000000E+00  0.000000E+00  0.000000E+00  0.000000E+00  1.043700E-01  7.021993E-02
  4.460000E-01  8.248199E-01  1.751801E-01  0.000000E+00  0.000000E+00  0.000000E+00  0.000000E+00  0.000000E+00  0.000000E+00  1.046337E-01  7.054642E-02
  4.480000E-01  8.242327E-01  1.757673E-01  0.000000E+00  0.000000E+00  0.000000E+00  0.000000E+00  0.000000E+00  0.000000E+00  1.048960E-01  7.087130E-02
  4.500000E-01  8.236485E-01  1.763515E-01  0.000000E+00  0.000000E+00  0.000000E+00  0.000000E+00  0.000000E+00  0.000000E+00  1.051569E-01  7.119459E-02
  4.520000E-01  8.230672E-01  1.769328E-01  0.000000E+00  0.000000E+00  0.000000E+00  0.000000E+00  0.000000E+00  0.000000E+00  1.054165E-01  7.151628E-02
  4.540000E-01  8.224889E-01  1.775111E-01  0.000000E+00  0.000000E+00  0.000000E+00  0.000000E+00  0.000000E+00  0.000000E+00  1.056747E-01  7.183639E-02
  4.560000E-01  8.219135E-01  1.780865E-01  0.000000E+00  0.000000E+00  0.000000E+00  0.000000E+00  0.000000E+00  0.000000E+00  1.059316E-01  7.215492E-02
  4.580000E-01  8.213410E-01  1.786590E-01  0.000000E+00  0.000000E+00  0.000000E+00  0.000000E+00  0.000000E+00  0.000000E+00  1.061871E-01  7.247188E-02
  4.600000E-01  8.207714E-01  1.792286E-01  0.000000E+00  0.000000E+00  0.000000E+00  0.000000E+00  0.000000E+00  0.000000E+00  1.064413E-01  7.278728E-02
  4.620000E-01  8.202047E-01  1.797953E-01  0.000000E+00  0.000000E+00  0.000000E+00  0.000000E+00  0.000000E+00  0.000000E+00  1.066942E-01  7.310114E-02
  4.640000E-01  8.196408E-01  1.803592E-01  0.000000E+00  0.000000E+00  0.000000E+00  0.000000E+00  0.000000E+00  0.000000E+00  1.069458E-01  7.341344E-02
  4.660000E-01  8.190798E-01  1.809202E-01  0.000000E+00  0.000000E+00  0.000000E+00  0.000000E+00  0.000000E+00  0.000000E+00  1.071960E-01  7.372422E-02
  4.680000E-01  8.185216E-01  1.814784E-01  0.000000E+00  0.000000E+00  0.000000E+00  0.000000E+00  0.000000E+00  0.000000E+00  1.074450E-01  7.403346E-02
  4.700000E-01  8.148368E-01  1.823468E-01  0.000000E+00  0.000000E+00  0.000000E+00  0.000000E+00  2.816428E-03  0.000000E+00  1.063633E-01  7.316705E-02
  4.720000E-01  8.123275E-01  1.830933E-01  0.000000E+00  0.000000E+00  0.000000E+00  0.000000E+00  4.579198E-03  0.000000E+00  1.057769E-01  7.273720E-02
  4.740000E-01  8.097336E-01  1.838446E-01  0.000000E+00  0.000000E+00  0.000000E+00  0.000000E+00  6.421856E-03  0.000000E+00  1.051509E-01  7.227176E-02
  4.760000E-01  8.070861E-01  1.845976E-01  0.000000E+00  0.000000E+00  0.000000E+00  0.000000E+00  8.316240E-03  0.000000E+00  1.044988E-01  7.178253E-02
  4.780000E-01  8.044031E-01  1.853507E-01  0.000000E+00  0.000000E+00  0.000000E+00  0.000000E+00  1.024621E-02  0.000000E+00  1.038282E-01  7.127628E-02
  4.800000E-01  8.016958E-01  1.861028E-01  0.000000E+00  0.000000E+00  0.000000E+00  0.000000E+00  1.220137E-02  0.000000E+00  1.031440E-01  7.075741E-02
  4.820000E-01  7.989722E-01  1.868532E-01  0.000000E+00  0.000000E+00  0.000000E+00  0.000000E+00  1.417454E-02  0.000000E+00  1.024497E-01  7.022895E-02
  4.840000E-01  7.962382E-01  1.876014E-01  0.000000E+00  0.000000E+00  0.000000E+00  0.000000E+00  1.616045E-02  0.000000E+00  1.017478E-01  6.969313E-02
  4.860000E-01  7.934979E-01  1.883470E-01  0.000000E+00  0.000000E+00  0.000000E+00  0.000000E+00  1.815515E-02  0.000000E+00  1.010401E-01  6.915167E-02
  4.880000E-01  7.907548E-01  1.890897E-01  0.000000E+00  0.000000E+00  0.000000E+00  0.000000E+00  2.015553E-02  0.000000E+00  1.003283E-01  6.860587E-02
  4.900000E-01  7.880115E-01  1.898293E-01  0.000000E+00  0.000000E+00  0.000000E+00  0.000000E+00  2.215915E-02  0.000000E+00  9.961334E-02  6.805682E-02
  4.920000E-01  7.852703E-01  1.905657E-01  0.000000E+00  0.000000E+00  0.000000E+00  0.000000E+00  2.416400E-02  0.000000E+00  9.889635E-02  6.750536E-02
  4.940000E-01  7.825328E-01  1.912988E-01  0.000000E+00  0.000000E+00  0.000000E+00  0.000000E+00  2.616844E-02  0.000000E+00  9.817810E-02  6.695223E-02
  4.960000E-01  7.798005E-01  1.920284E-01  0.000000E+00  0.000000E+00  0.000000E+00  0.000000E+00  2.817110E-02  0.000000E+00  9.745924E-02  6.639802E-02
  4.980000E-01  7.770747E-01  1.927545E-01  0.000000E+00  0.000000E+00  0.000000E+00  0.000000E+00  3.017085E-02  0.000000E+00  9.674036E-02  6.584325E-02
  5.000000E-01  7.743563E-01  1.934770E-01  0.000000E+00  0.000000E+00  0.000000E+00  0.000000E+00  3.216670E-02  0.000000E+00  9.602192E-02  6.528835E-02
  5.020000E-01  7.716463E-01  1.941959E-01  0.000000E+00  0.000000E+00  0.000000E+00  0.000000E+00  3.415783E-02  0.000000E+00  9.530435E-02  6.473370E-02
  5.040000E-01  7.689453E-01  1.949111E-01  0.000000E+00  0.000000E+00  0.000000E+00  0.000000E+00  3.614352E-02  0.000000E+00  9.458800E-02  6.417962E-02
  5.060000E-01  7.662541E-01  1.956227E-01  0.000000E+00  0.000000E+00  0.000000E+00  0.000000E+00  3.812316E-02  0.000000E+00  9.387318E-02  6.362640E-02
  5.080000E-01  7.635731E-01  1.963307E-01  0.000000E+00  0.000000E+00  0.000000E+00  0.000000E+00  4.009622E-02  0.000000E+00  9.316017E-02  6.307428E-02
  5.100000E-01  7.609029E-01  1.970349E-01  0.000000E+00  0.000000E+00  0.000000E+00  0.000000E+00  4.206222E-02  0.000000E+00  9.244920E-02  6.252349E-02
  5.120000E-01  7.582437E-01  1.977355E-01  0.000000E+00  0.000000E+00  0.000000E+00  0.000000E+00  4.402078E-02  0.000000E+00  9.174049E-02  6.197421E-02
  5.140000E-01  7.555961E-01  1.984324E-01  0.000000E+00  0.000000E+00  0.000000E+00  0.000000E+00  4.597153E-02  0.000000E+00  9.103422E-02  6.142663E-02
  5.160000E-01  7.529602E-01  1.991256E-01  0.000000E+00  0.000000E+00  0.000000E+00  0.000000E+00  4.791417E-02  0.000000E+00  9.033054E-02  6.088089E-02
  5.180000E-01  7.503364E-01  1.998152E-01  0.000000E+00  0.000000E+00  0.000000E+00  0.000000E+00  4.984842E-02  0.000000E+00  8.962962E-02  6.033713E-02
  5.200000E-01  7.477248E-01  2.005011E-01  0.000000E+00  0.000000E+00  0.000000E+00  0.000000E+00  5.177407E-02  0.000000E+00  8.893157E-02  5.979547E-02
  5.220000E-01  7.451257E-01  2.011834E-01  0.000000E+00  0.000000E+00  0.000000E+00  0.000000E+00  5.369088E-02  0.000000E+00  8.823652E-02  5.925602E-02
  5.240000E-01  7.425392E-01  2.018621E-01  0.000000E+00  0.000000E+00  0.000000E+00  0.000000E+00  5.559870E-02  0.000000E+00  8.754455E-02  5.871888E-02
  5.260000E-01  7.399654E-01  2.025373E-01  0.000000E+00  0.000000E+00  0.000000E+00  0.000000E+00  5.749736E-02  0.000000E+00  8.685577E-02  5.818413E-02
  5.280000E-01  7.374045E-01  2.032088E-01  0.000000E+00  0.000000E+00  0.000000E+00  0.000000E+00  5.938672E-02  0.000000E+00  8.617025E-02  5.765185E-02
  5.300000E-01  7.348565E-01  2.038769E-01  0.000000E+00  0.000000E+00  0.000000E+00  0.000000E+00  6.126667E-02  0.000000E+00  8.548807E-02  5.712211E-02
  5.320000E-01  7.323215E-01  2.045414E-01  0.000000E+00  0.000000E+00  0.000000E+00  0.000000E+00  6.313711E-02  0.000000E+00  8.480928E-02  5.659498E-02
  5.340000E-01  7.297997E-01  2.052024E-01  0.000000E+00  0.000000E+00  0.000000E+00  0.000000E+00  6.499795E-02  0.000000E+00  8.413395E-02  5.607050E-02
  5.360000E-01  7.272909E-01  2.058600E-01  0.000000E+00  0.000000E+00  0.000000E+00  0.000000E+00  6.684911E-02  0.000000E+00  8.346212E-02  5.554874E-02
  5.380000E-01  7.247954E-01  2.065141E-01  0.000000E+00  0.000000E+00  0.000000E+00  0.000000E+00  6.869053E-02  0.000000E+00  8.279383E-02  5.502973E-02
  5.400000E-01  7.223130E-01  2.071648E-01  0.000000E+00  0.000000E+00  0.000000E+00  0.000000E+00  7.052217E-02  0.000000E+00  8.212914E-02  5.451351E-02
  5.420000E-01  7.198439E-01  2.078122E-01  0.000000E+00  0.000000E+00  0.000000E+00  0.000000E+00  7.234398E-02  0.000000E+00  8.146806E-02  5.400013E-02
  5.440000E-01  7.173879E-01  2.084562E-01  0.000000E+00  0.000000E+00  0.000000E+00  0.000000E+00  7.415593E-02  0.000000E+00  8.081064E-02  5.348960E-02
  5.460000E-01  7.149452E-01  2.090968E-01  0.000000E+00  0.000000E+00  0.000000E+00  0.000000E+00  7.595799E-02  0.000000E+00  8.015688E-02  5.298197E-02
  5.480000E-01  7.125156E-01  2.097342E-01  0.000000E+00  0.000000E+00  0.000000E+00  0.000000E+00  7.775014E-02  0.000000E+00  7.950683E-02  5.247726E-02
  5.500000E-01  7.100993E-01  2.103683E-01  0.000000E+00  0.000000E+00  0.000000E+00  0.000000E+00  7.953238E-02  0.000000E+00  7.886049E-02  5.197548E-02
  5.520000E-01  7.076961E-01  2.109992E-01  0.000000E+00  0.000000E+00  0.000000E+00  0.000000E+00  8.130470E-02  0.000000E+00  7.821788E-02  5.147666E-02
  5.540000E-01  7.053060E-01  2.116269E-01  0.000000E+00  0.000000E+00  0.000000E+00  0.000000E+00  8.306710E-02  0.000000E+00  7.757901E-02  5.098081E-02
  5.560000E-01  7.029290E-01  2.122514E-01  0.000000E+00  0.000000E+00  0.000000E+00  0.000000E+00  8.481958E-02  0.000000E+00  7.694389E-02  5.048795E-02
  5.580000E-01  7.005651E-01  2.128728E-01  0.000000E+00  0.000000E+00  0.000000E+00  0.000000E+00  8.656215E-02  0.000000E+00  7.631254E-02  4.999809E-02
  5.600000E-01  6.982142E-01  2.134910E-01  0.000000E+00  0.000000E+00  0.000000E+00  0.000000E+00  8.829483E-02  0.000000E+00  7.568495E-02  4.951123E-02
  5.620000E-01  6.958762E-01  2.141062E-01  0.000000E+00  0.000000E+00  0.000000E+00  0.000000E+00  9.001763E-02  0.000000E+00  7.506114E-02  4.902740E-02
  5.640000E-01  6.935511E-01  2.147183E-01  0.000000E+00  0.000000E+00  0.000000E+00  0.000000E+00  9.173058E-02  0.000000E+00  7.444110E-02  4.854659E-02
  5.660000E-01  6.912390E-01  2.153273E-01  0.000000E+00  0.000000E+00  0.000000E+00  0.000000E+00  9.343370E-02  0.000000E+00  7.382483E-02  4.806882E-02
  5.680000E-01  6.889396E-01  2.159334E-01  0.000000E+00  0.000000E+00  0.000000E+00  0.000000E+00  9.512701E-02  0.000000E+00  7.321233E-02  4.759407E-02
  5.700000E-01  6.866529E-01  2.165365E-01  0.000000E+00  0.000000E+00  0.000000E+00  0.000000E+00  9.681055E-02  0.000000E+00  7.260360E-02  4.712237E-02
  5.720000E-01  6.843790E-01  2.171367E-01  0.000000E+00  0.000000E+00  0.000000E+00  0.000000E+00  9.848434E-02  0.000000E+00  7.199864E-02  4.665370E-02
  5.740000E-01  6.821177E-01  2.177339E-01  0.000000E+00  0.000000E+00  0.000000E+00  0.000000E+00  1.001484E-01  0.000000E+00  7.139744E-02  4.618807E-02
  5.760000E-01  6.798689E-01  2.183283E-01  0.000000E+00  0.000000E+00  0.000000E+00  0.000000E+00  1.018028E-01  0.000000E+00  7.080000E-02  4.572547E-02
  5.780000E-01  6.776326E-01  2.189198E-01  0.000000E+00  0.000000E+00  0.000000E+00  0.000000E+00  1.034476E-01  0.000000E+00  7.020630E-02  4.526591E-02
  5.800000E-01  6.754087E-01  2.195085E-01  0.000000E+00  0.000000E+00  0.000000E+00  0.000000E+00  1.050828E-01  0.000000E+00  6.961634E-02  4.480938E-02
  5.820000E-01  6.731972E-01  2.200944E-01  0.000000E+00  0.000000E+00  0.000000E+00  0.000000E+00  1.067084E-01  0.000000E+00  6.903012E-02  4.435589E-02
  5.840000E-01  6.709980E-01  2.206775E-01  0.000000E+00  0.000000E+00  0.000000E+00  0.000000E+00  1.083245E-01  0.000000E+00  6.844761E-02  4.390541E-02
  5.860000E-01  6.688110E-01  2.212579E-01  0.000000E+00  0.000000E+00  0.000000E+00  0.000000E+00  1.099311E-01  0.000000E+00  6.786882E-02  4.345796E-02
  5.880000E-01  6.666362E-01  2.218355E-01  0.000000E+00  0.000000E+00  0.000000E+00  0.000000E+00  1.115283E-01  0.000000E+00  6.729373E-02  4.301352E-02
  5.900000E-01  6.644734E-01  2.224105E-01  0.000000E+00  0.000000E+00  0.000000E+00  0.000000E+00  1.131161E-01  0.000000E+00  6.672232E-02  4.257208E-02
  5.920000E-01  6.623226E-01  2.229828E-01  0.000000E+00  0.000000E+00  0.000000E+00  0.000000E+00  1.146946E-01  0.000000E+00  6.615459E-02  4.213365E-02
  5.940000E-01  6.601837E-01  2.235525E-01  0.000000E+00  0.000000E+00  0.000000E+00  0.000000E+00  1.162638E-01  0.000000E+00  6.559053E-02  4.169821E-02
  5.960000E-01  6.580567E-01  2.241196E-01  0.000000E+00  0.000000E+00  0.000000E+00  0.000000E+00  1.178237E-01  0.000000E+00  6.503012E-02  4.126575E-02
  5.980000E-01  6.559415E-01  2.246841E-01  0.000000E+00  0.000000E+00  0.000000E+00  0.000000E+00  1.193745E-01  0.000000E+00  6.447334E-02  4.083627E-02
  6.000000E-01  6.538379E-01  2.252460E-01  0.000000E+00  0.000000E+00  0.000000E+00  0.000000E+00  1.209161E-01  0.000000E+00  6.392019E-02  4.040976E-02
  6.020000E-01  6.517460E-01  2.258054E-01  0.000000E+00  0.000000E+00  0.000000E+00  0.000000E+00  1.224486E-01  0.000000E+00  6.337064E-02  3.998621E-02
  6.040000E-01  6.496656E-01  2.263623E-01  0.000000E+00  0.000000E+00  0.000000E+00  0.000000E+00  1.239720E-01  0.000000E+00  6.282469E-02  3.956561E-02
  6.060000E-01  6.475967E-01  2.269168E-01  0.000000E+00  0.000000E+00  0.000000E+00  0.000000E+00  1.254865E-01  0.000000E+00  6.228231E-02  3.914794E-02
  6.080000E-01  6.455392E-01  2.274688E-01  0.000000E+00  0.000000E+00  0.000000E+00  0.000000E+00  1.269920E-01  0.000000E+00  6.174351E-02  3.873321E-02
  6.100000E-01  6.434930E-01  2.280183E-01  0.000000E+00  0.000000E+00  0.000000E+00  0.000000E+00  1.284887E-01  0.000000E+00  6.120824E-02  3.832140E-02
  6.120000E-01  6.414581E-01  2.285655E-01  0.000000E+00  0.000000E+00  0.000000E+00  0.000000E+00  1.299765E-01  0.000000E+00  6.067651E-02  3.791250E-02
  6.140000E-01  6.394343E-01  2.291103E-01  0.000000E+00  0.000000E+00  0.000000E+00  0.000000E+00  1.314555E-01  0.000000E+00  6.014830E-02  3.750649E-02
  6.160000E-01  6.374216E-01  2.296527E-01  0.000000E+00  0.000000E+00  0.000000E+00  0.000000E+00  1.329257E-01  0.000000E+00  5.962359E-02  3.710337E-02
  6.180000E-01  6.354199E-01  2.301928E-01  0.000000E+00  0.000000E+00  0.000000E+00  0.000000E+00  1.343873E-01  0.000000E+00  5.910236E-02  3.670313E-02
  6.200000E-01  6.334292E-01  2.307306E-01  0.000000E+00  0.000000E+00  0.000000E+00  0.000000E+00  1.358402E-01  0.000000E+00  5.858460E-02  3.630575E-02
  6.220000E-01  6.314493E-01  2.312661E-01  0.000000E+00  0.000000E+00  0.000000E+00  0.000000E+00  1.372846E-01  0.000000E+00  5.807029E-02  3.591122E-02
  6.240000E-01  6.294802E-01  2.317994E-01  0.000000E+00  0.000000E+00  0.000000E+00  0.000000E+00  1.387204E-01  0.000000E+00  5.755941E-02  3.551954E-02
  6.260000E-01  6.275218E-01  2.323304E-01  0.000000E+00  0.000000E+00  0.000000E+00  0.000000E+00  1.401478E-01  0.000000E+00  5.705195E-02  3.513069E-02
  6.280000E-01  6.255741E-01  2.328592E-01  0.000000E+00  0.000000E+00  0.000000E+00  0.000000E+00  1.415667E-01  0.000000E+00  5.654789E-02  3.474465E-02
  6.300000E-01  6.236369E-01  2.333859E-01  0.000000E+00  0.000000E+00  0.000000E+00  0.000000E+00  1.429773E-01  0.000000E+00  5.604721E-02  3.436142E-02
  6.320000E-01  6.217102E-01  2.339104E-01  0.000000E+00  0.000000E+00  0.000000E+00  0.000000E+00  1.443795E-01  0.000000E+00  5.554990E-02  3.398098E-02
  6.340000E-01  6.197939E-01  2.344327E-01  0.000000E+00  0.000000E+00  0.000000E+00  0.000000E+00  1.457734E-01  0.000000E+00  5.505594E-02  3.360332E-02
  6.360000E-01  6.178879E-01  2.349529E-01  0.000000E+00  0.000000E+00  0.000000E+00  0.000000E+00  1.471592E-01  0.000000E+00  5.456531E-02  3.322843E-02
  6.380000E-01  6.159923E-01  2.354710E-01  0.000000E+00  0.000000E+00  0.000000E+00  0.000000E+00  1.485367E-01  0.000000E+00  5.407799E-02  3.285630E-02
  6.400000E-01  6.141068E-01  2.359871E-01  0.000000E+00  0.000000E+00  0.000000E+00  0.000000E+00  1.499062E-01  0.000000E+00  5.359397E-02  3.248691E-02
  6.420000E-01  6.122314E-01  2.365010E-01  0.000000E+00  0.000000E+00  0.000000E+00  0.000000E+00  1.512676E-01  0.000000E+00  5.311324E-02  3.212026E-02
  6.440000E-01  6.103661E-01  2.370130E-01  0.000000E+00  0.000000E+00  0.000000E+00  0.000000E+00  1.526209E-01  0.000000E+00  5.263576E-02  3.175632E-02
  6.460000E-01  6.085107E-01  2.375229E-01  0.000000E+00  0.000000E+00  0.000000E+00  0.000000E+00  1.539663E-01  0.000000E+00  5.216153E-02  3.139509E-02
  6.480000E-01  6.066653E-01  2.380309E-01  0.000000E+00  0.000000E+00  0.000000E+00  0.000000E+00  1.553038E-01  0.000000E+00  5.169053E-02  3.103655E-02
  6.500000E-01  6.048297E-01  2.385369E-01  0.000000E+00  0.000000E+00  0.000000E+00  0.000000E+00  1.566334E-01  0.000000E+00  5.122274E-02  3.068069E-02
  6.520000E-01  6.030038E-01  2.390409E-01  0.000000E+00  0.000000E+00  0.000000E+00  0.000000E+00  1.579553E-01  0.000000E+00  5.075815E-02  3.032751E-02
  6.540000E-01  6.011877E-01  2.395430E-01  0.000000E+00  0.000000E+00  0.000000E+00  0.000000E+00  1.592693E-01  0.000000E+00  5.029673E-02  2.997698E-02
  6.560000E-01  5.993811E-01  2.400432E-01  0.000000E+00  0.000000E+00  0.000000E+00  0.000000E+00  1.605756E-01  0.000000E+00  4.983847E-02  2.962909E-02
  6.580000E-01  5.975842E-01  2.405415E-01  0.000000E+00  0.000000E+00  0.000000E+00  0.000000E+00  1.618743E-01  0.000000E+00  4.938336E-02  2.928383E-02
  6.600000E-01  5.957967E-01  2.410379E-01  0.000000E+00  0.000000E+00  0.000000E+00  0.000000E+00  1.631654E-01  0.000000E+00  4.893137E-02  2.894119E-02
  6.620000E-01  5.940186E-01  2.415325E-01  0.000000E+00  0.000000E+00  0.000000E+00  0.000000E+00  1.644489E-01  0.000000E+00  4.848249E-02  2.860116E-02
  6.640000E-01  5.922498E-01  2.420253E-01  0.000000E+00  0.000000E+00  0.000000E+00  0.000000E+00  1.657249E-01  0.000000E+00  4.803670E-02  2.826372E-02
  6.660000E-01  5.904904E-01  2.425162E-01  0.000000E+00  0.000000E+00  0.000000E+00  0.000000E+00  1.669934E-01  0.000000E+00  4.759399E-02  2.792886E-02
  6.680000E-01  5.887402E-01  2.430054E-01  0.000000E+00  0.000000E+00  0.000000E+00  0.000000E+00  1.682545E-01  0.000000E+00  4.715433E-02  2.759657E-02
  6.700000E-01  5.869991E-01  2.434927E-01  0.000000E+00  0.000000E+00  0.000000E+00  0.000000E+00  1.695082E-01  0.000000E+00  4.671772E-02  2.726684E-02
  6.720000E-01  5.852670E-01  2.439784E-01  0.000000E+00  0.000000E+00  0.000000E+00  0.000000E+00  1.707546E-01  0.000000E+00  4.628413E-02  2.693964E-02
  6.740000E-01  5.835440E-01  2.444622E-01  0.000000E+00  0.000000E+00  0.000000E+00  0.000000E+00  1.719937E-01  0.000000E+00  4.585355E-02  2.661498E-02
  6.760000E-01  5.818300E-01  2.449444E-01  0.000000E+00  0.000000E+00  0.000000E+00  0.000000E+00  1.732256E-01  0.000000E+00  4.542596E-02  2.629284E-02
  6.780000E-01  5.801248E-01  2.454249E-01  0.000000E+00  0.000000E+00  0.000000E+00  0.000000E+00  1.744503E-01  0.000000E+00  4.500135E-02  2.597320E-02
  6.800000E-01  5.784285E-01  2.459036E-01  0.000000E+00  0.000000E+00  0.000000E+00  0.000000E+00  1.756679E-01  0.000000E+00  4.457969E-02  2.565605E-02
  6.820000E-01  5.767409E-01  2.463807E-01  0.000000E+00  0.000000E+00  0.000000E+00  0.000000E+00  1.768784E-01  0.000000E+00  4.416098E-02  2.534139E-02
  6.840000E-01  5.750620E-01  2.468562E-01  0.000000E+00  0.000000E+00  0.000000E+00  0.000000E+00  1.780818E-01  0.000000E+00  4.374519E-02  2.502919E-02
  6.860000E-01  5.733917E-01  2.473300E-01  0.000000E+00  0.000000E+00  0.000000E+00  0.000000E+00  1.792783E-01  0.000000E+00  4.333232E-02  2.471946E-02
  6.880000E-01  5.717300E-01  2.478022E-01  0.000000E+00  0.000000E+00  0.000000E+00  0.000000E+00  1.804677E-01  0.000000E+00  4.292233E-02  2.441216E-02
  6.900000E-01  5.700768E-01  2.482728E-01  0.000000E+00  0.000000E+00  0.000000E+00  0.000000E+00  1.816503E-01  0.000000E+00  4.251523E-02  2.410730E-02
  6.920000E-01  5.684321E-01  2.487419E-01  0.000000E+00  0.000000E+00  0.000000E+00  0.000000E+00  1.828260E-01  0.000000E+00  4.211098E-02  2.380486E-02
  6.940000E-01  5.667957E-01  2.492093E-01  0.000000E+00  0.000000E+00  0.000000E+00  0.000000E+00  1.839949E-01  0.000000E+00  4.170958E-02  2.350483E-02
  6.960000E-01  5.651677E-01  2.496753E-01  0.000000E+00  0.000000E+00  0.000000E+00  0.000000E+00  1.851570E-01  0.000000E+00  4.131102E-02  2.320719E-02
  6.980000E-01  5.635479E-01  2.501396E-01  0.000000E+00  0.000000E+00  0.000000E+00  0.000000E+00  1.863124E-01  0.000000E+00  4.091526E-02  2.291194E-02
  7.000000E-01  5.619364E-01  2.506025E-01  0.000000E+00  0.000000E+00  0.000000E+00  0.000000E+00  1.874611E-01  0.000000E+00  4.052231E-02  2.261906E-02
  7.020000E-01  5.603329E-01  2.510639E-01  0.000000E+00  0.000000E+00  0.000000E+00  0.000000E+00  1.886032E-01  0.000000E+00  4.013213E-02  2.232854E-02
  7.040000E-01  5.587376E-01  2.515237E-01  0.000000E+00  0.000000E+00  0.000000E+00  0.000000E+00  1.897386E-01  0.000000E+00  3.974473E-02  2.204037E-02
  7.060000E-01  5.571503E-01  2.519822E-01  0.000000E+00  0.000000E+00  0.000000E+00  0.000000E+00  1.908675E-01  0.000000E+00  3.936008E-02  2.175454E-02
  7.080000E-01  5.555710E-01  2.524391E-01  0.000000E+00  0.000000E+00  0.000000E+00  0.000000E+00  1.919899E-01  0.000000E+00  3.897816E-02  2.147103E-02
  7.100000E-01  5.539996E-01  2.528946E-01  0.000000E+00  0.000000E+00  0.000000E+00  0.000000E+00  1.931058E-01  0.000000E+00  3.859897E-02  2.118984E-02
  7.120000E-01  5.524360E-01  2.533487E-01  0.000000E+00  0.000000E+00  0.000000E+00  0.000000E+00  1.942153E-01  0.000000E+00  3.822248E-02  2.091095E-02
  7.140000E-01  5.508802E-01  2.538014E-01  0.000000E+00  0.000000E+00  0.000000E+00  0.000000E+00  1.953184E-01  0.000000E+00  3.784869E-02  2.063436E-02
  7.160000E-01  5.493322E-01  2.542527E-01  0.000000E+00  0.000000E+00  0.000000E+00  0.000000E+00  1.964151E-01  0.000000E+00  3.747757E-02  2.036004E-02
  7.180000E-01  5.477919E-01  2.547026E-01  0.000000E+00  0.000000E+00  0.000000E+00  0.000000E+00  1.975055E-01  0.000000E+00  3.710911E-02  2.008799E-02
  7.200000E-01  5.462593E-01  2.551511E-01  0.000000E+00  0.000000E+00  0.000000E+00  0.000000E+00  1.985896E-01  0.000000E+00  3.674331E-02  1.981820E-02
  7.220000E-01  5.447342E-01  2.555983E-01  0.000000E+00  0.000000E+00  0.000000E+00  0.000000E+00  1.996675E-01  0.000000E+00  3.638013E-02  1.955065E-02
  7.240000E-01  5.432166E-01  2.560442E-01  0.000000E+00  0.000000E+00  0.000000E+00  0.000000E+00  2.007392E-01  0.000000E+00  3.601957E-02  1.928535E-02
  7.260000E-01  5.417065E-01  2.564887E-01  0.000000E+00  0.000000E+00  0.000000E+00  0.000000E+00  2.018048E-01  0.000000E+00  3.566162E-02  1.902226E-02
  7.280000E-01  5.402038E-01  2.569319E-01  0.000000E+00  0.000000E+00  0.000000E+00  0.000000E+00  2.028643E-01  0.000000E+00  3.530626E-02  1.876139E-02
  7.300000E-01  5.387085E-01  2.573738E-01  0.000000E+00  0.000000E+00  0.000000E+00  0.000000E+00  2.039176E-01  0.000000E+00  3.495347E-02  1.850272E-02
  7.320000E-01  5.372206E-01  2.578145E-01  0.000000E+00  0.000000E+00  0.000000E+00  0.000000E+00  2.049650E-01  0.000000E+00  3.460324E-02  1.824624E-02
  7.340000E-01  5.357399E-01  2.582538E-01  0.000000E+00  0.000000E+00  0.000000E+00  0.000000E+00  2.060063E-01  0.000000E+00  3.425556E-02  1.799194E-02
  7.360000E-01  5.342664E-01  2.586919E-01  0.000000E+00  0.000000E+00  0.000000E+00  0.000000E+00  2.070417E-01  0.000000E+00  3.391041E-02  1.773982E-02
  7.380000E-01  5.328000E-01  2.591288E-01  0.000000E+00  0.000000E+00  0.000000E+00  0.000000E+00  2.080712E-01  0.000000E+00  3.356779E-02  1.748985E-02
  7.400000E-01  5.313408E-01  2.595644E-01  0.000000E+00  0.000000E+00  0.000000E+00  0.000000E+00  2.090947E-01  0.000000E+00  3.322766E-02  1.724203E-02
  7.420000E-01  5.298887E-01  2.599989E-01  0.000000E+00  0.000000E+00  0.000000E+00  0.000000E+00  2.101125E-01  0.000000E+00  3.289003E-02  1.699635E-02
  7.440000E-01  5.284435E-01  2.604321E-01  0.000000E+00  0.000000E+00  0.000000E+00  0.000000E+00  2.111244E-01  0.000000E+00  3.255488E-02  1.675279E-02
  7.460000E-01  5.270054E-01  2.608641E-01  0.000000E+00  0.000000E+00  0.000000E+00  0.000000E+00  2.121305E-01  0.000000E+00  3.222219E-02  1.651136E-02
  7.480000E-01  5.255741E-01  2.612949E-01  0.000000E+00  0.000000E+00  0.000000E+00  0.000000E+00  2.131310E-01  0.000000E+00  3.189195E-02  1.627203E-02
  7.500000E-01  5.241497E-01  2.617246E-01  0.000000E+00  0.000000E+00  0.000000E+00  0.000000E+00  2.141257E-01  0.000000E+00  3.156415E-02  1.603480E-02
  7.520000E-01  5.227322E-01  2.621531E-01  0.000000E+00  0.000000E+00  0.000000E+00  0.000000E+00  2.151147E-01  0.000000E+00  3.123877E-02  1.579965E-02
  7.540000E-01  5.213214E-01  2.625805E-01  0.000000E+00  0.000000E+00  0.000000E+00  0.000000E+00  2.160981E-01  0.000000E+00  3.091581E-02  1.556658E-02
  7.560000E-01  5.199173E-01  2.630068E-01  0.000000E+00  0.000000E+00  0.000000E+00  0.000000E+00  2.170759E-01  0.000000E+00  3.059524E-02  1.533558E-02
  7.580000E-01  5.185199E-01  2.634319E-01  0.000000E+00  0.000000E+00  0.000000E+00  0.000000E+00  2.180482E-01  0.000000E+00  3.027705E-02  1.510664E-02
  7.600000E-01  5.171292E-01  2.638559E-01  0.000000E+00  0.000000E+00  0.000000E+00  0.000000E+00  2.190149E-01  0.000000E+00  2.996124E-02  1.487974E-02
  7.620000E-01  5.157450E-01  2.642788E-01  0.000000E+00  0.000000E+00  0.000000E+00  0.000000E+00  2.199762E-01  0.000000E+00  2.964779E-02  1.465488E-02
  7.640000E-01  5.143674E-01  2.647007E-01  0.000000E+00  0.000000E+00  0.000000E+00  0.000000E+00  2.209319E-01  0.000000E+00  2.933668E-02  1.443204E-02
  7.660000E-01  5.129963E-01  2.651214E-01  0.000000E+00  0.000000E+00  0.000000E+00  0.000000E+00  2.218823E-01  0.000000E+00  2.902791E-02  1.421122E-02
  7.680000E-01  5.116316E-01  2.655411E-01  0.000000E+00  0.000000E+00  0.000000E+00  0.000000E+00  2.228273E-01  0.000000E+00  2.872146E-02  1.399241E-02
  7.700000E-01  5.102733E-01  2.659598E-01  0.000000E+00  0.000000E+00  0.000000E+00  0.000000E+00  2.237669E-01  0.000000E+00  2.841731E-02  1.377560E-02
  7.720000E-01  5.089214E-01  2.663774E-01  0.000000E+00  0.000000E+00  0.000000E+00  0.000000E+00  2.247012E-01  0.000000E+00  2.811547E-02  1.356078E-02
  7.740000E-01  5.075759E-01  2.667940E-01  0.000000E+00  0.000000E+00  0.000000E+00  0.000000E+00  2.256301E-01  0.000000E+00  2.781590E-02  1.334793E-02
  7.760000E-01  5.062366E-01  2.672095E-01  0.000000E+00  0.000000E+00  0.000000E+00  0.000000E+00  2.265539E-01  0.000000E+00  2.751861E-02  1.313706E-02
  7.780000E-01  5.049035E-01  2.676241E-01  0.000000E+00  0.000000E+00  0.000000E+00  0.000000E+00  2.274724E-01  0.000000E+00  2.722357E-02  1.292815E-02
  7.800000E-01  5.035766E-01  2.680377E-01  0.000000E+00  0.000000E+00  0.000000E+00  0.000000E+00  2.283857E-01  0.000000E+00  2.693079E-02  1.272118E-02
  7.820000E-01  5.022559E-01  2.684502E-01  0.000000E+00  0.000000E+00  0.000000E+00  0.000000E+00  2.292939E-01  0.000000E+00  2.664023E-02  1.251616E-02
  7.840000E-01  5.009413E-01  2.688618E-01  0.000000E+00  0.000000E+00  0.000000E+00  0.000000E+00  2.301969E-01  0.000000E+00  2.635190E-02  1.231307E-02
  7.860000E-01  4.996327E-01  2.692725E-01  0.000000E+00  0.000000E+00  0.000000E+00  0.000000E+00  2.310948E-01  0.000000E+00  2.606578E-02  1.211191E-02
  7.880000E-01  4.983302E-01  2.696822E-01  0.000000E+00  0.000000E+00  0.000000E+00  0.000000E+00  2.319876E-01  0.000000E+00  2.578186E-02  1.191265E-02
  7.900000E-01  4.970337E-01  2.700909E-01  0.000000E+00  0.000000E+00  0.000000E+00  0.000000E+00  2.328754E-01  0.000000E+00  2.550013E-02  1.171531E-02
  7.920000E-01  4.957431E-01  2.704987E-01  0.000000E+00  0.000000E+00  0.000000E+00  0.000000E+00  2.337582E-01  0.000000E+00  2.522057E-02  1.151986E-02
  7.940000E-01  4.944584E-01  2.709055E-01  0.000000E+00  0.000000E+00  0.000000E+00  0.000000E+00  2.346361E-01  0.000000E+00  2.494318E-02  1.132630E-02
  7.960000E-01  4.931796E-01  2.713115E-01  0.000000E+00  0.000000E+00  0.000000E+00  0.000000E+00  2.355089E-01  0.000000E+00  2.466793E-02  1.113462E-02
  7.980000E-01  4.919066E-01  2.717165E-01  0.000000E+00  0.000000E+00  0.000000E+00  0.000000E+00  2.363769E-01  0.000000E+00  2.439483E-02  1.094480E-02
  8.000000E-01  4.906393E-01  2.721207E-01  0.000000E+00  0.000000E+00  0.000000E+00  0.000000E+00  2.372400E-01  0.000000E+00  2.412386E-02  1.075685E-02
  8.020000E-01  4.893779E-01  2.725240E-01  0.000000E+00  0.000000E+00  0.000000E+00  0.000000E+00  2.380982E-01  0.000000E+00  2.385501E-02  1.057076E-02
  8.040000E-01  4.881221E-01  2.729263E-01  0.000000E+00  0.000000E+00  0.000000E+00  0.000000E+00  2.389516E-01  0.000000E+00  2.358826E-02  1.038650E-02
  8.060000E-01  4.868720E-01  2.733278E-01  0.000000E+00  0.000000E+00  0.000000E+00  0.000000E+00  2.398001E-01  0.000000E+00  2.332361E-02  1.020409E-02
  8.080000E-01  4.856275E-01  2.737285E-01  0.000000E+00  0.000000E+00  0.000000E+00  0.000000E+00  2.406440E-01  0.000000E+00  2.306104E-02  1.002350E-02
  8.100000E-01  4.843887E-01  2.741283E-01  0.000000E+00  0.000000E+00  0.000000E+00  0.000000E+00  2.414830E-01  0.000000E+00  2.280055E-02  9.844730E-03
  8.120000E-01  4.831554E-01  2.745273E-01  0.000000E+00  0.000000E+00  0.000000E+00  0.000000E+00  2.423174E-01  0.000000E+00  2.254212E-02  9.667772E-03
  8.140000E-01  4.819276E-01  2.749254E-01  0.000000E+00  0.000000E+00  0.000000E+00  0.000000E+00  2.431470E-01  0.000000E+00  2.228574E-02  9.492617E-03
  8.160000E-01  4.807053E-01  2.753227E-01  0.000000E+00  0.000000E+00  0.000000E+00  0.000000E+00  2.439720E-01  0.000000E+00  2.203140E-02  9.319256E-03
  8.180000E-01  4.794884E-01  2.757192E-01  0.000000E+00  0.000000E+00  0.000000E+00  0.000000E+00  2.447924E-01  0.000000E+00  2.177909E-02  9.147681E-03
  8.200000E-01  4.782770E-01  2.761149E-01  0.000000E+00  0.000000E+00  0.000000E+00  0.000000E+00  2.456082E-01  0.000000E+00  2.152881E-02  8.977886E-03
  8.220000E-01  4.770709E-01  2.765097E-01  0.000000E+00  0.000000E+00  0.000000E+00  0.000000E+00  2.464194E-01  0.000000E+00  2.128052E-02  8.809860E-03
  8.240000E-01  4.758702E-01  2.769038E-01  0.000000E+00  0.000000E+00  0.000000E+00  0.000000E+00  2.472260E-01  0.000000E+00  2.103424E-02  8.643598E-03
  8.260000E-01  4.746747E-01  2.772971E-01  0.000000E+00  0.000000E+00  0.000000E+00  0.000000E+00  2.480281E-01  0.000000E+00  2.078995E-02  8.479090E-03
  8.280000E-01  4.734846E-01  2.776897E-01  0.000000E+00  0.000000E+00  0.000000E+00  0.000000E+00  2.488257E-01  0.000000E+00  2.054763E-02  8.316329E-03
  8.300000E-01  4.722997E-01  2.780815E-01  0.000000E+00  0.000000E+00  0.000000E+00  0.000000E+00  2.496189E-01  0.000000E+00  2.030727E-02  8.155307E-03
  8.320000E-01  4.711200E-01  2.784725E-01  0.000000E+00  0.000000E+00  0.000000E+00  0.000000E+00  2.504076E-01  0.000000E+00  2.006888E-02  7.996016E-03
  8.340000E-01  4.699454E-01  2.788627E-01  0.000000E+00  0.000000E+00  0.000000E+00  0.000000E+00  2.511919E-01  0.000000E+00  1.983243E-02  7.838450E-03
  8.360000E-01  4.687760E-01  2.792523E-01  0.000000E+00  0.000000E+00  0.000000E+00  0.000000E+00  2.519717E-01  0.000000E+00  1.959791E-02  7.682600E-03
  8.380000E-01  4.676117E-01  2.796411E-01  0.000000E+00  0.000000E+00  0.000000E+00  0.000000E+00  2.527473E-01  0.000000E+00  1.936532E-02  7.528459E-03
  8.400000E-01  4.664524E-01  2.800291E-01  0.000000E+00  0.000000E+00  0.000000E+00  0.000000E+00  2.535185E-01  0.000000E+00  1.913465E-02  7.376019E-03
  8.420000E-01  4.652982E-01  2.804165E-01  0.000000E+00  0.000000E+00  0.000000E+00  0.000000E+00  2.542853E-01  0.000000E+00  1.890588E-02  7.225273E-03
  8.440000E-01  4.641490E-01  2.808031E-01  0.000000E+00  0.000000E+00  0.000000E+00  0.000000E+00  2.550479E-01  0.000000E+00  1.867900E-02  7.076214E-03
  8.460000E-01  4.630048E-01  2.811890E-01  0.000000E+00  0.000000E+00  0.000000E+00  0.000000E+00  2.558062E-01  0.000000E+00  1.845401E-02  6.928834E-03
  8.480000E-01  4.618655E-01  2.815743E-01  0.000000E+00  0.000000E+00  0.000000E+00  0.000000E+00  2.565603E-01  0.000000E+00  1.823090E-02  6.783126E-03
  8.500000E-01  4.607311E-01  2.819588E-01  0.000000E+00  0.000000E+00  0.000000E+00  0.000000E+00  2.573101E-01  0.000000E+00  1.800965E-02  6.639084E-03
  8.520000E-01  4.596015E-01  2.823427E-01  0.000000E+00  0.000000E+00  0.000000E+00  0.000000E+00  2.580558E-01  0.000000E+00  1.779025E-02  6.496700E-03
  8.540000E-01  4.584769E-01  2.827259E-01  0.000000E+00  0.000000E+00  0.000000E+00  0.000000E+00  2.587972E-01  0.000000E+00  1.757270E-02  6.355966E-03
  8.560000E-01  4.573570E-01  2.831084E-01  0.000000E+00  0.000000E+00  0.000000E+00  0.000000E+00  2.595346E-01  0.000000E+00  1.735699E-02  6.216877E-03
  8.580000E-01  4.562419E-01  2.834903E-01  0.000000E+00  0.000000E+00  0.000000E+00  0.000000E+00  2.602678E-01  0.000000E+00  1.714310E-02  6.079425E-03
  8.600000E-01  4.551315E-01  2.838715E-01  0.000000E+00  0.000000E+00  0.000000E+00  0.000000E+00  2.609969E-01  0.000000E+00  1.693103E-02  5.943604E-03
  8.620000E-01  4.540259E-01  2.842521E-01  0.000000E+00  0.000000E+00  0.000000E+00  0.000000E+00  2.617219E-01  0.000000E+00  1.672077E-02  5.809406E-03
  8.640000E-01  4.529250E-01  2.846321E-01  0.000000E+00  0.000000E+00  0.000000E+00  0.000000E+00  2.624429E-01  0.000000E+00  1.651231E-02  5.676825E-03
  8.660000E-01  4.518287E-01  2.850114E-01  0.000000E+00  0.000000E+00  0.000000E+00  0.000000E+00  2.631599E-01  0.000000E+00  1.630563E-02  5.545855E-03
  8.680000E-01  4.507371E-01  2.853901E-01  0.000000E+00  0.000000E+00  0.000000E+00  0.000000E+00  2.638728E-01  0.000000E+00  1.610073E-02  5.416488E-03
  8.700000E-01  4.496500E-01  2.857681E-01  0.000000E+00  0.000000E+00  0.000000E+00  0.000000E+00  2.645818E-01  0.000000E+00  1.589760E-02  5.288719E-03
  8.720000E-01  4.485676E-01  2.861456E-01  0.000000E+00  0.000000E+00  0.000000E+00  0.000000E+00  2.652868E-01  0.000000E+00  1.569624E-02  5.162541E-03
  8.740000E-01  4.474896E-01  2.865225E-01  0.000000E+00  0.000000E+00  0.000000E+00  0.000000E+00  2.659879E-01  0.000000E+00  1.549662E-02  5.037947E-03
  8.760000E-01  4.464162E-01  2.868987E-01  0.000000E+00  0.000000E+00  0.000000E+00  0.000000E+00  2.666850E-01  0.000000E+00  1.529874E-02  4.914932E-03
  8.780000E-01  4.453473E-01  2.872744E-01  0.000000E+00  0.000000E+00  0.000000E+00  0.000000E+00  2.673783E-01  0.000000E+00  1.510260E-02  4.793489E-03
  8.800000E-01  4.442828E-01  2.876495E-01  0.000000E+00  0.000000E+00  0.000000E+00  0.000000E+00  2.680677E-01  0.000000E+00  1.490818E-02  4.673612E-03
  8.820000E-01  4.432228E-01  2.880240E-01  0.000000E+00  0.000000E+00  0.000000E+00  0.000000E+00  2.687532E-01  0.000000E+00  1.471547E-02  4.555295E-03
  8.840000E-01  4.421672E-01  2.883979E-01  0.000000E+00  0.000000E+00  0.000000E+00  0.000000E+00  2.694349E-01  0.000000E+00  1.452447E-02  4.438532E-03
  8.860000E-01  4.411159E-01  2.887713E-01  0.000000E+00  0.000000E+00  0.000000E+00  0.000000E+00  2.701128E-01  0.000000E+00  1.433516E-02  4.323317E-03
  8.880000E-01  4.400690E-01  2.891441E-01  0.000000E+00  0.000000E+00  0.000000E+00  0.000000E+00  2.707869E-01  0.000000E+00  1.414754E-02  4.209644E-03
  8.900000E-01  4.390264E-01  2.895164E-01  0.000000E+00  0.000000E+00  0.000000E+00  0.000000E+00  2.714573E-01  0.000000E+00  1.396160E-02  4.097509E-03
  8.920000E-01  4.379881E-01  2.898881E-01  0.000000E+00  0.000000E+00  0.000000E+00  0.000000E+00  2.721238E-01  0.000000E+00  1.377733E-02  3.986904E-03
  8.940000E-01  4.369540E-01  2.902593E-01  0.000000E+00  0.000000E+00  0.000000E+00  0.000000E+00  2.727867E-01  0.000000E+00  1.359472E-02  3.877824E-03
  8.960000E-01  4.359242E-01  2.906299E-01  0.000000E+00  0.000000E+00  0.000000E+00  0.000000E+00  2.734459E-01  0.000000E+00  1.341376E-02  3.770265E-03
  8.980000E-01  4.348986E-01  2.910000E-01  0.000000E+00  0.000000E+00  0.000000E+00  0.000000E+00  2.741013E-01  0.000000E+00  1.323444E-02  3.664220E-03
  9.000000E-01  4.338772E-01  2.913696E-01  0.000000E+00  0.000000E+00  0.000000E+00  0.000000E+00  2.747532E-01  0.000000E+00  1.305676E-02  3.559685E-03
  9.020000E-01  4.328600E-01  2.917387E-01  0.000000E+00  0.000000E+00  0.000000E+00  0.000000E+00  2.754013E-01  0.000000E+00  1.288070E-02  3.456653E-03
  9.040000E-01  4.318469E-01  2.921072E-01  0.000000E+00  0.000000E+00  0.000000E+00  0.000000E+00  2.760459E-01  0.000000E+00  1.270626E-02  3.355121E-03
  9.060000E-01  4.308379E-01  2.924753E-01  0.000000E+00  0.000000E+00  0.000000E+00  0.000000E+00  2.766868E-01  0.000000E+00  1.253343E-02  3.255083E-03
  9.080000E-01  4.298330E-01  2.928429E-01  0.000000E+00  0.000000E+00  0.000000E+00  0.000000E+00  2.773241E-01  0.000000E+00  1.236219E-02  3.156534E-03
  9.100000E-01  4.288322E-01  2.932099E-01  0.000000E+00  0.000000E+00  0.000000E+00  0.000000E+00  2.779579E-01  0.000000E+00  1.219255E-02  3.059469E-03
  9.120000E-01  4.278353E-01  2.935765E-01  0.000000E+00  0.000000E+00  0.000000E+00  0.000000E+00  2.785881E-01  0.000000E+00  1.202449E-02  2.963884E-03
  9.140000E-01  4.268425E-01  2.939426E-01  0.000000E+00  0.000000E+00  0.000000E+00  0.000000E+00  2.792148E-01  0.000000E+00  1.185800E-02  2.869775E-03
  9.160000E-01  4.258537E-01  2.943082E-01  0.000000E+00  0.000000E+00  0.000000E+00  0.000000E+00  2.798380E-01  0.000000E+00  1.169307E-02  2.777137E-03
  9.180000E-01  4.248689E-01  2.946734E-01  0.000000E+00  0.000000E+00  0.000000E+00  0.000000E+00  2.804577E-01  0.000000E+00  1.152971E-02  2.685965E-03
  9.200000E-01  4.238498E-01  2.947431E-01  0.000000E+00  0.000000E+00  0.000000E+00  0.000000E+00  2.807681E-01  6.390400E-04  1.137464E-02  2.600380E-03
  9.220000E-01  4.228409E-01  2.948579E-01  0.000000E+00  0.000000E+00  0.000000E+00  0.000000E+00  2.811223E-01  1.178972E-03  1.122003E-02  2.515547E-03
  9.240000E-01  4.218318E-01  2.949373E-01  0.000000E+00  0.000000E+00  0.000000E+00  0.000000E+00  2.814370E-01  1.793946E-03  1.106771E-02  2.432578E-03
  9.260000E-01  4.208235E-01  2.949892E-01  0.000000E+00  0.000000E+00  0.000000E+00  0.000000E+00  2.817204E-01  2.466952E-03  1.091749E-02  2.351348E-03
  9.280000E-01  4.198166E-01  2.950186E-01  0.000000E+00  0.000000E+00  0.000000E+00  0.000000E+00  2.819776E-01  3.187163E-03  1.076923E-02  2.271774E-03
  9.300000E-01  4.188116E-01  2.950290E-01  0.000000E+00  0.000000E+00  0.000000E+00  0.000000E+00  2.822124E-01  3.946991E-03  1.062285E-02  2.193792E-03
  9.320000E-01  4.178089E-01  2.950230E-01  0.000000E+00  0.000000E+00  0.000000E+00  0.000000E+00  2.824273E-01  4.740783E-03  1.047827E-02  2.117357E-03
  9.340000E-01  4.168087E-01  2.950025E-01  0.000000E+00  0.000000E+00  0.000000E+00  0.000000E+00  2.826247E-01  5.564145E-03  1.033542E-02  2.042428E-03
  9.360000E-01  4.158111E-01  2.949693E-01  0.000000E+00  0.000000E+00  0.000000E+00  0.000000E+00  2.828060E-01  6.413559E-03  1.019427E-02  1.968973E-03
  9.380000E-01  4.148164E-01  2.949246E-01  0.000000E+00  0.000000E+00  0.000000E+00  0.000000E+00  2.829728E-01  7.286136E-03  1.005477E-02  1.896964E-03
  9.400000E-01  4.138247E-01  2.948695E-01  0.000000E+00  0.000000E+00  0.000000E+00  0.000000E+00  2.831263E-01  8.179459E-03  9.916877E-03  1.826378E-03
  9.420000E-01  4.128360E-01  2.948051E-01  0.000000E+00  0.000000E+00  0.000000E+00  0.000000E+00  2.832674E-01  9.091478E-03  9.780563E-03  1.757192E-03
  9.440000E-01  4.118505E-01  2.947321E-01  0.000000E+00  0.000000E+00  0.000000E+00  0.000000E+00  2.833969E-01  1.002043E-02  9.645796E-03  1.689389E-03
  9.460000E-01  4.108682E-01  2.946512E-01  0.000000E+00  0.000000E+00  0.000000E+00  0.000000E+00  2.835157E-01  1.096478E-02  9.512550E-03  1.622949E-03
  9.480000E-01  4.098892E-01  2.945631E-01  0.000000E+00  0.000000E+00  0.000000E+00  0.000000E+00  2.836245E-01  1.192317E-02  9.380799E-03  1.557859E-03
  9.500000E-01  4.089136E-01  2.944683E-01  0.000000E+00  0.000000E+00  0.000000E+00  0.000000E+00  2.837237E-01  1.289443E-02  9.250519E-03  1.494104E-03
  9.520000E-01  4.079413E-01  2.943673E-01  0.000000E+00  0.000000E+00  0.000000E+00  0.000000E+00  2.838139E-01  1.387750E-02  9.121689E-03  1.431670E-03
  9.540000E-01  4.069724E-01  2.942605E-01  0.000000E+00  0.000000E+00  0.000000E+00  0.000000E+00  2.838957E-01  1.487141E-02  8.994287E-03  1.370547E-03
  9.560000E-01  4.060070E-01  2.941483E-01  0.000000E+00  0.000000E+00  0.000000E+00  0.000000E+00  2.839693E-01  1.587532E-02  8.868295E-03  1.310722E-03
  9.580000E-01  4.050451E-01  2.940312E-01  0.000000E+00  0.000000E+00  0.000000E+00  0.000000E+00  2.840353E-01  1.688846E-02  8.743692E-03  1.252187E-03
  9.600000E-01  4.040866E-01  2.939093E-01  0.000000E+00  0.000000E+00  0.000000E+00  0.000000E+00  2.840939E-01  1.791012E-02  8.620463E-03  1.194932E-03
  9.620000E-01  4.031317E-01  2.937831E-01  0.000000E+00  0.000000E+00  0.000000E+00  0.000000E+00  2.841456E-01  1.893965E-02  8.498589E-03  1.138948E-03
  9.640000E-01  4.021802E-01  2.936528E-01  0.000000E+00  0.000000E+00  0.000000E+00  0.000000E+00  2.841905E-01  1.997648E-02  8.378054E-03  1.084229E-03
  9.660000E-01  4.012323E-01  2.935186E-01  0.000000E+00  0.000000E+00  0.000000E+00  0.000000E+00  2.842290E-01  2.102007E-02  8.258844E-03  1.030767E-03
  9.680000E-01  4.002880E-01  2.933808E-01  0.000000E+00  0.000000E+00  0.000000E+00  0.000000E+00  2.842613E-01  2.206990E-02  8.140942E-03  9.785562E-04
  9.700000E-01  3.993472E-01  2.932396E-01  0.000000E+00  0.000000E+00  0.000000E+00  0.000000E+00  2.842877E-01  2.312554E-02  8.024333E-03  9.275910E-04
  9.720000E-01  3.984099E-01  2.930952E-01  0.000000E+00  0.000000E+00  0.000000E+00  0.000000E+00  2.843084E-01  2.418655E-02  7.909005E-03  8.778667E-04
  9.740000E-01  3.974762E-01  2.929478E-01  0.000000E+00  0.000000E+00  0.000000E+00  0.000000E+00  2.843235E-01  2.525253E-02  7.794942E-03  8.293793E-04
  9.760000E-01  3.965460E-01  2.927976E-01  0.000000E+00  0.000000E+00  0.000000E+00  0.000000E+00  2.843333E-01  2.632313E-02  7.682132E-03  7.821255E-04
  9.780000E-01  3.956194E-01  2.926447E-01  0.000000E+00  0.000000E+00  0.000000E+00  0.000000E+00  2.843380E-01  2.739800E-02  7.570560E-03  7.361028E-04
  9.800000E-01  3.946963E-01  2.924892E-01  0.000000E+00  0.000000E+00  0.000000E+00  0.000000E+00  2.843377E-01  2.847682E-02  7.460215E-03  6.913093E-04
  9.820000E-01  3.937767E-01  2.923314E-01  0.000000E+00  0.000000E+00  0.000000E+00  0.000000E+00  2.843326E-01  2.955929E-02  7.351085E-03  6.477443E-04
  9.840000E-01  3.928607E-01  2.921713E-01  0.000000E+00  0.000000E+00  0.000000E+00  0.000000E+00  2.843228E-01  3.064513E-02  7.243155E-03  6.054075E-04
  9.860000E-01  3.919483E-01  2.920092E-01  0.000000E+00  0.000000E+00  0.000000E+00  0.000000E+00  2.843085E-01  3.173409E-02  7.136415E-03  5.643000E-04
  9.880000E-01  3.910394E-01  2.918450E-01  0.000000E+00  0.000000E+00  0.000000E+00  0.000000E+00  2.842897E-01  3.282591E-02  7.030853E-03  5.244236E-04
  9.900000E-01  3.901339E-01  2.916790E-01  0.000000E+00  0.000000E+00  0.000000E+00  0.000000E+00  2.842667E-01  3.392036E-02  6.926458E-03  4.857812E-04
  9.920000E-01  3.892320E-01  2.915112E-01  0.000000E+00  0.000000E+00  0.000000E+00  0.000000E+00  2.842396E-01  3.501724E-02  6.823216E-03  4.483773E-04
  9.940000E-01  3.883337E-01  2.913417E-01  0.000000E+00  0.000000E+00  0.000000E+00  0.000000E+00  2.842083E-01  3.611633E-02  6.721119E-03  4.122172E-04
  9.960000E-01  3.874388E-01  2.911706E-01  0.000000E+00  0.000000E+00  0.000000E+00  0.000000E+00  2.841732E-01  3.721743E-02  6.620153E-03  3.773083E-04
  9.980000E-01  3.865474E-01  2.909981E-01  0.000000E+00  0.000000E+00  0.000000E+00  0.000000E+00  2.841341E-01  3.832038E-02  6.520309E-03  3.436594E-04
  1.000000E+00  3.856595E-01  2.908242E-01  0.000000E+00  0.000000E+00  0.000000E+00  0.000000E+00  2.840913E-01  3.942499E-02  6.421575E-03  3.112812E-04
  1.002000E+00  3.847750E-01  2.906490E-01  0.000000E+00  0.000000E+00  0.000000E+00  0.000000E+00  2.840449E-01  4.053110E-02  6.323941E-03  2.801869E-04
  1.004000E+00  3.838941E-01  2.904726E-01  0.000000E+00  0.000000E+00  0.000000E+00  0.000000E+00  2.839948E-01  4.163856E-02  6.227396E-03  2.503922E-04
  1.006000E+00  3.830166E-01  2.902950E-01  0.000000E+00  0.000000E+00  0.000000E+00  0.000000E+00  2.839412E-01  4.274723E-02  6.131928E-03  2.219161E-04
  1.008000E+00  3.821425E-01  2.901164E-01  0.000000E+00  0.000000E+00  0.000000E+00  0.000000E+00  2.838841E-01  4.385696E-02  6.037529E-03  1.947811E-04
  1.010000E+00  3.812719E-01  2.899368E-01  0.000000E+00  0.000000E+00  0.000000E+00  0.000000E+00  2.838236E-01  4.496763E-02  5.944186E-03  1.690146E-04
  1.012000E+00  3.804047E-01  2.897563E-01  0.000000E+00  0.000000E+00  0.000000E+00  0.000000E+00  2.837598E-01  4.607911E-02  5.851889E-03  1.446495E-04
  1.014000E+00  3.795410E-01  2.895750E-01  0.000000E+00  0.000000E+00  0.000000E+00  0.000000E+00  2.836927E-01  4.719129E-02  5.760627E-03  1.217259E-04
  1.016000E+00  3.786807E-01  2.893930E-01  0.000000E+00  0.000000E+00  0.000000E+00  0.000000E+00  2.836223E-01  4.830407E-02  5.670390E-03  1.002931E-04
  1.018000E+00  3.778238E-01  2.892102E-01  0.000000E+00  0.000000E+00  0.000000E+00  0.000000E+00  2.835486E-01  4.941732E-02  5.581164E-03  8.041311E-05
  1.020000E+00  3.769703E-01  2.890269E-01  0.000000E+00  0.000000E+00  0.000000E+00  0.000000E+00  2.834718E-01  5.053097E-02  5.492939E-03  6.216487E-05
  1.022000E+00  3.761203E-01  2.888431E-01  0.000000E+00  0.000000E+00  0.000000E+00  0.000000E+00  2.833917E-01  5.164493E-02  5.405702E-03  4.565261E-05
  1.024000E+00  3.752737E-01  2.886588E-01  0.000000E+00  0.000000E+00  0.000000E+00  0.000000E+00  2.833084E-01  5.275910E-02  5.319438E-03  3.101967E-05
  1.026000E+00  3.744305E-01  2.884743E-01  0.000000E+00  0.000000E+00  0.000000E+00  0.000000E+00  2.832217E-01  5.387343E-02  5.234130E-03  1.847677E-05
  1.028000E+00  3.735908E-01  2.882897E-01  0.000000E+00  0.000000E+00  0.000000E+00  0.000000E+00  2.831316E-01  5.498786E-02  5.149756E-03  8.370729E-06
  1.030000E+00  3.727547E-01  2.881053E-01  0.000000E+00  0.000000E+00  0.000000E+00  0.000000E+00  2.830376E-01  5.610238E-02  5.066277E-03  1.434582E-06
  1.032000E+00  3.719225E-01  2.879220E-01  0.000000E+00  0.000000E+00  0.000000E+00  0.000000E+00  2.829384E-01  5.721712E-02  4.983591E-03  0.000000E+00
  1.034000E+00  3.710937E-01  2.877383E-01  0.000000E+00  0.000000E+00  0.000000E+00  0.000000E+00  2.828364E-01  5.833165E-02  4.901862E-03  0.000000E+00
  1.036000E+00  3.702678E-01  2.875538E-01  0.000000E+00  0.000000E+00  0.000000E+00  0.000000E+00  2.827326E-01  5.944576E-02  4.821143E-03  0.000000E+00
  1.038000E+00  3.694451E-01  2.873685E-01  0.000000E+00  0.000000E+00  0.000000E+00  0.000000E+00  2.826271E-01  6.055939E-02  4.741424E-03  0.000000E+00
  1.040000E+00  3.686254E-01  2.871824E-01  0.000000E+00  0.000000E+00  0.000000E+00  0.000000E+00  2.825197E-01  6.167246E-02  4.662696E-03  0.000000E+00
  1.042000E+00  3.678087E-01  2.869957E-01  0.000000E+00  0.000000E+00  0.000000E+00  0.000000E+00  2.824107E-01  6.278491E-02  4.584949E-03  0.000000E+00
  1.044000E+00  3.669950E-01  2.868082E-01  0.000000E+00  0.000000E+00  0.000000E+00  0.000000E+00  2.823000E-01  6.389669E-02  4.508175E-03  0.000000E+00
  1.046000E+00  3.661844E-01  2.866201E-01  0.000000E+00  0.000000E+00  0.000000E+00  0.000000E+00  2.821878E-01  6.500773E-02  4.432365E-03  0.000000E+00
  1.048000E+00  3.653767E-01  2.864314E-01  0.000000E+00  0.000000E+00  0.000000E+00  0.000000E+00  2.820739E-01  6.611797E-02  4.357509E-03  0.000000E+00
  1.050000E+00  3.645721E-01  2.862421E-01  0.000000E+00  0.000000E+00  0.000000E+00  0.000000E+00  2.819585E-01  6.722738E-02  4.283598E-03  0.000000E+00
  1.052000E+00  3.637704E-01  2.860522E-01  0.000000E+00  0.000000E+00  0.000000E+00  0.000000E+00  2.818416E-01  6.833588E-02  4.210625E-03  0.000000E+00
  1.054000E+00  3.629716E-01  2.858618E-01  0.000000E+00  0.000000E+00  0.000000E+00  0.000000E+00  2.817232E-01  6.944345E-02  4.138579E-03  0.000000E+00
  1.056000E+00  3.621758E-01  2.856708E-01  0.000000E+00  0.000000E+00  0.000000E+00  0.000000E+00  2.816034E-01  7.055001E-02  4.067453E-03  0.000000E+00
  1.058000E+00  3.613829E-01  2.854794E-01  0.000000E+00  0.000000E+00  0.000000E+00  0.000000E+00  2.814822E-01  7.165554E-02  3.997238E-03  0.000000E+00
  1.060000E+00  3.605929E-01  2.852875E-01  0.000000E+00  0.000000E+00  0.000000E+00  0.000000E+00  2.813596E-01  7.275999E-02  3.927926E-03  0.000000E+00
  1.062000E+00  3.598058E-01  2.850952E-01  0.000000E+00  0.000000E+00  0.000000E+00  0.000000E+00  2.812357E-01  7.386332E-02  3.859508E-03  0.000000E+00
  1.064000E+00  3.590216E-01  2.849025E-01  0.000000E+00  0.000000E+00  0.000000E+00  0.000000E+00  2.811105E-01  7.496549E-02  3.791975E-03  0.000000E+00
  1.066000E+00  3.582402E-01  2.847093E-01  0.000000E+00  0.000000E+00  0.000000E+00  0.000000E+00  2.809840E-01  7.606645E-02  3.725320E-03  0.000000E+00
  1.068000E+00  3.574617E-01  2.845158E-01  0.000000E+00  0.000000E+00  0.000000E+00  0.000000E+00  2.808563E-01  7.716618E-02  3.659535E-03  0.000000E+00
  1.070000E+00  3.566861E-01  2.843220E-01  0.000000E+00  0.000000E+00  0.000000E+00  0.000000E+00  2.807273E-01  7.826464E-02  3.594610E-03  0.000000E+00
  1.072000E+00  3.559132E-01  2.841278E-01  0.000000E+00  0.000000E+00  0.000000E+00  0.000000E+00  2.805972E-01  7.936179E-02  3.530539E-03  0.000000E+00
  1.074000E+00  3.551432E-01  2.839332E-01  0.000000E+00  0.000000E+00  0.000000E+00  0.000000E+00  2.804659E-01  8.045760E-02  3.467314E-03  0.000000E+00
  1.076000E+00  3.543760E-01  2.837384E-01  0.000000E+00  0.000000E+00  0.000000E+00  0.000000E+00  2.803335E-01  8.155205E-02  3.404925E-03  0.000000E+00
  1.078000E+00  3.536116E-01  2.835434E-01  0.000000E+00  0.000000E+00  0.000000E+00  0.000000E+00  2.802000E-01  8.264509E-02  3.343367E-03  0.000000E+00
  1.080000E+00  3.528499E-01  2.833480E-01  0.000000E+00  0.000000E+00  0.000000E+00  0.000000E+00  2.800654E-01  8.373671E-02  3.282630E-03  0.000000E+00
  1.082000E+00  3.520910E-01  2.831524E-01  0.000000E+00  0.000000E+00  0.000000E+00  0.000000E+00  2.799297E-01  8.482688E-02  3.222708E-03  0.000000E+00
  1.084000E+00  3.513349E-01  2.829566E-01  0.000000E+00  0.000000E+00  0.000000E+00  0.000000E+00  2.797930E-01  8.591557E-02  3.163592E-03  0.000000E+00
  1.086000E+00  3.505814E-01  2.827605E-01  0.000000E+00  0.000000E+00  0.000000E+00  0.000000E+00  2.796553E-01  8.700275E-02  3.105275E-03  0.000000E+00
  1.088000E+00  3.498307E-01  2.825643E-01  0.000000E+00  0.000000E+00  0.000000E+00  0.000000E+00  2.795166E-01  8.808840E-02  3.047749E-03  0.000000E+00
  1.090000E+00  3.490827E-01  2.823679E-01  0.000000E+00  0.000000E+00  0.000000E+00  0.000000E+00  2.793769E-01  8.917250E-02  2.991008E-03  0.000000E+00
  1.092000E+00  3.483374E-01  2.821713E-01  0.000000E+00  0.000000E+00  0.000000E+00  0.000000E+00  2.792363E-01  9.025503E-02  2.935043E-03  0.000000E+00
  1.094000E+00  3.475948E-01  2.819746E-01  0.000000E+00  0.000000E+00  0.000000E+00  0.000000E+00  2.790947E-01  9.133596E-02  2.879847E-03  0.000000E+00
  1.096000E+00  3.468548E-01  2.817777E-01  0.000000E+00  0.000000E+00  0.000000E+00  0.000000E+00  2.789523E-01  9.241527E-02  2.825413E-03  0.000000E+00
  1.098000E+00  3.461175E-01  2.815807E-01  0.000000E+00  0.000000E+00  0.000000E+00  0.000000E+00  2.788089E-01  9.349295E-02  2.771734E-03  0.000000E+00
  1.100000E+00  3.453828E-01  2.813835E-01  0.000000E+00  0.000000E+00  0.000000E+00  0.000000E+00  2.786647E-01  9.456897E-02  2.718803E-03  0.000000E+00
  1.102000E+00  3.446507E-01  2.811863E-01  0.000000E+00  0.000000E+00  0.000000E+00  0.000000E+00  2.785197E-01  9.564333E-02  2.666612E-03  0.000000E+00
  1.104000E+00  3.439213E-01  2.809889E-01  0.000000E+00  0.000000E+00  0.000000E+00  0.000000E+00  2.783738E-01  9.671599E-02  2.615155E-03  0.000000E+00
  1.106000E+00  3.431944E-01  2.807915E-01  0.000000E+00  0.000000E+00  0.000000E+00  0.000000E+00  2.782271E-01  9.778695E-02  2.564424E-03  0.000000E+00
  1.108000E+00  3.424702E-01  2.805940E-01  0.000000E+00  0.000000E+00  0.000000E+00  0.000000E+00  2.780796E-01  9.885618E-02  2.514412E-03  0.000000E+00
  1.110000E+00  3.417485E-01  2.803965E-01  0.000000E+00  0.000000E+00  0.000000E+00  0.000000E+00  2.779314E-01  9.992368E-02  2.465113E-03  0.000000E+00
  1.112000E+00  3.410294E-01  2.801989E-01  0.000000E+00  0.000000E+00  0.000000E+00  0.000000E+00  2.777823E-01  1.009894E-01  2.416520E-03  0.000000E+00
  1.114000E+00  3.403128E-01  2.800012E-01  0.000000E+00  0.000000E+00  0.000000E+00  0.000000E+00  2.776326E-01  1.020534E-01  2.368626E-03  0.000000E+00
  1.116000E+00  3.395987E-01  2.798035E-01  0.000000E+00  0.000000E+00  0.000000E+00  0.000000E+00  2.774821E-01  1.031156E-01  2.321424E-03  0.000000E+00
  1.118000E+00  3.388872E-01  2.796058E-01  0.000000E+00  0.000000E+00  0.000000E+00  0.000000E+00  2.773309E-01  1.041760E-01  2.274907E-03  0.000000E+00
  1.120000E+00  3.381782E-01  2.794081E-01  0.000000E+00  0.000000E+00  0.000000E+00  0.000000E+00  2.771791E-01  1.052347E-01  2.229069E-03  0.000000E+00
  1.122000E+00  3.374716E-01  2.792104E-01  0.000000E+00  0.000000E+00  0.000000E+00  0.000000E+00  2.770265E-01  1.062915E-01  2.183903E-03  0.000000E+00
  1.124000E+00  3.367676E-01  2.790127E-01  0.000000E+00  0.000000E+00  0.000000E+00  0.000000E+00  2.768733E-01  1.073464E-01  2.139403E-03  0.000000E+00
  1.126000E+00  3.360660E-01  2.788150E-01  0.000000E+00  0.000000E+00  0.000000E+00  0.000000E+00  2.767194E-01  1.083996E-01  2.095562E-03  0.000000E+00
  1.128000E+00  3.353669E-01  2.786173E-01  0.000000E+00  0.000000E+00  0.000000E+00  0.000000E+00  2.765649E-01  1.094509E-01  2.052374E-03  0.000000E+00
  1.130000E+00  3.346703E-01  2.784196E-01  0.000000E+00  0.000000E+00  0.000000E+00  0.000000E+00  2.764098E-01  1.105003E-01  2.009832E-03  0.000000E+00
  1.132000E+00  3.339761E-01  2.782220E-01  0.000000E+00  0.000000E+00  0.000000E+00  0.000000E+00  2.762541E-01  1.115479E-01  1.967929E-03  0.000000E+00
  1.134000E+00  3.332842E-01  2.780244E-01  0.000000E+00  0.000000E+00  0.000000E+00  0.000000E+00  2.760977E-01  1.125936E-01  1.926660E-03  0.000000E+00
  1.136000E+00  3.325949E-01  2.778269E-01  0.000000E+00  0.000000E+00  0.000000E+00  0.000000E+00  2.759409E-01  1.136374E-01  1.886018E-03  0.000000E+00
  1.138000E+00  3.319079E-01  2.776294E-01  0.000000E+00  0.000000E+00  0.000000E+00  0.000000E+00  2.757834E-01  1.146794E-01  1.845997E-03  0.000000E+00
  1.140000E+00  3.312233E-01  2.774320E-01  0.000000E+00  0.000000E+00  0.000000E+00  0.000000E+00  2.756254E-01  1.157194E-01  1.806591E-03  0.000000E+00
  1.142000E+00  3.305410E-01  2.772346E-01  0.000000E+00  0.000000E+00  0.000000E+00  0.000000E+00  2.754668E-01  1.167575E-01  1.767793E-03  0.000000E+00
  1.144000E+00  3.298612E-01  2.770373E-01  0.000000E+00  0.000000E+00  0.000000E+00  0.000000E+00  2.753077E-01  1.177938E-01  1.729598E-03  0.000000E+00
  1.146000E+00  3.291836E-01  2.768401E-01  0.000000E+00  0.000000E+00  0.000000E+00  0.000000E+00  2.751481E-01  1.188281E-01  1.691999E-03  0.000000E+00
  1.148000E+00  3.285084E-01  2.766430E-01  0.000000E+00  0.000000E+00  0.000000E+00  0.000000E+00  2.749880E-01  1.198605E-01  1.654990E-03  0.000000E+00
  1.150000E+00  3.278356E-01  2.764460E-01  0.000000E+00  0.000000E+00  0.000000E+00  0.000000E+00  2.748274E-01  1.208909E-01  1.618566E-03  0.000000E+00
  1.152000E+00  3.271651E-01  2.762491E-01  0.000000E+00  0.000000E+00  0.000000E+00  0.000000E+00  2.746664E-01  1.219195E-01  1.582720E-03  0.000000E+00
  1.154000E+00  3.264968E-01  2.760523E-01  0.000000E+00  0.000000E+00  0.000000E+00  0.000000E+00  2.745048E-01  1.229461E-01  1.547446E-03  0.000000E+00
  1.156000E+00  3.258309E-01  2.758556E-01  0.000000E+00  0.000000E+00  0.000000E+00  0.000000E+00  2.743428E-01  1.239707E-01  1.512739E-03  0.000000E+00
  1.158000E+00  3.251672E-01  2.756590E-01  0.000000E+00  0.000000E+00  0.000000E+00  0.000000E+00  2.741804E-01  1.249935E-01  1.478592E-03  0.000000E+00
  1.160000E+00  3.245058E-01  2.754625E-01  0.000000E+00  0.000000E+00  0.000000E+00  0.000000E+00  2.740175E-01  1.260142E-01  1.445000E-03  0.000000E+00
  1.162000E+00  3.238467E-01  2.752661E-01  0.000000E+00  0.000000E+00  0.000000E+00  0.000000E+00  2.738542E-01  1.270330E-01  1.411957E-03  0.000000E+00
  1.164000E+00  3.231898E-01  2.750699E-01  0.000000E+00  0.000000E+00  0.000000E+00  0.000000E+00  2.736904E-01  1.280499E-01  1.379457E-03  0.000000E+00
  1.166000E+00  3.225352E-01  2.748738E-01  0.000000E+00  0.000000E+00  0.000000E+00  0.000000E+00  2.735263E-01  1.290648E-01  1.347495E-03  0.000000E+00
  1.168000E+00  3.218827E-01  2.746778E-01  0.000000E+00  0.000000E+00  0.000000E+00  0.000000E+00  2.733617E-01  1.300777E-01  1.316065E-03  0.000000E+00
  1.170000E+00  3.212325E-01  2.744820E-01  0.000000E+00  0.000000E+00  0.000000E+00  0.000000E+00  2.731968E-01  1.310887E-01  1.285161E-03  0.000000E+00
  1.172000E+00  3.205845E-01  2.742863E-01  0.000000E+00  0.000000E+00  0.000000E+00  0.000000E+00  2.730315E-01  1.320977E-01  1.254778E-03  0.000000E+00
  1.174000E+00  3.199387E-01  2.740907E-01  0.000000E+00  0.000000E+00  0.000000E+00  0.000000E+00  2.728658E-01  1.331047E-01  1.224910E-03  0.000000E+00
  1.176000E+00  3.192951E-01  2.738954E-01  0.000000E+00  0.000000E+00  0.000000E+00  0.000000E+00  2.726998E-01  1.341098E-01  1.195552E-03  0.000000E+00
  1.178000E+00  3.186536E-01  2.737001E-01  0.000000E+00  0.000000E+00  0.000000E+00  0.000000E+00  2.725334E-01  1.351128E-01  1.166697E-03  0.000000E+00
  1.180000E+00  3.180143E-01  2.735050E-01  0.000000E+00  0.000000E+00  0.000000E+00  0.000000E+00  2.723667E-01  1.361139E-01  1.138342E-03  0.000000E+00
  1.182000E+00  3.173772E-01  2.733101E-01  0.000000E+00  0.000000E+00  0.000000E+00  0.000000E+00  2.721996E-01  1.371131E-01  1.110479E-03  0.000000E+00
  1.184000E+00  3.167421E-01  2.731154E-01  0.000000E+00  0.000000E+00  0.000000E+00  0.000000E+00  2.720323E-01  1.381102E-01  1.083105E-03  0.000000E+00
  1.186000E+00  3.161093E-01  2.729208E-01  0.000000E+00  0.000000E+00  0.000000E+00  0.000000E+00  2.718646E-01  1.391054E-01  1.056213E-03  0.000000E+00
  1.188000E+00  3.154785E-01  2.727264E-01  0.000000E+00  0.000000E+00  0.000000E+00  0.000000E+00  2.716966E-01  1.400986E-01  1.029798E-03  0.000000E+00
  1.190000E+00  3.148498E-01  2.725321E-01  0.000000E+00  0.000000E+00  0.000000E+00  0.000000E+00  2.715283E-01  1.410898E-01  1.003855E-03  0.000000E+00
  1.192000E+00  3.142233E-01  2.723381E-01  0.000000E+00  0.000000E+00  0.000000E+00  0.000000E+00  2.713597E-01  1.420790E-01  9.783781E-04  0.000000E+00
  1.194000E+00  3.135988E-01  2.721442E-01  0.000000E+00  0.000000E+00  0.000000E+00  0.000000E+00  2.711908E-01  1.430662E-01  9.533629E-04  0.000000E+00
  1.196000E+00  3.129764E-01  2.719505E-01  0.000000E+00  0.000000E+00  0.000000E+00  0.000000E+00  2.710217E-01  1.440515E-01  9.288040E-04  0.000000E+00
  1.198000E+00  3.123560E-01  2.717570E-01  0.000000E+00  0.000000E+00  0.000000E+00  0.000000E+00  2.708523E-01  1.450348E-01  9.046962E-04  0.000000E+00
  1.200000E+00  3.117377E-01  2.715636E-01  0.000000E+00  0.000000E+00  0.000000E+00  0.000000E+00  2.706826E-01  1.460161E-01  8.810342E-04  0.000000E+00
