  1.000000E-02  0.000000E+00
  1.200000E-02  0.000000E+00
  1.400000E-02  0.000000E+00
  1.600000E-02  0.000000E+00
  1.800000E-02  0.000000E+00
  2.000000E-02  0.000000E+00
  2.200000E-02  0.000000E+00
  2.400000E-02  0.000000E+00
  2.600000E-02  0.000000E+00
  2.800000E-02  0.000000E+00
  3.000000E-02  0.000000E+00
  3.200000E-02  0.000000E+00
  3.400000E-02  0.000000E+00
  3.600000E-02  0.000000E+00
  3.800000E-02  0.000000E+00
  4.000000E-02  0.000000E+00
  4.200000E-02  0.000000E+00
  4.400000E-02  0.000000E+00
  4.600000E-02  0.000000E+00
  4.800000E-02  0.000000E+00
  5.000000E-02  0.000000E+00
  5.200000E-02  0.000000E+00
  5.400000E-02  0.000000E+00
  5.600000E-02  0.000000E+00
  5.800000E-02  0.000000E+00
  6.000000E-02  0.000000E+00
  6.200000E-02  0.000000E+00
  6.400000E-02  0.000000E+00
  6.600000E-02  0.000000E+00
  6.800000E-02  0.000000E+00
  7.000000E-02  0.000000E+00
  7.200000E-02  0.000000E+00
  7.400000E-02  0.000000E+00
  7.600000E-02  0.000000E+00
  7.800000E-02  0.000000E+00
  8.000000E-02  0.000000E+00
  8.200000E-02  0.000000E+00
  8.400000E-02  0.000000E+00
  8.600000E-02  0.000000E+00
  8.800000E-02  0.000000E+00
  9.000000E-02  0.000000E+00
  9.200000E-02  0.000000E+00
  9.400000E-02  0.000000E+00
  9.600000E-02  0.000000E+00
  9.800000E-02  0.000000E+00
  1.000000E-01  0.000000E+00
  1.020000E-01  0.000000E+00
  1.040000E-01  0.000000E+00
  1.060000E-01  0.000000E+00
  1.080000E-01  0.000000E+00
  1.100000E-01  0.000000E+00
  1.120000E-01  0.000000E+00
  1.140000E-01  0.000000E+00
  1.160000E-01  0.000000E+00
  1.180000E-01  0.000000E+00
  1.200000E-01  0.000000E+00
  1.220000E-01  0.000000E+00
  1.240000E-01  0.000000E+00
  1.260000E-01  0.000000E+00
  1.280000E-01  0.000000E+00
  1.300000E-01  0.000000E+00
  1.320000E-01  0.000000E+00
  1.340000E-01  0.000000E+00
  1.360000E-01  0.000000E+00
  1.380000E-01  0.000000E+00
  1.400000E-01  0.000000E+00
  1.420000E-01  0.000000E+00
  1.440000E-01  0.000000E+00
  1.460000E-01  0.000000E+00
  1.480000E-01  0.000000E+00
  1.500000E-01  0.000000E+00
  1.520000E-01  0.000000E+00
  1.540000E-01  0.000000E+00
  1.560000E-01  0.000000E+00
  1.580000E-01  0.000000E+00
  1.600000E-01  0.000000E+00
  1.620000E-01  0.000000E+00
  1.640000E-01  0.000000E+00
  1.660000E-01  0.000000E+00
  1.680000E-01  0.000000E+00
  1.700000E-01  0.000000E+00
  1.720000E-01  0.000000E+00
  1.740000E-01  0.000000E+00
  1.760000E-01  0.000000E+00
  1.780000E-01  0.000000E+00
  1.800000E-01  0.000000E+00
  1.820000E-01  0.000000E+00
  1.840000E-01  0.000000E+00
  1.860000E-01  0.000000E+00
  1.880000E-01  0.000000E+00
  1.900000E-01  0.000000E+00
  1.920000E-01  0.000000E+00
  1.940000E-01  0.000000E+00
  1.960000E-01  0.000000E+00
  1.980000E-01  0.000000E+00
  2.000000E-01  0.000000E+00
  2.020000E-01  0.000000E+00
  2.040000E-01  0.000000E+00
  2.060000E-01  0.000000E+00
  2.080000E-01  0.000000E+00
  2.100000E-01  0.000000E+00
  2.120000E-01  0.000000E+00
  2.140000E-01  0.000000E+00
  2.160000E-01  0.000000E+00
  2.180000E-01  0.000000E+00
  2.200000E-01  0.000000E+00
  2.220000E-01  0.000000E+00
  2.240000E-01  0.000000E+00
  2.260000E-01  0.000000E+00
  2.280000E-01  0.000000E+00
  2.300000E-01  0.000000E+00
  2.320000E-01  0.000000E+00
  2.340000E-01  0.000000E+00
  2.360000E-01  0.000000E+00
  2.380000E-01  0.000000E+00
  2.400000E-01  0.000000E+00
  2.420000E-01  0.000000E+00
  2.440000E-01  0.000000E+00
  2.460000E-01  0.000000E+00
  2.480000E-01  0.000000E+00
  2.500000E-01  0.000000E+00
  2.520000E-01  0.000000E+00
  2.540000E-01  0.000000E+00
  2.560000E-01  0.000000E+00
  2.580000E-01  0.000000E+00
  2.600000E-01  0.000000E+00
  2.620000E-01  0.000000E+00
  2.640000E-01  0.000000E+00
  2.660000E-01  0.000000E+00
  2.680000E-01  0.000000E+00
  2.700000E-01  0.000000E+00
  2.720000E-01  0.000000E+00
  2.740000E-01  0.000000E+00
  2.760000E-01  0.000000E+00
  2.780000E-01  0.000000E+00
  2.800000E-01  0.000000E+00
  2.820000E-01  0.000000E+00
  2.840000E-01  0.000000E+00
  2.860000E-01  0.000000E+00
  2.880000E-01  0.000000E+00
  2.900000E-01  0.000000E+00
  2.920000E-01  0.000000E+00
  2.940000E-01  0.000000E+00
  2.960000E-01  0.000000E+00
  2.980000E-01  0.000000E+00
  3.000000E-01  0.000000E+00
  3.020000E-01  0.000000E+00
  3.040000E-01  0.000000E+00
  3.060000E-01  0.000000E+00
  3.080000E-01  0.000000E+00
  3.100000E-01  0.000000E+00
  3.120000E-01  0.000000E+00
  3.140000E-01  0.000000E+00
  3.160000E-01  0.000000E+00
  3.180000E-01  0.000000E+00
  3.200000E-01  0.000000E+00
  3.220000E-01  0.000000E+00
  3.240000E-01  0.000000E+00
  3.260000E-01  0.000000E+00
  3.280000E-01  0.000000E+00
  3.300000E-01  0.000000E+00
  3.320000E-01  0.000000E+00
  3.340000E-01  0.000000E+00
  3.360000E-01  0.000000E+00
  3.380000E-01  0.000000E+00
  3.400000E-01  0.000000E+00
  3.420000E-01  0.000000E+00
  3.440000E-01  0.000000E+00
  3.460000E-01  0.000000E+00
  3.480000E-01  0.000000E+00
  3.500000E-01  0.000000E+00
  3.520000E-01  0.000000E+00
  3.540000E-01  0.000000E+00
  3.560000E-01  0.000000E+00
  3.580000E-01  0.000000E+00
  3.600000E-01  0.000000E+00
  3.620000E-01  0.000000E+00
  3.640000E-01  0.000000E+00
  3.660000E-01  0.000000E+00
  3.680000E-01  0.000000E+00
  3.700000E-01  0.000000E+00
  3.720000E-01  0.000000E+00
  3.740000E-01  0.000000E+00
  3.760000E-01  0.000000E+00
  3.780000E-01  0.000000E+00
  3.800000E-01  0.000000E+00
  3.820000E-01  0.000000E+00
  3.840000E-01  0.000000E+00
  3.860000E-01  0.000000E+00
  3.880000E-01  0.000000E+00
  3.900000E-01  0.000000E+00
  3.920000E-01  0.000000E+00
  3.940000E-01  0.000000E+00
  3.960000E-01  0.000000E+00
  3.980000E-01  0.000000E+00
  4.000000E-01  0.000000E+00
  4.020000E-01  0.000000E+00
  4.040000E-01  0.000000E+00
  4.060000E-01  0.000000E+00
  4.080000E-01  0.000000E+00
  4.100000E-01  0.000000E+00
  4.120000E-01  0.000000E+00
  4.140000E-01  0.000000E+00
  4.160000E-01  0.000000E+00
  4.180000E-01  0.000000E+00
  4.200000E-01  0.000000E+00
  4.220000E-01  0.000000E+00
  4.240000E-01  0.000000E+00
  4.260000E-01  0.000000E+00
  4.280000E-01  0.000000E+00
  4.300000E-01  0.000000E+00
  4.320000E-01  0.000000E+00
  4.340000E-01  0.000000E+00
  4.360000E-01  0.000000E+00
  4.380000E-01  0.000000E+00
  4.400000E-01  0.000000E+00
  4.420000E-01  0.000000E+00
  4.440000E-01  0.000000E+00
  4.460000E-01  0.000000E+00
  4.480000E-01  0.000000E+00
  4.500000E-01  0.000000E+00
  4.520000E-01  0.000000E+00
  4.540000E-01  0.000000E+00
  4.560000E-01  0.000000E+00
  4.580000E-01  0.000000E+00
  4.600000E-01  0.000000E+00
  4.620000E-01  0.000000E+00
  4.640000E-01  0.000000E+00
  4.660000E-01  0.000000E+00
  4.680000E-01  0.000000E+00
  4.700000E-01  5.632855E-03
  4.720000E-01  9.158397E-03
  4.740000E-01  1.284371E-02
  4.760000E-01  1.663248E-02
  4.780000E-01  2.049242E-02
  4.800000E-01  2.440275E-02
  4.820000E-01  2.834908E-02
  4.840000E-01  3.232091E-02
  4.860000E-01  3.631030E-02
  4.880000E-01  4.031107E-02
  4.900000E-01  4.431830E-02
  4.920000E-01  4.832799E-02
  4.940000E-01  5.233687E-02
  4.960000E-01  5.634221E-02
  4.980000E-01  6.034170E-02
  5.000000E-01  6.433341E-02
  5.020000E-01  6.831566E-02
  5.040000E-01  7.228705E-02
  5.060000E-01  7.624633E-02
  5.080000E-01  8.019243E-02
  5.100000E-01  8.412445E-02
  5.120000E-01  8.804156E-02
  5.140000E-01  9.194306E-02
  5.160000E-01  9.582833E-02
  5.180000E-01  9.969685E-02
  5.200000E-01  1.035481E-01
  5.220000E-01  1.073818E-01
  5.240000E-01  1.111974E-01
  5.260000E-01  1.149947E-01
  5.280000E-01  1.187734E-01
  5.300000E-01  1.225333E-01
  5.320000E-01  1.262742E-01
  5.340000E-01  1.299959E-01
  5.360000E-01  1.336982E-01
  5.380000E-01  1.373811E-01
  5.400000E-01  1.410443E-01
  5.420000E-01  1.446880E-01
  5.440000E-01  1.483119E-01
  5.460000E-01  1.519160E-01
  5.480000E-01  1.555003E-01
  5.500000E-01  1.590648E-01
  5.520000E-01  1.626094E-01
  5.540000E-01  1.661342E-01
  5.560000E-01  1.696392E-01
  5.580000E-01  1.731243E-01
  5.600000E-01  1.765897E-01
  5.620000E-01  1.800353E-01
  5.640000E-01  1.834612E-01
  5.660000E-01  1.868674E-01
  5.680000E-01  1.902540E-01
  5.700000E-01  1.936211E-01
  5.720000E-01  1.969687E-01
  5.740000E-01  2.002968E-01
  5.760000E-01  2.036056E-01
  5.780000E-01  2.068952E-01
  5.800000E-01  2.101655E-01
  5.820000E-01  2.134167E-01
  5.840000E-01  2.166489E-01
  5.860000E-01  2.198622E-01
  5.880000E-01  2.230566E-01
  5.900000E-01  2.262322E-01
  5.920000E-01  2.293892E-01
  5.940000E-01  2.325275E-01
  5.960000E-01  2.356474E-01
  5.980000E-01  2.387489E-01
  6.000000E-01  2.418321E-01
  6.020000E-01  2.448971E-01
  6.040000E-01  2.479441E-01
  6.060000E-01  2.509730E-01
  6.080000E-01  2.539841E-01
  6.100000E-01  2.569773E-01
  6.120000E-01  2.599529E-01
  6.140000E-01  2.629109E-01
  6.160000E-01  2.658515E-01
  6.180000E-01  2.687746E-01
  6.200000E-01  2.716805E-01
  6.220000E-01  2.745692E-01
  6.240000E-01  2.774409E-01
  6.260000E-01  2.802956E-01
  6.280000E-01  2.831334E-01
  6.300000E-01  2.859545E-01
  6.320000E-01  2.887590E-01
  6.340000E-01  2.915469E-01
  6.360000E-01  2.943183E-01
  6.380000E-01  2.970735E-01
  6.400000E-01  2.998124E-01
  6.420000E-01  3.025351E-01
  6.440000E-01  3.052418E-01
  6.460000E-01  3.079327E-01
  6.480000E-01  3.106076E-01
  6.500000E-01  3.132669E-01
  6.520000E-01  3.159105E-01
  6.540000E-01  3.185386E-01
  6.560000E-01  3.211513E-01
  6.580000E-01  3.237486E-01
  6.600000E-01  3.263308E-01
  6.620000E-01  3.288978E-01
  6.640000E-01  3.314497E-01
  6.660000E-01  3.339868E-01
  6.680000E-01  3.365089E-01
  6.700000E-01  3.390164E-01
  6.720000E-01  3.415092E-01
  6.740000E-01  3.439874E-01
  6.760000E-01  3.464512E-01
  6.780000E-01  3.489006E-01
  6.800000E-01  3.513358E-01
  6.820000E-01  3.537567E-01
  6.840000E-01  3.561636E-01
  6.860000E-01  3.585565E-01
  6.880000E-01  3.609355E-01
  6.900000E-01  3.633006E-01
  6.920000E-01  3.656521E-01
  6.940000E-01  3.679899E-01
  6.960000E-01  3.703141E-01
  6.980000E-01  3.726249E-01
  7.000000E-01  3.749223E-01
  7.020000E-01  3.772064E-01
  7.040000E-01  3.794773E-01
  7.060000E-01  3.817351E-01
  7.080000E-01  3.839798E-01
  7.100000E-01  3.862116E-01
  7.120000E-01  3.884306E-01
  7.140000E-01  3.906367E-01
  7.160000E-01  3.928301E-01
  7.180000E-01  3.950110E-01
  7.200000E-01  3.971792E-01
  7.220000E-01  3.993351E-01
  7.240000E-01  4.014785E-01
  7.260000E-01  4.036096E-01
  7.280000E-01  4.057285E-01
  7.300000E-01  4.078353E-01
  7.320000E-01  4.099300E-01
  7.340000E-01  4.120126E-01
  7.360000E-01  4.140834E-01
  7.380000E-01  4.161423E-01
  7.400000E-01  4.181895E-01
  7.420000E-01  4.202250E-01
  7.440000E-01  4.222488E-01
  7.460000E-01  4.242611E-01
  7.480000E-01  4.262619E-01
  7.500000E-01  4.282513E-01
  7.520000E-01  4.302294E-01
  7.540000E-01  4.321962E-01
  7.560000E-01  4.341519E-01
  7.580000E-01  4.360964E-01
  7.600000E-01  4.380298E-01
  7.620000E-01  4.399523E-01
  7.640000E-01  4.418639E-01
  7.660000E-01  4.437646E-01
  7.680000E-01  4.456545E-01
  7.700000E-01  4.475337E-01
  7.720000E-01  4.494023E-01
  7.740000E-01  4.512603E-01
  7.760000E-01  4.531078E-01
  7.780000E-01  4.549448E-01
  7.800000E-01  4.567714E-01
  7.820000E-01  4.585877E-01
  7.840000E-01  4.603937E-01
  7.860000E-01  4.621896E-01
  7.880000E-01  4.639753E-01
  7.900000E-01  4.657509E-01
  7.920000E-01  4.675165E-01
  7.940000E-01  4.692721E-01
  7.960000E-01  4.710179E-01
  7.980000E-01  4.727538E-01
  8.000000E-01  4.744800E-01
  8.020000E-01  4.761964E-01
  8.040000E-01  4.779031E-01
  8.060000E-01  4.796003E-01
  8.080000E-01  4.812879E-01
  8.100000E-01  4.829660E-01
  8.120000E-01  4.846347E-01
  8.140000E-01  4.862941E-01
  8.160000E-01  4.879441E-01
  8.180000E-01  4.895848E-01
  8.200000E-01  4.912163E-01
  8.220000E-01  4.928387E-01
  8.240000E-01  4.944520E-01
  8.260000E-01  4.960562E-01
  8.280000E-01  4.976515E-01
  8.300000E-01  4.992377E-01
  8.320000E-01  5.008152E-01
  8.340000E-01  5.023837E-01
  8.360000E-01  5.039435E-01
  8.380000E-01  5.054945E-01
  8.400000E-01  5.070369E-01
  8.420000E-01  5.085706E-01
  8.440000E-01  5.100958E-01
  8.460000E-01  5.116124E-01
  8.480000E-01  5.131205E-01
  8.500000E-01  5.146202E-01
  8.520000E-01  5.161115E-01
  8.540000E-01  5.175945E-01
  8.560000E-01  5.190692E-01
  8.580000E-01  5.205356E-01
  8.600000E-01  5.219938E-01
  8.620000E-01  5.234439E-01
  8.640000E-01  5.248859E-01
  8.660000E-01  5.263198E-01
  8.680000E-01  5.277457E-01
  8.700000E-01  5.291636E-01
  8.720000E-01  5.305736E-01
  8.740000E-01  5.319758E-01
  8.760000E-01  5.333701E-01
  8.780000E-01  5.347566E-01
  8.800000E-01  5.361354E-01
  8.820000E-01  5.375064E-01
  8.840000E-01  5.388698E-01
  8.860000E-01  5.402256E-01
  8.880000E-01  5.415738E-01
  8.900000E-01  5.429145E-01
  8.920000E-01  5.442477E-01
  8.940000E-01  5.455734E-01
  8.960000E-01  5.468917E-01
  8.980000E-01  5.482027E-01
  9.000000E-01  5.495063E-01
  9.020000E-01  5.508026E-01
  9.040000E-01  5.520917E-01
  9.060000E-01  5.533736E-01
  9.080000E-01  5.546483E-01
  9.100000E-01  5.559158E-01
  9.120000E-01  5.571763E-01
  9.140000E-01  5.584297E-01
  9.160000E-01  5.596761E-01
  9.180000E-01  5.609155E-01
  9.200000E-01  5.628142E-01
  9.220000E-01  5.646025E-01
  9.240000E-01  5.664619E-01
  9.260000E-01  5.683747E-01
  9.280000E-01  5.703296E-01
  9.300000E-01  5.723187E-01
  9.320000E-01  5.743362E-01
  9.340000E-01  5.763776E-01
  9.360000E-01  5.784392E-01
  9.380000E-01  5.805180E-01
  9.400000E-01  5.826115E-01
  9.420000E-01  5.847177E-01
  9.440000E-01  5.868347E-01
  9.460000E-01  5.889610E-01
  9.480000E-01  5.910953E-01
  9.500000E-01  5.932362E-01
  9.520000E-01  5.953828E-01
  9.540000E-01  5.975341E-01
  9.560000E-01  5.996893E-01
  9.580000E-01  6.018475E-01
  9.600000E-01  6.040081E-01
  9.620000E-01  6.061704E-01
  9.640000E-01  6.083340E-01
  9.660000E-01  6.104981E-01
  9.680000E-01  6.126624E-01
  9.700000E-01  6.148265E-01
  9.720000E-01  6.169898E-01
  9.740000E-01  6.191521E-01
  9.760000E-01  6.213129E-01
  9.780000E-01  6.234720E-01
  9.800000E-01  6.256290E-01
  9.820000E-01  6.277837E-01
  9.840000E-01  6.299358E-01
  9.860000E-01  6.320851E-01
  9.880000E-01  6.342313E-01
  9.900000E-01  6.363742E-01
  9.920000E-01  6.385136E-01
  9.940000E-01  6.406493E-01
  9.960000E-01  6.427812E-01
  9.980000E-01  6.449090E-01
  1.000000E+00  6.470327E-01
  1.002000E+00  6.491519E-01
  1.004000E+00  6.512667E-01
  1.006000E+00  6.533768E-01
  1.008000E+00  6.554821E-01
  1.010000E+00  6.575825E-01
  1.012000E+00  6.596778E-01
  1.014000E+00  6.617679E-01
  1.016000E+00  6.638527E-01
  1.018000E+00  6.659319E-01
  1.020000E+00  6.680055E-01
  1.022000E+00  6.700733E-01
  1.024000E+00  6.721350E-01
  1.026000E+00  6.741903E-01
  1.028000E+00  6.762389E-01
  1.030000E+00  6.782799E-01
  1.032000E+00  6.803110E-01
  1.034000E+00  6.823361E-01
  1.036000E+00  6.843568E-01
  1.038000E+00  6.863729E-01
  1.040000E+00  6.883844E-01
  1.042000E+00  6.903913E-01
  1.044000E+00  6.923935E-01
  1.046000E+00  6.943910E-01
  1.048000E+00  6.963837E-01
  1.050000E+00  6.983717E-01
  1.052000E+00  7.003549E-01
  1.054000E+00  7.023333E-01
  1.056000E+00  7.043068E-01
  1.058000E+00  7.062754E-01
  1.060000E+00  7.082392E-01
  1.062000E+00  7.101980E-01
  1.064000E+00  7.121520E-01
  1.066000E+00  7.141009E-01
  1.068000E+00  7.160449E-01
  1.070000E+00  7.179840E-01
  1.072000E+00  7.199180E-01
  1.074000E+00  7.218471E-01
  1.076000E+00  7.237711E-01
  1.078000E+00  7.256902E-01
  1.080000E+00  7.276042E-01
  1.082000E+00  7.295132E-01
  1.084000E+00  7.314171E-01
  1.086000E+00  7.333160E-01
  1.088000E+00  7.352099E-01
  1.090000E+00  7.370988E-01
  1.092000E+00  7.389826E-01
  1.094000E+00  7.408613E-01
  1.096000E+00  7.427351E-01
  1.098000E+00  7.446037E-01
  1.100000E+00  7.464674E-01
  1.102000E+00  7.483260E-01
  1.104000E+00  7.501796E-01
  1.106000E+00  7.520281E-01
  1.108000E+00  7.538716E-01
  1.110000E+00  7.557101E-01
  1.112000E+00  7.575436E-01
  1.114000E+00  7.593720E-01
  1.116000E+00  7.611955E-01
  1.118000E+00  7.630139E-01
  1.120000E+00  7.648274E-01
  1.122000E+00  7.666359E-01
  1.124000E+00  7.684394E-01
  1.126000E+00  7.702380E-01
  1.128000E+00  7.720316E-01
  1.130000E+00  7.738202E-01
  1.132000E+00  7.756039E-01
  1.134000E+00  7.773827E-01
  1.136000E+00  7.791565E-01
  1.138000E+00  7.809255E-01
  1.140000E+00  7.826896E-01
  1.142000E+00  7.844487E-01
  1.144000E+00  7.862030E-01
  1.146000E+00  7.879525E-01
  1.148000E+00  7.896970E-01
  1.150000E+00  7.914368E-01
  1.152000E+00  7.931717E-01
  1.154000E+00  7.949018E-01
  1.156000E+00  7.966271E-01
  1.158000E+00  7.983476E-01
  1.160000E+00  8.000634E-01
  1.162000E+00  8.017744E-01
  1.164000E+00  8.034806E-01
  1.166000E+00  8.051821E-01
  1.168000E+00  8.068789E-01
  1.170000E+00  8.085710E-01
  1.172000E+00  8.102584E-01
  1.174000E+00  8.119411E-01
  1.176000E+00  8.136191E-01
  1.178000E+00  8.152925E-01
  1.180000E+00  8.169613E-01
  1.182000E+00  8.186254E-01
  1.184000E+00  8.202850E-01
  1.186000E+00  8.219399E-01
  1.188000E+00  8.235903E-01
  1.190000E+00  8.252361E-01
  1.192000E+00  8.268774E-01
  1.194000E+00  8.285141E-01
  1.196000E+00  8.301463E-01
  1.198000E+00  8.317740E-01
  1.200000E+00  8.333973E-01
