  1.000000E-02  6.662026E-01  7.430310E-02  0.000000E+00  0.000000E+00  0.000000E+00  0.000000E+00  0.000000E+00  0.000000E+00
  1.200000E-02  7.078557E-01  8.562534E-02  0.000000E+00  0.000000E+00  0.000000E+00  0.000000E+00  0.000000E+00  0.000000E+00
  1.400000E-02  7.450779E-01  9.654806E-02  0.000000E+00  0.000000E+00  0.000000E+00  0.000000E+00  0.000000E+00  0.000000E+00
  1.600000E-02  7.788803E-01  1.071378E-01  0.000000E+00  0.000000E+00  0.000000E+00  0.000000E+00  0.000000E+00  0.000000E+00
  1.800000E-02  8.099481E-01  1.174425E-01  0.000000E+00  0.000000E+00  0.000000E+00  0.000000E+00  0.000000E+00  0.000000E+00
  2.000000E-02  8.387698E-01  1.274980E-01  0.000000E+00  0.000000E+00  0.000000E+00  0.000000E+00  0.000000E+00  0.000000E+00
  2.200000E-02  8.657074E-01  1.373324E-01  0.000000E+00  0.000000E+00  0.000000E+00  0.000000E+00  0.000000E+00  0.000000E+00
  2.400000E-02  8.910374E-01  1.469679E-01  0.000000E+00  0.000000E+00  0.000000E+00  0.000000E+00  0.000000E+00  0.000000E+00
  2.600000E-02  9.149765E-01  1.564227E-01  0.000000E+00  0.000000E+00  0.000000E+00  0.000000E+00  0.000000E+00  0.000000E+00
  2.800000E-02  9.376978E-01  1.657118E-01  0.000000E+00  0.000000E+00  0.000000E+00  0.000000E+00  0.000000E+00  0.000000E+00
  3.000000E-02  9.593423E-01  1.748481E-01  0.000000E+00  0.000000E+00  0.000000E+00  0.000000E+00  0.000000E+00  0.000000E+00
  3.200000E-02  9.800266E-01  1.838424E-01  0.000000E+00  0.000000E+00  0.000000E+00  0.000000E+00  0.000000E+00  0.000000E+00
  3.400000E-02  9.998478E-01  1.927040E-01  0.000000E+00  0.000000E+00  0.000000E+00  0.000000E+00  0.000000E+00  0.000000E+00
  3.600000E-02  1.018889E+00  2.014412E-01  0.000000E+00  0.000000E+00  0.000000E+00  0.000000E+00  0.000000E+00  0.000000E+00
  3.800000E-02  1.037219E+00  2.100613E-01  0.000000E+00  0.000000E+00  0.000000E+00  0.000000E+00  0.000000E+00  0.000000E+00
  4.000000E-02  1.054901E+00  2.185705E-01  0.000000E+00  0.000000E+00  0.000000E+00  0.000000E+00  0.000000E+00  0.000000E+00
  4.200000E-02  1.071986E+00  2.269746E-01  0.000000E+00  0.000000E+00  0.000000E+00  0.000000E+00  0.000000E+00  0.000000E+00
  4.400000E-02  1.088521E+00  2.352788E-01  0.000000E+00  0.000000E+00  0.000000E+00  0.000000E+00  0.000000E+00  0.000000E+00
  4.600000E-02  1.104546E+00  2.434877E-01  0.000000E+00  0.000000E+00  0.000000E+00  0.000000E+00  0.000000E+00  0.000000E+00
  4.800000E-02  1.120098E+00  2.516055E-01  0.000000E+00  0.000000E+00  0.000000E+00  0.000000E+00  0.000000E+00  0.000000E+00
  5.000000E-02  1.135208E+00  2.596361E-01  0.000000E+00  0.000000E+00  0.000000E+00  0.000000E+00  0.000000E+00  0.000000E+00
  5.200000E-02  1.149905E+00  2.675831E-01  0.000000E+00  0.000000E+00  0.000000E+00  0.000000E+00  0.000000E+00  0.000000E+00
  5.400000E-02  1.164216E+00  2.754497E-01  0.000000E+00  0.000000E+00  0.000000E+00  0.000000E+00  0.000000E+00  0.000000E+00
  5.600000E-02  1.178163E+00  2.832389E-01  0.000000E+00  0.000000E+00  0.000000E+00  0.000000E+00  0.000000E+00  0.000000E+00
  5.800000E-02  1.191768E+00  2.909535E-01  0.000000E+00  0.000000E+00  0.000000E+00  0.000000E+00  0.000000E+00  0.000000E+00
  6.000000E-02  1.205050E+00  2.985961E-01  0.000000E+00  0.000000E+00  0.000000E+00  0.000000E+00  0.000000E+00  0.000000E+00
  6.200000E-02  1.218026E+00  3.061691E-01  0.000000E+00  0.000000E+00  0.000000E+00  0.000000E+00  0.000000E+00  0.000000E+00
  6.400000E-02  1.230712E+00  3.136749E-01  0.000000E+00  0.000000E+00  0.000000E+00  0.000000E+00  0.000000E+00  0.000000E+00
  6.600000E-02  1.243124E+00  3.211154E-01  0.000000E+00  0.000000E+00  0.000000E+00  0.000000E+00  0.000000E+00  0.000000E+00
  6.800000E-02  1.255274E+00  3.284927E-01  0.000000E+00  0.000000E+00  0.000000E+00  0.000000E+00  0.000000E+00  0.000000E+00
  7.000000E-02  1.267176E+00  3.358087E-01  0.000000E+00  0.000000E+00  0.000000E+00  0.000000E+00  0.000000E+00  0.000000E+00
  7.200000E-02  1.278840E+00  3.430651E-01  0.000000E+00  0.000000E+00  0.000000E+00  0.000000E+00  0.000000E+00  0.000000E+00
  7.400000E-02  1.290279E+00  3.502637E-01  0.000000E+00  0.000000E+00  0.000000E+00  0.000000E+00  0.000000E+00  0.000000E+00
  7.600000E-02  1.301500E+00  3.574059E-01  0.000000E+00  0.000000E+00  0.000000E+00  0.000000E+00  0.000000E+00  0.000000E+00
  7.800000E-02  1.312515E+00  3.644934E-01  0.000000E+00  0.000000E+00  0.000000E+00  0.000000E+00  0.000000E+00  0.000000E+00
  8.000000E-02  1.323331E+00  3.715274E-01  0.000000E+00  0.000000E+00  0.000000E+00  0.000000E+00  0.000000E+00  0.000000E+00
  8.200000E-02  1.333956E+00  3.785094E-01  0.000000E+00  0.000000E+00  0.000000E+00  0.000000E+00  0.000000E+00  0.000000E+00
  8.400000E-02  1.344399E+00  3.854406E-01  0.000000E+00  0.000000E+00  0.000000E+00  0.000000E+00  0.000000E+00  0.000000E+00
  8.600000E-02  1.354666E+00  3.923223E-01  0.000000E+00  0.000000E+00  0.000000E+00  0.000000E+00  0.000000E+00  0.000000E+00
  8.800000E-02  1.364763E+00  3.991556E-01  0.000000E+00  0.000000E+00  0.000000E+00  0.000000E+00  0.000000E+00  0.000000E+00
  9.000000E-02  1.374698E+00  4.059417E-01  0.000000E+00  0.000000E+00  0.000000E+00  0.000000E+00  0.000000E+00  0.000000E+00
  9.200000E-02  1.384476E+00  4.126815E-01  0.000000E+00  0.000000E+00  0.000000E+00  0.000000E+00  0.000000E+00  0.000000E+00
  9.400000E-02  1.394103E+00  4.193762E-01  0.000000E+00  0.000000E+00  0.000000E+00  0.000000E+00  0.000000E+00  0.000000E+00
  9.600000E-02  1.403583E+00  4.260267E-01  0.000000E+00  0.000000E+00  0.000000E+00  0.000000E+00  0.000000E+00  0.000000E+00
  9.800000E-02  1.412922E+00  4.326340E-01  0.000000E+00  0.000000E+00  0.000000E+00  0.000000E+00  0.000000E+00  0.000000E+00
  1.000000E-01  1.422125E+00  4.391989E-01  0.000000E+00  0.000000E+00  0.000000E+00  0.000000E+00  0.000000E+00  0.000000E+00
  1.020000E-01  1.431196E+00  4.457222E-01  0.000000E+00  0.000000E+00  0.000000E+00  0.000000E+00  0.000000E+00  0.000000E+00
  1.040000E-01  1.440138E+00  4.522049E-01  0.000000E+00  0.000000E+00  0.000000E+00  0.000000E+00  0.000000E+00  0.000000E+00
  1.060000E-01  1.448957E+00  4.586477E-01  0.000000E+00  0.000000E+00  0.000000E+00  0.000000E+00  0.000000E+00  0.000000E+00
  1.080000E-01  1.457657E+00  4.650514E-01  0.000000E+00  0.000000E+00  0.000000E+00  0.000000E+00  0.000000E+00  0.000000E+00
  1.100000E-01  1.466239E+00  4.714167E-01  0.000000E+00  0.000000E+00  0.000000E+00  0.000000E+00  0.000000E+00  0.000000E+00
  1.120000E-01  1.474709E+00  4.777443E-01  0.000000E+00  0.000000E+00  0.000000E+00  0.000000E+00  0.000000E+00  0.000000E+00
  1.140000E-01  1.483069E+00  4.840349E-01  0.000000E+00  0.000000E+00  0.000000E+00  0.000000E+00  0.000000E+00  0.000000E+00
  1.160000E-01  1.491322E+00  4.902892E-01  0.000000E+00  0.000000E+00  0.000000E+00  0.000000E+00  0.000000E+00  0.000000E+00
  1.180000E-01  1.499473E+00  4.965077E-01  0.000000E+00  0.000000E+00  0.000000E+00  0.000000E+00  0.000000E+00  0.000000E+00
  1.200000E-01  1.507522E+00  5.026912E-01  0.000000E+00  0.000000E+00  0.000000E+00  0.000000E+00  0.000000E+00  0.000000E+00
  1.220000E-01  1.515473E+00  5.088402E-01  0.000000E+00  0.000000E+00  0.000000E+00  0.000000E+00  0.000000E+00  0.000000E+00
  1.240000E-01  1.523330E+00  5.149552E-01  0.000000E+00  0.000000E+00  0.000000E+00  0.000000E+00  0.000000E+00  0.000000E+00
  1.260000E-01  1.531093E+00  5.210368E-01  0.000000E+00  0.000000E+00  0.000000E+00  0.000000E+00  0.000000E+00  0.000000E+00
  1.280000E-01  1.538766E+00  5.270856E-01  0.000000E+00  0.000000E+00  0.000000E+00  0.000000E+00  0.000000E+00  0.000000E+00
  1.300000E-01  1.546351E+00  5.331021E-01  0.000000E+00  0.000000E+00  0.000000E+00  0.000000E+00  0.000000E+00  0.000000E+00
  1.320000E-01  1.553826E+00  5.392919E-01  0.000000E+00  0.000000E+00  0.000000E+00  0.000000E+00  0.000000E+00  0.000000E+00
  1.340000E-01  1.561163E+00  5.458853E-01  0.000000E+00  0.000000E+00  0.000000E+00  0.000000E+00  0.000000E+00  0.000000E+00
  1.360000E-01  1.568391E+00  5.526477E-01  0.000000E+00  0.000000E+00  0.000000E+00  0.000000E+00  0.000000E+00  0.000000E+00
  1.380000E-01  1.575521E+00  5.595086E-01  0.000000E+00  0.000000E+00  0.000000E+00  0.000000E+00  0.000000E+00  0.000000E+00
  1.400000E-01  1.582558E+00  5.664306E-01  0.000000E+00  0.000000E+00  0.000000E+00  0.000000E+00  0.000000E+00  0.000000E+00
  1.420000E-01  1.589506E+00  5.733894E-01  0.000000E+00  0.000000E+00  0.000000E+00  0.000000E+00  0.000000E+00  0.000000E+00
  1.440000E-01  1.596370E+00  5.803680E-01  0.000000E+00  0.000000E+00  0.000000E+00  0.000000E+00  0.000000E+00  0.000000E+00
  1.460000E-01  1.603153E+00  5.873536E-01  0.000000E+00  0.000000E+00  0.000000E+00  0.000000E+00  0.000000E+00  0.000000E+00
  1.480000E-01  1.609856E+00  5.943368E-01  0.000000E+00  0.000000E+00  0.000000E+00  0.000000E+00  0.000000E+00  0.000000E+00
  1.500000E-01  1.616484E+00  6.013099E-01  0.000000E+00  0.000000E+00  0.000000E+00  0.000000E+00  0.000000E+00  0.000000E+00
  1.520000E-01  1.623038E+00  6.082668E-01  0.000000E+00  0.000000E+00  0.000000E+00  0.000000E+00  0.000000E+00  0.000000E+00
  1.540000E-01  1.629520E+00  6.152030E-01  0.000000E+00  0.000000E+00  0.000000E+00  0.000000E+00  0.000000E+00  0.000000E+00
  1.560000E-01  1.635932E+00  6.221144E-01  0.000000E+00  0.000000E+00  0.000000E+00  0.000000E+00  0.000000E+00  0.000000E+00
  1.580000E-01  1.642276E+00  6.289981E-01  0.000000E+00  0.000000E+00  0.000000E+00  0.000000E+00  0.000000E+00  0.000000E+00
  1.600000E-01  1.648555E+00  6.358514E-01  0.000000E+00  0.000000E+00  0.000000E+00  0.000000E+00  0.000000E+00  0.000000E+00
  1.620000E-01  1.654769E+00  6.426724E-01  0.000000E+00  0.000000E+00  0.000000E+00  0.000000E+00  0.000000E+00  0.000000E+00
  1.640000E-01  1.660920E+00  6.494594E-01  0.000000E+00  0.000000E+00  0.000000E+00  0.000000E+00  0.000000E+00  0.000000E+00
  1.660000E-01  1.667010E+00  6.562111E-01  0.000000E+00  0.000000E+00  0.000000E+00  0.000000E+00  0.000000E+00  0.000000E+00
  1.680000E-01  1.673040E+00  6.629265E-01  0.000000E+00  0.000000E+00  0.000000E+00  0.000000E+00  0.000000E+00  0.000000E+00
  1.700000E-01  1.679012E+00  6.696047E-01  0.000000E+00  0.000000E+00  0.000000E+00  0.000000E+00  0.000000E+00  0.000000E+00
  1.720000E-01  1.684926E+00  6.762452E-01  0.000000E+00  0.000000E+00  0.000000E+00  0.000000E+00  0.000000E+00  0.000000E+00
  1.740000E-01  1.690785E+00  6.828475E-01  0.000000E+00  0.000000E+00  0.000000E+00  0.000000E+00  0.000000E+00  0.000000E+00
  1.760000E-01  1.696589E+00  6.894111E-01  0.000000E+00  0.000000E+00  0.000000E+00  0.000000E+00  0.000000E+00  0.000000E+00
  1.780000E-01  1.702339E+00  6.959361E-01  0.000000E+00  0.000000E+00  0.000000E+00  0.000000E+00  0.000000E+00  0.000000E+00
  1.800000E-01  1.708037E+00  7.024221E-01  0.000000E+00  0.000000E+00  0.000000E+00  0.000000E+00  0.000000E+00  0.000000E+00
  1.820000E-01  1.713684E+00  7.088693E-01  0.000000E+00  0.000000E+00  0.000000E+00  0.000000E+00  0.000000E+00  0.000000E+00
  1.840000E-01  1.719281E+00  7.152775E-01  0.000000E+00  0.000000E+00  0.000000E+00  0.000000E+00  0.000000E+00  0.000000E+00
  1.860000E-01  1.724829E+00  7.216470E-01  0.000000E+00  0.000000E+00  0.000000E+00  0.000000E+00  0.000000E+00  0.000000E+00
  1.880000E-01  1.730328E+00  7.279778E-01  0.000000E+00  0.000000E+00  0.000000E+00  0.000000E+00  0.000000E+00  0.000000E+00
  1.900000E-01  1.735780E+00  7.342702E-01  0.000000E+00  0.000000E+00  0.000000E+00  0.000000E+00  0.000000E+00  0.000000E+00
  1.920000E-01  1.741186E+00  7.405243E-01  0.000000E+00  0.000000E+00  0.000000E+00  0.000000E+00  0.000000E+00  0.000000E+00
  1.940000E-01  1.746547E+00  7.467405E-01  0.000000E+00  0.000000E+00  0.000000E+00  0.000000E+00  0.000000E+00  0.000000E+00
  1.960000E-01  1.751863E+00  7.529189E-01  0.000000E+00  0.000000E+00  0.000000E+00  0.000000E+00  0.000000E+00  0.000000E+00
  1.980000E-01  1.757135E+00  7.590600E-01  0.000000E+00  0.000000E+00  0.000000E+00  0.000000E+00  0.000000E+00  0.000000E+00
  2.000000E-01  1.762364E+00  7.651639E-01  0.000000E+00  0.000000E+00  0.000000E+00  0.000000E+00  0.000000E+00  0.000000E+00
  2.020000E-01  1.767552E+00  7.712310E-01  0.000000E+00  0.000000E+00  0.000000E+00  0.000000E+00  0.000000E+00  0.000000E+00
  2.040000E-01  1.772698E+00  7.772617E-01  0.000000E+00  0.000000E+00  0.000000E+00  0.000000E+00  0.000000E+00  0.000000E+00
  2.060000E-01  1.777803E+00  7.832564E-01  0.000000E+00  0.000000E+00  0.000000E+00  0.000000E+00  0.000000E+00  0.000000E+00
  2.080000E-01  1.782869E+00  7.892152E-01  0.000000E+00  0.000000E+00  0.000000E+00  0.000000E+00  0.000000E+00  0.000000E+00
  2.100000E-01  1.787895E+00  7.951387E-01  0.000000E+00  0.000000E+00  0.000000E+00  0.000000E+00  0.000000E+00  0.000000E+00
  2.120000E-01  1.792883E+00  8.010272E-01  0.000000E+00  0.000000E+00  0.000000E+00  0.000000E+00  0.000000E+00  0.000000E+00
  2.140000E-01  1.797833E+00  8.068810E-01  0.000000E+00  0.000000E+00  0.000000E+00  0.000000E+00  0.000000E+00  0.000000E+00
  2.160000E-01  1.802746E+00  8.127005E-01  0.000000E+00  0.000000E+00  0.000000E+00  0.000000E+00  0.000000E+00  0.000000E+00
  2.180000E-01  1.807622E+00  8.184861E-01  0.000000E+00  0.000000E+00  0.000000E+00  0.000000E+00  0.000000E+00  0.000000E+00
  2.200000E-01  1.812463E+00  8.242382E-01  0.000000E+00  0.000000E+00  0.000000E+00  0.000000E+00  0.000000E+00  0.000000E+00
  2.220000E-01  1.817268E+00  8.299570E-01  0.000000E+00  0.000000E+00  0.000000E+00  0.000000E+00  0.000000E+00  0.000000E+00
  2.240000E-01  1.822038E+00  8.356430E-01  0.000000E+00  0.000000E+00  0.000000E+00  0.000000E+00  0.000000E+00  0.000000E+00
  2.260000E-01  1.826775E+00  8.412965E-01  0.000000E+00  0.000000E+00  0.000000E+00  0.000000E+00  0.000000E+00  0.000000E+00
  2.280000E-01  1.831477E+00  8.469179E-01  0.000000E+00  0.000000E+00  0.000000E+00  0.000000E+00  0.000000E+00  0.000000E+00
  2.300000E-01  1.836147E+00  8.525076E-01  0.000000E+00  0.000000E+00  0.000000E+00  0.000000E+00  0.000000E+00  0.000000E+00
  2.320000E-01  1.840784E+00  8.580658E-01  0.000000E+00  0.000000E+00  0.000000E+00  0.000000E+00  0.000000E+00  0.000000E+00
  2.340000E-01  1.845389E+00  8.635929E-01  0.000000E+00  0.000000E+00  0.000000E+00  0.000000E+00  0.000000E+00  0.000000E+00
  2.360000E-01  1.849963E+00  8.690893E-01  0.000000E+00  0.000000E+00  0.000000E+00  0.000000E+00  0.000000E+00  0.000000E+00
  2.380000E-01  1.854505E+00  8.745553E-01  0.000000E+00  0.000000E+00  0.000000E+00  0.000000E+00  0.000000E+00  0.000000E+00
  2.400000E-01  1.859017E+00  8.799913E-01  0.000000E+00  0.000000E+00  0.000000E+00  0.000000E+00  0.000000E+00  0.000000E+00
  2.420000E-01  1.863499E+00  8.853975E-01  0.000000E+00  0.000000E+00  0.000000E+00  0.000000E+00  0.000000E+00  0.000000E+00
  2.440000E-01  1.867952E+00  8.907743E-01  0.000000E+00  0.000000E+00  0.000000E+00  0.000000E+00  0.000000E+00  0.000000E+00
  2.460000E-01  1.872375E+00  8.961220E-01  0.000000E+00  0.000000E+00  0.000000E+00  0.000000E+00  0.000000E+00  0.000000E+00
  2.480000E-01  1.876770E+00  9.014410E-01  0.000000E+00  0.000000E+00  0.000000E+00  0.000000E+00  0.000000E+00  0.000000E+00
  2.500000E-01  1.881136E+00  9.067315E-01  0.000000E+00  0.000000E+00  0.000000E+00  0.000000E+00  0.000000E+00  0.000000E+00
  2.520000E-01  1.885474E+00  9.119938E-01  0.000000E+00  0.000000E+00  0.000000E+00  0.000000E+00  0.000000E+00  0.000000E+00
  2.540000E-01  1.889785E+00  9.172282E-01  0.000000E+00  0.000000E+00  0.000000E+00  0.000000E+00  0.000000E+00  0.000000E+00
  2.560000E-01  1.894069E+00  9.224352E-01  0.000000E+00  0.000000E+00  0.000000E+00  0.000000E+00  0.000000E+00  0.000000E+00
  2.580000E-01  1.898326E+00  9.276148E-01  0.000000E+00  0.000000E+00  0.000000E+00  0.000000E+00  0.000000E+00  0.000000E+00
  2.600000E-01  1.902557E+00  9.327675E-01  0.000000E+00  0.000000E+00  0.000000E+00  0.000000E+00  0.000000E+00  0.000000E+00
  2.620000E-01  1.906762E+00  9.378934E-01  0.000000E+00  0.000000E+00  0.000000E+00  0.000000E+00  0.000000E+00  0.000000E+00
  2.640000E-01  1.910942E+00  9.429930E-01  0.000000E+00  0.000000E+00  0.000000E+00  0.000000E+00  0.000000E+00  0.000000E+00
  2.660000E-01  1.915096E+00  9.480663E-01  0.000000E+00  0.000000E+00  0.000000E+00  0.000000E+00  0.000000E+00  0.000000E+00
  2.680000E-01  1.919226E+00  9.531139E-01  0.000000E+00  0.000000E+00  0.000000E+00  0.000000E+00  0.000000E+00  0.000000E+00
  2.700000E-01  1.923331E+00  9.581358E-01  0.000000E+00  0.000000E+00  0.000000E+00  0.000000E+00  0.000000E+00  0.000000E+00
  2.720000E-01  1.927412E+00  9.631323E-01  0.000000E+00  0.000000E+00  0.000000E+00  0.000000E+00  0.000000E+00  0.000000E+00
  2.740000E-01  1.931469E+00  9.681038E-01  0.000000E+00  0.000000E+00  0.000000E+00  0.000000E+00  0.000000E+00  0.000000E+00
  2.760000E-01  1.935503E+00  9.730504E-01  0.000000E+00  0.000000E+00  0.000000E+00  0.000000E+00  0.000000E+00  0.000000E+00
  2.780000E-01  1.939513E+00  9.779724E-01  0.000000E+00  0.000000E+00  0.000000E+00  0.000000E+00  0.000000E+00  0.000000E+00
  2.800000E-01  1.943501E+00  9.828701E-01  0.000000E+00  0.000000E+00  0.000000E+00  0.000000E+00  0.000000E+00  0.000000E+00
  2.820000E-01  1.947466E+00  9.877437E-01  0.000000E+00  0.000000E+00  0.000000E+00  0.000000E+00  0.000000E+00  0.000000E+00
  2.840000E-01  1.951409E+00  9.925934E-01  0.000000E+00  0.000000E+00  0.000000E+00  0.000000E+00  0.000000E+00  0.000000E+00
  2.860000E-01  1.955330E+00  9.974194E-01  0.000000E+00  0.000000E+00  0.000000E+00  0.000000E+00  0.000000E+00  0.000000E+00
  2.880000E-01  1.959229E+00  1.002222E+00  0.000000E+00  0.000000E+00  0.000000E+00  0.000000E+00  0.000000E+00  0.000000E+00
  2.900000E-01  1.963107E+00  1.007002E+00  0.000000E+00  0.000000E+00  0.000000E+00  0.000000E+00  0.000000E+00  0.000000E+00
  2.920000E-01  1.966964E+00  1.011758E+00  0.000000E+00  0.000000E+00  0.000000E+00  0.000000E+00  0.000000E+00  0.000000E+00
  2.940000E-01  1.970800E+00  1.016492E+00  0.000000E+00  0.000000E+00  0.000000E+00  0.000000E+00  0.000000E+00  0.000000E+00
  2.960000E-01  1.974616E+00  1.021203E+00  0.000000E+00  0.000000E+00  0.000000E+00  0.000000E+00  0.000000E+00  0.000000E+00
  2.980000E-01  1.978411E+00  1.025892E+00  0.000000E+00  0.000000E+00  0.000000E+00  0.000000E+00  0.000000E+00  0.000000E+00
  3.000000E-01  1.982187E+00  1.030559E+00  0.000000E+00  0.000000E+00  0.000000E+00  0.000000E+00  0.000000E+00  0.000000E+00
  3.020000E-01  1.985942E+00  1.035204E+00  0.000000E+00  0.000000E+00  0.000000E+00  0.000000E+00  0.000000E+00  0.000000E+00
  3.040000E-01  1.989678E+00  1.039827E+00  0.000000E+00  0.000000E+00  0.000000E+00  0.000000E+00  0.000000E+00  0.000000E+00
  3.060000E-01  1.993395E+00  1.044429E+00  0.000000E+00  0.000000E+00  0.000000E+00  0.000000E+00  0.000000E+00  0.000000E+00
  3.080000E-01  1.997093E+00  1.049009E+00  0.000000E+00  0.000000E+00  0.000000E+00  0.000000E+00  0.000000E+00  0.000000E+00
  3.100000E-01  2.000772E+00  1.053569E+00  0.000000E+00  0.000000E+00  0.000000E+00  0.000000E+00  0.000000E+00  0.000000E+00
  3.120000E-01  2.004432E+00  1.058107E+00  0.000000E+00  0.000000E+00  0.000000E+00  0.000000E+00  0.000000E+00  0.000000E+00
  3.140000E-01  2.008074E+00  1.062625E+00  0.000000E+00  0.000000E+00  0.000000E+00  0.000000E+00  0.000000E+00  0.000000E+00
  3.160000E-01  2.011698E+00  1.067122E+00  0.000000E+00  0.000000E+00  0.000000E+00  0.000000E+00  0.000000E+00  0.000000E+00
  3.180000E-01  2.015304E+00  1.071599E+00  0.000000E+00  0.000000E+00  0.000000E+00  0.000000E+00  0.000000E+00  0.000000E+00
  3.200000E-01  2.018893E+00  1.076055E+00  0.000000E+00  0.000000E+00  0.000000E+00  0.000000E+00  0.000000E+00  0.000000E+00
  3.220000E-01  2.022464E+00  1.080492E+00  0.000000E+00  0.000000E+00  0.000000E+00  0.000000E+00  0.000000E+00  0.000000E+00
  3.240000E-01  2.026017E+00  1.084909E+00  0.000000E+00  0.000000E+00  0.000000E+00  0.000000E+00  0.000000E+00  0.000000E+00
  3.260000E-01  2.029554E+00  1.089306E+00  0.000000E+00  0.000000E+00  0.000000E+00  0.000000E+00  0.000000E+00  0.000000E+00
  3.280000E-01  2.033074E+00  1.093684E+00  0.000000E+00  0.000000E+00  0.000000E+00  0.000000E+00  0.000000E+00  0.000000E+00
  3.300000E-01  2.036577E+00  1.098042E+00  0.000000E+00  0.000000E+00  0.000000E+00  0.000000E+00  0.000000E+00  0.000000E+00
  3.320000E-01  2.040064E+00  1.102381E+00  0.000000E+00  0.000000E+00  0.000000E+00  0.000000E+00  0.000000E+00  0.000000E+00
  3.340000E-01  2.043535E+00  1.106702E+00  0.000000E+00  0.000000E+00  0.000000E+00  0.000000E+00  0.000000E+00  0.000000E+00
  3.360000E-01  2.046989E+00  1.111003E+00  0.000000E+00  0.000000E+00  0.000000E+00  0.000000E+00  0.000000E+00  0.000000E+00
  3.380000E-01  2.050428E+00  1.115286E+00  0.000000E+00  0.000000E+00  0.000000E+00  0.000000E+00  0.000000E+00  0.000000E+00
  3.400000E-01  2.053850E+00  1.119550E+00  0.000000E+00  0.000000E+00  0.000000E+00  0.000000E+00  0.000000E+00  0.000000E+00
  3.420000E-01  2.057258E+00  1.123796E+00  0.000000E+00  0.000000E+00  0.000000E+00  0.000000E+00  0.000000E+00  0.000000E+00
  3.440000E-01  2.060650E+00  1.128024E+00  0.000000E+00  0.000000E+00  0.000000E+00  0.000000E+00  0.000000E+00  0.000000E+00
  3.460000E-01  2.064027E+00  1.132233E+00  0.000000E+00  0.000000E+00  0.000000E+00  0.000000E+00  0.000000E+00  0.000000E+00
  3.480000E-01  2.067389E+00  1.136425E+00  0.000000E+00  0.000000E+00  0.000000E+00  0.000000E+00  0.000000E+00  0.000000E+00
  3.500000E-01  2.070736E+00  1.140599E+00  0.000000E+00  0.000000E+00  0.000000E+00  0.000000E+00  0.000000E+00  0.000000E+00
  3.520000E-01  2.074068E+00  1.144756E+00  0.000000E+00  0.000000E+00  0.000000E+00  0.000000E+00  0.000000E+00  0.000000E+00
  3.540000E-01  2.077386E+00  1.148895E+00  0.000000E+00  0.000000E+00  0.000000E+00  0.000000E+00  0.000000E+00  0.000000E+00
  3.560000E-01  2.080690E+00  1.153016E+00  0.000000E+00  0.000000E+00  0.000000E+00  0.000000E+00  0.000000E+00  0.000000E+00
  3.580000E-01  2.083979E+00  1.157121E+00  0.000000E+00  0.000000E+00  0.000000E+00  0.000000E+00  0.000000E+00  0.000000E+00
  3.600000E-01  2.087254E+00  1.161208E+00  0.000000E+00  0.000000E+00  0.000000E+00  0.000000E+00  0.000000E+00  0.000000E+00
  3.620000E-01  2.090516E+00  1.165278E+00  0.000000E+00  0.000000E+00  0.000000E+00  0.000000E+00  0.000000E+00  0.000000E+00
  3.640000E-01  2.093764E+00  1.169332E+00  0.000000E+00  0.000000E+00  0.000000E+00  0.000000E+00  0.000000E+00  0.000000E+00
  3.660000E-01  2.096998E+00  1.173369E+00  0.000000E+00  0.000000E+00  0.000000E+00  0.000000E+00  0.000000E+00  0.000000E+00
  3.680000E-01  2.100218E+00  1.177390E+00  0.000000E+00  0.000000E+00  0.000000E+00  0.000000E+00  0.000000E+00  0.000000E+00
  3.700000E-01  2.103426E+00  1.181394E+00  0.000000E+00  0.000000E+00  0.000000E+00  0.000000E+00  0.000000E+00  0.000000E+00
  3.720000E-01  2.106620E+00  1.185382E+00  0.000000E+00  0.000000E+00  0.000000E+00  0.000000E+00  0.000000E+00  0.000000E+00
  3.740000E-01  2.109802E+00  1.189354E+00  0.000000E+00  0.000000E+00  0.000000E+00  0.000000E+00  0.000000E+00  0.000000E+00
  3.760000E-01  2.112970E+00  1.193309E+00  0.000000E+00  0.000000E+00  0.000000E+00  0.000000E+00  0.000000E+00  0.000000E+00
  3.780000E-01  2.116126E+00  1.197249E+00  0.000000E+00  0.000000E+00  0.000000E+00  0.000000E+00  0.000000E+00  0.000000E+00
  3.800000E-01  2.119269E+00  1.201173E+00  0.000000E+00  0.000000E+00  0.000000E+00  0.000000E+00  0.000000E+00  0.000000E+00
  3.820000E-01  2.122400E+00  1.205082E+00  0.000000E+00  0.000000E+00  0.000000E+00  0.000000E+00  0.000000E+00  0.000000E+00
  3.840000E-01  2.125518E+00  1.208975E+00  0.000000E+00  0.000000E+00  0.000000E+00  0.000000E+00  0.000000E+00  0.000000E+00
  3.860000E-01  2.128624E+00  1.212853E+00  0.000000E+00  0.000000E+00  0.000000E+00  0.000000E+00  0.000000E+00  0.000000E+00
  3.880000E-01  2.131718E+00  1.216715E+00  0.000000E+00  0.000000E+00  0.000000E+00  0.000000E+00  0.000000E+00  0.000000E+00
  3.900000E-01  2.134800E+00  1.220562E+00  0.000000E+00  0.000000E+00  0.000000E+00  0.000000E+00  0.000000E+00  0.000000E+00
  3.920000E-01  2.137870E+00  1.224394E+00  0.000000E+00  0.000000E+00  0.000000E+00  0.000000E+00  0.000000E+00  0.000000E+00
  3.940000E-01  2.140929E+00  1.228211E+00  0.000000E+00  0.000000E+00  0.000000E+00  0.000000E+00  0.000000E+00  0.000000E+00
  3.960000E-01  2.143976E+00  1.232014E+00  0.000000E+00  0.000000E+00  0.000000E+00  0.000000E+00  0.000000E+00  0.000000E+00
  3.980000E-01  2.147011E+00  1.235801E+00  0.000000E+00  0.000000E+00  0.000000E+00  0.000000E+00  0.000000E+00  0.000000E+00
  4.000000E-01  2.150035E+00  1.239574E+00  0.000000E+00  0.000000E+00  0.000000E+00  0.000000E+00  0.000000E+00  0.000000E+00
  4.020000E-01  2.153048E+00  1.243333E+00  0.000000E+00  0.000000E+00  0.000000E+00  0.000000E+00  0.000000E+00  0.000000E+00
  4.040000E-01  2.156050E+00  1.247077E+00  0.000000E+00  0.000000E+00  0.000000E+00  0.000000E+00  0.000000E+00  0.000000E+00
  4.060000E-01  2.159040E+00  1.250806E+00  0.000000E+00  0.000000E+00  0.000000E+00  0.000000E+00  0.000000E+00  0.000000E+00
  4.080000E-01  2.162020E+00  1.254522E+00  0.000000E+00  0.000000E+00  0.000000E+00  0.000000E+00  0.000000E+00  0.000000E+00
  4.100000E-01  2.164989E+00  1.258224E+00  0.000000E+00  0.000000E+00  0.000000E+00  0.000000E+00  0.000000E+00  0.000000E+00
  4.120000E-01  2.167947E+00  1.261911E+00  0.000000E+00  0.000000E+00  0.000000E+00  0.000000E+00  0.000000E+00  0.000000E+00
  4.140000E-01  2.170895E+00  1.265585E+00  0.000000E+00  0.000000E+00  0.000000E+00  0.000000E+00  0.000000E+00  0.000000E+00
  4.160000E-01  2.173832E+00  1.269245E+00  0.000000E+00  0.000000E+00  0.000000E+00  0.000000E+00  0.000000E+00  0.000000E+00
  4.180000E-01  2.176758E+00  1.272891E+00  0.000000E+00  0.000000E+00  0.000000E+00  0.000000E+00  0.000000E+00  0.000000E+00
  4.200000E-01  2.179674E+00  1.276524E+00  0.000000E+00  0.000000E+00  0.000000E+00  0.000000E+00  0.000000E+00  0.000000E+00
  4.220000E-01  2.182580E+00  1.280143E+00  0.000000E+00  0.000000E+00  0.000000E+00  0.000000E+00  0.000000E+00  0.000000E+00
  4.240000E-01  2.185476E+00  1.283748E+00  0.000000E+00  0.000000E+00  0.000000E+00  0.000000E+00  0.000000E+00  0.000000E+00
  4.260000E-01  2.188362E+00  1.287341E+00  0.000000E+00  0.000000E+00  0.000000E+00  0.000000E+00  0.000000E+00  0.000000E+00
  4.280000E-01  2.191238E+00  1.290920E+00  0.000000E+00  0.000000E+00  0.000000E+00  0.000000E+00  0.000000E+00  0.000000E+00
  4.300000E-01  2.194104E+00  1.294486E+00  0.000000E+00  0.000000E+00  0.000000E+00  0.000000E+00  0.000000E+00  0.000000E+00
  4.320000E-01  2.196961E+00  1.298039E+00  0.000000E+00  0.000000E+00  0.000000E+00  0.000000E+00  0.000000E+00  0.000000E+00
  4.340000E-01  2.199808E+00  1.301580E+00  0.000000E+00  0.000000E+00  0.000000E+00  0.000000E+00  0.000000E+00  0.000000E+00
  4.360000E-01  2.202645E+00  1.305107E+00  0.000000E+00  0.000000E+00  0.000000E+00  0.000000E+00  0.000000E+00  0.000000E+00
  4.380000E-01  2.205472E+00  1.308622E+00  0.000000E+00  0.000000E+00  0.000000E+00  0.000000E+00  0.000000E+00  0.000000E+00
  4.400000E-01  2.208291E+00  1.312124E+00  0.000000E+00  0.000000E+00  0.000000E+00  0.000000E+00  0.000000E+00  0.000000E+00
  4.420000E-01  2.211100E+00  1.315613E+00  0.000000E+00  0.000000E+00  0.000000E+00  0.000000E+00  0.000000E+00  0.000000E+00
  4.440000E-01  2.213900E+00  1.319090E+00  0.000000E+00  0.000000E+00  0.000000E+00  0.000000E+00  0.000000E+00  0.000000E+00
  4.460000E-01  2.216690E+00  1.322554E+00  0.000000E+00  0.000000E+00  0.000000E+00  0.000000E+00  0.000000E+00  0.000000E+00
  4.480000E-01  2.219472E+00  1.326007E+00  0.000000E+00  0.000000E+00  0.000000E+00  0.000000E+00  0.000000E+00  0.000000E+00
  4.500000E-01  2.222244E+00  1.329447E+00  0.000000E+00  0.000000E+00  0.000000E+00  0.000000E+00  0.000000E+00  0.000000E+00
  4.520000E-01  2.225008E+00  1.332874E+00  0.000000E+00  0.000000E+00  0.000000E+00  0.000000E+00  0.000000E+00  0.000000E+00
  4.540000E-01  2.227763E+00  1.336290E+00  0.000000E+00  0.000000E+00  0.000000E+00  0.000000E+00  0.000000E+00  0.000000E+00
  4.560000E-01  2.230509E+00  1.339694E+00  0.000000E+00  0.000000E+00  0.000000E+00  0.000000E+00  0.000000E+00  0.000000E+00
  4.580000E-01  2.233246E+00  1.343086E+00  0.000000E+00  0.000000E+00  0.000000E+00  0.000000E+00  0.000000E+00  0.000000E+00
  4.600000E-01  2.235975E+00  1.346466E+00  0.000000E+00  0.000000E+00  0.000000E+00  0.000000E+00  0.000000E+00  0.000000E+00
  4.620000E-01  2.238696E+00  1.349834E+00  0.000000E+00  0.000000E+00  0.000000E+00  0.000000E+00  0.000000E+00  0.000000E+00
  4.640000E-01  2.241408E+00  1.353191E+00  0.000000E+00  0.000000E+00  0.000000E+00  0.000000E+00  0.000000E+00  0.000000E+00
  4.660000E-01  2.244111E+00  1.356536E+00  0.000000E+00  0.000000E+00  0.000000E+00  0.000000E+00  0.000000E+00  0.000000E+00
  4.680000E-01  2.246806E+00  1.359870E+00  0.000000E+00  0.000000E+00  0.000000E+00  0.000000E+00  0.000000E+00  0.000000E+00
  4.700000E-01  2.246621E+00  1.363973E+00  0.000000E+00  0.000000E+00  0.000000E+00  0.000000E+00  3.396820E-01  0.000000E+00
  4.720000E-01  2.247491E+00  1.367766E+00  0.000000E+00  0.000000E+00  0.000000E+00  0.000000E+00  3.999915E-01  0.000000E+00
  4.740000E-01  2.248263E+00  1.371566E+00  0.000000E+00  0.000000E+00  0.000000E+00  0.000000E+00  4.483529E-01  0.000000E+00
  4.760000E-01  2.248965E+00  1.375365E+00  0.000000E+00  0.000000E+00  0.000000E+00  0.000000E+00  4.893861E-01  0.000000E+00
  4.780000E-01  2.249612E+00  1.379159E+00  0.000000E+00  0.000000E+00  0.000000E+00  0.000000E+00  5.253766E-01  0.000000E+00
  4.800000E-01  2.250215E+00  1.382946E+00  0.000000E+00  0.000000E+00  0.000000E+00  0.000000E+00  5.576440E-01  0.000000E+00
  4.820000E-01  2.250781E+00  1.386722E+00  0.000000E+00  0.000000E+00  0.000000E+00  0.000000E+00  5.870282E-01  0.000000E+00
  4.840000E-01  2.251316E+00  1.390489E+00  0.000000E+00  0.000000E+00  0.000000E+00  0.000000E+00  6.141012E-01  0.000000E+00
  4.860000E-01  2.251824E+00  1.394243E+00  0.000000E+00  0.000000E+00  0.000000E+00  0.000000E+00  6.392720E-01  0.000000E+00
  4.880000E-01  2.252307E+00  1.397986E+00  0.000000E+00  0.000000E+00  0.000000E+00  0.000000E+00  6.628446E-01  0.000000E+00
  4.900000E-01  2.252768E+00  1.401716E+00  0.000000E+00  0.000000E+00  0.000000E+00  0.000000E+00  6.850518E-01  0.000000E+00
  4.920000E-01  2.253210E+00  1.405433E+00  0.000000E+00  0.000000E+00  0.000000E+00  0.000000E+00  7.060763E-01  0.000000E+00
  4.940000E-01  2.253635E+00  1.409137E+00  0.000000E+00  0.000000E+00  0.000000E+00  0.000000E+00  7.260646E-01  0.000000E+00
  4.960000E-01  2.254042E+00  1.412828E+00  0.000000E+00  0.000000E+00  0.000000E+00  0.000000E+00  7.451359E-01  0.000000E+00
  4.980000E-01  2.254435E+00  1.416505E+00  0.000000E+00  0.000000E+00  0.000000E+00  0.000000E+00  7.633891E-01  0.000000E+00
  5.000000E-01  2.254813E+00  1.420169E+00  0.000000E+00  0.000000E+00  0.000000E+00  0.000000E+00  7.809068E-01  0.000000E+00
  5.020000E-01  2.255179E+00  1.423819E+00  0.000000E+00  0.000000E+00  0.000000E+00  0.000000E+00  7.977589E-01  0.000000E+00
  5.040000E-01  2.255532E+00  1.427456E+00  0.000000E+00  0.000000E+00  0.000000E+00  0.000000E+00  8.140055E-01  0.000000E+00
  5.060000E-01  2.255874E+00  1.431079E+00  0.000000E+00  0.000000E+00  0.000000E+00  0.000000E+00  8.296982E-01  0.000000E+00
  5.080000E-01  2.256204E+00  1.434688E+00  0.000000E+00  0.000000E+00  0.000000E+00  0.000000E+00  8.448820E-01  0.000000E+00
  5.100000E-01  2.256525E+00  1.438284E+00  0.000000E+00  0.000000E+00  0.000000E+00  0.000000E+00  8.595962E-01  0.000000E+00
  5.120000E-01  2.256836E+00  1.441867E+00  0.000000E+00  0.000000E+00  0.000000E+00  0.000000E+00  8.738755E-01  0.000000E+00
  5.140000E-01  2.257137E+00  1.445436E+00  0.000000E+00  0.000000E+00  0.000000E+00  0.000000E+00  8.877507E-01  0.000000E+00
  5.160000E-01  2.257430E+00  1.448992E+00  0.000000E+00  0.000000E+00  0.000000E+00  0.000000E+00  9.012492E-01  0.000000E+00
  5.180000E-01  2.257714E+00  1.452534E+00  0.000000E+00  0.000000E+00  0.000000E+00  0.000000E+00  9.143955E-01  0.000000E+00
  5.200000E-01  2.257990E+00  1.456064E+00  0.000000E+00  0.000000E+00  0.000000E+00  0.000000E+00  9.272116E-01  0.000000E+00
  5.220000E-01  2.258259E+00  1.459580E+00  0.000000E+00  0.000000E+00  0.000000E+00  0.000000E+00  9.397176E-01  0.000000E+00
  5.240000E-01  2.258520E+00  1.463083E+00  0.000000E+00  0.000000E+00  0.000000E+00  0.000000E+00  9.519314E-01  0.000000E+00
  5.260000E-01  2.258774E+00  1.466574E+00  0.000000E+00  0.000000E+00  0.000000E+00  0.000000E+00  9.638694E-01  0.000000E+00
  5.280000E-01  2.259021E+00  1.470051E+00  0.000000E+00  0.000000E+00  0.000000E+00  0.000000E+00  9.755468E-01  0.000000E+00
  5.300000E-01  2.259261E+00  1.473516E+00  0.000000E+00  0.000000E+00  0.000000E+00  0.000000E+00  9.869771E-01  0.000000E+00
  5.320000E-01  2.259495E+00  1.476969E+00  0.000000E+00  0.000000E+00  0.000000E+00  0.000000E+00  9.981729E-01  0.000000E+00
  5.340000E-01  2.259724E+00  1.480408E+00  0.000000E+00  0.000000E+00  0.000000E+00  0.000000E+00  1.009146E+00  0.000000E+00
  5.360000E-01  2.259946E+00  1.483836E+00  0.000000E+00  0.000000E+00  0.000000E+00  0.000000E+00  1.019907E+00  0.000000E+00
  5.380000E-01  2.260162E+00  1.487251E+00  0.000000E+00  0.000000E+00  0.000000E+00  0.000000E+00  1.030465E+00  0.000000E+00
  5.400000E-01  2.260373E+00  1.490654E+00  0.000000E+00  0.000000E+00  0.000000E+00  0.000000E+00  1.040831E+00  0.000000E+00
  5.420000E-01  2.260578E+00  1.494045E+00  0.000000E+00  0.000000E+00  0.000000E+00  0.000000E+00  1.051012E+00  0.000000E+00
  5.440000E-01  2.260778E+00  1.497424E+00  0.000000E+00  0.000000E+00  0.000000E+00  0.000000E+00  1.061016E+00  0.000000E+00
  5.460000E-01  2.260973E+00  1.500792E+00  0.000000E+00  0.000000E+00  0.000000E+00  0.000000E+00  1.070851E+00  0.000000E+00
  5.480000E-01  2.261164E+00  1.504147E+00  0.000000E+00  0.000000E+00  0.000000E+00  0.000000E+00  1.080524E+00  0.000000E+00
  5.500000E-01  2.261349E+00  1.507491E+00  0.000000E+00  0.000000E+00  0.000000E+00  0.000000E+00  1.090040E+00  0.000000E+00
  5.520000E-01  2.261530E+00  1.510823E+00  0.000000E+00  0.000000E+00  0.000000E+00  0.000000E+00  1.099407E+00  0.000000E+00
  5.540000E-01  2.261706E+00  1.514144E+00  0.000000E+00  0.000000E+00  0.000000E+00  0.000000E+00  1.108630E+00  0.000000E+00
  5.560000E-01  2.261878E+00  1.517454E+00  0.000000E+00  0.000000E+00  0.000000E+00  0.000000E+00  1.117714E+00  0.000000E+00
  5.580000E-01  2.262045E+00  1.520752E+00  0.000000E+00  0.000000E+00  0.000000E+00  0.000000E+00  1.126664E+00  0.000000E+00
  5.600000E-01  2.262208E+00  1.524039E+00  0.000000E+00  0.000000E+00  0.000000E+00  0.000000E+00  1.135485E+00  0.000000E+00
  5.620000E-01  2.262367E+00  1.527316E+00  0.000000E+00  0.000000E+00  0.000000E+00  0.000000E+00  1.144182E+00  0.000000E+00
  5.640000E-01  2.262522E+00  1.530581E+00  0.000000E+00  0.000000E+00  0.000000E+00  0.000000E+00  1.152758E+00  0.000000E+00
  5.660000E-01  2.262673E+00  1.533836E+00  0.000000E+00  0.000000E+00  0.000000E+00  0.000000E+00  1.161218E+00  0.000000E+00
  5.680000E-01  2.262821E+00  1.537080E+00  0.000000E+00  0.000000E+00  0.000000E+00  0.000000E+00  1.169565E+00  0.000000E+00
  5.700000E-01  2.262964E+00  1.540313E+00  0.000000E+00  0.000000E+00  0.000000E+00  0.000000E+00  1.177804E+00  0.000000E+00
  5.720000E-01  2.263104E+00  1.543536E+00  0.000000E+00  0.000000E+00  0.000000E+00  0.000000E+00  1.185936E+00  0.000000E+00
  5.740000E-01  2.263241E+00  1.546748E+00  0.000000E+00  0.000000E+00  0.000000E+00  0.000000E+00  1.193967E+00  0.000000E+00
  5.760000E-01  2.263373E+00  1.549951E+00  0.000000E+00  0.000000E+00  0.000000E+00  0.000000E+00  1.201898E+00  0.000000E+00
  5.780000E-01  2.263503E+00  1.553142E+00  0.000000E+00  0.000000E+00  0.000000E+00  0.000000E+00  1.209734E+00  0.000000E+00
  5.800000E-01  2.263629E+00  1.556324E+00  0.000000E+00  0.000000E+00  0.000000E+00  0.000000E+00  1.217475E+00  0.000000E+00
  5.820000E-01  2.263752E+00  1.559496E+00  0.000000E+00  0.000000E+00  0.000000E+00  0.000000E+00  1.225126E+00  0.000000E+00
  5.840000E-01  2.263871E+00  1.562658E+00  0.000000E+00  0.000000E+00  0.000000E+00  0.000000E+00  1.232689E+00  0.000000E+00
  5.860000E-01  2.263987E+00  1.565810E+00  0.000000E+00  0.000000E+00  0.000000E+00  0.000000E+00  1.240166E+00  0.000000E+00
  5.880000E-01  2.264101E+00  1.568953E+00  0.000000E+00  0.000000E+00  0.000000E+00  0.000000E+00  1.247559E+00  0.000000E+00
  5.900000E-01  2.264211E+00  1.572085E+00  0.000000E+00  0.000000E+00  0.000000E+00  0.000000E+00  1.254871E+00  0.000000E+00
  5.920000E-01  2.264318E+00  1.575208E+00  0.000000E+00  0.000000E+00  0.000000E+00  0.000000E+00  1.262104E+00  0.000000E+00
  5.940000E-01  2.264422E+00  1.578322E+00  0.000000E+00  0.000000E+00  0.000000E+00  0.000000E+00  1.269260E+00  0.000000E+00
  5.960000E-01  2.264524E+00  1.581427E+00  0.000000E+00  0.000000E+00  0.000000E+00  0.000000E+00  1.276341E+00  0.000000E+00
  5.980000E-01  2.264622E+00  1.584522E+00  0.000000E+00  0.000000E+00  0.000000E+00  0.000000E+00  1.283348E+00  0.000000E+00
  6.000000E-01  2.264718E+00  1.587607E+00  0.000000E+00  0.000000E+00  0.000000E+00  0.000000E+00  1.290284E+00  0.000000E+00
  6.020000E-01  2.264811E+00  1.590684E+00  0.000000E+00  0.000000E+00  0.000000E+00  0.000000E+00  1.297151E+00  0.000000E+00
  6.040000E-01  2.264901E+00  1.593752E+00  0.000000E+00  0.000000E+00  0.000000E+00  0.000000E+00  1.303949E+00  0.000000E+00
  6.060000E-01  2.264989E+00  1.596811E+00  0.000000E+00  0.000000E+00  0.000000E+00  0.000000E+00  1.310681E+00  0.000000E+00
  6.080000E-01  2.265074E+00  1.599860E+00  0.000000E+00  0.000000E+00  0.000000E+00  0.000000E+00  1.317348E+00  0.000000E+00
  6.100000E-01  2.265157E+00  1.602902E+00  0.000000E+00  0.000000E+00  0.000000E+00  0.000000E+00  1.323951E+00  0.000000E+00
  6.120000E-01  2.265237E+00  1.605934E+00  0.000000E+00  0.000000E+00  0.000000E+00  0.000000E+00  1.330492E+00  0.000000E+00
  6.140000E-01  2.265314E+00  1.608958E+00  0.000000E+00  0.000000E+00  0.000000E+00  0.000000E+00  1.336973E+00  0.000000E+00
  6.160000E-01  2.265389E+00  1.611973E+00  0.000000E+00  0.000000E+00  0.000000E+00  0.000000E+00  1.343395E+00  0.000000E+00
  6.180000E-01  2.265462E+00  1.614980E+00  0.000000E+00  0.000000E+00  0.000000E+00  0.000000E+00  1.349758E+00  0.000000E+00
  6.200000E-01  2.265532E+00  1.617978E+00  0.000000E+00  0.000000E+00  0.000000E+00  0.000000E+00  1.356065E+00  0.000000E+00
  6.220000E-01  2.265600E+00  1.620968E+00  0.000000E+00  0.000000E+00  0.000000E+00  0.000000E+00  1.362316E+00  0.000000E+00
  6.240000E-01  2.265666E+00  1.623950E+00  0.000000E+00  0.000000E+00  0.000000E+00  0.000000E+00  1.368512E+00  0.000000E+00
  6.260000E-01  2.265729E+00  1.626924E+00  0.000000E+00  0.000000E+00  0.000000E+00  0.000000E+00  1.374655E+00  0.000000E+00
  6.280000E-01  2.265791E+00  1.629889E+00  0.000000E+00  0.000000E+00  0.000000E+00  0.000000E+00  1.380746E+00  0.000000E+00
  6.300000E-01  2.265850E+00  1.632847E+00  0.000000E+00  0.000000E+00  0.000000E+00  0.000000E+00  1.386786E+00  0.000000E+00
  6.320000E-01  2.265907E+00  1.635796E+00  0.000000E+00  0.000000E+00  0.000000E+00  0.000000E+00  1.392776E+00  0.000000E+00
  6.340000E-01  2.265961E+00  1.638738E+00  0.000000E+00  0.000000E+00  0.000000E+00  0.000000E+00  1.398716E+00  0.000000E+00
  6.360000E-01  2.266014E+00  1.641672E+00  0.000000E+00  0.000000E+00  0.000000E+00  0.000000E+00  1.404608E+00  0.000000E+00
  6.380000E-01  2.266065E+00  1.644598E+00  0.000000E+00  0.000000E+00  0.000000E+00  0.000000E+00  1.410453E+00  0.000000E+00
  6.400000E-01  2.266113E+00  1.647516E+00  0.000000E+00  0.000000E+00  0.000000E+00  0.000000E+00  1.416251E+00  0.000000E+00
  6.420000E-01  2.266160E+00  1.650427E+00  0.000000E+00  0.000000E+00  0.000000E+00  0.000000E+00  1.422003E+00  0.000000E+00
  6.440000E-01  2.266204E+00  1.653331E+00  0.000000E+00  0.000000E+00  0.000000E+00  0.000000E+00  1.427711E+00  0.000000E+00
  6.460000E-01  2.266247E+00  1.656226E+00  0.000000E+00  0.000000E+00  0.000000E+00  0.000000E+00  1.433375E+00  0.000000E+00
  6.480000E-01  2.266288E+00  1.659115E+00  0.000000E+00  0.000000E+00  0.000000E+00  0.000000E+00  1.438995E+00  0.000000E+00
  6.500000E-01  2.266327E+00  1.661996E+00  0.000000E+00  0.000000E+00  0.000000E+00  0.000000E+00  1.444573E+00  0.000000E+00
  6.520000E-01  2.266363E+00  1.664870E+00  0.000000E+00  0.000000E+00  0.000000E+00  0.000000E+00  1.450110E+00  0.000000E+00
  6.540000E-01  2.266398E+00  1.667736E+00  0.000000E+00  0.000000E+00  0.000000E+00  0.000000E+00  1.455605E+00  0.000000E+00
  6.560000E-01  2.266432E+00  1.670596E+00  0.000000E+00  0.000000E+00  0.000000E+00  0.000000E+00  1.461060E+00  0.000000E+00
  6.580000E-01  2.266463E+00  1.673448E+00  0.000000E+00  0.000000E+00  0.000000E+00  0.000000E+00  1.466476E+00  0.000000E+00
  6.600000E-01  2.266493E+00  1.676294E+00  0.000000E+00  0.000000E+00  0.000000E+00  0.000000E+00  1.471853E+00  0.000000E+00
  6.620000E-01  2.266521E+00  1.679132E+00  0.000000E+00  0.000000E+00  0.000000E+00  0.000000E+00  1.477191E+00  0.000000E+00
  6.640000E-01  2.266547E+00  1.681964E+00  0.000000E+00  0.000000E+00  0.000000E+00  0.000000E+00  1.482492E+00  0.000000E+00
  6.660000E-01  2.266571E+00  1.684788E+00  0.000000E+00  0.000000E+00  0.000000E+00  0.000000E+00  1.487755E+00  0.000000E+00
  6.680000E-01  2.266594E+00  1.687606E+00  0.000000E+00  0.000000E+00  0.000000E+00  0.000000E+00  1.492982E+00  0.000000E+00
  6.700000E-01  2.266615E+00  1.690417E+00  0.000000E+00  0.000000E+00  0.000000E+00  0.000000E+00  1.498174E+00  0.000000E+00
  6.720000E-01  2.266634E+00  1.693222E+00  0.000000E+00  0.000000E+00  0.000000E+00  0.000000E+00  1.503330E+00  0.000000E+00
  6.740000E-01  2.266652E+00  1.696020E+00  0.000000E+00  0.000000E+00  0.000000E+00  0.000000E+00  1.508451E+00  0.000000E+00
  6.760000E-01  2.266668E+00  1.698811E+00  0.000000E+00  0.000000E+00  0.000000E+00  0.000000E+00  1.513538E+00  0.000000E+00
  6.780000E-01  2.266683E+00  1.701596E+00  0.000000E+00  0.000000E+00  0.000000E+00  0.000000E+00  1.518591E+00  0.000000E+00
  6.800000E-01  2.266696E+00  1.704374E+00  0.000000E+00  0.000000E+00  0.000000E+00  0.000000E+00  1.523611E+00  0.000000E+00
  6.820000E-01  2.266707E+00  1.707146E+00  0.000000E+00  0.000000E+00  0.000000E+00  0.000000E+00  1.528598E+00  0.000000E+00
  6.840000E-01  2.266717E+00  1.709912E+00  0.000000E+00  0.000000E+00  0.000000E+00  0.000000E+00  1.533553E+00  0.000000E+00
  6.860000E-01  2.266725E+00  1.712671E+00  0.000000E+00  0.000000E+00  0.000000E+00  0.000000E+00  1.538477E+00  0.000000E+00
  6.880000E-01  2.266732E+00  1.715424E+00  0.000000E+00  0.000000E+00  0.000000E+00  0.000000E+00  1.543369E+00  0.000000E+00
  6.900000E-01  2.266737E+00  1.718171E+00  0.000000E+00  0.000000E+00  0.000000E+00  0.000000E+00  1.548230E+00  0.000000E+00
  6.920000E-01  2.266741E+00  1.720912E+00  0.000000E+00  0.000000E+00  0.000000E+00  0.000000E+00  1.553061E+00  0.000000E+00
  6.940000E-01  2.266743E+00  1.723647E+00  0.000000E+00  0.000000E+00  0.000000E+00  0.000000E+00  1.557861E+00  0.000000E+00
  6.960000E-01  2.266744E+00  1.726375E+00  0.000000E+00  0.000000E+00  0.000000E+00  0.000000E+00  1.562632E+00  0.000000E+00
  6.980000E-01  2.266744E+00  1.729098E+00  0.000000E+00  0.000000E+00  0.000000E+00  0.000000E+00  1.567374E+00  0.000000E+00
  7.000000E-01  2.266742E+00  1.731815E+00  0.000000E+00  0.000000E+00  0.000000E+00  0.000000E+00  1.572088E+00  0.000000E+00
  7.020000E-01  2.266738E+00  1.734526E+00  0.000000E+00  0.000000E+00  0.000000E+00  0.000000E+00  1.576773E+00  0.000000E+00
  7.040000E-01  2.266734E+00  1.737231E+00  0.000000E+00  0.000000E+00  0.000000E+00  0.000000E+00  1.581429E+00  0.000000E+00
  7.060000E-01  2.266728E+00  1.739930E+00  0.000000E+00  0.000000E+00  0.000000E+00  0.000000E+00  1.586059E+00  0.000000E+00
  7.080000E-01  2.266720E+00  1.742624E+00  0.000000E+00  0.000000E+00  0.000000E+00  0.000000E+00  1.590661E+00  0.000000E+00
  7.100000E-01  2.266712E+00  1.745312E+00  0.000000E+00  0.000000E+00  0.000000E+00  0.000000E+00  1.595236E+00  0.000000E+00
  7.120000E-01  2.266701E+00  1.747994E+00  0.000000E+00  0.000000E+00  0.000000E+00  0.000000E+00  1.599784E+00  0.000000E+00
  7.140000E-01  2.266690E+00  1.750670E+00  0.000000E+00  0.000000E+00  0.000000E+00  0.000000E+00  1.604307E+00  0.000000E+00
  7.160000E-01  2.266677E+00  1.753342E+00  0.000000E+00  0.000000E+00  0.000000E+00  0.000000E+00  1.608803E+00  0.000000E+00
  7.180000E-01  2.266663E+00  1.756007E+00  0.000000E+00  0.000000E+00  0.000000E+00  0.000000E+00  1.613274E+00  0.000000E+00
  7.200000E-01  2.266648E+00  1.758667E+00  0.000000E+00  0.000000E+00  0.000000E+00  0.000000E+00  1.617720E+00  0.000000E+00
  7.220000E-01  2.266632E+00  1.761322E+00  0.000000E+00  0.000000E+00  0.000000E+00  0.000000E+00  1.622141E+00  0.000000E+00
  7.240000E-01  2.266614E+00  1.763971E+00  0.000000E+00  0.000000E+00  0.000000E+00  0.000000E+00  1.626537E+00  0.000000E+00
  7.260000E-01  2.266595E+00  1.766615E+00  0.000000E+00  0.000000E+00  0.000000E+00  0.000000E+00  1.630909E+00  0.000000E+00
  7.280000E-01  2.266575E+00  1.769254E+00  0.000000E+00  0.000000E+00  0.000000E+00  0.000000E+00  1.635257E+00  0.000000E+00
  7.300000E-01  2.266553E+00  1.771887E+00  0.000000E+00  0.000000E+00  0.000000E+00  0.000000E+00  1.639581E+00  0.000000E+00
  7.320000E-01  2.266531E+00  1.774515E+00  0.000000E+00  0.000000E+00  0.000000E+00  0.000000E+00  1.643882E+00  0.000000E+00
  7.340000E-01  2.266507E+00  1.777138E+00  0.000000E+00  0.000000E+00  0.000000E+00  0.000000E+00  1.648159E+00  0.000000E+00
  7.360000E-01  2.266482E+00  1.779756E+00  0.000000E+00  0.000000E+00  0.000000E+00  0.000000E+00  1.652414E+00  0.000000E+00
  7.380000E-01  2.266456E+00  1.782369E+00  0.000000E+00  0.000000E+00  0.000000E+00  0.000000E+00  1.656646E+00  0.000000E+00
  7.400000E-01  2.266428E+00  1.784977E+00  0.000000E+00  0.000000E+00  0.000000E+00  0.000000E+00  1.660856E+00  0.000000E+00
  7.420000E-01  2.266400E+00  1.787580E+00  0.000000E+00  0.000000E+00  0.000000E+00  0.000000E+00  1.665043E+00  0.000000E+00
  7.440000E-01  2.266370E+00  1.790178E+00  0.000000E+00  0.000000E+00  0.000000E+00  0.000000E+00  1.669209E+00  0.000000E+00
  7.460000E-01  2.266339E+00  1.792771E+00  0.000000E+00  0.000000E+00  0.000000E+00  0.000000E+00  1.673353E+00  0.000000E+00
  7.480000E-01  2.266308E+00  1.795359E+00  0.000000E+00  0.000000E+00  0.000000E+00  0.000000E+00  1.677476E+00  0.000000E+00
  7.500000E-01  2.266275E+00  1.797942E+00  0.000000E+00  0.000000E+00  0.000000E+00  0.000000E+00  1.681578E+00  0.000000E+00
  7.520000E-01  2.266241E+00  1.800520E+00  0.000000E+00  0.000000E+00  0.000000E+00  0.000000E+00  1.685659E+00  0.000000E+00
  7.540000E-01  2.266206E+00  1.803094E+00  0.000000E+00  0.000000E+00  0.000000E+00  0.000000E+00  1.689719E+00  0.000000E+00
  7.560000E-01  2.266169E+00  1.805662E+00  0.000000E+00  0.000000E+00  0.000000E+00  0.000000E+00  1.693759E+00  0.000000E+00
  7.580000E-01  2.266132E+00  1.808227E+00  0.000000E+00  0.000000E+00  0.000000E+00  0.000000E+00  1.697778E+00  0.000000E+00
  7.600000E-01  2.266094E+00  1.810786E+00  0.000000E+00  0.000000E+00  0.000000E+00  0.000000E+00  1.701777E+00  0.000000E+00
  7.620000E-01  2.266054E+00  1.813341E+00  0.000000E+00  0.000000E+00  0.000000E+00  0.000000E+00  1.705757E+00  0.000000E+00
  7.640000E-01  2.266014E+00  1.815891E+00  0.000000E+00  0.000000E+00  0.000000E+00  0.000000E+00  1.709717E+00  0.000000E+00
  7.660000E-01  2.265973E+00  1.818437E+00  0.000000E+00  0.000000E+00  0.000000E+00  0.000000E+00  1.713658E+00  0.000000E+00
  7.680000E-01  2.265930E+00  1.820978E+00  0.000000E+00  0.000000E+00  0.000000E+00  0.000000E+00  1.717580E+00  0.000000E+00
  7.700000E-01  2.265887E+00  1.823515E+00  0.000000E+00  0.000000E+00  0.000000E+00  0.000000E+00  1.721482E+00  0.000000E+00
  7.720000E-01  2.265842E+00  1.826047E+00  0.000000E+00  0.000000E+00  0.000000E+00  0.000000E+00  1.725366E+00  0.000000E+00
  7.740000E-01  2.265797E+00  1.828575E+00  0.000000E+00  0.000000E+00  0.000000E+00  0.000000E+00  1.729231E+00  0.000000E+00
  7.760000E-01  2.265750E+00  1.831098E+00  0.000000E+00  0.000000E+00  0.000000E+00  0.000000E+00  1.733078E+00  0.000000E+00
  7.780000E-01  2.265703E+00  1.833617E+00  0.000000E+00  0.000000E+00  0.000000E+00  0.000000E+00  1.736906E+00  0.000000E+00
  7.800000E-01  2.265655E+00  1.836132E+00  0.000000E+00  0.000000E+00  0.000000E+00  0.000000E+00  1.740717E+00  0.000000E+00
  7.820000E-01  2.265605E+00  1.838642E+00  0.000000E+00  0.000000E+00  0.000000E+00  0.000000E+00  1.744510E+00  0.000000E+00
  7.840000E-01  2.265555E+00  1.841148E+00  0.000000E+00  0.000000E+00  0.000000E+00  0.000000E+00  1.748285E+00  0.000000E+00
  7.860000E-01  2.265504E+00  1.843650E+00  0.000000E+00  0.000000E+00  0.000000E+00  0.000000E+00  1.752042E+00  0.000000E+00
  7.880000E-01  2.265452E+00  1.846148E+00  0.000000E+00  0.000000E+00  0.000000E+00  0.000000E+00  1.755782E+00  0.000000E+00
  7.900000E-01  2.265399E+00  1.848641E+00  0.000000E+00  0.000000E+00  0.000000E+00  0.000000E+00  1.759505E+00  0.000000E+00
  7.920000E-01  2.265345E+00  1.851131E+00  0.000000E+00  0.000000E+00  0.000000E+00  0.000000E+00  1.763211E+00  0.000000E+00
  7.940000E-01  2.265290E+00  1.853616E+00  0.000000E+00  0.000000E+00  0.000000E+00  0.000000E+00  1.766900E+00  0.000000E+00
  7.960000E-01  2.265234E+00  1.856097E+00  0.000000E+00  0.000000E+00  0.000000E+00  0.000000E+00  1.770573E+00  0.000000E+00
  7.980000E-01  2.265177E+00  1.858575E+00  0.000000E+00  0.000000E+00  0.000000E+00  0.000000E+00  1.774229E+00  0.000000E+00
  8.000000E-01  2.265119E+00  1.861048E+00  0.000000E+00  0.000000E+00  0.000000E+00  0.000000E+00  1.777868E+00  0.000000E+00
  8.020000E-01  2.265061E+00  1.863517E+00  0.000000E+00  0.000000E+00  0.000000E+00  0.000000E+00  1.781492E+00  0.000000E+00
  8.040000E-01  2.265002E+00  1.865982E+00  0.000000E+00  0.000000E+00  0.000000E+00  0.000000E+00  1.785099E+00  0.000000E+00
  8.060000E-01  2.264941E+00  1.868444E+00  0.000000E+00  0.000000E+00  0.000000E+00  0.000000E+00  1.788690E+00  0.000000E+00
  8.080000E-01  2.264880E+00  1.870901E+00  0.000000E+00  0.000000E+00  0.000000E+00  0.000000E+00  1.792266E+00  0.000000E+00
  8.100000E-01  2.264818E+00  1.873354E+00  0.000000E+00  0.000000E+00  0.000000E+00  0.000000E+00  1.795826E+00  0.000000E+00
  8.120000E-01  2.264755E+00  1.875804E+00  0.000000E+00  0.000000E+00  0.000000E+00  0.000000E+00  1.799370E+00  0.000000E+00
  8.140000E-01  2.264692E+00  1.878250E+00  0.000000E+00  0.000000E+00  0.000000E+00  0.000000E+00  1.802899E+00  0.000000E+00
  8.160000E-01  2.264627E+00  1.880692E+00  0.000000E+00  0.000000E+00  0.000000E+00  0.000000E+00  1.806413E+00  0.000000E+00
  8.180000E-01  2.264562E+00  1.883131E+00  0.000000E+00  0.000000E+00  0.000000E+00  0.000000E+00  1.809912E+00  0.000000E+00
  8.200000E-01  2.264495E+00  1.885565E+00  0.000000E+00  0.000000E+00  0.000000E+00  0.000000E+00  1.813396E+00  0.000000E+00
  8.220000E-01  2.264428E+00  1.887996E+00  0.000000E+00  0.000000E+00  0.000000E+00  0.000000E+00  1.816865E+00  0.000000E+00
  8.240000E-01  2.264360E+00  1.890423E+00  0.000000E+00  0.000000E+00  0.000000E+00  0.000000E+00  1.820319E+00  0.000000E+00
  8.260000E-01  2.264292E+00  1.892847E+00  0.000000E+00  0.000000E+00  0.000000E+00  0.000000E+00  1.823758E+00  0.000000E+00
  8.280000E-01  2.264222E+00  1.895267E+00  0.000000E+00  0.000000E+00  0.000000E+00  0.000000E+00  1.827184E+00  0.000000E+00
  8.300000E-01  2.264152E+00  1.897683E+00  0.000000E+00  0.000000E+00  0.000000E+00  0.000000E+00  1.830595E+00  0.000000E+00
  8.320000E-01  2.264081E+00  1.900096E+00  0.000000E+00  0.000000E+00  0.000000E+00  0.000000E+00  1.833991E+00  0.000000E+00
  8.340000E-01  2.264009E+00  1.902505E+00  0.000000E+00  0.000000E+00  0.000000E+00  0.000000E+00  1.837374E+00  0.000000E+00
  8.360000E-01  2.263936E+00  1.904911E+00  0.000000E+00  0.000000E+00  0.000000E+00  0.000000E+00  1.840743E+00  0.000000E+00
  8.380000E-01  2.263863E+00  1.907313E+00  0.000000E+00  0.000000E+00  0.000000E+00  0.000000E+00  1.844097E+00  0.000000E+00
  8.400000E-01  2.263789E+00  1.909712E+00  0.000000E+00  0.000000E+00  0.000000E+00  0.000000E+00  1.847438E+00  0.000000E+00
  8.420000E-01  2.263714E+00  1.912107E+00  0.000000E+00  0.000000E+00  0.000000E+00  0.000000E+00  1.850766E+00  0.000000E+00
  8.440000E-01  2.263638E+00  1.914499E+00  0.000000E+00  0.000000E+00  0.000000E+00  0.000000E+00  1.854080E+00  0.000000E+00
  8.460000E-01  2.263561E+00  1.916887E+00  0.000000E+00  0.000000E+00  0.000000E+00  0.000000E+00  1.857380E+00  0.000000E+00
  8.480000E-01  2.263484E+00  1.919272E+00  0.000000E+00  0.000000E+00  0.000000E+00  0.000000E+00  1.860667E+00  0.000000E+00
  8.500000E-01  2.263406E+00  1.921654E+00  0.000000E+00  0.000000E+00  0.000000E+00  0.000000E+00  1.863941E+00  0.000000E+00
  8.520000E-01  2.263327E+00  1.924032E+00  0.000000E+00  0.000000E+00  0.000000E+00  0.000000E+00  1.867202E+00  0.000000E+00
  8.540000E-01  2.263248E+00  1.926407E+00  0.000000E+00  0.000000E+00  0.000000E+00  0.000000E+00  1.870450E+00  0.000000E+00
  8.560000E-01  2.263167E+00  1.928779E+00  0.000000E+00  0.000000E+00  0.000000E+00  0.000000E+00  1.873685E+00  0.000000E+00
  8.580000E-01  2.263086E+00  1.931148E+00  0.000000E+00  0.000000E+00  0.000000E+00  0.000000E+00  1.876908E+00  0.000000E+00
  8.600000E-01  2.263005E+00  1.933513E+00  0.000000E+00  0.000000E+00  0.000000E+00  0.000000E+00  1.880117E+00  0.000000E+00
  8.620000E-01  2.262922E+00  1.935875E+00  0.000000E+00  0.000000E+00  0.000000E+00  0.000000E+00  1.883314E+00  0.000000E+00
  8.640000E-01  2.262839E+00  1.938234E+00  0.000000E+00  0.000000E+00  0.000000E+00  0.000000E+00  1.886499E+00  0.000000E+00
  8.660000E-01  2.262755E+00  1.940590E+00  0.000000E+00  0.000000E+00  0.000000E+00  0.000000E+00  1.889671E+00  0.000000E+00
  8.680000E-01  2.262671E+00  1.942942E+00  0.000000E+00  0.000000E+00  0.000000E+00  0.000000E+00  1.892831E+00  0.000000E+00
  8.700000E-01  2.262585E+00  1.945291E+00  0.000000E+00  0.000000E+00  0.000000E+00  0.000000E+00  1.895979E+00  0.000000E+00
  8.720000E-01  2.262499E+00  1.947638E+00  0.000000E+00  0.000000E+00  0.000000E+00  0.000000E+00  1.899114E+00  0.000000E+00
  8.740000E-01  2.262413E+00  1.949981E+00  0.000000E+00  0.000000E+00  0.000000E+00  0.000000E+00  1.902238E+00  0.000000E+00
  8.760000E-01  2.262325E+00  1.952321E+00  0.000000E+00  0.000000E+00  0.000000E+00  0.000000E+00  1.905349E+00  0.000000E+00
  8.780000E-01  2.262237E+00  1.954658E+00  0.000000E+00  0.000000E+00  0.000000E+00  0.000000E+00  1.908449E+00  0.000000E+00
  8.800000E-01  2.262148E+00  1.956992E+00  0.000000E+00  0.000000E+00  0.000000E+00  0.000000E+00  1.911537E+00  0.000000E+00
  8.820000E-01  2.262059E+00  1.959323E+00  0.000000E+00  0.000000E+00  0.000000E+00  0.000000E+00  1.914613E+00  0.000000E+00
  8.840000E-01  2.261969E+00  1.961651E+00  0.000000E+00  0.000000E+00  0.000000E+00  0.000000E+00  1.917678E+00  0.000000E+00
  8.860000E-01  2.261878E+00  1.963976E+00  0.000000E+00  0.000000E+00  0.000000E+00  0.000000E+00  1.920731E+00  0.000000E+00
  8.880000E-01  2.261786E+00  1.966298E+00  0.000000E+00  0.000000E+00  0.000000E+00  0.000000E+00  1.923773E+00  0.000000E+00
  8.900000E-01  2.261694E+00  1.968618E+00  0.000000E+00  0.000000E+00  0.000000E+00  0.000000E+00  1.926804E+00  0.000000E+00
  8.920000E-01  2.261601E+00  1.970934E+00  0.000000E+00  0.000000E+00  0.000000E+00  0.000000E+00  1.929823E+00  0.000000E+00
  8.940000E-01  2.261508E+00  1.973247E+00  0.000000E+00  0.000000E+00  0.000000E+00  0.000000E+00  1.932831E+00  0.000000E+00
  8.960000E-01  2.261414E+00  1.975558E+00  0.000000E+00  0.000000E+00  0.000000E+00  0.000000E+00  1.935828E+00  0.000000E+00
  8.980000E-01  2.261319E+00  1.977866E+00  0.000000E+00  0.000000E+00  0.000000E+00  0.000000E+00  1.938814E+00  0.000000E+00
  9.000000E-01  2.261223E+00  1.980170E+00  0.000000E+00  0.000000E+00  0.000000E+00  0.000000E+00  1.941789E+00  0.000000E+00
  9.020000E-01  2.261127E+00  1.982473E+00  0.000000E+00  0.000000E+00  0.000000E+00  0.000000E+00  1.944753E+00  0.000000E+00
  9.040000E-01  2.261030E+00  1.984772E+00  0.000000E+00  0.000000E+00  0.000000E+00  0.000000E+00  1.947707E+00  0.000000E+00
  9.060000E-01  2.260933E+00  1.987068E+00  0.000000E+00  0.000000E+00  0.000000E+00  0.000000E+00  1.950649E+00  0.000000E+00
  9.080000E-01  2.260835E+00  1.989362E+00  0.000000E+00  0.000000E+00  0.000000E+00  0.000000E+00  1.953581E+00  0.000000E+00
  9.100000E-01  2.260736E+00  1.991653E+00  0.000000E+00  0.000000E+00  0.000000E+00  0.000000E+00  1.956503E+00  0.000000E+00
  9.120000E-01  2.260637E+00  1.993941E+00  0.000000E+00  0.000000E+00  0.000000E+00  0.000000E+00  1.959414E+00  0.000000E+00
  9.140000E-01  2.260537E+00  1.996227E+00  0.000000E+00  0.000000E+00  0.000000E+00  0.000000E+00  1.962314E+00  0.000000E+00
  9.160000E-01  2.260436E+00  1.998510E+00  0.000000E+00  0.000000E+00  0.000000E+00  0.000000E+00  1.965204E+00  0.000000E+00
  9.180000E-01  2.260335E+00  2.000790E+00  0.000000E+00  0.000000E+00  0.000000E+00  0.000000E+00  1.968084E+00  0.000000E+00
  9.200000E-01  2.260166E+00  2.002400E+00  0.000000E+00  0.000000E+00  0.000000E+00  0.000000E+00  1.970239E+00  2.591666E-01
  9.220000E-01  2.260006E+00  2.004110E+00  0.000000E+00  0.000000E+00  0.000000E+00  0.000000E+00  1.972494E+00  3.180913E-01
  9.240000E-01  2.259839E+00  2.005738E+00  0.000000E+00  0.000000E+00  0.000000E+00  0.000000E+00  1.974656E+00  3.661290E-01
  9.260000E-01  2.259665E+00  2.007302E+00  0.000000E+00  0.000000E+00  0.000000E+00  0.000000E+00  1.976742E+00  4.074405E-01
  9.280000E-01  2.259485E+00  2.008813E+00  0.000000E+00  0.000000E+00  0.000000E+00  0.000000E+00  1.978766E+00  4.440765E-01
  9.300000E-01  2.259302E+00  2.010278E+00  0.000000E+00  0.000000E+00  0.000000E+00  0.000000E+00  1.980736E+00  4.772252E-01
  9.320000E-01  2.259114E+00  2.011705E+00  0.000000E+00  0.000000E+00  0.000000E+00  0.000000E+00  1.982658E+00  5.076476E-01
  9.340000E-01  2.258924E+00  2.013096E+00  0.000000E+00  0.000000E+00  0.000000E+00  0.000000E+00  1.984537E+00  5.358651E-01
  9.360000E-01  2.258730E+00  2.014456E+00  0.000000E+00  0.000000E+00  0.000000E+00  0.000000E+00  1.986378E+00  5.622533E-01
  9.380000E-01  2.258534E+00  2.015788E+00  0.000000E+00  0.000000E+00  0.000000E+00  0.000000E+00  1.988182E+00  5.870932E-01
  9.400000E-01  2.258335E+00  2.017095E+00  0.000000E+00  0.000000E+00  0.000000E+00  0.000000E+00  1.989954E+00  6.106014E-01
  9.420000E-01  2.258135E+00  2.018377E+00  0.000000E+00  0.000000E+00  0.000000E+00  0.000000E+00  1.991695E+00  6.329491E-01
  9.440000E-01  2.257932E+00  2.019638E+00  0.000000E+00  0.000000E+00  0.000000E+00  0.000000E+00  1.993407E+00  6.542741E-01
  9.460000E-01  2.257728E+00  2.020878E+00  0.000000E+00  0.000000E+00  0.000000E+00  0.000000E+00  1.995093E+00  6.746895E-01
  9.480000E-01  2.257522E+00  2.022100E+00  0.000000E+00  0.000000E+00  0.000000E+00  0.000000E+00  1.996753E+00  6.942892E-01
  9.500000E-01  2.257314E+00  2.023304E+00  0.000000E+00  0.000000E+00  0.000000E+00  0.000000E+00  1.998389E+00  7.131523E-01
  9.520000E-01  2.257106E+00  2.024491E+00  0.000000E+00  0.000000E+00  0.000000E+00  0.000000E+00  2.000003E+00  7.313462E-01
  9.540000E-01  2.256896E+00  2.025663E+00  0.000000E+00  0.000000E+00  0.000000E+00  0.000000E+00  2.001594E+00  7.489288E-01
  9.560000E-01  2.256684E+00  2.026820E+00  0.000000E+00  0.000000E+00  0.000000E+00  0.000000E+00  2.003165E+00  7.659501E-01
  9.580000E-01  2.256472E+00  2.027963E+00  0.000000E+00  0.000000E+00  0.000000E+00  0.000000E+00  2.004716E+00  7.824540E-01
  9.600000E-01  2.256259E+00  2.029093E+00  0.000000E+00  0.000000E+00  0.000000E+00  0.000000E+00  2.006249E+00  7.984791E-01
  9.620000E-01  2.256045E+00  2.030210E+00  0.000000E+00  0.000000E+00  0.000000E+00  0.000000E+00  2.007762E+00  8.140593E-01
  9.640000E-01  2.255829E+00  2.031316E+00  0.000000E+00  0.000000E+00  0.000000E+00  0.000000E+00  2.009259E+00  8.292249E-01
  9.660000E-01  2.255613E+00  2.032410E+00  0.000000E+00  0.000000E+00  0.000000E+00  0.000000E+00  2.010738E+00  8.440031E-01
  9.680000E-01  2.255397E+00  2.033493E+00  0.000000E+00  0.000000E+00  0.000000E+00  0.000000E+00  2.012201E+00  8.584182E-01
  9.700000E-01  2.255179E+00  2.034566E+00  0.000000E+00  0.000000E+00  0.000000E+00  0.000000E+00  2.013648E+00  8.724922E-01
  9.720000E-01  2.254961E+00  2.035629E+00  0.000000E+00  0.000000E+00  0.000000E+00  0.000000E+00  2.015080E+00  8.862448E-01
  9.740000E-01  2.254743E+00  2.036683E+00  0.000000E+00  0.000000E+00  0.000000E+00  0.000000E+00  2.016497E+00  8.996943E-01
  9.760000E-01  2.254524E+00  2.037727E+00  0.000000E+00  0.000000E+00  0.000000E+00  0.000000E+00  2.017899E+00  9.128571E-01
  9.780000E-01  2.254304E+00  2.038763E+00  0.000000E+00  0.000000E+00  0.000000E+00  0.000000E+00  2.019288E+00  9.257483E-01
  9.800000E-01  2.254084E+00  2.039791E+00  0.000000E+00  0.000000E+00  0.000000E+00  0.000000E+00  2.020663E+00  9.383817E-01
  9.820000E-01  2.253863E+00  2.040810E+00  0.000000E+00  0.000000E+00  0.000000E+00  0.000000E+00  2.022024E+00  9.507700E-01
  9.840000E-01  2.253642E+00  2.041822E+00  0.000000E+00  0.000000E+00  0.000000E+00  0.000000E+00  2.023373E+00  9.629251E-01
  9.860000E-01  2.253420E+00  2.042826E+00  0.000000E+00  0.000000E+00  0.000000E+00  0.000000E+00  2.024709E+00  9.748579E-01
  9.880000E-01  2.253199E+00  2.043824E+00  0.000000E+00  0.000000E+00  0.000000E+00  0.000000E+00  2.026032E+00  9.865783E-01
  9.900000E-01  2.252976E+00  2.044814E+00  0.000000E+00  0.000000E+00  0.000000E+00  0.000000E+00  2.027344E+00  9.980958E-01
  9.920000E-01  2.252754E+00  2.045797E+00  0.000000E+00  0.000000E+00  0.000000E+00  0.000000E+00  2.028643E+00  1.009419E+00
  9.940000E-01  2.252531E+00  2.046775E+00  0.000000E+00  0.000000E+00  0.000000E+00  0.000000E+00  2.029932E+00  1.020556E+00
  9.960000E-01  2.252308E+00  2.047745E+00  0.000000E+00  0.000000E+00  0.000000E+00  0.000000E+00  2.031208E+00  1.031515E+00
  9.980000E-01  2.252085E+00  2.048710E+00  0.000000E+00  0.000000E+00  0.000000E+00  0.000000E+00  2.032474E+00  1.042302E+00
  1.000000E+00  2.251861E+00  2.049670E+00  0.000000E+00  0.000000E+00  0.000000E+00  0.000000E+00  2.033729E+00  1.052925E+00
  1.002000E+00  2.251638E+00  2.050623E+00  0.000000E+00  0.000000E+00  0.000000E+00  0.000000E+00  2.034973E+00  1.063389E+00
  1.004000E+00  2.251414E+00  2.051571E+00  0.000000E+00  0.000000E+00  0.000000E+00  0.000000E+00  2.036206E+00  1.073701E+00
  1.006000E+00  2.251190E+00  2.052514E+00  0.000000E+00  0.000000E+00  0.000000E+00  0.000000E+00  2.037429E+00  1.083866E+00
  1.008000E+00  2.250966E+00  2.053452E+00  0.000000E+00  0.000000E+00  0.000000E+00  0.000000E+00  2.038642E+00  1.093889E+00
  1.010000E+00  2.250742E+00  2.054385E+00  0.000000E+00  0.000000E+00  0.000000E+00  0.000000E+00  2.039844E+00  1.103776E+00
  1.012000E+00  2.250518E+00  2.055314E+00  0.000000E+00  0.000000E+00  0.000000E+00  0.000000E+00  2.041037E+00  1.113530E+00
  1.014000E+00  2.250294E+00  2.056238E+00  0.000000E+00  0.000000E+00  0.000000E+00  0.000000E+00  2.042219E+00  1.123157E+00
  1.016000E+00  2.250070E+00  2.057158E+00  0.000000E+00  0.000000E+00  0.000000E+00  0.000000E+00  2.043392E+00  1.132660E+00
  1.018000E+00  2.249846E+00  2.058073E+00  0.000000E+00  0.000000E+00  0.000000E+00  0.000000E+00  2.044555E+00  1.142044E+00
  1.020000E+00  2.249621E+00  2.058985E+00  0.000000E+00  0.000000E+00  0.000000E+00  0.000000E+00  2.045708E+00  1.151312E+00
  1.022000E+00  2.249398E+00  2.059893E+00  0.000000E+00  0.000000E+00  0.000000E+00  0.000000E+00  2.046852E+00  1.160468E+00
  1.024000E+00  2.249174E+00  2.060797E+00  0.000000E+00  0.000000E+00  0.000000E+00  0.000000E+00  2.047985E+00  1.169516E+00
  1.026000E+00  2.248950E+00  2.061699E+00  0.000000E+00  0.000000E+00  0.000000E+00  0.000000E+00  2.049109E+00  1.178459E+00
  1.028000E+00  2.248727E+00  2.062597E+00  0.000000E+00  0.000000E+00  0.000000E+00  0.000000E+00  2.050222E+00  1.187300E+00
  1.030000E+00  2.248505E+00  2.063494E+00  0.000000E+00  0.000000E+00  0.000000E+00  0.000000E+00  2.051323E+00  1.196042E+00
  1.032000E+00  2.248283E+00  2.064390E+00  0.000000E+00  0.000000E+00  0.000000E+00  0.000000E+00  2.052410E+00  1.204691E+00
  1.034000E+00  2.248062E+00  2.065284E+00  0.000000E+00  0.000000E+00  0.000000E+00  0.000000E+00  2.053489E+00  1.213245E+00
  1.036000E+00  2.247841E+00  2.066173E+00  0.000000E+00  0.000000E+00  0.000000E+00  0.000000E+00  2.054560E+00  1.221707E+00
  1.038000E+00  2.247619E+00  2.067057E+00  0.000000E+00  0.000000E+00  0.000000E+00  0.000000E+00  2.055626E+00  1.230080E+00
  1.040000E+00  2.247397E+00  2.067937E+00  0.000000E+00  0.000000E+00  0.000000E+00  0.000000E+00  2.056685E+00  1.238365E+00
  1.042000E+00  2.247175E+00  2.068814E+00  0.000000E+00  0.000000E+00  0.000000E+00  0.000000E+00  2.057737E+00  1.246564E+00
  1.044000E+00  2.246953E+00  2.069686E+00  0.000000E+00  0.000000E+00  0.000000E+00  0.000000E+00  2.058784E+00  1.254681E+00
  1.046000E+00  2.246730E+00  2.070553E+00  0.000000E+00  0.000000E+00  0.000000E+00  0.000000E+00  2.059825E+00  1.262717E+00
  1.048000E+00  2.246507E+00  2.071417E+00  0.000000E+00  0.000000E+00  0.000000E+00  0.000000E+00  2.060860E+00  1.270673E+00
  1.050000E+00  2.246283E+00  2.072278E+00  0.000000E+00  0.000000E+00  0.000000E+00  0.000000E+00  2.061888E+00  1.278553E+00
  1.052000E+00  2.246060E+00  2.073134E+00  0.000000E+00  0.000000E+00  0.000000E+00  0.000000E+00  2.062911E+00  1.286358E+00
  1.054000E+00  2.245836E+00  2.073986E+00  0.000000E+00  0.000000E+00  0.000000E+00  0.000000E+00  2.063929E+00  1.294089E+00
  1.056000E+00  2.245612E+00  2.074835E+00  0.000000E+00  0.000000E+00  0.000000E+00  0.000000E+00  2.064941E+00  1.301749E+00
  1.058000E+00  2.245388E+00  2.075680E+00  0.000000E+00  0.000000E+00  0.000000E+00  0.000000E+00  2.065947E+00  1.309339E+00
  1.060000E+00  2.245164E+00  2.076522E+00  0.000000E+00  0.000000E+00  0.000000E+00  0.000000E+00  2.066948E+00  1.316861E+00
  1.062000E+00  2.244939E+00  2.077360E+00  0.000000E+00  0.000000E+00  0.000000E+00  0.000000E+00  2.067943E+00  1.324315E+00
  1.064000E+00  2.244714E+00  2.078195E+00  0.000000E+00  0.000000E+00  0.000000E+00  0.000000E+00  2.068934E+00  1.331705E+00
  1.066000E+00  2.244489E+00  2.079026E+00  0.000000E+00  0.000000E+00  0.000000E+00  0.000000E+00  2.069919E+00  1.339030E+00
  1.068000E+00  2.244264E+00  2.079854E+00  0.000000E+00  0.000000E+00  0.000000E+00  0.000000E+00  2.070898E+00  1.346294E+00
  1.070000E+00  2.244039E+00  2.080679E+00  0.000000E+00  0.000000E+00  0.000000E+00  0.000000E+00  2.071873E+00  1.353495E+00
  1.072000E+00  2.243813E+00  2.081500E+00  0.000000E+00  0.000000E+00  0.000000E+00  0.000000E+00  2.072843E+00  1.360637E+00
  1.074000E+00  2.243587E+00  2.082319E+00  0.000000E+00  0.000000E+00  0.000000E+00  0.000000E+00  2.073808E+00  1.367721E+00
  1.076000E+00  2.243361E+00  2.083134E+00  0.000000E+00  0.000000E+00  0.000000E+00  0.000000E+00  2.074767E+00  1.374747E+00
  1.078000E+00  2.243135E+00  2.083946E+00  0.000000E+00  0.000000E+00  0.000000E+00  0.000000E+00  2.075722E+00  1.381717E+00
  1.080000E+00  2.242909E+00  2.084755E+00  0.000000E+00  0.000000E+00  0.000000E+00  0.000000E+00  2.076673E+00  1.388631E+00
  1.082000E+00  2.242682E+00  2.085561E+00  0.000000E+00  0.000000E+00  0.000000E+00  0.000000E+00  2.077618E+00  1.395492E+00
  1.084000E+00  2.242456E+00  2.086364E+00  0.000000E+00  0.000000E+00  0.000000E+00  0.000000E+00  2.078559E+00  1.402299E+00
  1.086000E+00  2.242229E+00  2.087164E+00  0.000000E+00  0.000000E+00  0.000000E+00  0.000000E+00  2.079495E+00  1.409055E+00
  1.088000E+00  2.242002E+00  2.087961E+00  0.000000E+00  0.000000E+00  0.000000E+00  0.000000E+00  2.080427E+00  1.415760E+00
  1.090000E+00  2.241775E+00  2.088755E+00  0.000000E+00  0.000000E+00  0.000000E+00  0.000000E+00  2.081354E+00  1.422414E+00
  1.092000E+00  2.241547E+00  2.089547E+00  0.000000E+00  0.000000E+00  0.000000E+00  0.000000E+00  2.082277E+00  1.429020E+00
  1.094000E+00  2.241320E+00  2.090336E+00  0.000000E+00  0.000000E+00  0.000000E+00  0.000000E+00  2.083195E+00  1.435578E+00
  1.096000E+00  2.241092E+00  2.091122E+00  0.000000E+00  0.000000E+00  0.000000E+00  0.000000E+00  2.084109E+00  1.442088E+00
  1.098000E+00  2.240865E+00  2.091905E+00  0.000000E+00  0.000000E+00  0.000000E+00  0.000000E+00  2.085019E+00  1.448552E+00
  1.100000E+00  2.240637E+00  2.092686E+00  0.000000E+00  0.000000E+00  0.000000E+00  0.000000E+00  2.085924E+00  1.454970E+00
  1.102000E+00  2.240409E+00  2.093464E+00  0.000000E+00  0.000000E+00  0.000000E+00  0.000000E+00  2.086826E+00  1.461344E+00
  1.104000E+00  2.240181E+00  2.094240E+00  0.000000E+00  0.000000E+00  0.000000E+00  0.000000E+00  2.087723E+00  1.467673E+00
  1.106000E+00  2.239952E+00  2.095013E+00  0.000000E+00  0.000000E+00  0.000000E+00  0.000000E+00  2.088616E+00  1.473960E+00
  1.108000E+00  2.239724E+00  2.095783E+00  0.000000E+00  0.000000E+00  0.000000E+00  0.000000E+00  2.089504E+00  1.480204E+00
  1.110000E+00  2.239495E+00  2.096551E+00  0.000000E+00  0.000000E+00  0.000000E+00  0.000000E+00  2.090389E+00  1.486406E+00
  1.112000E+00  2.239267E+00  2.097317E+00  0.000000E+00  0.000000E+00  0.000000E+00  0.000000E+00  2.091270E+00  1.492567E+00
  1.114000E+00  2.239038E+00  2.098080E+00  0.000000E+00  0.000000E+00  0.000000E+00  0.000000E+00  2.092147E+00  1.498688E+00
  1.116000E+00  2.238809E+00  2.098841E+00  0.000000E+00  0.000000E+00  0.000000E+00  0.000000E+00  2.093020E+00  1.504769E+00
  1.118000E+00  2.238580E+00  2.099599E+00  0.000000E+00  0.000000E+00  0.000000E+00  0.000000E+00  2.093889E+00  1.510811E+00
  1.120000E+00  2.238351E+00  2.100355E+00  0.000000E+00  0.000000E+00  0.000000E+00  0.000000E+00  2.094755E+00  1.516815E+00
  1.122000E+00  2.238122E+00  2.101109E+00  0.000000E+00  0.000000E+00  0.000000E+00  0.000000E+00  2.095616E+00  1.522781E+00
  1.124000E+00  2.237892E+00  2.101860E+00  0.000000E+00  0.000000E+00  0.000000E+00  0.000000E+00  2.096474E+00  1.528710E+00
  1.126000E+00  2.237663E+00  2.102609E+00  0.000000E+00  0.000000E+00  0.000000E+00  0.000000E+00  2.097328E+00  1.534602E+00
  1.128000E+00  2.237433E+00  2.103356E+00  0.000000E+00  0.000000E+00  0.000000E+00  0.000000E+00  2.098178E+00  1.540458E+00
  1.130000E+00  2.237204E+00  2.104100E+00  0.000000E+00  0.000000E+00  0.000000E+00  0.000000E+00  2.099025E+00  1.546278E+00
  1.132000E+00  2.236974E+00  2.104843E+00  0.000000E+00  0.000000E+00  0.000000E+00  0.000000E+00  2.099868E+00  1.552064E+00
  1.134000E+00  2.236744E+00  2.105583E+00  0.000000E+00  0.000000E+00  0.000000E+00  0.000000E+00  2.100708E+00  1.557815E+00
  1.136000E+00  2.236514E+00  2.106321E+00  0.000000E+00  0.000000E+00  0.000000E+00  0.000000E+00  2.101544E+00  1.563532E+00
  1.138000E+00  2.236284E+00  2.107057E+00  0.000000E+00  0.000000E+00  0.000000E+00  0.000000E+00  2.102376E+00  1.569216E+00
  1.140000E+00  2.236054E+00  2.107791E+00  0.000000E+00  0.000000E+00  0.000000E+00  0.000000E+00  2.103205E+00  1.574867E+00
  1.142000E+00  2.235823E+00  2.108522E+00  0.000000E+00  0.000000E+00  0.000000E+00  0.000000E+00  2.104031E+00  1.580486E+00
  1.144000E+00  2.235593E+00  2.109252E+00  0.000000E+00  0.000000E+00  0.000000E+00  0.000000E+00  2.104853E+00  1.586073E+00
  1.146000E+00  2.235362E+00  2.109979E+00  0.000000E+00  0.000000E+00  0.000000E+00  0.000000E+00  2.105672E+00  1.591628E+00
  1.148000E+00  2.235132E+00  2.110705E+00  0.000000E+00  0.000000E+00  0.000000E+00  0.000000E+00  2.106488E+00  1.597152E+00
  1.150000E+00  2.234901E+00  2.111429E+00  0.000000E+00  0.000000E+00  0.000000E+00  0.000000E+00  2.107300E+00  1.602646E+00
  1.152000E+00  2.234670E+00  2.112150E+00  0.000000E+00  0.000000E+00  0.000000E+00  0.000000E+00  2.108109E+00  1.608109E+00
  1.154000E+00  2.234439E+00  2.112870E+00  0.000000E+00  0.000000E+00  0.000000E+00  0.000000E+00  2.108914E+00  1.613543E+00
  1.156000E+00  2.234208E+00  2.113587E+00  0.000000E+00  0.000000E+00  0.000000E+00  0.000000E+00  2.109717E+00  1.618947E+00
  1.158000E+00  2.233977E+00  2.114303E+00  0.000000E+00  0.000000E+00  0.000000E+00  0.000000E+00  2.110516E+00  1.624323E+00
  1.160000E+00  2.233746E+00  2.115017E+00  0.000000E+00  0.000000E+00  0.000000E+00  0.000000E+00  2.111312E+00  1.629669E+00
  1.162000E+00  2.233515E+00  2.115729E+00  0.000000E+00  0.000000E+00  0.000000E+00  0.000000E+00  2.112105E+00  1.634988E+00
  1.164000E+00  2.233284E+00  2.116439E+00  0.000000E+00  0.000000E+00  0.000000E+00  0.000000E+00  2.112895E+00  1.640279E+00
  1.166000E+00  2.233052E+00  2.117147E+00  0.000000E+00  0.000000E+00  0.000000E+00  0.000000E+00  2.113681E+00  1.645542E+00
  1.168000E+00  2.232821E+00  2.117853E+00  0.000000E+00  0.000000E+00  0.000000E+00  0.000000E+00  2.114465E+00  1.650779E+00
  1.170000E+00  2.232589E+00  2.118557E+00  0.000000E+00  0.000000E+00  0.000000E+00  0.000000E+00  2.115246E+00  1.655989E+00
  1.172000E+00  2.232357E+00  2.119260E+00  0.000000E+00  0.000000E+00  0.000000E+00  0.000000E+00  2.116023E+00  1.661172E+00
  1.174000E+00  2.232126E+00  2.119961E+00  0.000000E+00  0.000000E+00  0.000000E+00  0.000000E+00  2.116798E+00  1.666329E+00
  1.176000E+00  2.231894E+00  2.120660E+00  0.000000E+00  0.000000E+00  0.000000E+00  0.000000E+00  2.117570E+00  1.671461E+00
  1.178000E+00  2.231662E+00  2.121357E+00  0.000000E+00  0.000000E+00  0.000000E+00  0.000000E+00  2.118338E+00  1.676567E+00
  1.180000E+00  2.231430E+00  2.122052E+00  0.000000E+00  0.000000E+00  0.000000E+00  0.000000E+00  2.119104E+00  1.681648E+00
  1.182000E+00  2.231198E+00  2.122746E+00  0.000000E+00  0.000000E+00  0.000000E+00  0.000000E+00  2.119867E+00  1.686705E+00
  1.184000E+00  2.230965E+00  2.123438E+00  0.000000E+00  0.000000E+00  0.000000E+00  0.000000E+00  2.120627E+00  1.691737E+00
  1.186000E+00  2.230733E+00  2.124128E+00  0.000000E+00  0.000000E+00  0.000000E+00  0.000000E+00  2.121385E+00  1.696745E+00
  1.188000E+00  2.230501E+00  2.124817E+00  0.000000E+00  0.000000E+00  0.000000E+00  0.000000E+00  2.122139E+00  1.701729E+00
  1.190000E+00  2.230268E+00  2.125504E+00  0.000000E+00  0.000000E+00  0.000000E+00  0.000000E+00  2.122891E+00  1.706689E+00
  1.192000E+00  2.230036E+00  2.126189E+00  0.000000E+00  0.000000E+00  0.000000E+00  0.000000E+00  2.123640E+00  1.711627E+00
  1.194000E+00  2.229803E+00  2.126873E+00  0.000000E+00  0.000000E+00  0.000000E+00  0.000000E+00  2.124386E+00  1.716541E+00
  1.196000E+00  2.229571E+00  2.127554E+00  0.000000E+00  0.000000E+00  0.000000E+00  0.000000E+00  2.125129E+00  1.721432E+00
  1.198000E+00  2.229338E+00  2.128235E+00  0.000000E+00  0.000000E+00  0.000000E+00  0.000000E+00  2.125870E+00  1.726301E+00
  1.200000E+00  2.229105E+00  2.128913E+00  0.000000E+00  0.000000E+00  0.000000E+00  0.000000E+00  2.126608E+00  1.731148E+00
