  1.000000E-02  2.437071E-02 -3.500023E-02 -1.960774E-02 -4.489336E-03
  1.200000E-02  3.436317E-02 -4.973540E-02 -2.791123E-02 -6.114216E-03
  1.400000E-02  4.583887E-02 -6.685574E-02 -3.758881E-02 -7.921208E-03
  1.600000E-02  5.871896E-02 -8.629466E-02 -4.861334E-02 -9.896626E-03
  1.800000E-02  7.293009E-02 -1.079904E-01 -6.096068E-02 -1.202931E-02
  2.000000E-02  8.840365E-02 -1.318855E-01 -7.460920E-02 -1.430995E-02
  2.200000E-02  1.050752E-01 -1.579259E-01 -8.953941E-02 -1.673067E-02
  2.400000E-02  1.228840E-01 -1.860604E-01 -1.057336E-01 -1.928472E-02
  2.600000E-02  1.417727E-01 -2.162409E-01 -1.231758E-01 -2.196624E-02
  2.800000E-02  1.616869E-01 -2.484213E-01 -1.418513E-01 -2.477007E-02
  3.000000E-02  1.825750E-01 -2.825580E-01 -1.617466E-01 -2.769168E-02
  3.200000E-02  2.043879E-01 -3.186090E-01 -1.828494E-01 -3.072704E-02
  3.400000E-02  2.270789E-01 -3.565342E-01 -2.051483E-01 -3.387253E-02
  3.600000E-02  2.506035E-01 -3.962954E-01 -2.286329E-01 -3.712488E-02
  3.800000E-02  2.749193E-01 -4.378555E-01 -2.532935E-01 -4.048117E-02
  4.000000E-02  2.999857E-01 -4.811790E-01 -2.791212E-01 -4.393870E-02
  4.200000E-02  3.257639E-01 -5.262318E-01 -3.061076E-01 -4.749504E-02
  4.400000E-02  3.522168E-01 -5.729807E-01 -3.342452E-01 -5.114795E-02
  4.600000E-02  3.793090E-01 -6.213938E-01 -3.635267E-01 -5.489536E-02
  4.800000E-02  4.070065E-01 -6.714404E-01 -3.939456E-01 -5.873538E-02
  5.000000E-02  4.352766E-01 -7.230907E-01 -4.254956E-01 -6.266624E-02
  5.200000E-02  4.640883E-01 -7.763157E-01 -4.581711E-01 -6.668631E-02
  5.400000E-02  4.934115E-01 -8.310874E-01 -4.919667E-01 -7.079406E-02
  5.600000E-02  5.232175E-01 -8.873788E-01 -5.268774E-01 -7.498808E-02
  5.800000E-02  5.534787E-01 -9.451635E-01 -5.628985E-01 -7.926704E-02
  6.000000E-02  5.841687E-01 -1.004416E+00 -6.000258E-01 -8.362968E-02
  6.200000E-02  6.152621E-01 -1.065111E+00 -6.382551E-01 -8.807483E-02
  6.400000E-02  6.467344E-01 -1.127225E+00 -6.775827E-01 -9.260139E-02
  6.600000E-02  6.785622E-01 -1.190734E+00 -7.180050E-01 -9.720831E-02
  6.800000E-02  7.107229E-01 -1.255616E+00 -7.595186E-01 -1.018946E-01
  7.000000E-02  7.431949E-01 -1.321847E+00 -8.021205E-01 -1.066593E-01
  7.200000E-02  7.759573E-01 -1.389408E+00 -8.458077E-01 -1.115016E-01
  7.400000E-02  8.089902E-01 -1.458275E+00 -8.905775E-01 -1.164206E-01
  7.600000E-02  8.422742E-01 -1.528430E+00 -9.364273E-01 -1.214154E-01
  7.800000E-02  8.757909E-01 -1.599851E+00 -9.833546E-01 -1.264854E-01
  8.000000E-02  9.095224E-01 -1.672519E+00 -1.031357E+00 -1.316297E-01
  8.200000E-02  9.434516E-01 -1.746415E+00 -1.080433E+00 -1.368477E-01
  8.400000E-02  9.775620E-01 -1.821521E+00 -1.130580E+00 -1.421387E-01
  8.600000E-02  1.011838E+00 -1.897818E+00 -1.181796E+00 -1.475020E-01
  8.800000E-02  1.046264E+00 -1.975289E+00 -1.234080E+00 -1.529370E-01
  9.000000E-02  1.080825E+00 -2.053916E+00 -1.287429E+00 -1.584431E-01
  9.200000E-02  1.115508E+00 -2.133683E+00 -1.341843E+00 -1.640197E-01
  9.400000E-02  1.150299E+00 -2.214572E+00 -1.397319E+00 -1.696662E-01
  9.600000E-02  1.185184E+00 -2.296567E+00 -1.453856E+00 -1.753822E-01
  9.800000E-02  1.220152E+00 -2.379654E+00 -1.511453E+00 -1.811670E-01
  1.000000E-01  1.255189E+00 -2.463816E+00 -1.570108E+00 -1.870201E-01
  1.020000E-01  1.290285E+00 -2.549038E+00 -1.629820E+00 -1.929411E-01
  1.040000E-01  1.325429E+00 -2.635305E+00 -1.690589E+00 -1.989295E-01
  1.060000E-01  1.360609E+00 -2.722603E+00 -1.752412E+00 -2.049847E-01
  1.080000E-01  1.395815E+00 -2.810918E+00 -1.815289E+00 -2.111063E-01
  1.100000E-01  1.431038E+00 -2.900236E+00 -1.879218E+00 -2.172939E-01
  1.120000E-01  1.466268E+00 -2.990544E+00 -1.944199E+00 -2.235470E-01
  1.140000E-01  1.501495E+00 -3.081827E+00 -2.010231E+00 -2.298652E-01
  1.160000E-01  1.536711E+00 -3.174074E+00 -2.077313E+00 -2.362480E-01
  1.180000E-01  1.571907E+00 -3.267271E+00 -2.145443E+00 -2.426951E-01
  1.200000E-01  1.607075E+00 -3.361406E+00 -2.214620E+00 -2.492060E-01
  1.220000E-01  1.642208E+00 -3.456466E+00 -2.284845E+00 -2.557803E-01
  1.240000E-01  1.677298E+00 -3.552440E+00 -2.356116E+00 -2.624177E-01
  1.260000E-01  1.712338E+00 -3.649317E+00 -2.428432E+00 -2.691178E-01
  1.280000E-01  1.747320E+00 -3.747083E+00 -2.501792E+00 -2.758801E-01
  1.300000E-01  1.782239E+00 -3.845729E+00 -2.576195E+00 -2.827042E-01
  1.320000E-01  1.816943E+00 -3.944933E+00 -2.651990E+00 -2.896415E-01
  1.340000E-01  1.851280E+00 -4.044356E+00 -2.729552E+00 -2.967455E-01
  1.360000E-01  1.885378E+00 -4.144275E+00 -2.808564E+00 -3.039682E-01
  1.380000E-01  1.919273E+00 -4.244758E+00 -2.888943E+00 -3.112962E-01
  1.400000E-01  1.952977E+00 -4.345835E+00 -2.970647E+00 -3.187224E-01
  1.420000E-01  1.986500E+00 -4.447521E+00 -3.053649E+00 -3.262422E-01
  1.440000E-01  2.019845E+00 -4.549825E+00 -3.137932E+00 -3.338523E-01
  1.460000E-01  2.053016E+00 -4.652751E+00 -3.223481E+00 -3.415502E-01
  1.480000E-01  2.086014E+00 -4.756301E+00 -3.310287E+00 -3.493335E-01
  1.500000E-01  2.118840E+00 -4.860474E+00 -3.398341E+00 -3.572006E-01
  1.520000E-01  2.151494E+00 -4.965270E+00 -3.487635E+00 -3.651499E-01
  1.540000E-01  2.183976E+00 -5.070685E+00 -3.578164E+00 -3.731800E-01
  1.560000E-01  2.216286E+00 -5.176717E+00 -3.669921E+00 -3.812895E-01
  1.580000E-01  2.248423E+00 -5.283364E+00 -3.762902E+00 -3.894773E-01
  1.600000E-01  2.280387E+00 -5.390621E+00 -3.857102E+00 -3.977424E-01
  1.620000E-01  2.312177E+00 -5.498485E+00 -3.952518E+00 -4.060838E-01
  1.640000E-01  2.343792E+00 -5.606952E+00 -4.049144E+00 -4.145003E-01
  1.660000E-01  2.375232E+00 -5.716017E+00 -4.146979E+00 -4.229913E-01
  1.680000E-01  2.406496E+00 -5.825678E+00 -4.246017E+00 -4.315557E-01
  1.700000E-01  2.437584E+00 -5.935930E+00 -4.346257E+00 -4.401928E-01
  1.720000E-01  2.468494E+00 -6.046768E+00 -4.447693E+00 -4.489017E-01
  1.740000E-01  2.499226E+00 -6.158189E+00 -4.550324E+00 -4.576817E-01
  1.760000E-01  2.529780E+00 -6.270188E+00 -4.654147E+00 -4.665320E-01
  1.780000E-01  2.560155E+00 -6.382762E+00 -4.759157E+00 -4.754518E-01
  1.800000E-01  2.590351E+00 -6.495907E+00 -4.865352E+00 -4.844405E-01
  1.820000E-01  2.620367E+00 -6.609618E+00 -4.972729E+00 -4.934972E-01
  1.840000E-01  2.650203E+00 -6.723891E+00 -5.081285E+00 -5.026215E-01
  1.860000E-01  2.679858E+00 -6.838724E+00 -5.191017E+00 -5.118124E-01
  1.880000E-01  2.709333E+00 -6.954111E+00 -5.301921E+00 -5.210695E-01
  1.900000E-01  2.738627E+00 -7.070049E+00 -5.413996E+00 -5.303919E-01
  1.920000E-01  2.767740E+00 -7.186534E+00 -5.527238E+00 -5.397792E-01
  1.940000E-01  2.796671E+00 -7.303563E+00 -5.641643E+00 -5.492305E-01
  1.960000E-01  2.825422E+00 -7.421133E+00 -5.757209E+00 -5.587454E-01
  1.980000E-01  2.853991E+00 -7.539239E+00 -5.873933E+00 -5.683232E-01
  2.000000E-01  2.882379E+00 -7.657878E+00 -5.991811E+00 -5.779632E-01
  2.020000E-01  2.910586E+00 -7.777047E+00 -6.110841E+00 -5.876648E-01
  2.040000E-01  2.938612E+00 -7.896742E+00 -6.231020E+00 -5.974275E-01
  2.060000E-01  2.966457E+00 -8.016961E+00 -6.352344E+00 -6.072507E-01
  2.080000E-01  2.994121E+00 -8.137699E+00 -6.474810E+00 -6.171337E-01
  2.100000E-01  3.021605E+00 -8.258955E+00 -6.598414E+00 -6.270760E-01
  2.120000E-01  3.048908E+00 -8.380724E+00 -6.723155E+00 -6.370769E-01
  2.140000E-01  3.076032E+00 -8.503004E+00 -6.849028E+00 -6.471360E-01
  2.160000E-01  3.102976E+00 -8.625792E+00 -6.976030E+00 -6.572526E-01
  2.180000E-01  3.129741E+00 -8.749085E+00 -7.104158E+00 -6.674262E-01
  2.200000E-01  3.156327E+00 -8.872880E+00 -7.233409E+00 -6.776562E-01
  2.220000E-01  3.182734E+00 -8.997174E+00 -7.363778E+00 -6.879421E-01
  2.240000E-01  3.208964E+00 -9.121965E+00 -7.495264E+00 -6.982832E-01
  2.260000E-01  3.235016E+00 -9.247249E+00 -7.627862E+00 -7.086791E-01
  2.280000E-01  3.260892E+00 -9.373025E+00 -7.761569E+00 -7.191292E-01
  2.300000E-01  3.286591E+00 -9.499290E+00 -7.896381E+00 -7.296329E-01
  2.320000E-01  3.312114E+00 -9.626040E+00 -8.032296E+00 -7.401898E-01
  2.340000E-01  3.337462E+00 -9.753275E+00 -8.169308E+00 -7.507992E-01
  2.360000E-01  3.362636E+00 -9.880990E+00 -8.307416E+00 -7.614607E-01
  2.380000E-01  3.387635E+00 -1.000918E+01 -8.446615E+00 -7.721737E-01
  2.400000E-01  3.412461E+00 -1.013786E+01 -8.586902E+00 -7.829378E-01
  2.420000E-01  3.437115E+00 -1.026700E+01 -8.728273E+00 -7.937523E-01
  2.440000E-01  3.461596E+00 -1.039662E+01 -8.870724E+00 -8.046167E-01
  2.460000E-01  3.485907E+00 -1.052671E+01 -9.014253E+00 -8.155306E-01
  2.480000E-01  3.510047E+00 -1.065726E+01 -9.158854E+00 -8.264935E-01
  2.500000E-01  3.534017E+00 -1.078828E+01 -9.304525E+00 -8.375047E-01
  2.520000E-01  3.557817E+00 -1.091976E+01 -9.451261E+00 -8.485639E-01
  2.540000E-01  3.581450E+00 -1.105171E+01 -9.599059E+00 -8.596705E-01
  2.560000E-01  3.604915E+00 -1.118411E+01 -9.747916E+00 -8.708241E-01
  2.580000E-01  3.628214E+00 -1.131697E+01 -9.897826E+00 -8.820240E-01
  2.600000E-01  3.651346E+00 -1.145029E+01 -1.004879E+01 -8.932699E-01
  2.620000E-01  3.674314E+00 -1.158406E+01 -1.020079E+01 -9.045613E-01
  2.640000E-01  3.697117E+00 -1.171828E+01 -1.035385E+01 -9.158976E-01
  2.660000E-01  3.719756E+00 -1.185295E+01 -1.050793E+01 -9.272784E-01
  2.680000E-01  3.742233E+00 -1.198807E+01 -1.066306E+01 -9.387032E-01
  2.700000E-01  3.764549E+00 -1.212364E+01 -1.081921E+01 -9.501715E-01
  2.720000E-01  3.786703E+00 -1.225965E+01 -1.097640E+01 -9.616829E-01
  2.740000E-01  3.808697E+00 -1.239610E+01 -1.113460E+01 -9.732369E-01
  2.760000E-01  3.830533E+00 -1.253299E+01 -1.129383E+01 -9.848330E-01
  2.780000E-01  3.852209E+00 -1.267032E+01 -1.145407E+01 -9.964707E-01
  2.800000E-01  3.873729E+00 -1.280809E+01 -1.161532E+01 -1.008150E+00
  2.820000E-01  3.895091E+00 -1.294630E+01 -1.177758E+01 -1.019869E+00
  2.840000E-01  3.916299E+00 -1.308494E+01 -1.194084E+01 -1.031629E+00
  2.860000E-01  3.937351E+00 -1.322401E+01 -1.210510E+01 -1.043429E+00
  2.880000E-01  3.958249E+00 -1.336351E+01 -1.227035E+01 -1.055268E+00
  2.900000E-01  3.978995E+00 -1.350345E+01 -1.243660E+01 -1.067146E+00
  2.920000E-01  3.999588E+00 -1.364381E+01 -1.260383E+01 -1.079063E+00
  2.940000E-01  4.020030E+00 -1.378459E+01 -1.277205E+01 -1.091018E+00
  2.960000E-01  4.040322E+00 -1.392580E+01 -1.294124E+01 -1.103010E+00
  2.980000E-01  4.060464E+00 -1.406744E+01 -1.311141E+01 -1.115040E+00
  3.000000E-01  4.080458E+00 -1.420950E+01 -1.328255E+01 -1.127106E+00
  3.020000E-01  4.100304E+00 -1.435197E+01 -1.345466E+01 -1.139208E+00
  3.040000E-01  4.120004E+00 -1.449487E+01 -1.362772E+01 -1.151347E+00
  3.060000E-01  4.139557E+00 -1.463818E+01 -1.380175E+01 -1.163521E+00
  3.080000E-01  4.158966E+00 -1.478191E+01 -1.397673E+01 -1.175730E+00
  3.100000E-01  4.178231E+00 -1.492606E+01 -1.415266E+01 -1.187974E+00
  3.120000E-01  4.197352E+00 -1.507062E+01 -1.432954E+01 -1.200252E+00
  3.140000E-01  4.216332E+00 -1.521559E+01 -1.450735E+01 -1.212564E+00
  3.160000E-01  4.235170E+00 -1.536097E+01 -1.468611E+01 -1.224909E+00
  3.180000E-01  4.253868E+00 -1.550676E+01 -1.486580E+01 -1.237287E+00
  3.200000E-01  4.272426E+00 -1.565296E+01 -1.504641E+01 -1.249698E+00
  3.220000E-01  4.290846E+00 -1.579957E+01 -1.522795E+01 -1.262141E+00
  3.240000E-01  4.309128E+00 -1.594658E+01 -1.541041E+01 -1.274616E+00
  3.260000E-01  4.327273E+00 -1.609399E+01 -1.559379E+01 -1.287123E+00
  3.280000E-01  4.345282E+00 -1.624181E+01 -1.577808E+01 -1.299660E+00
  3.300000E-01  4.363156E+00 -1.639003E+01 -1.596328E+01 -1.312228E+00
  3.320000E-01  4.380896E+00 -1.653865E+01 -1.614938E+01 -1.324827E+00
  3.340000E-01  4.398502E+00 -1.668767E+01 -1.633638E+01 -1.337455E+00
  3.360000E-01  4.415976E+00 -1.683709E+01 -1.652428E+01 -1.350113E+00
  3.380000E-01  4.433319E+00 -1.698690E+01 -1.671307E+01 -1.362800E+00
  3.400000E-01  4.450531E+00 -1.713711E+01 -1.690274E+01 -1.375516E+00
  3.420000E-01  4.467613E+00 -1.728771E+01 -1.709330E+01 -1.388261E+00
  3.440000E-01  4.484566E+00 -1.743871E+01 -1.728474E+01 -1.401033E+00
  3.460000E-01  4.501391E+00 -1.759010E+01 -1.747705E+01 -1.413833E+00
  3.480000E-01  4.518088E+00 -1.774188E+01 -1.767023E+01 -1.426661E+00
  3.500000E-01  4.534659E+00 -1.789405E+01 -1.786428E+01 -1.439515E+00
  3.520000E-01  4.551105E+00 -1.804660E+01 -1.805919E+01 -1.452397E+00
  3.540000E-01  4.567426E+00 -1.819954E+01 -1.825496E+01 -1.465304E+00
  3.560000E-01  4.583623E+00 -1.835287E+01 -1.845158E+01 -1.478238E+00
  3.580000E-01  4.599697E+00 -1.850658E+01 -1.864905E+01 -1.491197E+00
  3.600000E-01  4.615648E+00 -1.866068E+01 -1.884736E+01 -1.504181E+00
  3.620000E-01  4.631478E+00 -1.881516E+01 -1.904652E+01 -1.517190E+00
  3.640000E-01  4.647188E+00 -1.897002E+01 -1.924651E+01 -1.530224E+00
  3.660000E-01  4.662778E+00 -1.912526E+01 -1.944734E+01 -1.543282E+00
  3.680000E-01  4.678249E+00 -1.928088E+01 -1.964900E+01 -1.556364E+00
  3.700000E-01  4.693601E+00 -1.943687E+01 -1.985148E+01 -1.569470E+00
  3.720000E-01  4.708836E+00 -1.959325E+01 -2.005478E+01 -1.582599E+00
  3.740000E-01  4.723955E+00 -1.974999E+01 -2.025889E+01 -1.595751E+00
  3.760000E-01  4.738958E+00 -1.990711E+01 -2.046382E+01 -1.608925E+00
  3.780000E-01  4.753846E+00 -2.006461E+01 -2.066956E+01 -1.622122E+00
  3.800000E-01  4.768619E+00 -2.022248E+01 -2.087610E+01 -1.635341E+00
  3.820000E-01  4.783280E+00 -2.038071E+01 -2.108344E+01 -1.648582E+00
  3.840000E-01  4.797827E+00 -2.053932E+01 -2.129158E+01 -1.661844E+00
  3.860000E-01  4.812263E+00 -2.069829E+01 -2.150051E+01 -1.675127E+00
  3.880000E-01  4.826587E+00 -2.085764E+01 -2.171022E+01 -1.688431E+00
  3.900000E-01  4.840801E+00 -2.101735E+01 -2.192072E+01 -1.701756E+00
  3.920000E-01  4.854906E+00 -2.117742E+01 -2.213200E+01 -1.715100E+00
  3.940000E-01  4.868901E+00 -2.133786E+01 -2.234406E+01 -1.728465E+00
  3.960000E-01  4.882788E+00 -2.149866E+01 -2.255689E+01 -1.741849E+00
  3.980000E-01  4.896568E+00 -2.165982E+01 -2.277048E+01 -1.755253E+00
  4.000000E-01  4.910242E+00 -2.182134E+01 -2.298484E+01 -1.768675E+00
  4.020000E-01  4.923809E+00 -2.198322E+01 -2.319996E+01 -1.782117E+00
  4.040000E-01  4.937271E+00 -2.214547E+01 -2.341583E+01 -1.795577E+00
  4.060000E-01  4.950628E+00 -2.230806E+01 -2.363246E+01 -1.809055E+00
  4.080000E-01  4.963882E+00 -2.247102E+01 -2.384983E+01 -1.822551E+00
  4.100000E-01  4.977033E+00 -2.263433E+01 -2.406794E+01 -1.836064E+00
  4.120000E-01  4.990081E+00 -2.279799E+01 -2.428680E+01 -1.849595E+00
  4.140000E-01  5.003028E+00 -2.296201E+01 -2.450639E+01 -1.863144E+00
  4.160000E-01  5.015873E+00 -2.312637E+01 -2.472672E+01 -1.876709E+00
  4.180000E-01  5.028618E+00 -2.329109E+01 -2.494777E+01 -1.890290E+00
  4.200000E-01  5.041264E+00 -2.345616E+01 -2.516954E+01 -1.903888E+00
  4.220000E-01  5.053811E+00 -2.362157E+01 -2.539204E+01 -1.917503E+00
  4.240000E-01  5.066259E+00 -2.378734E+01 -2.561525E+01 -1.931132E+00
  4.260000E-01  5.078610E+00 -2.395345E+01 -2.583918E+01 -1.944778E+00
  4.280000E-01  5.090864E+00 -2.411990E+01 -2.606381E+01 -1.958439E+00
  4.300000E-01  5.103021E+00 -2.428670E+01 -2.628915E+01 -1.972115E+00
  4.320000E-01  5.115083E+00 -2.445384E+01 -2.651519E+01 -1.985805E+00
  4.340000E-01  5.127050E+00 -2.462133E+01 -2.674193E+01 -1.999511E+00
  4.360000E-01  5.138923E+00 -2.478915E+01 -2.696936E+01 -2.013231E+00
  4.380000E-01  5.150701E+00 -2.495731E+01 -2.719748E+01 -2.026964E+00
  4.400000E-01  5.122398E+00 -2.489574E+01 -2.731038E+01 -2.036819E+00
  4.420000E-01  5.117993E+00 -2.497149E+01 -2.749259E+01 -2.049067E+00
  4.440000E-01  5.116491E+00 -2.504955E+01 -2.766597E+01 -2.060522E+00
  4.460000E-01  5.113986E+00 -2.512604E+01 -2.784158E+01 -2.072188E+00
  4.480000E-01  5.111792E+00 -2.520299E+01 -2.801657E+01 -2.083777E+00
  4.500000E-01  5.109905E+00 -2.528055E+01 -2.819118E+01 -2.095303E+00
  4.520000E-01  5.108308E+00 -2.535877E+01 -2.836552E+01 -2.106774E+00
  4.540000E-01  5.106980E+00 -2.543762E+01 -2.853966E+01 -2.118196E+00
  4.560000E-01  5.105893E+00 -2.551704E+01 -2.871364E+01 -2.129574E+00
  4.580000E-01  5.105014E+00 -2.559691E+01 -2.888746E+01 -2.140913E+00
  4.600000E-01  5.104306E+00 -2.567712E+01 -2.906113E+01 -2.152217E+00
  4.620000E-01  5.103729E+00 -2.575751E+01 -2.923462E+01 -2.163488E+00
  4.640000E-01  5.103242E+00 -2.583791E+01 -2.940791E+01 -2.174729E+00
  4.660000E-01  5.102802E+00 -2.591816E+01 -2.958097E+01 -2.185944E+00
  4.680000E-01  5.102366E+00 -2.599808E+01 -2.975376E+01 -2.197134E+00
  4.700000E-01  5.101895E+00 -2.607752E+01 -2.992625E+01 -2.208300E+00
  4.720000E-01  5.101352E+00 -2.615632E+01 -3.009838E+01 -2.219443E+00
  4.740000E-01  5.100703E+00 -2.623434E+01 -3.027014E+01 -2.230564E+00
  4.760000E-01  5.099921E+00 -2.631149E+01 -3.044148E+01 -2.241664E+00
  4.780000E-01  5.098983E+00 -2.638767E+01 -3.061240E+01 -2.252741E+00
  4.800000E-01  5.097872E+00 -2.646280E+01 -3.078286E+01 -2.263797E+00
  4.820000E-01  5.096574E+00 -2.653685E+01 -3.095285E+01 -2.274831E+00
  4.840000E-01  5.095080E+00 -2.660977E+01 -3.112237E+01 -2.285841E+00
  4.860000E-01  5.093382E+00 -2.668155E+01 -3.129140E+01 -2.296828E+00
  4.880000E-01  5.091475E+00 -2.675217E+01 -3.145994E+01 -2.307791E+00
  4.900000E-01  5.089349E+00 -2.682158E+01 -3.162798E+01 -2.318729E+00
  4.920000E-01  5.086982E+00 -2.688969E+01 -3.179547E+01 -2.329641E+00
  4.940000E-01  5.084287E+00 -2.695610E+01 -3.196227E+01 -2.340522E+00
  4.960000E-01  5.081497E+00 -2.702192E+01 -3.212878E+01 -2.351382E+00
  4.980000E-01  5.078724E+00 -2.708767E+01 -3.229521E+01 -2.362226E+00
  5.000000E-01  5.075969E+00 -2.715337E+01 -3.246157E+01 -2.373053E+00
  5.020000E-01  5.073232E+00 -2.721901E+01 -3.262785E+01 -2.383865E+00
  5.040000E-01  5.070515E+00 -2.728463E+01 -3.279406E+01 -2.394660E+00
  5.060000E-01  5.067819E+00 -2.735021E+01 -3.296022E+01 -2.405440E+00
  5.080000E-01  5.065145E+00 -2.741577E+01 -3.312631E+01 -2.416204E+00
  5.100000E-01  5.062493E+00 -2.748133E+01 -3.329235E+01 -2.426952E+00
  5.120000E-01  5.059864E+00 -2.754688E+01 -3.345834E+01 -2.437686E+00
  5.140000E-01  5.057259E+00 -2.761243E+01 -3.362428E+01 -2.448404E+00
  5.160000E-01  5.054678E+00 -2.767800E+01 -3.379017E+01 -2.459108E+00
  5.180000E-01  5.052121E+00 -2.774358E+01 -3.395602E+01 -2.469796E+00
  5.200000E-01  5.049590E+00 -2.780918E+01 -3.412183E+01 -2.480470E+00
  5.220000E-01  5.047085E+00 -2.787481E+01 -3.428761E+01 -2.491129E+00
  5.240000E-01  5.044605E+00 -2.794047E+01 -3.445334E+01 -2.501773E+00
  5.260000E-01  5.042152E+00 -2.800617E+01 -3.461905E+01 -2.512404E+00
  5.280000E-01  5.039726E+00 -2.807192E+01 -3.478472E+01 -2.523019E+00
  5.300000E-01  5.037326E+00 -2.813771E+01 -3.495037E+01 -2.533621E+00
  5.320000E-01  5.034953E+00 -2.820355E+01 -3.511599E+01 -2.544208E+00
  5.340000E-01  5.032608E+00 -2.826945E+01 -3.528158E+01 -2.554781E+00
  5.360000E-01  5.030290E+00 -2.833541E+01 -3.544715E+01 -2.565340E+00
  5.380000E-01  5.028000E+00 -2.840143E+01 -3.561269E+01 -2.575886E+00
  5.400000E-01  5.025737E+00 -2.846752E+01 -3.577822E+01 -2.586417E+00
  5.420000E-01  5.023502E+00 -2.853368E+01 -3.594372E+01 -2.596935E+00
  5.440000E-01  5.021295E+00 -2.859991E+01 -3.610921E+01 -2.607438E+00
  5.460000E-01  5.019116E+00 -2.866622E+01 -3.627468E+01 -2.617928E+00
  5.480000E-01  5.016964E+00 -2.873261E+01 -3.644013E+01 -2.628405E+00
  5.500000E-01  5.014841E+00 -2.879908E+01 -3.660557E+01 -2.638868E+00
  5.520000E-01  5.012746E+00 -2.886564E+01 -3.677100E+01 -2.649317E+00
  5.540000E-01  5.010678E+00 -2.893228E+01 -3.693641E+01 -2.659753E+00
  5.560000E-01  5.008639E+00 -2.899902E+01 -3.710181E+01 -2.670176E+00
  5.580000E-01  5.006627E+00 -2.906584E+01 -3.726720E+01 -2.680585E+00
  5.600000E-01  5.004644E+00 -2.913277E+01 -3.743258E+01 -2.690981E+00
  5.620000E-01  5.002688E+00 -2.919979E+01 -3.759796E+01 -2.701364E+00
  5.640000E-01  5.000760E+00 -2.926691E+01 -3.776332E+01 -2.711733E+00
  5.660000E-01  4.998859E+00 -2.933413E+01 -3.792868E+01 -2.722090E+00
  5.680000E-01  4.996986E+00 -2.940145E+01 -3.809403E+01 -2.732433E+00
  5.700000E-01  4.995141E+00 -2.946888E+01 -3.825937E+01 -2.742763E+00
  5.720000E-01  4.993323E+00 -2.953642E+01 -3.842471E+01 -2.753080E+00
  5.740000E-01  4.991532E+00 -2.960407E+01 -3.859004E+01 -2.763384E+00
  5.760000E-01  4.989768E+00 -2.967183E+01 -3.875537E+01 -2.773676E+00
  5.780000E-01  4.988032E+00 -2.973970E+01 -3.892070E+01 -2.783954E+00
  5.800000E-01  4.986322E+00 -2.980769E+01 -3.908602E+01 -2.794220E+00
  5.820000E-01  4.984640E+00 -2.987579E+01 -3.925134E+01 -2.804472E+00
  5.840000E-01  4.982983E+00 -2.994401E+01 -3.941666E+01 -2.814712E+00
  5.860000E-01  4.981354E+00 -3.001235E+01 -3.958198E+01 -2.824939E+00
  5.880000E-01  4.979751E+00 -3.008080E+01 -3.974730E+01 -2.835154E+00
  5.900000E-01  4.978174E+00 -3.014938E+01 -3.991262E+01 -2.845356E+00
  5.920000E-01  4.976623E+00 -3.021809E+01 -4.007794E+01 -2.855545E+00
  5.940000E-01  4.975099E+00 -3.028692E+01 -4.024326E+01 -2.865721E+00
  5.960000E-01  4.973600E+00 -3.035587E+01 -4.040858E+01 -2.875885E+00
  5.980000E-01  4.972127E+00 -3.042495E+01 -4.057390E+01 -2.886037E+00
  6.000000E-01  4.970679E+00 -3.049416E+01 -4.073922E+01 -2.896176E+00
  6.020000E-01  4.969256E+00 -3.056350E+01 -4.090455E+01 -2.906302E+00
  6.040000E-01  4.967859E+00 -3.063297E+01 -4.106988E+01 -2.916416E+00
  6.060000E-01  4.966487E+00 -3.070257E+01 -4.123521E+01 -2.926518E+00
  6.080000E-01  4.965140E+00 -3.077230E+01 -4.140055E+01 -2.936607E+00
  6.100000E-01  4.963817E+00 -3.084217E+01 -4.156589E+01 -2.946684E+00
  6.120000E-01  4.962519E+00 -3.091217E+01 -4.173124E+01 -2.956749E+00
  6.140000E-01  4.961245E+00 -3.098231E+01 -4.189659E+01 -2.966801E+00
  6.160000E-01  4.959995E+00 -3.105258E+01 -4.206194E+01 -2.976841E+00
  6.180000E-01  4.958770E+00 -3.112299E+01 -4.222730E+01 -2.986869E+00
  6.200000E-01  4.951855E+00 -3.116244E+01 -4.233795E+01 -2.993393E+00
  6.220000E-01  4.949220E+00 -3.122507E+01 -4.248918E+01 -3.002498E+00
  6.240000E-01  4.946505E+00 -3.128723E+01 -4.263933E+01 -3.011524E+00
  6.260000E-01  4.943718E+00 -3.134895E+01 -4.278847E+01 -3.020475E+00
  6.280000E-01  4.940866E+00 -3.141026E+01 -4.293666E+01 -3.029354E+00
  6.300000E-01  4.937953E+00 -3.147119E+01 -4.308394E+01 -3.038166E+00
  6.320000E-01  4.934985E+00 -3.153176E+01 -4.323034E+01 -3.046911E+00
  6.340000E-01  4.931966E+00 -3.159199E+01 -4.337591E+01 -3.055594E+00
  6.360000E-01  4.928900E+00 -3.165190E+01 -4.352067E+01 -3.064215E+00
  6.380000E-01  4.925791E+00 -3.171151E+01 -4.366465E+01 -3.072777E+00
  6.400000E-01  4.922641E+00 -3.177082E+01 -4.380788E+01 -3.081281E+00
  6.420000E-01  4.919454E+00 -3.182986E+01 -4.395037E+01 -3.089729E+00
  6.440000E-01  4.916233E+00 -3.188864E+01 -4.409215E+01 -3.098122E+00
  6.460000E-01  4.912979E+00 -3.194717E+01 -4.423324E+01 -3.106462E+00
  6.480000E-01  4.909696E+00 -3.200545E+01 -4.437365E+01 -3.114750E+00
  6.500000E-01  4.906385E+00 -3.206351E+01 -4.451340E+01 -3.122987E+00
  6.520000E-01  4.903049E+00 -3.212134E+01 -4.465251E+01 -3.131174E+00
  6.540000E-01  4.899689E+00 -3.217896E+01 -4.479098E+01 -3.139311E+00
  6.560000E-01  4.896308E+00 -3.223637E+01 -4.492884E+01 -3.147401E+00
  6.580000E-01  4.892907E+00 -3.229359E+01 -4.506609E+01 -3.155444E+00
  6.600000E-01  4.889488E+00 -3.235062E+01 -4.520275E+01 -3.163440E+00
  6.620000E-01  4.886053E+00 -3.240747E+01 -4.533882E+01 -3.171390E+00
  6.640000E-01  4.882602E+00 -3.246414E+01 -4.547432E+01 -3.179296E+00
  6.660000E-01  4.879138E+00 -3.252064E+01 -4.560926E+01 -3.187157E+00
  6.680000E-01  4.875661E+00 -3.257698E+01 -4.574364E+01 -3.194975E+00
  6.700000E-01  4.872174E+00 -3.263317E+01 -4.587748E+01 -3.202751E+00
  6.720000E-01  4.868677E+00 -3.268920E+01 -4.601078E+01 -3.210484E+00
  6.740000E-01  4.865171E+00 -3.274509E+01 -4.614356E+01 -3.218176E+00
  6.760000E-01  4.861658E+00 -3.280083E+01 -4.627582E+01 -3.225826E+00
  6.780000E-01  4.858140E+00 -3.285645E+01 -4.640756E+01 -3.233437E+00
  6.800000E-01  4.854616E+00 -3.291193E+01 -4.653880E+01 -3.241007E+00
  6.820000E-01  4.851087E+00 -3.296729E+01 -4.666955E+01 -3.248538E+00
  6.840000E-01  4.847556E+00 -3.302252E+01 -4.679980E+01 -3.256030E+00
  6.860000E-01  4.844023E+00 -3.307764E+01 -4.692957E+01 -3.263484E+00
  6.880000E-01  4.840489E+00 -3.313265E+01 -4.705886E+01 -3.270900E+00
  6.900000E-01  4.836954E+00 -3.318755E+01 -4.718768E+01 -3.278279E+00
  6.920000E-01  4.833420E+00 -3.324235E+01 -4.731603E+01 -3.285621E+00
  6.940000E-01  4.829887E+00 -3.329705E+01 -4.744392E+01 -3.292926E+00
  6.960000E-01  4.826357E+00 -3.335165E+01 -4.757136E+01 -3.300195E+00
  6.980000E-01  4.822829E+00 -3.340616E+01 -4.769836E+01 -3.307428E+00
  7.000000E-01  4.819305E+00 -3.346059E+01 -4.782490E+01 -3.314626E+00
  7.020000E-01  4.815786E+00 -3.351492E+01 -4.795101E+01 -3.321789E+00
  7.040000E-01  4.812272E+00 -3.356918E+01 -4.807669E+01 -3.328917E+00
  7.060000E-01  4.808763E+00 -3.362336E+01 -4.820194E+01 -3.336011E+00
  7.080000E-01  4.805261E+00 -3.367747E+01 -4.832676E+01 -3.343072E+00
  7.100000E-01  4.801766E+00 -3.373151E+01 -4.845117E+01 -3.350099E+00
  7.120000E-01  4.798279E+00 -3.378547E+01 -4.857516E+01 -3.357092E+00
  7.140000E-01  4.794800E+00 -3.383938E+01 -4.869875E+01 -3.364053E+00
  7.160000E-01  4.791330E+00 -3.389322E+01 -4.882192E+01 -3.370982E+00
  7.180000E-01  4.787870E+00 -3.394701E+01 -4.894470E+01 -3.377878E+00
  7.200000E-01  4.784419E+00 -3.400074E+01 -4.906708E+01 -3.384742E+00
  7.220000E-01  4.780979E+00 -3.405441E+01 -4.918907E+01 -3.391575E+00
  7.240000E-01  4.777550E+00 -3.410804E+01 -4.931067E+01 -3.398377E+00
  7.260000E-01  4.774133E+00 -3.416162E+01 -4.943188E+01 -3.405148E+00
  7.280000E-01  4.770727E+00 -3.421516E+01 -4.955271E+01 -3.411888E+00
  7.300000E-01  4.767334E+00 -3.426865E+01 -4.967317E+01 -3.418598E+00
  7.320000E-01  4.763954E+00 -3.432211E+01 -4.979325E+01 -3.425277E+00
  7.340000E-01  4.760587E+00 -3.437553E+01 -4.991296E+01 -3.431927E+00
  7.360000E-01  4.757233E+00 -3.442892E+01 -5.003230E+01 -3.438547E+00
  7.380000E-01  4.753894E+00 -3.448228E+01 -5.015129E+01 -3.445138E+00
  7.400000E-01  4.750569E+00 -3.453561E+01 -5.026991E+01 -3.451700E+00
  7.420000E-01  4.747259E+00 -3.458891E+01 -5.038817E+01 -3.458233E+00
  7.440000E-01  4.743964E+00 -3.464219E+01 -5.050609E+01 -3.464738E+00
  7.460000E-01  4.740685E+00 -3.469545E+01 -5.062365E+01 -3.471214E+00
  7.480000E-01  4.737422E+00 -3.474869E+01 -5.074087E+01 -3.477662E+00
  7.500000E-01  4.734175E+00 -3.480191E+01 -5.085774E+01 -3.484083E+00
  7.520000E-01  4.730944E+00 -3.485511E+01 -5.097428E+01 -3.490476E+00
  7.540000E-01  4.727730E+00 -3.490831E+01 -5.109048E+01 -3.496841E+00
  7.560000E-01  4.724533E+00 -3.496150E+01 -5.120634E+01 -3.503180E+00
  7.580000E-01  4.721354E+00 -3.501467E+01 -5.132187E+01 -3.509491E+00
  7.600000E-01  4.718193E+00 -3.506784E+01 -5.143708E+01 -3.515776E+00
  7.620000E-01  4.715049E+00 -3.512101E+01 -5.155196E+01 -3.522035E+00
  7.640000E-01  4.711923E+00 -3.517418E+01 -5.166652E+01 -3.528267E+00
  7.660000E-01  4.708816E+00 -3.522734E+01 -5.178075E+01 -3.534473E+00
  7.680000E-01  4.705728E+00 -3.528051E+01 -5.189467E+01 -3.540654E+00
  7.700000E-01  4.702658E+00 -3.533369E+01 -5.200828E+01 -3.546808E+00
  7.720000E-01  4.699608E+00 -3.538686E+01 -5.212158E+01 -3.552938E+00
  7.740000E-01  4.696577E+00 -3.544005E+01 -5.223456E+01 -3.559042E+00
  7.760000E-01  4.693565E+00 -3.549325E+01 -5.234724E+01 -3.565121E+00
  7.780000E-01  4.690573E+00 -3.554646E+01 -5.245962E+01 -3.571175E+00
  7.800000E-01  4.687601E+00 -3.559968E+01 -5.257170E+01 -3.577205E+00
  7.820000E-01  4.684649E+00 -3.565292E+01 -5.268348E+01 -3.583210E+00
  7.840000E-01  4.681718E+00 -3.570617E+01 -5.279496E+01 -3.589191E+00
  7.860000E-01  4.678806E+00 -3.575944E+01 -5.290615E+01 -3.595148E+00
  7.880000E-01  4.675916E+00 -3.581274E+01 -5.301704E+01 -3.601081E+00
  7.900000E-01  4.673045E+00 -3.586605E+01 -5.312765E+01 -3.606990E+00
  7.920000E-01  4.670196E+00 -3.591939E+01 -5.323797E+01 -3.612875E+00
  7.940000E-01  4.667368E+00 -3.597276E+01 -5.334801E+01 -3.618738E+00
  7.960000E-01  4.664561E+00 -3.602615E+01 -5.345777E+01 -3.624577E+00
  7.980000E-01  4.661775E+00 -3.607957E+01 -5.356724E+01 -3.630392E+00
  8.000000E-01  4.659010E+00 -3.613303E+01 -5.367644E+01 -3.636186E+00
  8.020000E-01  4.656267E+00 -3.618651E+01 -5.378537E+01 -3.641956E+00
  8.040000E-01  4.653545E+00 -3.624003E+01 -5.389402E+01 -3.647704E+00
  8.060000E-01  4.650845E+00 -3.629358E+01 -5.400240E+01 -3.653429E+00
  8.080000E-01  4.648166E+00 -3.634717E+01 -5.411051E+01 -3.659132E+00
  8.100000E-01  4.645510E+00 -3.640080E+01 -5.421835E+01 -3.664813E+00
  8.120000E-01  4.642875E+00 -3.645446E+01 -5.432593E+01 -3.670472E+00
  8.140000E-01  4.640262E+00 -3.650817E+01 -5.443325E+01 -3.676110E+00
  8.160000E-01  4.637671E+00 -3.656192E+01 -5.454031E+01 -3.681725E+00
  8.180000E-01  4.635103E+00 -3.661572E+01 -5.464711E+01 -3.687320E+00
  8.200000E-01  4.632556E+00 -3.666956E+01 -5.475365E+01 -3.692893E+00
  8.220000E-01  4.630032E+00 -3.672344E+01 -5.485994E+01 -3.698444E+00
  8.240000E-01  4.627530E+00 -3.677738E+01 -5.496598E+01 -3.703975E+00
  8.260000E-01  4.625050E+00 -3.683136E+01 -5.507177E+01 -3.709485E+00
  8.280000E-01  4.622593E+00 -3.688539E+01 -5.517730E+01 -3.714974E+00
  8.300000E-01  4.620158E+00 -3.693948E+01 -5.528259E+01 -3.720442E+00
  8.320000E-01  4.617745E+00 -3.699362E+01 -5.538764E+01 -3.725890E+00
  8.340000E-01  4.615355E+00 -3.704781E+01 -5.549244E+01 -3.731317E+00
  8.360000E-01  4.612987E+00 -3.710206E+01 -5.559701E+01 -3.736725E+00
  8.380000E-01  4.610642E+00 -3.715636E+01 -5.570133E+01 -3.742112E+00
  8.400000E-01  4.608319E+00 -3.721073E+01 -5.580541E+01 -3.747479E+00
  8.420000E-01  4.606019E+00 -3.726515E+01 -5.590926E+01 -3.752826E+00
  8.440000E-01  4.603742E+00 -3.731963E+01 -5.601288E+01 -3.758154E+00
  8.460000E-01  4.601486E+00 -3.737418E+01 -5.611626E+01 -3.763462E+00
  8.480000E-01  4.599254E+00 -3.742879E+01 -5.621942E+01 -3.768751E+00
  8.500000E-01  4.597044E+00 -3.748346E+01 -5.632234E+01 -3.774020E+00
  8.520000E-01  4.594856E+00 -3.753820E+01 -5.642504E+01 -3.779270E+00
  8.540000E-01  4.592691E+00 -3.759301E+01 -5.652751E+01 -3.784501E+00
  8.560000E-01  4.590549E+00 -3.764788E+01 -5.662976E+01 -3.789713E+00
  8.580000E-01  4.588428E+00 -3.770282E+01 -5.673178E+01 -3.794906E+00
  8.600000E-01  4.586331E+00 -3.775783E+01 -5.683359E+01 -3.800080E+00
  8.620000E-01  4.584256E+00 -3.781291E+01 -5.693517E+01 -3.805236E+00
  8.640000E-01  4.582203E+00 -3.786807E+01 -5.703654E+01 -3.810373E+00
  8.660000E-01  4.580173E+00 -3.792329E+01 -5.713770E+01 -3.815492E+00
  8.680000E-01  4.578165E+00 -3.797859E+01 -5.723863E+01 -3.820592E+00
  8.700000E-01  4.576179E+00 -3.803397E+01 -5.733936E+01 -3.825675E+00
  8.720000E-01  4.574216E+00 -3.808942E+01 -5.743988E+01 -3.830739E+00
  8.740000E-01  4.572275E+00 -3.814495E+01 -5.754018E+01 -3.835785E+00
  8.760000E-01  4.570357E+00 -3.820056E+01 -5.764028E+01 -3.840814E+00
  8.780000E-01  4.568460E+00 -3.825625E+01 -5.774017E+01 -3.845824E+00
  8.800000E-01  4.566586E+00 -3.831202E+01 -5.783986E+01 -3.850817E+00
  8.820000E-01  4.564734E+00 -3.836786E+01 -5.793934E+01 -3.855793E+00
  8.840000E-01  4.562903E+00 -3.842380E+01 -5.803862E+01 -3.860751E+00
  8.860000E-01  4.561095E+00 -3.847981E+01 -5.813771E+01 -3.865692E+00
  8.880000E-01  4.559309E+00 -3.853591E+01 -5.823659E+01 -3.870615E+00
  8.900000E-01  4.557545E+00 -3.859209E+01 -5.833527E+01 -3.875522E+00
  8.920000E-01  4.555803E+00 -3.864836E+01 -5.843376E+01 -3.880411E+00
  8.940000E-01  4.554082E+00 -3.870472E+01 -5.853206E+01 -3.885284E+00
  8.960000E-01  4.552383E+00 -3.876116E+01 -5.863016E+01 -3.890139E+00
  8.980000E-01  4.550706E+00 -3.881770E+01 -5.872807E+01 -3.894978E+00
  9.000000E-01  4.549051E+00 -3.887432E+01 -5.882579E+01 -3.899801E+00
  9.020000E-01  4.547417E+00 -3.893104E+01 -5.892332E+01 -3.904606E+00
  9.040000E-01  4.545805E+00 -3.898784E+01 -5.902066E+01 -3.909396E+00
  9.060000E-01  4.544214E+00 -3.904474E+01 -5.911782E+01 -3.914169E+00
  9.080000E-01  4.542644E+00 -3.910174E+01 -5.921479E+01 -3.918926E+00
  9.100000E-01  4.541096E+00 -3.915882E+01 -5.931158E+01 -3.923667E+00
  9.120000E-01  4.539569E+00 -3.921601E+01 -5.940819E+01 -3.928391E+00
  9.140000E-01  4.538064E+00 -3.927329E+01 -5.950462E+01 -3.933100E+00
  9.160000E-01  4.536579E+00 -3.933066E+01 -5.960088E+01 -3.937793E+00
  9.180000E-01  4.535115E+00 -3.938814E+01 -5.969695E+01 -3.942470E+00
  9.200000E-01  4.531778E+00 -3.942042E+01 -5.975957E+01 -3.945331E+00
  9.220000E-01  4.529222E+00 -3.946290E+01 -5.983546E+01 -3.948907E+00
  9.240000E-01  4.526558E+00 -3.950372E+01 -5.990896E+01 -3.952351E+00
  9.260000E-01  4.523809E+00 -3.954317E+01 -5.998049E+01 -3.955685E+00
  9.280000E-01  4.520993E+00 -3.958148E+01 -6.005035E+01 -3.958926E+00
  9.300000E-01  4.518122E+00 -3.961879E+01 -6.011874E+01 -3.962084E+00
  9.320000E-01  4.515204E+00 -3.965522E+01 -6.018583E+01 -3.965171E+00
  9.340000E-01  4.512248E+00 -3.969088E+01 -6.025175E+01 -3.968191E+00
  9.360000E-01  4.509260E+00 -3.972585E+01 -6.031661E+01 -3.971153E+00
  9.380000E-01  4.506246E+00 -3.976018E+01 -6.038052E+01 -3.974060E+00
  9.400000E-01  4.503209E+00 -3.979394E+01 -6.044353E+01 -3.976917E+00
  9.420000E-01  4.500154E+00 -3.982718E+01 -6.050573E+01 -3.979727E+00
  9.440000E-01  4.497084E+00 -3.985994E+01 -6.056716E+01 -3.982495E+00
  9.460000E-01  4.494003E+00 -3.989225E+01 -6.062789E+01 -3.985222E+00
  9.480000E-01  4.490911E+00 -3.992416E+01 -6.068797E+01 -3.987912E+00
  9.500000E-01  4.487813E+00 -3.995569E+01 -6.074742E+01 -3.990567E+00
  9.520000E-01  4.484710E+00 -3.998686E+01 -6.080629E+01 -3.993188E+00
  9.540000E-01  4.481604E+00 -4.001771E+01 -6.086462E+01 -3.995778E+00
  9.560000E-01  4.478497E+00 -4.004825E+01 -6.092244E+01 -3.998338E+00
  9.580000E-01  4.475390E+00 -4.007851E+01 -6.097977E+01 -4.000870E+00
  9.600000E-01  4.472285E+00 -4.010850E+01 -6.103664E+01 -4.003376E+00
  9.620000E-01  4.469182E+00 -4.013824E+01 -6.109309E+01 -4.005856E+00
  9.640000E-01  4.466084E+00 -4.016776E+01 -6.114912E+01 -4.008312E+00
  9.660000E-01  4.462991E+00 -4.019706E+01 -6.120477E+01 -4.010746E+00
  9.680000E-01  4.459904E+00 -4.022615E+01 -6.126005E+01 -4.013158E+00
  9.700000E-01  4.456824E+00 -4.025507E+01 -6.131499E+01 -4.015550E+00
  9.720000E-01  4.453752E+00 -4.028380E+01 -6.136961E+01 -4.017922E+00
  9.740000E-01  4.450690E+00 -4.031238E+01 -6.142391E+01 -4.020276E+00
  9.760000E-01  4.447636E+00 -4.034081E+01 -6.147793E+01 -4.022612E+00
  9.780000E-01  4.444593E+00 -4.036910E+01 -6.153169E+01 -4.024932E+00
  9.800000E-01  4.441562E+00 -4.039727E+01 -6.158519E+01 -4.027237E+00
  9.820000E-01  4.438542E+00 -4.042534E+01 -6.163847E+01 -4.029528E+00
  9.840000E-01  4.435534E+00 -4.045331E+01 -6.169155E+01 -4.031806E+00
  9.860000E-01  4.432540E+00 -4.048121E+01 -6.174446E+01 -4.034073E+00
  9.880000E-01  4.429561E+00 -4.050907E+01 -6.179724E+01 -4.036331E+00
  9.900000E-01  4.426598E+00 -4.053694E+01 -6.185002E+01 -4.038588E+00
  9.920000E-01  4.423654E+00 -4.056489E+01 -6.190287E+01 -4.040846E+00
  9.940000E-01  4.420722E+00 -4.059269E+01 -6.195542E+01 -4.043086E+00
  9.960000E-01  4.417802E+00 -4.062035E+01 -6.200767E+01 -4.045308E+00
  9.980000E-01  4.414894E+00 -4.064789E+01 -6.205964E+01 -4.047513E+00
  1.000000E+00  4.411999E+00 -4.067529E+01 -6.211132E+01 -4.049701E+00
  1.002000E+00  4.409116E+00 -4.070257E+01 -6.216274E+01 -4.051872E+00
  1.004000E+00  4.406246E+00 -4.072974E+01 -6.221389E+01 -4.054028E+00
  1.006000E+00  4.403390E+00 -4.075679E+01 -6.226478E+01 -4.056167E+00
  1.008000E+00  4.400547E+00 -4.078373E+01 -6.231542E+01 -4.058291E+00
  1.010000E+00  4.397717E+00 -4.081057E+01 -6.236581E+01 -4.060400E+00
  1.012000E+00  4.394902E+00 -4.083730E+01 -6.241596E+01 -4.062494E+00
  1.014000E+00  4.392100E+00 -4.086394E+01 -6.246587E+01 -4.064574E+00
  1.016000E+00  4.389312E+00 -4.089048E+01 -6.251555E+01 -4.066639E+00
  1.018000E+00  4.386539E+00 -4.091693E+01 -6.256501E+01 -4.068691E+00
  1.020000E+00  4.383779E+00 -4.094330E+01 -6.261425E+01 -4.070728E+00
  1.022000E+00  4.381034E+00 -4.096957E+01 -6.266327E+01 -4.072752E+00
  1.024000E+00  4.378304E+00 -4.099577E+01 -6.271208E+01 -4.074763E+00
  1.026000E+00  4.375588E+00 -4.102188E+01 -6.276067E+01 -4.076761E+00
  1.028000E+00  4.372887E+00 -4.104792E+01 -6.280907E+01 -4.078747E+00
  1.030000E+00  4.370200E+00 -4.107389E+01 -6.285727E+01 -4.080719E+00
  1.032000E+00  4.367529E+00 -4.109978E+01 -6.290527E+01 -4.082680E+00
  1.034000E+00  4.364872E+00 -4.112560E+01 -6.295308E+01 -4.084628E+00
  1.036000E+00  4.362229E+00 -4.115136E+01 -6.300070E+01 -4.086564E+00
  1.038000E+00  4.359602E+00 -4.117705E+01 -6.304813E+01 -4.088489E+00
  1.040000E+00  4.356990E+00 -4.120268E+01 -6.309538E+01 -4.090402E+00
  1.042000E+00  4.354393E+00 -4.122825E+01 -6.314245E+01 -4.092303E+00
  1.044000E+00  4.351810E+00 -4.125376E+01 -6.318935E+01 -4.094194E+00
  1.046000E+00  4.349243E+00 -4.127921E+01 -6.323607E+01 -4.096073E+00
  1.048000E+00  4.346690E+00 -4.130460E+01 -6.328263E+01 -4.097941E+00
  1.050000E+00  4.344153E+00 -4.132995E+01 -6.332901E+01 -4.099799E+00
  1.052000E+00  4.341630E+00 -4.135524E+01 -6.337523E+01 -4.101646E+00
  1.054000E+00  4.339123E+00 -4.138048E+01 -6.342129E+01 -4.103483E+00
  1.056000E+00  4.336631E+00 -4.140567E+01 -6.346719E+01 -4.105309E+00
  1.058000E+00  4.334153E+00 -4.143082E+01 -6.351293E+01 -4.107126E+00
  1.060000E+00  4.331690E+00 -4.145592E+01 -6.355852E+01 -4.108932E+00
  1.062000E+00  4.329243E+00 -4.148097E+01 -6.360395E+01 -4.110728E+00
  1.064000E+00  4.326810E+00 -4.150599E+01 -6.364923E+01 -4.112515E+00
  1.066000E+00  4.324392E+00 -4.153096E+01 -6.369437E+01 -4.114291E+00
  1.068000E+00  4.321989E+00 -4.155589E+01 -6.373936E+01 -4.116059E+00
  1.070000E+00  4.319601E+00 -4.158078E+01 -6.378420E+01 -4.117817E+00
  1.072000E+00  4.317228E+00 -4.160564E+01 -6.382890E+01 -4.119565E+00
  1.074000E+00  4.314869E+00 -4.163046E+01 -6.387347E+01 -4.121305E+00
  1.076000E+00  4.312525E+00 -4.165524E+01 -6.391789E+01 -4.123035E+00
  1.078000E+00  4.310196E+00 -4.167999E+01 -6.396217E+01 -4.124756E+00
  1.080000E+00  4.307881E+00 -4.170470E+01 -6.400633E+01 -4.126468E+00
  1.082000E+00  4.305581E+00 -4.172938E+01 -6.405034E+01 -4.128172E+00
  1.084000E+00  4.303296E+00 -4.175403E+01 -6.409423E+01 -4.129867E+00
  1.086000E+00  4.301025E+00 -4.177865E+01 -6.413798E+01 -4.131553E+00
  1.088000E+00  4.298769E+00 -4.180324E+01 -6.418161E+01 -4.133230E+00
  1.090000E+00  4.296527E+00 -4.182780E+01 -6.422511E+01 -4.134900E+00
  1.092000E+00  4.294299E+00 -4.185234E+01 -6.426848E+01 -4.136560E+00
  1.094000E+00  4.292085E+00 -4.187684E+01 -6.431173E+01 -4.138213E+00
  1.096000E+00  4.289886E+00 -4.190132E+01 -6.435486E+01 -4.139857E+00
  1.098000E+00  4.287701E+00 -4.192578E+01 -6.439786E+01 -4.141494E+00
  1.100000E+00  4.285530E+00 -4.195021E+01 -6.444075E+01 -4.143122E+00
  1.102000E+00  4.283374E+00 -4.197461E+01 -6.448351E+01 -4.144742E+00
  1.104000E+00  4.281231E+00 -4.199900E+01 -6.452616E+01 -4.146354E+00
  1.106000E+00  4.279102E+00 -4.202336E+01 -6.456869E+01 -4.147959E+00
  1.108000E+00  4.276987E+00 -4.204769E+01 -6.461110E+01 -4.149555E+00
  1.110000E+00  4.274886E+00 -4.207201E+01 -6.465340E+01 -4.151144E+00
  1.112000E+00  4.272799E+00 -4.209630E+01 -6.469559E+01 -4.152726E+00
  1.114000E+00  4.270725E+00 -4.212058E+01 -6.473767E+01 -4.154300E+00
  1.116000E+00  4.268665E+00 -4.214484E+01 -6.477963E+01 -4.155866E+00
  1.118000E+00  4.266619E+00 -4.216907E+01 -6.482149E+01 -4.157425E+00
  1.120000E+00  4.264586E+00 -4.219329E+01 -6.486323E+01 -4.158976E+00
  1.122000E+00  4.262567E+00 -4.221749E+01 -6.490487E+01 -4.160520E+00
  1.124000E+00  4.260561E+00 -4.224168E+01 -6.494640E+01 -4.162057E+00
  1.126000E+00  4.258568E+00 -4.226584E+01 -6.498782E+01 -4.163587E+00
  1.128000E+00  4.256588E+00 -4.228999E+01 -6.502914E+01 -4.165110E+00
  1.130000E+00  4.254622E+00 -4.231412E+01 -6.507035E+01 -4.166625E+00
  1.132000E+00  4.252669E+00 -4.233824E+01 -6.511147E+01 -4.168133E+00
  1.134000E+00  4.250729E+00 -4.236235E+01 -6.515247E+01 -4.169635E+00
  1.136000E+00  4.248802E+00 -4.238643E+01 -6.519338E+01 -4.171129E+00
  1.138000E+00  4.246888E+00 -4.241051E+01 -6.523418E+01 -4.172617E+00
  1.140000E+00  4.244986E+00 -4.243457E+01 -6.527489E+01 -4.174098E+00
  1.142000E+00  4.243098E+00 -4.245862E+01 -6.531549E+01 -4.175571E+00
  1.144000E+00  4.241222E+00 -4.248265E+01 -6.535600E+01 -4.177039E+00
  1.146000E+00  4.239359E+00 -4.250667E+01 -6.539641E+01 -4.178499E+00
  1.148000E+00  4.237508E+00 -4.253068E+01 -6.543672E+01 -4.179953E+00
  1.150000E+00  4.235670E+00 -4.255468E+01 -6.547693E+01 -4.181400E+00
  1.152000E+00  4.233844E+00 -4.257866E+01 -6.551705E+01 -4.182840E+00
  1.154000E+00  4.232031E+00 -4.260264E+01 -6.555707E+01 -4.184274E+00
  1.156000E+00  4.230230E+00 -4.262660E+01 -6.559700E+01 -4.185702E+00
  1.158000E+00  4.228441E+00 -4.265055E+01 -6.563684E+01 -4.187123E+00
  1.160000E+00  4.226665E+00 -4.267449E+01 -6.567658E+01 -4.188538E+00
  1.162000E+00  4.224900E+00 -4.269842E+01 -6.571622E+01 -4.189946E+00
  1.164000E+00  4.223148E+00 -4.272234E+01 -6.575578E+01 -4.191348E+00
  1.166000E+00  4.221407E+00 -4.274625E+01 -6.579524E+01 -4.192743E+00
  1.168000E+00  4.219678E+00 -4.277016E+01 -6.583461E+01 -4.194132E+00
  1.170000E+00  4.217962E+00 -4.279405E+01 -6.587389E+01 -4.195516E+00
  1.172000E+00  4.216257E+00 -4.281793E+01 -6.591309E+01 -4.196892E+00
  1.174000E+00  4.214563E+00 -4.284181E+01 -6.595219E+01 -4.198263E+00
  1.176000E+00  4.212881E+00 -4.286567E+01 -6.599120E+01 -4.199628E+00
  1.178000E+00  4.211211E+00 -4.288953E+01 -6.603012E+01 -4.200986E+00
  1.180000E+00  4.209552E+00 -4.291338E+01 -6.606896E+01 -4.202338E+00
  1.182000E+00  4.207905E+00 -4.293722E+01 -6.610771E+01 -4.203685E+00
  1.184000E+00  4.206269E+00 -4.296106E+01 -6.614637E+01 -4.205025E+00
  1.186000E+00  4.204644E+00 -4.298488E+01 -6.618494E+01 -4.206359E+00
  1.188000E+00  4.203030E+00 -4.300870E+01 -6.622343E+01 -4.207687E+00
  1.190000E+00  4.201428E+00 -4.303251E+01 -6.626183E+01 -4.209010E+00
  1.192000E+00  4.199837E+00 -4.305632E+01 -6.630015E+01 -4.210326E+00
  1.194000E+00  4.198256E+00 -4.308012E+01 -6.633838E+01 -4.211637E+00
  1.196000E+00  4.196687E+00 -4.310391E+01 -6.637653E+01 -4.212942E+00
  1.198000E+00  4.195128E+00 -4.312769E+01 -6.641459E+01 -4.214241E+00
  1.200000E+00  4.193580E+00 -4.315147E+01 -6.645257E+01 -4.215534E+00
