  1.000000E-02  1.312339E+03
  1.200000E-02  1.311239E+03
  1.400000E-02  1.310150E+03
  1.600000E-02  1.309070E+03
  1.800000E-02  1.308000E+03
  2.000000E-02  1.306940E+03
  2.200000E-02  1.305890E+03
  2.400000E-02  1.304849E+03
  2.600000E-02  1.303817E+03
  2.800000E-02  1.302794E+03
  3.000000E-02  1.301781E+03
  3.200000E-02  1.300776E+03
  3.400000E-02  1.299780E+03
  3.600000E-02  1.298793E+03
  3.800000E-02  1.297815E+03
  4.000000E-02  1.296845E+03
  4.200000E-02  1.295883E+03
  4.400000E-02  1.294930E+03
  4.600000E-02  1.293985E+03
  4.800000E-02  1.293048E+03
  5.000000E-02  1.292119E+03
  5.200000E-02  1.291198E+03
  5.400000E-02  1.290285E+03
  5.600000E-02  1.289379E+03
  5.800000E-02  1.288481E+03
  6.000000E-02  1.287591E+03
  6.200000E-02  1.286708E+03
  6.400000E-02  1.285833E+03
  6.600000E-02  1.284965E+03
  6.800000E-02  1.284104E+03
  7.000000E-02  1.283250E+03
  7.200000E-02  1.282404E+03
  7.400000E-02  1.281564E+03
  7.600000E-02  1.280731E+03
  7.800000E-02  1.279906E+03
  8.000000E-02  1.279086E+03
  8.200000E-02  1.278274E+03
  8.400000E-02  1.277468E+03
  8.600000E-02  1.276669E+03
  8.800000E-02  1.275876E+03
  9.000000E-02  1.275090E+03
  9.200000E-02  1.274310E+03
  9.400000E-02  1.273536E+03
  9.600000E-02  1.272769E+03
  9.800000E-02  1.272008E+03
  1.000000E-01  1.271252E+03
  1.020000E-01  1.270503E+03
  1.040000E-01  1.269760E+03
  1.060000E-01  1.269023E+03
  1.080000E-01  1.268291E+03
  1.100000E-01  1.267565E+03
  1.120000E-01  1.266845E+03
  1.140000E-01  1.266131E+03
  1.160000E-01  1.265422E+03
  1.180000E-01  1.264719E+03
  1.200000E-01  1.264021E+03
  1.220000E-01  1.263329E+03
  1.240000E-01  1.262642E+03
  1.260000E-01  1.261960E+03
  1.280000E-01  1.261284E+03
  1.300000E-01  1.260613E+03
  1.320000E-01  1.259947E+03
  1.340000E-01  1.259286E+03
  1.360000E-01  1.258629E+03
  1.380000E-01  1.257978E+03
  1.400000E-01  1.257332E+03
  1.420000E-01  1.256690E+03
  1.440000E-01  1.256053E+03
  1.460000E-01  1.255421E+03
  1.480000E-01  1.254793E+03
  1.500000E-01  1.254171E+03
  1.520000E-01  1.253553E+03
  1.540000E-01  1.252939E+03
  1.560000E-01  1.252330E+03
  1.580000E-01  1.251726E+03
  1.600000E-01  1.251125E+03
  1.620000E-01  1.250530E+03
  1.640000E-01  1.249939E+03
  1.660000E-01  1.249352E+03
  1.680000E-01  1.248769E+03
  1.700000E-01  1.248191E+03
  1.720000E-01  1.247617E+03
  1.740000E-01  1.247047E+03
  1.760000E-01  1.246481E+03
  1.780000E-01  1.245919E+03
  1.800000E-01  1.245362E+03
  1.820000E-01  1.244808E+03
  1.840000E-01  1.244258E+03
  1.860000E-01  1.243713E+03
  1.880000E-01  1.243171E+03
  1.900000E-01  1.242633E+03
  1.920000E-01  1.242099E+03
  1.940000E-01  1.241569E+03
  1.960000E-01  1.241042E+03
  1.980000E-01  1.240520E+03
  2.000000E-01  1.240001E+03
  2.020000E-01  1.239485E+03
  2.040000E-01  1.238974E+03
  2.060000E-01  1.238465E+03
  2.080000E-01  1.237961E+03
  2.100000E-01  1.237460E+03
  2.120000E-01  1.236963E+03
  2.140000E-01  1.236469E+03
  2.160000E-01  1.235978E+03
  2.180000E-01  1.235491E+03
  2.200000E-01  1.235007E+03
  2.220000E-01  1.234527E+03
  2.240000E-01  1.234050E+03
  2.260000E-01  1.233576E+03
  2.280000E-01  1.233106E+03
  2.300000E-01  1.232639E+03
  2.320000E-01  1.232175E+03
  2.340000E-01  1.231714E+03
  2.360000E-01  1.231256E+03
  2.380000E-01  1.230802E+03
  2.400000E-01  1.230350E+03
  2.420000E-01  1.229902E+03
  2.440000E-01  1.229457E+03
  2.460000E-01  1.229015E+03
  2.480000E-01  1.228575E+03
  2.500000E-01  1.228139E+03
  2.520000E-01  1.227706E+03
  2.540000E-01  1.227275E+03
  2.560000E-01  1.226848E+03
  2.580000E-01  1.226423E+03
  2.600000E-01  1.226001E+03
  2.620000E-01  1.225583E+03
  2.640000E-01  1.225166E+03
  2.660000E-01  1.224753E+03
  2.680000E-01  1.224342E+03
  2.700000E-01  1.223934E+03
  2.720000E-01  1.223529E+03
  2.740000E-01  1.223127E+03
  2.760000E-01  1.222727E+03
  2.780000E-01  1.222330E+03
  2.800000E-01  1.221935E+03
  2.820000E-01  1.221543E+03
  2.840000E-01  1.221154E+03
  2.860000E-01  1.220767E+03
  2.880000E-01  1.220383E+03
  2.900000E-01  1.220001E+03
  2.920000E-01  1.219621E+03
  2.940000E-01  1.219244E+03
  2.960000E-01  1.218870E+03
  2.980000E-01  1.218498E+03
  3.000000E-01  1.218128E+03
  3.020000E-01  1.217761E+03
  3.040000E-01  1.217396E+03
  3.060000E-01  1.217034E+03
  3.080000E-01  1.216674E+03
  3.100000E-01  1.216316E+03
  3.120000E-01  1.215960E+03
  3.140000E-01  1.215607E+03
  3.160000E-01  1.215256E+03
  3.180000E-01  1.214907E+03
  3.200000E-01  1.214561E+03
  3.220000E-01  1.214216E+03
  3.240000E-01  1.213874E+03
  3.260000E-01  1.213534E+03
  3.280000E-01  1.213196E+03
  3.300000E-01  1.212861E+03
  3.320000E-01  1.212527E+03
  3.340000E-01  1.212196E+03
  3.360000E-01  1.211866E+03
  3.380000E-01  1.211539E+03
  3.400000E-01  1.211214E+03
  3.420000E-01  1.210890E+03
  3.440000E-01  1.210569E+03
  3.460000E-01  1.210250E+03
  3.480000E-01  1.209932E+03
  3.500000E-01  1.209617E+03
  3.520000E-01  1.209304E+03
  3.540000E-01  1.208992E+03
  3.560000E-01  1.208683E+03
  3.580000E-01  1.208375E+03
  3.600000E-01  1.208070E+03
  3.620000E-01  1.207766E+03
  3.640000E-01  1.207464E+03
  3.660000E-01  1.207164E+03
  3.680000E-01  1.206865E+03
  3.700000E-01  1.206569E+03
  3.720000E-01  1.206274E+03
  3.740000E-01  1.205982E+03
  3.760000E-01  1.205690E+03
  3.780000E-01  1.205401E+03
  3.800000E-01  1.205114E+03
  3.820000E-01  1.204828E+03
  3.840000E-01  1.204544E+03
  3.860000E-01  1.204261E+03
  3.880000E-01  1.203981E+03
  3.900000E-01  1.203702E+03
  3.920000E-01  1.203424E+03
  3.940000E-01  1.203149E+03
  3.960000E-01  1.202875E+03
  3.980000E-01  1.202602E+03
  4.000000E-01  1.202332E+03
  4.020000E-01  1.202063E+03
  4.040000E-01  1.201795E+03
  4.060000E-01  1.201529E+03
  4.080000E-01  1.201265E+03
  4.100000E-01  1.201002E+03
  4.120000E-01  1.200741E+03
  4.140000E-01  1.200481E+03
  4.160000E-01  1.200223E+03
  4.180000E-01  1.199966E+03
  4.200000E-01  1.199711E+03
  4.220000E-01  1.199457E+03
  4.240000E-01  1.199205E+03
  4.260000E-01  1.198954E+03
  4.280000E-01  1.198705E+03
  4.300000E-01  1.198457E+03
  4.320000E-01  1.198211E+03
  4.340000E-01  1.197966E+03
  4.360000E-01  1.197723E+03
  4.380000E-01  1.197480E+03
  4.400000E-01  1.197311E+03
  4.420000E-01  1.197100E+03
  4.440000E-01  1.196915E+03
  4.460000E-01  1.196724E+03
  4.480000E-01  1.196536E+03
  4.500000E-01  1.196351E+03
  4.520000E-01  1.196168E+03
  4.540000E-01  1.195988E+03
  4.560000E-01  1.195809E+03
  4.580000E-01  1.195632E+03
  4.600000E-01  1.195458E+03
  4.620000E-01  1.195284E+03
  4.640000E-01  1.195113E+03
  4.660000E-01  1.194943E+03
  4.680000E-01  1.194774E+03
  4.700000E-01  1.194606E+03
  4.720000E-01  1.194440E+03
  4.740000E-01  1.194275E+03
  4.760000E-01  1.194111E+03
  4.780000E-01  1.193948E+03
  4.800000E-01  1.193786E+03
  4.820000E-01  1.193624E+03
  4.840000E-01  1.193464E+03
  4.860000E-01  1.193304E+03
  4.880000E-01  1.193145E+03
  4.900000E-01  1.192987E+03
  4.920000E-01  1.192830E+03
  4.940000E-01  1.192673E+03
  4.960000E-01  1.192516E+03
  4.980000E-01  1.192361E+03
  5.000000E-01  1.192206E+03
  5.020000E-01  1.192053E+03
  5.040000E-01  1.191900E+03
  5.060000E-01  1.191747E+03
  5.080000E-01  1.191596E+03
  5.100000E-01  1.191445E+03
  5.120000E-01  1.191295E+03
  5.140000E-01  1.191146E+03
  5.160000E-01  1.190998E+03
  5.180000E-01  1.190850E+03
  5.200000E-01  1.190703E+03
  5.220000E-01  1.190556E+03
  5.240000E-01  1.190411E+03
  5.260000E-01  1.190266E+03
  5.280000E-01  1.190122E+03
  5.300000E-01  1.189978E+03
  5.320000E-01  1.189835E+03
  5.340000E-01  1.189693E+03
  5.360000E-01  1.189551E+03
  5.380000E-01  1.189410E+03
  5.400000E-01  1.189270E+03
  5.420000E-01  1.189130E+03
  5.440000E-01  1.188991E+03
  5.460000E-01  1.188853E+03
  5.480000E-01  1.188715E+03
  5.500000E-01  1.188578E+03
  5.520000E-01  1.188441E+03
  5.540000E-01  1.188305E+03
  5.560000E-01  1.188170E+03
  5.580000E-01  1.188035E+03
  5.600000E-01  1.187901E+03
  5.620000E-01  1.187768E+03
  5.640000E-01  1.187635E+03
  5.660000E-01  1.187502E+03
  5.680000E-01  1.187370E+03
  5.700000E-01  1.187239E+03
  5.720000E-01  1.187109E+03
  5.740000E-01  1.186978E+03
  5.760000E-01  1.186849E+03
  5.780000E-01  1.186720E+03
  5.800000E-01  1.186591E+03
  5.820000E-01  1.186463E+03
  5.840000E-01  1.186336E+03
  5.860000E-01  1.186209E+03
  5.880000E-01  1.186083E+03
  5.900000E-01  1.185957E+03
  5.920000E-01  1.185832E+03
  5.940000E-01  1.185707E+03
  5.960000E-01  1.185583E+03
  5.980000E-01  1.185459E+03
  6.000000E-01  1.185336E+03
  6.020000E-01  1.185213E+03
  6.040000E-01  1.185091E+03
  6.060000E-01  1.184970E+03
  6.080000E-01  1.184848E+03
  6.100000E-01  1.184728E+03
  6.120000E-01  1.184607E+03
  6.140000E-01  1.184488E+03
  6.160000E-01  1.184369E+03
  6.180000E-01  1.184250E+03
  6.200000E-01  1.184126E+03
  6.220000E-01  1.184007E+03
  6.240000E-01  1.183888E+03
  6.260000E-01  1.183769E+03
  6.280000E-01  1.183651E+03
  6.300000E-01  1.183534E+03
  6.320000E-01  1.183416E+03
  6.340000E-01  1.183299E+03
  6.360000E-01  1.183183E+03
  6.380000E-01  1.183067E+03
  6.400000E-01  1.182951E+03
  6.420000E-01  1.182836E+03
  6.440000E-01  1.182721E+03
  6.460000E-01  1.182606E+03
  6.480000E-01  1.182492E+03
  6.500000E-01  1.182378E+03
  6.520000E-01  1.182265E+03
  6.540000E-01  1.182152E+03
  6.560000E-01  1.182039E+03
  6.580000E-01  1.181927E+03
  6.600000E-01  1.181815E+03
  6.620000E-01  1.181704E+03
  6.640000E-01  1.181593E+03
  6.660000E-01  1.181482E+03
  6.680000E-01  1.181372E+03
  6.700000E-01  1.181262E+03
  6.720000E-01  1.181152E+03
  6.740000E-01  1.181043E+03
  6.760000E-01  1.180934E+03
  6.780000E-01  1.180826E+03
  6.800000E-01  1.180718E+03
  6.820000E-01  1.180611E+03
  6.840000E-01  1.180503E+03
  6.860000E-01  1.180396E+03
  6.880000E-01  1.180290E+03
  6.900000E-01  1.180184E+03
  6.920000E-01  1.180078E+03
  6.940000E-01  1.179973E+03
  6.960000E-01  1.179868E+03
  6.980000E-01  1.179763E+03
  7.000000E-01  1.179659E+03
  7.020000E-01  1.179555E+03
  7.040000E-01  1.179451E+03
  7.060000E-01  1.179348E+03
  7.080000E-01  1.179245E+03
  7.100000E-01  1.179143E+03
  7.120000E-01  1.179041E+03
  7.140000E-01  1.178939E+03
  7.160000E-01  1.178838E+03
  7.180000E-01  1.178737E+03
  7.200000E-01  1.178636E+03
  7.220000E-01  1.178536E+03
  7.240000E-01  1.178436E+03
  7.260000E-01  1.178336E+03
  7.280000E-01  1.178237E+03
  7.300000E-01  1.178138E+03
  7.320000E-01  1.178039E+03
  7.340000E-01  1.177941E+03
  7.360000E-01  1.177843E+03
  7.380000E-01  1.177746E+03
  7.400000E-01  1.177649E+03
  7.420000E-01  1.177552E+03
  7.440000E-01  1.177455E+03
  7.460000E-01  1.177359E+03
  7.480000E-01  1.177263E+03
  7.500000E-01  1.177168E+03
  7.520000E-01  1.177073E+03
  7.540000E-01  1.176978E+03
  7.560000E-01  1.176883E+03
  7.580000E-01  1.176789E+03
  7.600000E-01  1.176695E+03
  7.620000E-01  1.176602E+03
  7.640000E-01  1.176508E+03
  7.660000E-01  1.176415E+03
  7.680000E-01  1.176323E+03
  7.700000E-01  1.176231E+03
  7.720000E-01  1.176139E+03
  7.740000E-01  1.176047E+03
  7.760000E-01  1.175956E+03
  7.780000E-01  1.175865E+03
  7.800000E-01  1.175774E+03
  7.820000E-01  1.175684E+03
  7.840000E-01  1.175594E+03
  7.860000E-01  1.175504E+03
  7.880000E-01  1.175415E+03
  7.900000E-01  1.175326E+03
  7.920000E-01  1.175237E+03
  7.940000E-01  1.175149E+03
  7.960000E-01  1.175060E+03
  7.980000E-01  1.174972E+03
  8.000000E-01  1.174885E+03
  8.020000E-01  1.174798E+03
  8.040000E-01  1.174711E+03
  8.060000E-01  1.174624E+03
  8.080000E-01  1.174538E+03
  8.100000E-01  1.174452E+03
  8.120000E-01  1.174366E+03
  8.140000E-01  1.174280E+03
  8.160000E-01  1.174195E+03
  8.180000E-01  1.174110E+03
  8.200000E-01  1.174026E+03
  8.220000E-01  1.173942E+03
  8.240000E-01  1.173858E+03
  8.260000E-01  1.173774E+03
  8.280000E-01  1.173690E+03
  8.300000E-01  1.173607E+03
  8.320000E-01  1.173524E+03
  8.340000E-01  1.173442E+03
  8.360000E-01  1.173359E+03
  8.380000E-01  1.173277E+03
  8.400000E-01  1.173196E+03
  8.420000E-01  1.173114E+03
  8.440000E-01  1.173033E+03
  8.460000E-01  1.172952E+03
  8.480000E-01  1.172872E+03
  8.500000E-01  1.172791E+03
  8.520000E-01  1.172711E+03
  8.540000E-01  1.172631E+03
  8.560000E-01  1.172552E+03
  8.580000E-01  1.172473E+03
  8.600000E-01  1.172394E+03
  8.620000E-01  1.172315E+03
  8.640000E-01  1.172236E+03
  8.660000E-01  1.172158E+03
  8.680000E-01  1.172080E+03
  8.700000E-01  1.172003E+03
  8.720000E-01  1.171925E+03
  8.740000E-01  1.171848E+03
  8.760000E-01  1.171771E+03
  8.780000E-01  1.171695E+03
  8.800000E-01  1.171618E+03
  8.820000E-01  1.171542E+03
  8.840000E-01  1.171466E+03
  8.860000E-01  1.171391E+03
  8.880000E-01  1.171315E+03
  8.900000E-01  1.171240E+03
  8.920000E-01  1.171166E+03
  8.940000E-01  1.171091E+03
  8.960000E-01  1.171017E+03
  8.980000E-01  1.170943E+03
  9.000000E-01  1.170869E+03
  9.020000E-01  1.170795E+03
  9.040000E-01  1.170722E+03
  9.060000E-01  1.170649E+03
  9.080000E-01  1.170576E+03
  9.100000E-01  1.170503E+03
  9.120000E-01  1.170431E+03
  9.140000E-01  1.170359E+03
  9.160000E-01  1.170287E+03
  9.180000E-01  1.170215E+03
  9.200000E-01  1.170157E+03
  9.220000E-01  1.170093E+03
  9.240000E-01  1.170031E+03
  9.260000E-01  1.169969E+03
  9.280000E-01  1.169908E+03
  9.300000E-01  1.169848E+03
  9.320000E-01  1.169788E+03
  9.340000E-01  1.169730E+03
  9.360000E-01  1.169671E+03
  9.380000E-01  1.169614E+03
  9.400000E-01  1.169556E+03
  9.420000E-01  1.169499E+03
  9.440000E-01  1.169443E+03
  9.460000E-01  1.169387E+03
  9.480000E-01  1.169331E+03
  9.500000E-01  1.169276E+03
  9.520000E-01  1.169221E+03
  9.540000E-01  1.169167E+03
  9.560000E-01  1.169113E+03
  9.580000E-01  1.169059E+03
  9.600000E-01  1.169005E+03
  9.620000E-01  1.168952E+03
  9.640000E-01  1.168899E+03
  9.660000E-01  1.168847E+03
  9.680000E-01  1.168794E+03
  9.700000E-01  1.168742E+03
  9.720000E-01  1.168690E+03
  9.740000E-01  1.168639E+03
  9.760000E-01  1.168588E+03
  9.780000E-01  1.168537E+03
  9.800000E-01  1.168486E+03
  9.820000E-01  1.168435E+03
  9.840000E-01  1.168385E+03
  9.860000E-01  1.168335E+03
  9.880000E-01  1.168285E+03
  9.900000E-01  1.168235E+03
  9.920000E-01  1.168186E+03
  9.940000E-01  1.168136E+03
  9.960000E-01  1.168087E+03
  9.980000E-01  1.168038E+03
  1.000000E+00  1.167990E+03
  1.002000E+00  1.167941E+03
  1.004000E+00  1.167893E+03
  1.006000E+00  1.167845E+03
  1.008000E+00  1.167797E+03
  1.010000E+00  1.167750E+03
  1.012000E+00  1.167702E+03
  1.014000E+00  1.167655E+03
  1.016000E+00  1.167608E+03
  1.018000E+00  1.167561E+03
  1.020000E+00  1.167515E+03
  1.022000E+00  1.167468E+03
  1.024000E+00  1.167422E+03
  1.026000E+00  1.167376E+03
  1.028000E+00  1.167330E+03
  1.030000E+00  1.167285E+03
  1.032000E+00  1.167239E+03
  1.034000E+00  1.167194E+03
  1.036000E+00  1.167149E+03
  1.038000E+00  1.167104E+03
  1.040000E+00  1.167059E+03
  1.042000E+00  1.167014E+03
  1.044000E+00  1.166970E+03
  1.046000E+00  1.166925E+03
  1.048000E+00  1.166881E+03
  1.050000E+00  1.166837E+03
  1.052000E+00  1.166794E+03
  1.054000E+00  1.166750E+03
  1.056000E+00  1.166706E+03
  1.058000E+00  1.166663E+03
  1.060000E+00  1.166620E+03
  1.062000E+00  1.166577E+03
  1.064000E+00  1.166534E+03
  1.066000E+00  1.166491E+03
  1.068000E+00  1.166449E+03
  1.070000E+00  1.166406E+03
  1.072000E+00  1.166364E+03
  1.074000E+00  1.166322E+03
  1.076000E+00  1.166280E+03
  1.078000E+00  1.166238E+03
  1.080000E+00  1.166197E+03
  1.082000E+00  1.166155E+03
  1.084000E+00  1.166114E+03
  1.086000E+00  1.166073E+03
  1.088000E+00  1.166032E+03
  1.090000E+00  1.165991E+03
  1.092000E+00  1.165950E+03
  1.094000E+00  1.165909E+03
  1.096000E+00  1.165869E+03
  1.098000E+00  1.165828E+03
  1.100000E+00  1.165788E+03
  1.102000E+00  1.165748E+03
  1.104000E+00  1.165708E+03
  1.106000E+00  1.165668E+03
  1.108000E+00  1.165628E+03
  1.110000E+00  1.165588E+03
  1.112000E+00  1.165549E+03
  1.114000E+00  1.165510E+03
  1.116000E+00  1.165470E+03
  1.118000E+00  1.165431E+03
  1.120000E+00  1.165392E+03
  1.122000E+00  1.165353E+03
  1.124000E+00  1.165315E+03
  1.126000E+00  1.165276E+03
  1.128000E+00  1.165238E+03
  1.130000E+00  1.165199E+03
  1.132000E+00  1.165161E+03
  1.134000E+00  1.165123E+03
  1.136000E+00  1.165085E+03
  1.138000E+00  1.165047E+03
  1.140000E+00  1.165009E+03
  1.142000E+00  1.164972E+03
  1.144000E+00  1.164934E+03
  1.146000E+00  1.164897E+03
  1.148000E+00  1.164859E+03
  1.150000E+00  1.164822E+03
  1.152000E+00  1.164785E+03
  1.154000E+00  1.164748E+03
  1.156000E+00  1.164711E+03
  1.158000E+00  1.164675E+03
  1.160000E+00  1.164638E+03
  1.162000E+00  1.164602E+03
  1.164000E+00  1.164565E+03
  1.166000E+00  1.164529E+03
  1.168000E+00  1.164493E+03
  1.170000E+00  1.164457E+03
  1.172000E+00  1.164421E+03
  1.174000E+00  1.164385E+03
  1.176000E+00  1.164349E+03
  1.178000E+00  1.164314E+03
  1.180000E+00  1.164278E+03
  1.182000E+00  1.164243E+03
  1.184000E+00  1.164207E+03
  1.186000E+00  1.164172E+03
  1.188000E+00  1.164137E+03
  1.190000E+00  1.164102E+03
  1.192000E+00  1.164067E+03
  1.194000E+00  1.164032E+03
  1.196000E+00  1.163998E+03
  1.198000E+00  1.163963E+03
  1.200000E+00  1.163929E+03
