  1.000000E-02  6.661967E-01  7.477323E-02  0.000000E+00  0.000000E+00  0.000000E+00  0.000000E+00  0.000000E+00  0.000000E+00
  1.200000E-02  7.078477E-01  8.617186E-02  0.000000E+00  0.000000E+00  0.000000E+00  0.000000E+00  0.000000E+00  0.000000E+00
  1.400000E-02  7.450675E-01  9.716612E-02  0.000000E+00  0.000000E+00  0.000000E+00  0.000000E+00  0.000000E+00  0.000000E+00
  1.600000E-02  7.788672E-01  1.078228E-01  0.000000E+00  0.000000E+00  0.000000E+00  0.000000E+00  0.000000E+00  0.000000E+00
  1.800000E-02  8.099322E-01  1.181901E-01  0.000000E+00  0.000000E+00  0.000000E+00  0.000000E+00  0.000000E+00  0.000000E+00
  2.000000E-02  8.387510E-01  1.283041E-01  0.000000E+00  0.000000E+00  0.000000E+00  0.000000E+00  0.000000E+00  0.000000E+00
  2.200000E-02  8.656856E-01  1.381928E-01  0.000000E+00  0.000000E+00  0.000000E+00  0.000000E+00  0.000000E+00  0.000000E+00
  2.400000E-02  8.910125E-01  1.478788E-01  0.000000E+00  0.000000E+00  0.000000E+00  0.000000E+00  0.000000E+00  0.000000E+00
  2.600000E-02  9.149483E-01  1.573804E-01  0.000000E+00  0.000000E+00  0.000000E+00  0.000000E+00  0.000000E+00  0.000000E+00
  2.800000E-02  9.376663E-01  1.667128E-01  0.000000E+00  0.000000E+00  0.000000E+00  0.000000E+00  0.000000E+00  0.000000E+00
  3.000000E-02  9.593076E-01  1.758888E-01  0.000000E+00  0.000000E+00  0.000000E+00  0.000000E+00  0.000000E+00  0.000000E+00
  3.200000E-02  9.799884E-01  1.849195E-01  0.000000E+00  0.000000E+00  0.000000E+00  0.000000E+00  0.000000E+00  0.000000E+00
  3.400000E-02  9.998064E-01  1.938143E-01  0.000000E+00  0.000000E+00  0.000000E+00  0.000000E+00  0.000000E+00  0.000000E+00
  3.600000E-02  1.018844E+00  2.025815E-01  0.000000E+00  0.000000E+00  0.000000E+00  0.000000E+00  0.000000E+00  0.000000E+00
  3.800000E-02  1.037171E+00  2.112285E-01  0.000000E+00  0.000000E+00  0.000000E+00  0.000000E+00  0.000000E+00  0.000000E+00
  4.000000E-02  1.054850E+00  2.197618E-01  0.000000E+00  0.000000E+00  0.000000E+00  0.000000E+00  0.000000E+00  0.000000E+00
  4.200000E-02  1.071931E+00  2.281870E-01  0.000000E+00  0.000000E+00  0.000000E+00  0.000000E+00  0.000000E+00  0.000000E+00
  4.400000E-02  1.088463E+00  2.365096E-01  0.000000E+00  0.000000E+00  0.000000E+00  0.000000E+00  0.000000E+00  0.000000E+00
  4.600000E-02  1.104485E+00  2.447342E-01  0.000000E+00  0.000000E+00  0.000000E+00  0.000000E+00  0.000000E+00  0.000000E+00
  4.800000E-02  1.120034E+00  2.528651E-01  0.000000E+00  0.000000E+00  0.000000E+00  0.000000E+00  0.000000E+00  0.000000E+00
  5.000000E-02  1.135141E+00  2.609062E-01  0.000000E+00  0.000000E+00  0.000000E+00  0.000000E+00  0.000000E+00  0.000000E+00
  5.200000E-02  1.149836E+00  2.688612E-01  0.000000E+00  0.000000E+00  0.000000E+00  0.000000E+00  0.000000E+00  0.000000E+00
  5.400000E-02  1.164144E+00  2.767334E-01  0.000000E+00  0.000000E+00  0.000000E+00  0.000000E+00  0.000000E+00  0.000000E+00
  5.600000E-02  1.178088E+00  2.845259E-01  0.000000E+00  0.000000E+00  0.000000E+00  0.000000E+00  0.000000E+00  0.000000E+00
  5.800000E-02  1.191691E+00  2.922414E-01  0.000000E+00  0.000000E+00  0.000000E+00  0.000000E+00  0.000000E+00  0.000000E+00
  6.000000E-02  1.204970E+00  2.998828E-01  0.000000E+00  0.000000E+00  0.000000E+00  0.000000E+00  0.000000E+00  0.000000E+00
  6.200000E-02  1.217944E+00  3.074525E-01  0.000000E+00  0.000000E+00  0.000000E+00  0.000000E+00  0.000000E+00  0.000000E+00
  6.400000E-02  1.230629E+00  3.149527E-01  0.000000E+00  0.000000E+00  0.000000E+00  0.000000E+00  0.000000E+00  0.000000E+00
  6.600000E-02  1.243039E+00  3.223857E-01  0.000000E+00  0.000000E+00  0.000000E+00  0.000000E+00  0.000000E+00  0.000000E+00
  6.800000E-02  1.255188E+00  3.297535E-01  0.000000E+00  0.000000E+00  0.000000E+00  0.000000E+00  0.000000E+00  0.000000E+00
  7.000000E-02  1.267088E+00  3.370580E-01  0.000000E+00  0.000000E+00  0.000000E+00  0.000000E+00  0.000000E+00  0.000000E+00
  7.200000E-02  1.278751E+00  3.443011E-01  0.000000E+00  0.000000E+00  0.000000E+00  0.000000E+00  0.000000E+00  0.000000E+00
  7.400000E-02  1.290188E+00  3.514844E-01  0.000000E+00  0.000000E+00  0.000000E+00  0.000000E+00  0.000000E+00  0.000000E+00
  7.600000E-02  1.301409E+00  3.586096E-01  0.000000E+00  0.000000E+00  0.000000E+00  0.000000E+00  0.000000E+00  0.000000E+00
  7.800000E-02  1.312423E+00  3.656783E-01  0.000000E+00  0.000000E+00  0.000000E+00  0.000000E+00  0.000000E+00  0.000000E+00
  8.000000E-02  1.323239E+00  3.726919E-01  0.000000E+00  0.000000E+00  0.000000E+00  0.000000E+00  0.000000E+00  0.000000E+00
  8.200000E-02  1.333864E+00  3.796518E-01  0.000000E+00  0.000000E+00  0.000000E+00  0.000000E+00  0.000000E+00  0.000000E+00
  8.400000E-02  1.344307E+00  3.865593E-01  0.000000E+00  0.000000E+00  0.000000E+00  0.000000E+00  0.000000E+00  0.000000E+00
  8.600000E-02  1.354574E+00  3.934157E-01  0.000000E+00  0.000000E+00  0.000000E+00  0.000000E+00  0.000000E+00  0.000000E+00
  8.800000E-02  1.364672E+00  4.002222E-01  0.000000E+00  0.000000E+00  0.000000E+00  0.000000E+00  0.000000E+00  0.000000E+00
  9.000000E-02  1.374608E+00  4.069799E-01  0.000000E+00  0.000000E+00  0.000000E+00  0.000000E+00  0.000000E+00  0.000000E+00
  9.200000E-02  1.384386E+00  4.136900E-01  0.000000E+00  0.000000E+00  0.000000E+00  0.000000E+00  0.000000E+00  0.000000E+00
  9.400000E-02  1.394014E+00  4.203535E-01  0.000000E+00  0.000000E+00  0.000000E+00  0.000000E+00  0.000000E+00  0.000000E+00
  9.600000E-02  1.403496E+00  4.269714E-01  0.000000E+00  0.000000E+00  0.000000E+00  0.000000E+00  0.000000E+00  0.000000E+00
  9.800000E-02  1.412837E+00  4.335447E-01  0.000000E+00  0.000000E+00  0.000000E+00  0.000000E+00  0.000000E+00  0.000000E+00
  1.000000E-01  1.422041E+00  4.400743E-01  0.000000E+00  0.000000E+00  0.000000E+00  0.000000E+00  0.000000E+00  0.000000E+00
  1.020000E-01  1.431114E+00  4.465611E-01  0.000000E+00  0.000000E+00  0.000000E+00  0.000000E+00  0.000000E+00  0.000000E+00
  1.040000E-01  1.440059E+00  4.530060E-01  0.000000E+00  0.000000E+00  0.000000E+00  0.000000E+00  0.000000E+00  0.000000E+00
  1.060000E-01  1.448881E+00  4.594098E-01  0.000000E+00  0.000000E+00  0.000000E+00  0.000000E+00  0.000000E+00  0.000000E+00
  1.080000E-01  1.457583E+00  4.657733E-01  0.000000E+00  0.000000E+00  0.000000E+00  0.000000E+00  0.000000E+00  0.000000E+00
  1.100000E-01  1.466169E+00  4.720972E-01  0.000000E+00  0.000000E+00  0.000000E+00  0.000000E+00  0.000000E+00  0.000000E+00
  1.120000E-01  1.474642E+00  4.783823E-01  0.000000E+00  0.000000E+00  0.000000E+00  0.000000E+00  0.000000E+00  0.000000E+00
  1.140000E-01  1.483006E+00  4.846294E-01  0.000000E+00  0.000000E+00  0.000000E+00  0.000000E+00  0.000000E+00  0.000000E+00
  1.160000E-01  1.491263E+00  4.908390E-01  0.000000E+00  0.000000E+00  0.000000E+00  0.000000E+00  0.000000E+00  0.000000E+00
  1.180000E-01  1.499417E+00  4.970118E-01  0.000000E+00  0.000000E+00  0.000000E+00  0.000000E+00  0.000000E+00  0.000000E+00
  1.200000E-01  1.507471E+00  5.031485E-01  0.000000E+00  0.000000E+00  0.000000E+00  0.000000E+00  0.000000E+00  0.000000E+00
  1.220000E-01  1.515427E+00  5.092498E-01  0.000000E+00  0.000000E+00  0.000000E+00  0.000000E+00  0.000000E+00  0.000000E+00
  1.240000E-01  1.523288E+00  5.153161E-01  0.000000E+00  0.000000E+00  0.000000E+00  0.000000E+00  0.000000E+00  0.000000E+00
  1.260000E-01  1.531057E+00  5.213481E-01  0.000000E+00  0.000000E+00  0.000000E+00  0.000000E+00  0.000000E+00  0.000000E+00
  1.280000E-01  1.538736E+00  5.273463E-01  0.000000E+00  0.000000E+00  0.000000E+00  0.000000E+00  0.000000E+00  0.000000E+00
  1.300000E-01  1.546326E+00  5.333113E-01  0.000000E+00  0.000000E+00  0.000000E+00  0.000000E+00  0.000000E+00  0.000000E+00
  1.320000E-01  1.553805E+00  5.394621E-01  0.000000E+00  0.000000E+00  0.000000E+00  0.000000E+00  0.000000E+00  0.000000E+00
  1.340000E-01  1.561148E+00  5.460032E-01  0.000000E+00  0.000000E+00  0.000000E+00  0.000000E+00  0.000000E+00  0.000000E+00
  1.360000E-01  1.568384E+00  5.527069E-01  0.000000E+00  0.000000E+00  0.000000E+00  0.000000E+00  0.000000E+00  0.000000E+00
  1.380000E-01  1.575521E+00  5.595056E-01  0.000000E+00  0.000000E+00  0.000000E+00  0.000000E+00  0.000000E+00  0.000000E+00
  1.400000E-01  1.582566E+00  5.663630E-01  0.000000E+00  0.000000E+00  0.000000E+00  0.000000E+00  0.000000E+00  0.000000E+00
  1.420000E-01  1.589524E+00  5.732553E-01  0.000000E+00  0.000000E+00  0.000000E+00  0.000000E+00  0.000000E+00  0.000000E+00
  1.440000E-01  1.596397E+00  5.801659E-01  0.000000E+00  0.000000E+00  0.000000E+00  0.000000E+00  0.000000E+00  0.000000E+00
  1.460000E-01  1.603189E+00  5.870826E-01  0.000000E+00  0.000000E+00  0.000000E+00  0.000000E+00  0.000000E+00  0.000000E+00
  1.480000E-01  1.609903E+00  5.939957E-01  0.000000E+00  0.000000E+00  0.000000E+00  0.000000E+00  0.000000E+00  0.000000E+00
  1.500000E-01  1.616541E+00  6.008980E-01  0.000000E+00  0.000000E+00  0.000000E+00  0.000000E+00  0.000000E+00  0.000000E+00
  1.520000E-01  1.623105E+00  6.077836E-01  0.000000E+00  0.000000E+00  0.000000E+00  0.000000E+00  0.000000E+00  0.000000E+00
  1.540000E-01  1.629599E+00  6.146478E-01  0.000000E+00  0.000000E+00  0.000000E+00  0.000000E+00  0.000000E+00  0.000000E+00
  1.560000E-01  1.636022E+00  6.214868E-01  0.000000E+00  0.000000E+00  0.000000E+00  0.000000E+00  0.000000E+00  0.000000E+00
  1.580000E-01  1.642379E+00  6.282977E-01  0.000000E+00  0.000000E+00  0.000000E+00  0.000000E+00  0.000000E+00  0.000000E+00
  1.600000E-01  1.648670E+00  6.350780E-01  0.000000E+00  0.000000E+00  0.000000E+00  0.000000E+00  0.000000E+00  0.000000E+00
  1.620000E-01  1.654896E+00  6.418256E-01  0.000000E+00  0.000000E+00  0.000000E+00  0.000000E+00  0.000000E+00  0.000000E+00
  1.640000E-01  1.661060E+00  6.485390E-01  0.000000E+00  0.000000E+00  0.000000E+00  0.000000E+00  0.000000E+00  0.000000E+00
  1.660000E-01  1.667164E+00  6.552170E-01  0.000000E+00  0.000000E+00  0.000000E+00  0.000000E+00  0.000000E+00  0.000000E+00
  1.680000E-01  1.673207E+00  6.618584E-01  0.000000E+00  0.000000E+00  0.000000E+00  0.000000E+00  0.000000E+00  0.000000E+00
  1.700000E-01  1.679193E+00  6.684626E-01  0.000000E+00  0.000000E+00  0.000000E+00  0.000000E+00  0.000000E+00  0.000000E+00
  1.720000E-01  1.685122E+00  6.750289E-01  0.000000E+00  0.000000E+00  0.000000E+00  0.000000E+00  0.000000E+00  0.000000E+00
  1.740000E-01  1.690995E+00  6.815569E-01  0.000000E+00  0.000000E+00  0.000000E+00  0.000000E+00  0.000000E+00  0.000000E+00
  1.760000E-01  1.696813E+00  6.880463E-01  0.000000E+00  0.000000E+00  0.000000E+00  0.000000E+00  0.000000E+00  0.000000E+00
  1.780000E-01  1.702579E+00  6.944968E-01  0.000000E+00  0.000000E+00  0.000000E+00  0.000000E+00  0.000000E+00  0.000000E+00
  1.800000E-01  1.708293E+00  7.009084E-01  0.000000E+00  0.000000E+00  0.000000E+00  0.000000E+00  0.000000E+00  0.000000E+00
  1.820000E-01  1.713955E+00  7.072811E-01  0.000000E+00  0.000000E+00  0.000000E+00  0.000000E+00  0.000000E+00  0.000000E+00
  1.840000E-01  1.719568E+00  7.136150E-01  0.000000E+00  0.000000E+00  0.000000E+00  0.000000E+00  0.000000E+00  0.000000E+00
  1.860000E-01  1.725132E+00  7.199100E-01  0.000000E+00  0.000000E+00  0.000000E+00  0.000000E+00  0.000000E+00  0.000000E+00
  1.880000E-01  1.730648E+00  7.261664E-01  0.000000E+00  0.000000E+00  0.000000E+00  0.000000E+00  0.000000E+00  0.000000E+00
  1.900000E-01  1.736117E+00  7.323843E-01  0.000000E+00  0.000000E+00  0.000000E+00  0.000000E+00  0.000000E+00  0.000000E+00
  1.920000E-01  1.741540E+00  7.385640E-01  0.000000E+00  0.000000E+00  0.000000E+00  0.000000E+00  0.000000E+00  0.000000E+00
  1.940000E-01  1.746918E+00  7.447058E-01  0.000000E+00  0.000000E+00  0.000000E+00  0.000000E+00  0.000000E+00  0.000000E+00
  1.960000E-01  1.752251E+00  7.508099E-01  0.000000E+00  0.000000E+00  0.000000E+00  0.000000E+00  0.000000E+00  0.000000E+00
  1.980000E-01  1.757541E+00  7.568767E-01  0.000000E+00  0.000000E+00  0.000000E+00  0.000000E+00  0.000000E+00  0.000000E+00
  2.000000E-01  1.762789E+00  7.629064E-01  0.000000E+00  0.000000E+00  0.000000E+00  0.000000E+00  0.000000E+00  0.000000E+00
  2.020000E-01  1.767994E+00  7.688993E-01  0.000000E+00  0.000000E+00  0.000000E+00  0.000000E+00  0.000000E+00  0.000000E+00
  2.040000E-01  1.773159E+00  7.748559E-01  0.000000E+00  0.000000E+00  0.000000E+00  0.000000E+00  0.000000E+00  0.000000E+00
  2.060000E-01  1.778283E+00  7.807765E-01  0.000000E+00  0.000000E+00  0.000000E+00  0.000000E+00  0.000000E+00  0.000000E+00
  2.080000E-01  1.783367E+00  7.866614E-01  0.000000E+00  0.000000E+00  0.000000E+00  0.000000E+00  0.000000E+00  0.000000E+00
  2.100000E-01  1.788413E+00  7.925109E-01  0.000000E+00  0.000000E+00  0.000000E+00  0.000000E+00  0.000000E+00  0.000000E+00
  2.120000E-01  1.793420E+00  7.983256E-01  0.000000E+00  0.000000E+00  0.000000E+00  0.000000E+00  0.000000E+00  0.000000E+00
  2.140000E-01  1.798390E+00  8.041057E-01  0.000000E+00  0.000000E+00  0.000000E+00  0.000000E+00  0.000000E+00  0.000000E+00
  2.160000E-01  1.803323E+00  8.098515E-01  0.000000E+00  0.000000E+00  0.000000E+00  0.000000E+00  0.000000E+00  0.000000E+00
  2.180000E-01  1.808219E+00  8.155636E-01  0.000000E+00  0.000000E+00  0.000000E+00  0.000000E+00  0.000000E+00  0.000000E+00
  2.200000E-01  1.813080E+00  8.212421E-01  0.000000E+00  0.000000E+00  0.000000E+00  0.000000E+00  0.000000E+00  0.000000E+00
  2.220000E-01  1.817905E+00  8.268876E-01  0.000000E+00  0.000000E+00  0.000000E+00  0.000000E+00  0.000000E+00  0.000000E+00
  2.240000E-01  1.822697E+00  8.325004E-01  0.000000E+00  0.000000E+00  0.000000E+00  0.000000E+00  0.000000E+00  0.000000E+00
  2.260000E-01  1.827454E+00  8.380808E-01  0.000000E+00  0.000000E+00  0.000000E+00  0.000000E+00  0.000000E+00  0.000000E+00
  2.280000E-01  1.832178E+00  8.436291E-01  0.000000E+00  0.000000E+00  0.000000E+00  0.000000E+00  0.000000E+00  0.000000E+00
  2.300000E-01  1.836868E+00  8.491458E-01  0.000000E+00  0.000000E+00  0.000000E+00  0.000000E+00  0.000000E+00  0.000000E+00
  2.320000E-01  1.841527E+00  8.546313E-01  0.000000E+00  0.000000E+00  0.000000E+00  0.000000E+00  0.000000E+00  0.000000E+00
  2.340000E-01  1.846154E+00  8.600857E-01  0.000000E+00  0.000000E+00  0.000000E+00  0.000000E+00  0.000000E+00  0.000000E+00
  2.360000E-01  1.850749E+00  8.655096E-01  0.000000E+00  0.000000E+00  0.000000E+00  0.000000E+00  0.000000E+00  0.000000E+00
  2.380000E-01  1.855314E+00  8.709032E-01  0.000000E+00  0.000000E+00  0.000000E+00  0.000000E+00  0.000000E+00  0.000000E+00
  2.400000E-01  1.859848E+00  8.762668E-01  0.000000E+00  0.000000E+00  0.000000E+00  0.000000E+00  0.000000E+00  0.000000E+00
  2.420000E-01  1.864352E+00  8.816009E-01  0.000000E+00  0.000000E+00  0.000000E+00  0.000000E+00  0.000000E+00  0.000000E+00
  2.440000E-01  1.868827E+00  8.869057E-01  0.000000E+00  0.000000E+00  0.000000E+00  0.000000E+00  0.000000E+00  0.000000E+00
  2.460000E-01  1.873273E+00  8.921816E-01  0.000000E+00  0.000000E+00  0.000000E+00  0.000000E+00  0.000000E+00  0.000000E+00
  2.480000E-01  1.877691E+00  8.974288E-01  0.000000E+00  0.000000E+00  0.000000E+00  0.000000E+00  0.000000E+00  0.000000E+00
  2.500000E-01  1.882080E+00  9.026477E-01  0.000000E+00  0.000000E+00  0.000000E+00  0.000000E+00  0.000000E+00  0.000000E+00
  2.520000E-01  1.886441E+00  9.078386E-01  0.000000E+00  0.000000E+00  0.000000E+00  0.000000E+00  0.000000E+00  0.000000E+00
  2.540000E-01  1.890776E+00  9.130018E-01  0.000000E+00  0.000000E+00  0.000000E+00  0.000000E+00  0.000000E+00  0.000000E+00
  2.560000E-01  1.895083E+00  9.181376E-01  0.000000E+00  0.000000E+00  0.000000E+00  0.000000E+00  0.000000E+00  0.000000E+00
  2.580000E-01  1.899364E+00  9.232463E-01  0.000000E+00  0.000000E+00  0.000000E+00  0.000000E+00  0.000000E+00  0.000000E+00
  2.600000E-01  1.903619E+00  9.283281E-01  0.000000E+00  0.000000E+00  0.000000E+00  0.000000E+00  0.000000E+00  0.000000E+00
  2.620000E-01  1.907848E+00  9.333835E-01  0.000000E+00  0.000000E+00  0.000000E+00  0.000000E+00  0.000000E+00  0.000000E+00
  2.640000E-01  1.912051E+00  9.384125E-01  0.000000E+00  0.000000E+00  0.000000E+00  0.000000E+00  0.000000E+00  0.000000E+00
  2.660000E-01  1.916230E+00  9.434156E-01  0.000000E+00  0.000000E+00  0.000000E+00  0.000000E+00  0.000000E+00  0.000000E+00
  2.680000E-01  1.920384E+00  9.483930E-01  0.000000E+00  0.000000E+00  0.000000E+00  0.000000E+00  0.000000E+00  0.000000E+00
  2.700000E-01  1.924513E+00  9.533449E-01  0.000000E+00  0.000000E+00  0.000000E+00  0.000000E+00  0.000000E+00  0.000000E+00
  2.720000E-01  1.928619E+00  9.582717E-01  0.000000E+00  0.000000E+00  0.000000E+00  0.000000E+00  0.000000E+00  0.000000E+00
  2.740000E-01  1.932700E+00  9.631736E-01  0.000000E+00  0.000000E+00  0.000000E+00  0.000000E+00  0.000000E+00  0.000000E+00
  2.760000E-01  1.936759E+00  9.680507E-01  0.000000E+00  0.000000E+00  0.000000E+00  0.000000E+00  0.000000E+00  0.000000E+00
  2.780000E-01  1.940794E+00  9.729035E-01  0.000000E+00  0.000000E+00  0.000000E+00  0.000000E+00  0.000000E+00  0.000000E+00
  2.800000E-01  1.944807E+00  9.777321E-01  0.000000E+00  0.000000E+00  0.000000E+00  0.000000E+00  0.000000E+00  0.000000E+00
  2.820000E-01  1.948797E+00  9.825368E-01  0.000000E+00  0.000000E+00  0.000000E+00  0.000000E+00  0.000000E+00  0.000000E+00
  2.840000E-01  1.952766E+00  9.873178E-01  0.000000E+00  0.000000E+00  0.000000E+00  0.000000E+00  0.000000E+00  0.000000E+00
  2.860000E-01  1.956712E+00  9.920754E-01  0.000000E+00  0.000000E+00  0.000000E+00  0.000000E+00  0.000000E+00  0.000000E+00
  2.880000E-01  1.960637E+00  9.968097E-01  0.000000E+00  0.000000E+00  0.000000E+00  0.000000E+00  0.000000E+00  0.000000E+00
  2.900000E-01  1.964540E+00  1.001521E+00  0.000000E+00  0.000000E+00  0.000000E+00  0.000000E+00  0.000000E+00  0.000000E+00
  2.920000E-01  1.968423E+00  1.006210E+00  0.000000E+00  0.000000E+00  0.000000E+00  0.000000E+00  0.000000E+00  0.000000E+00
  2.940000E-01  1.972285E+00  1.010876E+00  0.000000E+00  0.000000E+00  0.000000E+00  0.000000E+00  0.000000E+00  0.000000E+00
  2.960000E-01  1.976127E+00  1.015519E+00  0.000000E+00  0.000000E+00  0.000000E+00  0.000000E+00  0.000000E+00  0.000000E+00
  2.980000E-01  1.979948E+00  1.020141E+00  0.000000E+00  0.000000E+00  0.000000E+00  0.000000E+00  0.000000E+00  0.000000E+00
  3.000000E-01  1.983749E+00  1.024741E+00  0.000000E+00  0.000000E+00  0.000000E+00  0.000000E+00  0.000000E+00  0.000000E+00
  3.020000E-01  1.987531E+00  1.029319E+00  0.000000E+00  0.000000E+00  0.000000E+00  0.000000E+00  0.000000E+00  0.000000E+00
  3.040000E-01  1.991293E+00  1.033875E+00  0.000000E+00  0.000000E+00  0.000000E+00  0.000000E+00  0.000000E+00  0.000000E+00
  3.060000E-01  1.995036E+00  1.038411E+00  0.000000E+00  0.000000E+00  0.000000E+00  0.000000E+00  0.000000E+00  0.000000E+00
  3.080000E-01  1.998760E+00  1.042925E+00  0.000000E+00  0.000000E+00  0.000000E+00  0.000000E+00  0.000000E+00  0.000000E+00
  3.100000E-01  2.002466E+00  1.047418E+00  0.000000E+00  0.000000E+00  0.000000E+00  0.000000E+00  0.000000E+00  0.000000E+00
  3.120000E-01  2.006153E+00  1.051890E+00  0.000000E+00  0.000000E+00  0.000000E+00  0.000000E+00  0.000000E+00  0.000000E+00
  3.140000E-01  2.009822E+00  1.056342E+00  0.000000E+00  0.000000E+00  0.000000E+00  0.000000E+00  0.000000E+00  0.000000E+00
  3.160000E-01  2.013472E+00  1.060774E+00  0.000000E+00  0.000000E+00  0.000000E+00  0.000000E+00  0.000000E+00  0.000000E+00
  3.180000E-01  2.017105E+00  1.065186E+00  0.000000E+00  0.000000E+00  0.000000E+00  0.000000E+00  0.000000E+00  0.000000E+00
  3.200000E-01  2.020720E+00  1.069577E+00  0.000000E+00  0.000000E+00  0.000000E+00  0.000000E+00  0.000000E+00  0.000000E+00
  3.220000E-01  2.024318E+00  1.073949E+00  0.000000E+00  0.000000E+00  0.000000E+00  0.000000E+00  0.000000E+00  0.000000E+00
  3.240000E-01  2.027899E+00  1.078301E+00  0.000000E+00  0.000000E+00  0.000000E+00  0.000000E+00  0.000000E+00  0.000000E+00
  3.260000E-01  2.031463E+00  1.082634E+00  0.000000E+00  0.000000E+00  0.000000E+00  0.000000E+00  0.000000E+00  0.000000E+00
  3.280000E-01  2.035010E+00  1.086948E+00  0.000000E+00  0.000000E+00  0.000000E+00  0.000000E+00  0.000000E+00  0.000000E+00
  3.300000E-01  2.038540E+00  1.091242E+00  0.000000E+00  0.000000E+00  0.000000E+00  0.000000E+00  0.000000E+00  0.000000E+00
  3.320000E-01  2.042054E+00  1.095517E+00  0.000000E+00  0.000000E+00  0.000000E+00  0.000000E+00  0.000000E+00  0.000000E+00
  3.340000E-01  2.045552E+00  1.099774E+00  0.000000E+00  0.000000E+00  0.000000E+00  0.000000E+00  0.000000E+00  0.000000E+00
  3.360000E-01  2.049033E+00  1.104012E+00  0.000000E+00  0.000000E+00  0.000000E+00  0.000000E+00  0.000000E+00  0.000000E+00
  3.380000E-01  2.052499E+00  1.108232E+00  0.000000E+00  0.000000E+00  0.000000E+00  0.000000E+00  0.000000E+00  0.000000E+00
  3.400000E-01  2.055949E+00  1.112433E+00  0.000000E+00  0.000000E+00  0.000000E+00  0.000000E+00  0.000000E+00  0.000000E+00
  3.420000E-01  2.059384E+00  1.116617E+00  0.000000E+00  0.000000E+00  0.000000E+00  0.000000E+00  0.000000E+00  0.000000E+00
  3.440000E-01  2.062804E+00  1.120782E+00  0.000000E+00  0.000000E+00  0.000000E+00  0.000000E+00  0.000000E+00  0.000000E+00
  3.460000E-01  2.066208E+00  1.124929E+00  0.000000E+00  0.000000E+00  0.000000E+00  0.000000E+00  0.000000E+00  0.000000E+00
  3.480000E-01  2.069598E+00  1.129059E+00  0.000000E+00  0.000000E+00  0.000000E+00  0.000000E+00  0.000000E+00  0.000000E+00
  3.500000E-01  2.072972E+00  1.133171E+00  0.000000E+00  0.000000E+00  0.000000E+00  0.000000E+00  0.000000E+00  0.000000E+00
  3.520000E-01  2.076332E+00  1.137266E+00  0.000000E+00  0.000000E+00  0.000000E+00  0.000000E+00  0.000000E+00  0.000000E+00
  3.540000E-01  2.079678E+00  1.141344E+00  0.000000E+00  0.000000E+00  0.000000E+00  0.000000E+00  0.000000E+00  0.000000E+00
  3.560000E-01  2.083009E+00  1.145405E+00  0.000000E+00  0.000000E+00  0.000000E+00  0.000000E+00  0.000000E+00  0.000000E+00
  3.580000E-01  2.086326E+00  1.149448E+00  0.000000E+00  0.000000E+00  0.000000E+00  0.000000E+00  0.000000E+00  0.000000E+00
  3.600000E-01  2.089629E+00  1.153475E+00  0.000000E+00  0.000000E+00  0.000000E+00  0.000000E+00  0.000000E+00  0.000000E+00
  3.620000E-01  2.092918E+00  1.157485E+00  0.000000E+00  0.000000E+00  0.000000E+00  0.000000E+00  0.000000E+00  0.000000E+00
  3.640000E-01  2.096194E+00  1.161479E+00  0.000000E+00  0.000000E+00  0.000000E+00  0.000000E+00  0.000000E+00  0.000000E+00
  3.660000E-01  2.099456E+00  1.165456E+00  0.000000E+00  0.000000E+00  0.000000E+00  0.000000E+00  0.000000E+00  0.000000E+00
  3.680000E-01  2.102704E+00  1.169416E+00  0.000000E+00  0.000000E+00  0.000000E+00  0.000000E+00  0.000000E+00  0.000000E+00
  3.700000E-01  2.105940E+00  1.173361E+00  0.000000E+00  0.000000E+00  0.000000E+00  0.000000E+00  0.000000E+00  0.000000E+00
  3.720000E-01  2.109162E+00  1.177290E+00  0.000000E+00  0.000000E+00  0.000000E+00  0.000000E+00  0.000000E+00  0.000000E+00
  3.740000E-01  2.112371E+00  1.181203E+00  0.000000E+00  0.000000E+00  0.000000E+00  0.000000E+00  0.000000E+00  0.000000E+00
  3.760000E-01  2.115567E+00  1.185100E+00  0.000000E+00  0.000000E+00  0.000000E+00  0.000000E+00  0.000000E+00  0.000000E+00
  3.780000E-01  2.118751E+00  1.188981E+00  0.000000E+00  0.000000E+00  0.000000E+00  0.000000E+00  0.000000E+00  0.000000E+00
  3.800000E-01  2.121922E+00  1.192847E+00  0.000000E+00  0.000000E+00  0.000000E+00  0.000000E+00  0.000000E+00  0.000000E+00
  3.820000E-01  2.125081E+00  1.196697E+00  0.000000E+00  0.000000E+00  0.000000E+00  0.000000E+00  0.000000E+00  0.000000E+00
  3.840000E-01  2.128227E+00  1.200532E+00  0.000000E+00  0.000000E+00  0.000000E+00  0.000000E+00  0.000000E+00  0.000000E+00
  3.860000E-01  2.131361E+00  1.204352E+00  0.000000E+00  0.000000E+00  0.000000E+00  0.000000E+00  0.000000E+00  0.000000E+00
  3.880000E-01  2.134483E+00  1.208157E+00  0.000000E+00  0.000000E+00  0.000000E+00  0.000000E+00  0.000000E+00  0.000000E+00
  3.900000E-01  2.137593E+00  1.211947E+00  0.000000E+00  0.000000E+00  0.000000E+00  0.000000E+00  0.000000E+00  0.000000E+00
  3.920000E-01  2.140691E+00  1.215722E+00  0.000000E+00  0.000000E+00  0.000000E+00  0.000000E+00  0.000000E+00  0.000000E+00
  3.940000E-01  2.143778E+00  1.219482E+00  0.000000E+00  0.000000E+00  0.000000E+00  0.000000E+00  0.000000E+00  0.000000E+00
  3.960000E-01  2.146852E+00  1.223228E+00  0.000000E+00  0.000000E+00  0.000000E+00  0.000000E+00  0.000000E+00  0.000000E+00
  3.980000E-01  2.149916E+00  1.226959E+00  0.000000E+00  0.000000E+00  0.000000E+00  0.000000E+00  0.000000E+00  0.000000E+00
  4.000000E-01  2.152968E+00  1.230676E+00  0.000000E+00  0.000000E+00  0.000000E+00  0.000000E+00  0.000000E+00  0.000000E+00
  4.020000E-01  2.156008E+00  1.234379E+00  0.000000E+00  0.000000E+00  0.000000E+00  0.000000E+00  0.000000E+00  0.000000E+00
  4.040000E-01  2.159038E+00  1.238067E+00  0.000000E+00  0.000000E+00  0.000000E+00  0.000000E+00  0.000000E+00  0.000000E+00
  4.060000E-01  2.162057E+00  1.241742E+00  0.000000E+00  0.000000E+00  0.000000E+00  0.000000E+00  0.000000E+00  0.000000E+00
  4.080000E-01  2.165064E+00  1.245402E+00  0.000000E+00  0.000000E+00  0.000000E+00  0.000000E+00  0.000000E+00  0.000000E+00
  4.100000E-01  2.168061E+00  1.249049E+00  0.000000E+00  0.000000E+00  0.000000E+00  0.000000E+00  0.000000E+00  0.000000E+00
  4.120000E-01  2.171047E+00  1.252682E+00  0.000000E+00  0.000000E+00  0.000000E+00  0.000000E+00  0.000000E+00  0.000000E+00
  4.140000E-01  2.174022E+00  1.256301E+00  0.000000E+00  0.000000E+00  0.000000E+00  0.000000E+00  0.000000E+00  0.000000E+00
  4.160000E-01  2.176987E+00  1.259906E+00  0.000000E+00  0.000000E+00  0.000000E+00  0.000000E+00  0.000000E+00  0.000000E+00
  4.180000E-01  2.179942E+00  1.263499E+00  0.000000E+00  0.000000E+00  0.000000E+00  0.000000E+00  0.000000E+00  0.000000E+00
  4.200000E-01  2.182886E+00  1.267077E+00  0.000000E+00  0.000000E+00  0.000000E+00  0.000000E+00  0.000000E+00  0.000000E+00
  4.220000E-01  2.185820E+00  1.270643E+00  0.000000E+00  0.000000E+00  0.000000E+00  0.000000E+00  0.000000E+00  0.000000E+00
  4.240000E-01  2.188743E+00  1.274195E+00  0.000000E+00  0.000000E+00  0.000000E+00  0.000000E+00  0.000000E+00  0.000000E+00
  4.260000E-01  2.191657E+00  1.277735E+00  0.000000E+00  0.000000E+00  0.000000E+00  0.000000E+00  0.000000E+00  0.000000E+00
  4.280000E-01  2.194561E+00  1.281261E+00  0.000000E+00  0.000000E+00  0.000000E+00  0.000000E+00  0.000000E+00  0.000000E+00
  4.300000E-01  2.197455E+00  1.284774E+00  0.000000E+00  0.000000E+00  0.000000E+00  0.000000E+00  0.000000E+00  0.000000E+00
  4.320000E-01  2.200339E+00  1.288275E+00  0.000000E+00  0.000000E+00  0.000000E+00  0.000000E+00  0.000000E+00  0.000000E+00
  4.340000E-01  2.203213E+00  1.291763E+00  0.000000E+00  0.000000E+00  0.000000E+00  0.000000E+00  0.000000E+00  0.000000E+00
  4.360000E-01  2.206078E+00  1.295238E+00  0.000000E+00  0.000000E+00  0.000000E+00  0.000000E+00  0.000000E+00  0.000000E+00
  4.380000E-01  2.208933E+00  1.298701E+00  0.000000E+00  0.000000E+00  0.000000E+00  0.000000E+00  0.000000E+00  0.000000E+00
  4.400000E-01  2.206415E+00  1.304924E+00  0.000000E+00  3.994733E-01  0.000000E+00  0.000000E+00  8.695659E-02  0.000000E+00
  4.420000E-01  2.207077E+00  1.309473E+00  0.000000E+00  4.491727E-01  0.000000E+00  0.000000E+00  0.000000E+00  0.000000E+00
  4.440000E-01  2.207907E+00  1.313582E+00  0.000000E+00  4.473762E-01  0.000000E+00  0.000000E+00  2.998731E-01  0.000000E+00
  4.460000E-01  2.208655E+00  1.317803E+00  0.000000E+00  4.595138E-01  0.000000E+00  0.000000E+00  3.578571E-01  0.000000E+00
  4.480000E-01  2.209419E+00  1.321961E+00  0.000000E+00  4.672047E-01  0.000000E+00  0.000000E+00  4.065325E-01  0.000000E+00
  4.500000E-01  2.210199E+00  1.326061E+00  0.000000E+00  4.713597E-01  0.000000E+00  0.000000E+00  4.492455E-01  0.000000E+00
  4.520000E-01  2.210996E+00  1.330108E+00  0.000000E+00  4.725268E-01  0.000000E+00  0.000000E+00  4.877132E-01  0.000000E+00
  4.540000E-01  2.211808E+00  1.334104E+00  0.000000E+00  4.710680E-01  0.000000E+00  0.000000E+00  5.229416E-01  0.000000E+00
  4.560000E-01  2.212634E+00  1.338054E+00  0.000000E+00  4.672402E-01  0.000000E+00  0.000000E+00  5.555709E-01  0.000000E+00
  4.580000E-01  2.213468E+00  1.341963E+00  0.000000E+00  4.612370E-01  0.000000E+00  0.000000E+00  5.860327E-01  0.000000E+00
  4.600000E-01  2.214308E+00  1.345834E+00  0.000000E+00  4.532123E-01  0.000000E+00  0.000000E+00  6.146306E-01  0.000000E+00
  4.620000E-01  2.215149E+00  1.349673E+00  0.000000E+00  4.432953E-01  0.000000E+00  0.000000E+00  6.415855E-01  0.000000E+00
  4.640000E-01  2.215985E+00  1.353484E+00  0.000000E+00  4.315987E-01  0.000000E+00  0.000000E+00  6.670639E-01  0.000000E+00
  4.660000E-01  2.216813E+00  1.357271E+00  0.000000E+00  4.182233E-01  0.000000E+00  0.000000E+00  6.911947E-01  0.000000E+00
  4.680000E-01  2.217627E+00  1.361040E+00  0.000000E+00  4.032591E-01  0.000000E+00  0.000000E+00  7.140823E-01  0.000000E+00
  4.700000E-01  2.218423E+00  1.364794E+00  0.000000E+00  3.867846E-01  0.000000E+00  0.000000E+00  7.358137E-01  0.000000E+00
  4.720000E-01  2.219197E+00  1.368536E+00  0.000000E+00  3.688631E-01  0.000000E+00  0.000000E+00  7.564651E-01  0.000000E+00
  4.740000E-01  2.219945E+00  1.372270E+00  0.000000E+00  3.495367E-01  0.000000E+00  0.000000E+00  7.761047E-01  0.000000E+00
  4.760000E-01  2.220665E+00  1.375999E+00  0.000000E+00  3.288186E-01  0.000000E+00  0.000000E+00  7.947960E-01  0.000000E+00
  4.780000E-01  2.221355E+00  1.379725E+00  0.000000E+00  3.066811E-01  0.000000E+00  0.000000E+00  8.125985E-01  0.000000E+00
  4.800000E-01  2.222013E+00  1.383449E+00  0.000000E+00  2.830382E-01  0.000000E+00  0.000000E+00  8.295684E-01  0.000000E+00
  4.820000E-01  2.222637E+00  1.387174E+00  0.000000E+00  2.577161E-01  0.000000E+00  0.000000E+00  8.457590E-01  0.000000E+00
  4.840000E-01  2.223228E+00  1.390898E+00  0.000000E+00  2.304015E-01  0.000000E+00  0.000000E+00  8.612202E-01  0.000000E+00
  4.860000E-01  2.223784E+00  1.394625E+00  0.000000E+00  2.005329E-01  0.000000E+00  0.000000E+00  8.759979E-01  0.000000E+00
  4.880000E-01  2.224305E+00  1.398353E+00  0.000000E+00  1.670385E-01  0.000000E+00  0.000000E+00  8.901327E-01  0.000000E+00
  4.900000E-01  2.224791E+00  1.402085E+00  0.000000E+00  1.275185E-01  0.000000E+00  0.000000E+00  9.036575E-01  0.000000E+00
  4.920000E-01  2.225240E+00  1.405822E+00  0.000000E+00  7.389109E-02  0.000000E+00  0.000000E+00  9.165882E-01  0.000000E+00
  4.940000E-01  2.225641E+00  1.409570E+00  0.000000E+00  0.000000E+00  0.000000E+00  0.000000E+00  9.288735E-01  0.000000E+00
  4.960000E-01  2.226021E+00  1.413312E+00  0.000000E+00  0.000000E+00  0.000000E+00  0.000000E+00  9.407737E-01  0.000000E+00
  4.980000E-01  2.226394E+00  1.417039E+00  0.000000E+00  0.000000E+00  0.000000E+00  0.000000E+00  9.524112E-01  0.000000E+00
  5.000000E-01  2.226759E+00  1.420751E+00  0.000000E+00  0.000000E+00  0.000000E+00  0.000000E+00  9.638002E-01  0.000000E+00
  5.020000E-01  2.227118E+00  1.424448E+00  0.000000E+00  0.000000E+00  0.000000E+00  0.000000E+00  9.749535E-01  0.000000E+00
  5.040000E-01  2.227469E+00  1.428130E+00  0.000000E+00  0.000000E+00  0.000000E+00  0.000000E+00  9.858829E-01  0.000000E+00
  5.060000E-01  2.227814E+00  1.431797E+00  0.000000E+00  0.000000E+00  0.000000E+00  0.000000E+00  9.965994E-01  0.000000E+00
  5.080000E-01  2.228152E+00  1.435450E+00  0.000000E+00  0.000000E+00  0.000000E+00  0.000000E+00  1.007113E+00  0.000000E+00
  5.100000E-01  2.228484E+00  1.439089E+00  0.000000E+00  0.000000E+00  0.000000E+00  0.000000E+00  1.017433E+00  0.000000E+00
  5.120000E-01  2.228810E+00  1.442713E+00  0.000000E+00  0.000000E+00  0.000000E+00  0.000000E+00  1.027568E+00  0.000000E+00
  5.140000E-01  2.229129E+00  1.446323E+00  0.000000E+00  0.000000E+00  0.000000E+00  0.000000E+00  1.037526E+00  0.000000E+00
  5.160000E-01  2.229444E+00  1.449919E+00  0.000000E+00  0.000000E+00  0.000000E+00  0.000000E+00  1.047315E+00  0.000000E+00
  5.180000E-01  2.229752E+00  1.453501E+00  0.000000E+00  0.000000E+00  0.000000E+00  0.000000E+00  1.056941E+00  0.000000E+00
  5.200000E-01  2.230055E+00  1.457070E+00  0.000000E+00  0.000000E+00  0.000000E+00  0.000000E+00  1.066412E+00  0.000000E+00
  5.220000E-01  2.230353E+00  1.460624E+00  0.000000E+00  0.000000E+00  0.000000E+00  0.000000E+00  1.075733E+00  0.000000E+00
  5.240000E-01  2.230645E+00  1.464166E+00  0.000000E+00  0.000000E+00  0.000000E+00  0.000000E+00  1.084909E+00  0.000000E+00
  5.260000E-01  2.230933E+00  1.467694E+00  0.000000E+00  0.000000E+00  0.000000E+00  0.000000E+00  1.093948E+00  0.000000E+00
  5.280000E-01  2.231215E+00  1.471209E+00  0.000000E+00  0.000000E+00  0.000000E+00  0.000000E+00  1.102852E+00  0.000000E+00
  5.300000E-01  2.231493E+00  1.474710E+00  0.000000E+00  0.000000E+00  0.000000E+00  0.000000E+00  1.111628E+00  0.000000E+00
  5.320000E-01  2.231766E+00  1.478199E+00  0.000000E+00  0.000000E+00  0.000000E+00  0.000000E+00  1.120280E+00  0.000000E+00
  5.340000E-01  2.232034E+00  1.481675E+00  0.000000E+00  0.000000E+00  0.000000E+00  0.000000E+00  1.128812E+00  0.000000E+00
  5.360000E-01  2.232298E+00  1.485138E+00  0.000000E+00  0.000000E+00  0.000000E+00  0.000000E+00  1.137228E+00  0.000000E+00
  5.380000E-01  2.232558E+00  1.488589E+00  0.000000E+00  0.000000E+00  0.000000E+00  0.000000E+00  1.145531E+00  0.000000E+00
  5.400000E-01  2.232813E+00  1.492027E+00  0.000000E+00  0.000000E+00  0.000000E+00  0.000000E+00  1.153726E+00  0.000000E+00
  5.420000E-01  2.233064E+00  1.495452E+00  0.000000E+00  0.000000E+00  0.000000E+00  0.000000E+00  1.161817E+00  0.000000E+00
  5.440000E-01  2.233311E+00  1.498866E+00  0.000000E+00  0.000000E+00  0.000000E+00  0.000000E+00  1.169805E+00  0.000000E+00
  5.460000E-01  2.233553E+00  1.502268E+00  0.000000E+00  0.000000E+00  0.000000E+00  0.000000E+00  1.177694E+00  0.000000E+00
  5.480000E-01  2.233792E+00  1.505657E+00  0.000000E+00  0.000000E+00  0.000000E+00  0.000000E+00  1.185488E+00  0.000000E+00
  5.500000E-01  2.234027E+00  1.509035E+00  0.000000E+00  0.000000E+00  0.000000E+00  0.000000E+00  1.193189E+00  0.000000E+00
  5.520000E-01  2.234258E+00  1.512400E+00  0.000000E+00  0.000000E+00  0.000000E+00  0.000000E+00  1.200800E+00  0.000000E+00
  5.540000E-01  2.234485E+00  1.515755E+00  0.000000E+00  0.000000E+00  0.000000E+00  0.000000E+00  1.208322E+00  0.000000E+00
  5.560000E-01  2.234709E+00  1.519097E+00  0.000000E+00  0.000000E+00  0.000000E+00  0.000000E+00  1.215760E+00  0.000000E+00
  5.580000E-01  2.234929E+00  1.522429E+00  0.000000E+00  0.000000E+00  0.000000E+00  0.000000E+00  1.223114E+00  0.000000E+00
  5.600000E-01  2.235145E+00  1.525749E+00  0.000000E+00  0.000000E+00  0.000000E+00  0.000000E+00  1.230388E+00  0.000000E+00
  5.620000E-01  2.235358E+00  1.529058E+00  0.000000E+00  0.000000E+00  0.000000E+00  0.000000E+00  1.237583E+00  0.000000E+00
  5.640000E-01  2.235567E+00  1.532355E+00  0.000000E+00  0.000000E+00  0.000000E+00  0.000000E+00  1.244702E+00  0.000000E+00
  5.660000E-01  2.235773E+00  1.535642E+00  0.000000E+00  0.000000E+00  0.000000E+00  0.000000E+00  1.251746E+00  0.000000E+00
  5.680000E-01  2.235976E+00  1.538918E+00  0.000000E+00  0.000000E+00  0.000000E+00  0.000000E+00  1.258717E+00  0.000000E+00
  5.700000E-01  2.236176E+00  1.542183E+00  0.000000E+00  0.000000E+00  0.000000E+00  0.000000E+00  1.265617E+00  0.000000E+00
  5.720000E-01  2.236372E+00  1.545438E+00  0.000000E+00  0.000000E+00  0.000000E+00  0.000000E+00  1.272448E+00  0.000000E+00
  5.740000E-01  2.236565E+00  1.548682E+00  0.000000E+00  0.000000E+00  0.000000E+00  0.000000E+00  1.279212E+00  0.000000E+00
  5.760000E-01  2.236755E+00  1.551915E+00  0.000000E+00  0.000000E+00  0.000000E+00  0.000000E+00  1.285909E+00  0.000000E+00
  5.780000E-01  2.236942E+00  1.555139E+00  0.000000E+00  0.000000E+00  0.000000E+00  0.000000E+00  1.292542E+00  0.000000E+00
  5.800000E-01  2.237126E+00  1.558351E+00  0.000000E+00  0.000000E+00  0.000000E+00  0.000000E+00  1.299112E+00  0.000000E+00
  5.820000E-01  2.237307E+00  1.561554E+00  0.000000E+00  0.000000E+00  0.000000E+00  0.000000E+00  1.305621E+00  0.000000E+00
  5.840000E-01  2.237485E+00  1.564747E+00  0.000000E+00  0.000000E+00  0.000000E+00  0.000000E+00  1.312069E+00  0.000000E+00
  5.860000E-01  2.237660E+00  1.567930E+00  0.000000E+00  0.000000E+00  0.000000E+00  0.000000E+00  1.318459E+00  0.000000E+00
  5.880000E-01  2.237832E+00  1.571103E+00  0.000000E+00  0.000000E+00  0.000000E+00  0.000000E+00  1.324791E+00  0.000000E+00
  5.900000E-01  2.238002E+00  1.574266E+00  0.000000E+00  0.000000E+00  0.000000E+00  0.000000E+00  1.331066E+00  0.000000E+00
  5.920000E-01  2.238169E+00  1.577419E+00  0.000000E+00  0.000000E+00  0.000000E+00  0.000000E+00  1.337287E+00  0.000000E+00
  5.940000E-01  2.238333E+00  1.580563E+00  0.000000E+00  0.000000E+00  0.000000E+00  0.000000E+00  1.343454E+00  0.000000E+00
  5.960000E-01  2.238494E+00  1.583698E+00  0.000000E+00  0.000000E+00  0.000000E+00  0.000000E+00  1.349567E+00  0.000000E+00
  5.980000E-01  2.238653E+00  1.586823E+00  0.000000E+00  0.000000E+00  0.000000E+00  0.000000E+00  1.355629E+00  0.000000E+00
  6.000000E-01  2.238809E+00  1.589938E+00  0.000000E+00  0.000000E+00  0.000000E+00  0.000000E+00  1.361640E+00  0.000000E+00
  6.020000E-01  2.238963E+00  1.593045E+00  0.000000E+00  0.000000E+00  0.000000E+00  0.000000E+00  1.367602E+00  0.000000E+00
  6.040000E-01  2.239114E+00  1.596142E+00  0.000000E+00  0.000000E+00  0.000000E+00  0.000000E+00  1.373514E+00  0.000000E+00
  6.060000E-01  2.239262E+00  1.599231E+00  0.000000E+00  0.000000E+00  0.000000E+00  0.000000E+00  1.379379E+00  0.000000E+00
  6.080000E-01  2.239408E+00  1.602310E+00  0.000000E+00  0.000000E+00  0.000000E+00  0.000000E+00  1.385197E+00  0.000000E+00
  6.100000E-01  2.239552E+00  1.605380E+00  0.000000E+00  0.000000E+00  0.000000E+00  0.000000E+00  1.390968E+00  0.000000E+00
  6.120000E-01  2.239693E+00  1.608442E+00  0.000000E+00  0.000000E+00  0.000000E+00  0.000000E+00  1.396695E+00  0.000000E+00
  6.140000E-01  2.239832E+00  1.611495E+00  0.000000E+00  0.000000E+00  0.000000E+00  0.000000E+00  1.402377E+00  0.000000E+00
  6.160000E-01  2.239969E+00  1.614539E+00  0.000000E+00  0.000000E+00  0.000000E+00  0.000000E+00  1.408016E+00  0.000000E+00
  6.180000E-01  2.240103E+00  1.617575E+00  0.000000E+00  0.000000E+00  0.000000E+00  0.000000E+00  1.413611E+00  0.000000E+00
  6.200000E-01  2.239860E+00  1.619867E+00  2.576956E-01  0.000000E+00  0.000000E+00  0.000000E+00  1.418225E+00  0.000000E+00
  6.220000E-01  2.239893E+00  1.622699E+00  2.781884E-01  0.000000E+00  0.000000E+00  0.000000E+00  1.423503E+00  0.000000E+00
  6.240000E-01  2.239917E+00  1.625510E+00  2.973039E-01  0.000000E+00  0.000000E+00  0.000000E+00  1.428725E+00  0.000000E+00
  6.260000E-01  2.239933E+00  1.628300E+00  3.152897E-01  0.000000E+00  0.000000E+00  0.000000E+00  1.433893E+00  0.000000E+00
  6.280000E-01  2.239940E+00  1.631071E+00  3.323270E-01  0.000000E+00  0.000000E+00  0.000000E+00  1.439010E+00  0.000000E+00
  6.300000E-01  2.239939E+00  1.633823E+00  3.485530E-01  0.000000E+00  0.000000E+00  0.000000E+00  1.444077E+00  0.000000E+00
  6.320000E-01  2.239930E+00  1.636557E+00  3.640747E-01  0.000000E+00  0.000000E+00  0.000000E+00  1.449095E+00  0.000000E+00
  6.340000E-01  2.239914E+00  1.639274E+00  3.789772E-01  0.000000E+00  0.000000E+00  0.000000E+00  1.454066E+00  0.000000E+00
  6.360000E-01  2.239890E+00  1.641974E+00  3.933300E-01  0.000000E+00  0.000000E+00  0.000000E+00  1.458990E+00  0.000000E+00
  6.380000E-01  2.239860E+00  1.644658E+00  4.071901E-01  0.000000E+00  0.000000E+00  0.000000E+00  1.463870E+00  0.000000E+00
  6.400000E-01  2.239823E+00  1.647326E+00  4.206055E-01  0.000000E+00  0.000000E+00  0.000000E+00  1.468707E+00  0.000000E+00
  6.420000E-01  2.239780E+00  1.649979E+00  4.336167E-01  0.000000E+00  0.000000E+00  0.000000E+00  1.473500E+00  0.000000E+00
  6.440000E-01  2.239730E+00  1.652616E+00  4.462584E-01  0.000000E+00  0.000000E+00  0.000000E+00  1.478252E+00  0.000000E+00
  6.460000E-01  2.239674E+00  1.655239E+00  4.585607E-01  0.000000E+00  0.000000E+00  0.000000E+00  1.482963E+00  0.000000E+00
  6.480000E-01  2.239611E+00  1.657848E+00  4.705495E-01  0.000000E+00  0.000000E+00  0.000000E+00  1.487635E+00  0.000000E+00
  6.500000E-01  2.239543E+00  1.660443E+00  4.822478E-01  0.000000E+00  0.000000E+00  0.000000E+00  1.492267E+00  0.000000E+00
  6.520000E-01  2.239469E+00  1.663024E+00  4.936758E-01  0.000000E+00  0.000000E+00  0.000000E+00  1.496861E+00  0.000000E+00
  6.540000E-01  2.239390E+00  1.665591E+00  5.048516E-01  0.000000E+00  0.000000E+00  0.000000E+00  1.501417E+00  0.000000E+00
  6.560000E-01  2.239305E+00  1.668146E+00  5.157910E-01  0.000000E+00  0.000000E+00  0.000000E+00  1.505937E+00  0.000000E+00
  6.580000E-01  2.239214E+00  1.670688E+00  5.265085E-01  0.000000E+00  0.000000E+00  0.000000E+00  1.510421E+00  0.000000E+00
  6.600000E-01  2.239118E+00  1.673217E+00  5.370172E-01  0.000000E+00  0.000000E+00  0.000000E+00  1.514869E+00  0.000000E+00
  6.620000E-01  2.239017E+00  1.675734E+00  5.473286E-01  0.000000E+00  0.000000E+00  0.000000E+00  1.519283E+00  0.000000E+00
  6.640000E-01  2.238911E+00  1.678238E+00  5.574535E-01  0.000000E+00  0.000000E+00  0.000000E+00  1.523663E+00  0.000000E+00
  6.660000E-01  2.238799E+00  1.680731E+00  5.674017E-01  0.000000E+00  0.000000E+00  0.000000E+00  1.528009E+00  0.000000E+00
  6.680000E-01  2.238683E+00  1.683213E+00  5.771819E-01  0.000000E+00  0.000000E+00  0.000000E+00  1.532322E+00  0.000000E+00
  6.700000E-01  2.238562E+00  1.685682E+00  5.868025E-01  0.000000E+00  0.000000E+00  0.000000E+00  1.536603E+00  0.000000E+00
  6.720000E-01  2.238436E+00  1.688141E+00  5.962708E-01  0.000000E+00  0.000000E+00  0.000000E+00  1.540852E+00  0.000000E+00
  6.740000E-01  2.238305E+00  1.690588E+00  6.055939E-01  0.000000E+00  0.000000E+00  0.000000E+00  1.545071E+00  0.000000E+00
  6.760000E-01  2.238170E+00  1.693025E+00  6.147781E-01  0.000000E+00  0.000000E+00  0.000000E+00  1.549258E+00  0.000000E+00
  6.780000E-01  2.238030E+00  1.695451E+00  6.238295E-01  0.000000E+00  0.000000E+00  0.000000E+00  1.553415E+00  0.000000E+00
  6.800000E-01  2.237886E+00  1.697866E+00  6.327534E-01  0.000000E+00  0.000000E+00  0.000000E+00  1.557542E+00  0.000000E+00
  6.820000E-01  2.237737E+00  1.700271E+00  6.415552E-01  0.000000E+00  0.000000E+00  0.000000E+00  1.561641E+00  0.000000E+00
  6.840000E-01  2.237584E+00  1.702666E+00  6.502395E-01  0.000000E+00  0.000000E+00  0.000000E+00  1.565710E+00  0.000000E+00
  6.860000E-01  2.237426E+00  1.705051E+00  6.588109E-01  0.000000E+00  0.000000E+00  0.000000E+00  1.569751E+00  0.000000E+00
  6.880000E-01  2.237265E+00  1.707426E+00  6.672735E-01  0.000000E+00  0.000000E+00  0.000000E+00  1.573764E+00  0.000000E+00
  6.900000E-01  2.237099E+00  1.709791E+00  6.756314E-01  0.000000E+00  0.000000E+00  0.000000E+00  1.577750E+00  0.000000E+00
  6.920000E-01  2.236929E+00  1.712147E+00  6.838882E-01  0.000000E+00  0.000000E+00  0.000000E+00  1.581708E+00  0.000000E+00
  6.940000E-01  2.236755E+00  1.714493E+00  6.920474E-01  0.000000E+00  0.000000E+00  0.000000E+00  1.585640E+00  0.000000E+00
  6.960000E-01  2.236577E+00  1.716830E+00  7.001123E-01  0.000000E+00  0.000000E+00  0.000000E+00  1.589545E+00  0.000000E+00
  6.980000E-01  2.236395E+00  1.719157E+00  7.080860E-01  0.000000E+00  0.000000E+00  0.000000E+00  1.593425E+00  0.000000E+00
  7.000000E-01  2.236209E+00  1.721476E+00  7.159715E-01  0.000000E+00  0.000000E+00  0.000000E+00  1.597279E+00  0.000000E+00
  7.020000E-01  2.236020E+00  1.723785E+00  7.237714E-01  0.000000E+00  0.000000E+00  0.000000E+00  1.601108E+00  0.000000E+00
  7.040000E-01  2.235826E+00  1.726086E+00  7.314885E-01  0.000000E+00  0.000000E+00  0.000000E+00  1.604911E+00  0.000000E+00
  7.060000E-01  2.235629E+00  1.728378E+00  7.391252E-01  0.000000E+00  0.000000E+00  0.000000E+00  1.608691E+00  0.000000E+00
  7.080000E-01  2.235428E+00  1.730662E+00  7.466839E-01  0.000000E+00  0.000000E+00  0.000000E+00  1.612446E+00  0.000000E+00
  7.100000E-01  2.235223E+00  1.732937E+00  7.541668E-01  0.000000E+00  0.000000E+00  0.000000E+00  1.616177E+00  0.000000E+00
  7.120000E-01  2.235015E+00  1.735204E+00  7.615760E-01  0.000000E+00  0.000000E+00  0.000000E+00  1.619885E+00  0.000000E+00
  7.140000E-01  2.234804E+00  1.737463E+00  7.689137E-01  0.000000E+00  0.000000E+00  0.000000E+00  1.623570E+00  0.000000E+00
  7.160000E-01  2.234588E+00  1.739713E+00  7.761817E-01  0.000000E+00  0.000000E+00  0.000000E+00  1.627231E+00  0.000000E+00
  7.180000E-01  2.234370E+00  1.741956E+00  7.833819E-01  0.000000E+00  0.000000E+00  0.000000E+00  1.630870E+00  0.000000E+00
  7.200000E-01  2.234147E+00  1.744190E+00  7.905161E-01  0.000000E+00  0.000000E+00  0.000000E+00  1.634487E+00  0.000000E+00
  7.220000E-01  2.233922E+00  1.746417E+00  7.975859E-01  0.000000E+00  0.000000E+00  0.000000E+00  1.638081E+00  0.000000E+00
  7.240000E-01  2.233693E+00  1.748636E+00  8.045930E-01  0.000000E+00  0.000000E+00  0.000000E+00  1.641654E+00  0.000000E+00
  7.260000E-01  2.233461E+00  1.750848E+00  8.115389E-01  0.000000E+00  0.000000E+00  0.000000E+00  1.645205E+00  0.000000E+00
  7.280000E-01  2.233225E+00  1.753052E+00  8.184251E-01  0.000000E+00  0.000000E+00  0.000000E+00  1.648735E+00  0.000000E+00
  7.300000E-01  2.232987E+00  1.755249E+00  8.252530E-01  0.000000E+00  0.000000E+00  0.000000E+00  1.652244E+00  0.000000E+00
  7.320000E-01  2.232745E+00  1.757438E+00  8.320240E-01  0.000000E+00  0.000000E+00  0.000000E+00  1.655732E+00  0.000000E+00
  7.340000E-01  2.232499E+00  1.759620E+00  8.387394E-01  0.000000E+00  0.000000E+00  0.000000E+00  1.659200E+00  0.000000E+00
  7.360000E-01  2.232251E+00  1.761795E+00  8.454004E-01  0.000000E+00  0.000000E+00  0.000000E+00  1.662648E+00  0.000000E+00
  7.380000E-01  2.232000E+00  1.763963E+00  8.520083E-01  0.000000E+00  0.000000E+00  0.000000E+00  1.666075E+00  0.000000E+00
  7.400000E-01  2.231745E+00  1.766124E+00  8.585642E-01  0.000000E+00  0.000000E+00  0.000000E+00  1.669483E+00  0.000000E+00
  7.420000E-01  2.231488E+00  1.768278E+00  8.650692E-01  0.000000E+00  0.000000E+00  0.000000E+00  1.672871E+00  0.000000E+00
  7.440000E-01  2.231228E+00  1.770425E+00  8.715245E-01  0.000000E+00  0.000000E+00  0.000000E+00  1.676240E+00  0.000000E+00
  7.460000E-01  2.230964E+00  1.772566E+00  8.779310E-01  0.000000E+00  0.000000E+00  0.000000E+00  1.679590E+00  0.000000E+00
  7.480000E-01  2.230698E+00  1.774700E+00  8.842897E-01  0.000000E+00  0.000000E+00  0.000000E+00  1.682921E+00  0.000000E+00
  7.500000E-01  2.230428E+00  1.776827E+00  8.906017E-01  0.000000E+00  0.000000E+00  0.000000E+00  1.686233E+00  0.000000E+00
  7.520000E-01  2.230156E+00  1.778948E+00  8.968678E-01  0.000000E+00  0.000000E+00  0.000000E+00  1.689527E+00  0.000000E+00
  7.540000E-01  2.229881E+00  1.781063E+00  9.030890E-01  0.000000E+00  0.000000E+00  0.000000E+00  1.692802E+00  0.000000E+00
  7.560000E-01  2.229604E+00  1.783171E+00  9.092661E-01  0.000000E+00  0.000000E+00  0.000000E+00  1.696060E+00  0.000000E+00
  7.580000E-01  2.229323E+00  1.785273E+00  9.153999E-01  0.000000E+00  0.000000E+00  0.000000E+00  1.699299E+00  0.000000E+00
  7.600000E-01  2.229040E+00  1.787369E+00  9.214914E-01  0.000000E+00  0.000000E+00  0.000000E+00  1.702521E+00  0.000000E+00
  7.620000E-01  2.228753E+00  1.789458E+00  9.275411E-01  0.000000E+00  0.000000E+00  0.000000E+00  1.705725E+00  0.000000E+00
  7.640000E-01  2.228465E+00  1.791542E+00  9.335501E-01  0.000000E+00  0.000000E+00  0.000000E+00  1.708913E+00  0.000000E+00
  7.660000E-01  2.228173E+00  1.793620E+00  9.395188E-01  0.000000E+00  0.000000E+00  0.000000E+00  1.712083E+00  0.000000E+00
  7.680000E-01  2.227879E+00  1.795691E+00  9.454482E-01  0.000000E+00  0.000000E+00  0.000000E+00  1.715236E+00  0.000000E+00
  7.700000E-01  2.227582E+00  1.797757E+00  9.513388E-01  0.000000E+00  0.000000E+00  0.000000E+00  1.718372E+00  0.000000E+00
  7.720000E-01  2.227283E+00  1.799818E+00  9.571913E-01  0.000000E+00  0.000000E+00  0.000000E+00  1.721492E+00  0.000000E+00
  7.740000E-01  2.226981E+00  1.801872E+00  9.630065E-01  0.000000E+00  0.000000E+00  0.000000E+00  1.724595E+00  0.000000E+00
  7.760000E-01  2.226677E+00  1.803921E+00  9.687849E-01  0.000000E+00  0.000000E+00  0.000000E+00  1.727683E+00  0.000000E+00
  7.780000E-01  2.226370E+00  1.805964E+00  9.745271E-01  0.000000E+00  0.000000E+00  0.000000E+00  1.730754E+00  0.000000E+00
  7.800000E-01  2.226060E+00  1.808002E+00  9.802337E-01  0.000000E+00  0.000000E+00  0.000000E+00  1.733809E+00  0.000000E+00
  7.820000E-01  2.225748E+00  1.810034E+00  9.859054E-01  0.000000E+00  0.000000E+00  0.000000E+00  1.736848E+00  0.000000E+00
  7.840000E-01  2.225434E+00  1.812061E+00  9.915426E-01  0.000000E+00  0.000000E+00  0.000000E+00  1.739872E+00  0.000000E+00
  7.860000E-01  2.225117E+00  1.814083E+00  9.971460E-01  0.000000E+00  0.000000E+00  0.000000E+00  1.742880E+00  0.000000E+00
  7.880000E-01  2.224798E+00  1.816099E+00  1.002716E+00  0.000000E+00  0.000000E+00  0.000000E+00  1.745873E+00  0.000000E+00
  7.900000E-01  2.224476E+00  1.818110E+00  1.008253E+00  0.000000E+00  0.000000E+00  0.000000E+00  1.748851E+00  0.000000E+00
  7.920000E-01  2.224152E+00  1.820116E+00  1.013758E+00  0.000000E+00  0.000000E+00  0.000000E+00  1.751814E+00  0.000000E+00
  7.940000E-01  2.223826E+00  1.822117E+00  1.019231E+00  0.000000E+00  0.000000E+00  0.000000E+00  1.754762E+00  0.000000E+00
  7.960000E-01  2.223497E+00  1.824113E+00  1.024673E+00  0.000000E+00  0.000000E+00  0.000000E+00  1.757696E+00  0.000000E+00
  7.980000E-01  2.223166E+00  1.826104E+00  1.030084E+00  0.000000E+00  0.000000E+00  0.000000E+00  1.760614E+00  0.000000E+00
  8.000000E-01  2.222833E+00  1.828090E+00  1.035464E+00  0.000000E+00  0.000000E+00  0.000000E+00  1.763519E+00  0.000000E+00
  8.020000E-01  2.222498E+00  1.830071E+00  1.040814E+00  0.000000E+00  0.000000E+00  0.000000E+00  1.766409E+00  0.000000E+00
  8.040000E-01  2.222160E+00  1.832047E+00  1.046135E+00  0.000000E+00  0.000000E+00  0.000000E+00  1.769285E+00  0.000000E+00
  8.060000E-01  2.221820E+00  1.834018E+00  1.051427E+00  0.000000E+00  0.000000E+00  0.000000E+00  1.772146E+00  0.000000E+00
  8.080000E-01  2.221478E+00  1.835985E+00  1.056690E+00  0.000000E+00  0.000000E+00  0.000000E+00  1.774994E+00  0.000000E+00
  8.100000E-01  2.221133E+00  1.837947E+00  1.061924E+00  0.000000E+00  0.000000E+00  0.000000E+00  1.777829E+00  0.000000E+00
  8.120000E-01  2.220787E+00  1.839904E+00  1.067131E+00  0.000000E+00  0.000000E+00  0.000000E+00  1.780649E+00  0.000000E+00
  8.140000E-01  2.220438E+00  1.841857E+00  1.072310E+00  0.000000E+00  0.000000E+00  0.000000E+00  1.783456E+00  0.000000E+00
  8.160000E-01  2.220088E+00  1.843805E+00  1.077462E+00  0.000000E+00  0.000000E+00  0.000000E+00  1.786250E+00  0.000000E+00
  8.180000E-01  2.219735E+00  1.845749E+00  1.082587E+00  0.000000E+00  0.000000E+00  0.000000E+00  1.789030E+00  0.000000E+00
  8.200000E-01  2.219380E+00  1.847688E+00  1.087685E+00  0.000000E+00  0.000000E+00  0.000000E+00  1.791797E+00  0.000000E+00
  8.220000E-01  2.219023E+00  1.849623E+00  1.092758E+00  0.000000E+00  0.000000E+00  0.000000E+00  1.794551E+00  0.000000E+00
  8.240000E-01  2.218664E+00  1.851553E+00  1.097805E+00  0.000000E+00  0.000000E+00  0.000000E+00  1.797292E+00  0.000000E+00
  8.260000E-01  2.218303E+00  1.853480E+00  1.102826E+00  0.000000E+00  0.000000E+00  0.000000E+00  1.800020E+00  0.000000E+00
  8.280000E-01  2.217940E+00  1.855402E+00  1.107822E+00  0.000000E+00  0.000000E+00  0.000000E+00  1.802736E+00  0.000000E+00
  8.300000E-01  2.217575E+00  1.857319E+00  1.112793E+00  0.000000E+00  0.000000E+00  0.000000E+00  1.805438E+00  0.000000E+00
  8.320000E-01  2.217208E+00  1.859233E+00  1.117740E+00  0.000000E+00  0.000000E+00  0.000000E+00  1.808129E+00  0.000000E+00
  8.340000E-01  2.216839E+00  1.861143E+00  1.122662E+00  0.000000E+00  0.000000E+00  0.000000E+00  1.810807E+00  0.000000E+00
  8.360000E-01  2.216468E+00  1.863048E+00  1.127561E+00  0.000000E+00  0.000000E+00  0.000000E+00  1.813472E+00  0.000000E+00
  8.380000E-01  2.216096E+00  1.864949E+00  1.132436E+00  0.000000E+00  0.000000E+00  0.000000E+00  1.816126E+00  0.000000E+00
  8.400000E-01  2.215721E+00  1.866847E+00  1.137288E+00  0.000000E+00  0.000000E+00  0.000000E+00  1.818767E+00  0.000000E+00
  8.420000E-01  2.215344E+00  1.868740E+00  1.142117E+00  0.000000E+00  0.000000E+00  0.000000E+00  1.821397E+00  0.000000E+00
  8.440000E-01  2.214966E+00  1.870629E+00  1.146923E+00  0.000000E+00  0.000000E+00  0.000000E+00  1.824014E+00  0.000000E+00
  8.460000E-01  2.214586E+00  1.872515E+00  1.151706E+00  0.000000E+00  0.000000E+00  0.000000E+00  1.826620E+00  0.000000E+00
  8.480000E-01  2.214203E+00  1.874397E+00  1.156467E+00  0.000000E+00  0.000000E+00  0.000000E+00  1.829214E+00  0.000000E+00
  8.500000E-01  2.213819E+00  1.876275E+00  1.161206E+00  0.000000E+00  0.000000E+00  0.000000E+00  1.831796E+00  0.000000E+00
  8.520000E-01  2.213434E+00  1.878149E+00  1.165924E+00  0.000000E+00  0.000000E+00  0.000000E+00  1.834367E+00  0.000000E+00
  8.540000E-01  2.213046E+00  1.880019E+00  1.170620E+00  0.000000E+00  0.000000E+00  0.000000E+00  1.836927E+00  0.000000E+00
  8.560000E-01  2.212657E+00  1.881886E+00  1.175295E+00  0.000000E+00  0.000000E+00  0.000000E+00  1.839475E+00  0.000000E+00
  8.580000E-01  2.212265E+00  1.883749E+00  1.179948E+00  0.000000E+00  0.000000E+00  0.000000E+00  1.842011E+00  0.000000E+00
  8.600000E-01  2.211872E+00  1.885608E+00  1.184581E+00  0.000000E+00  0.000000E+00  0.000000E+00  1.844537E+00  0.000000E+00
  8.620000E-01  2.211478E+00  1.887464E+00  1.189194E+00  0.000000E+00  0.000000E+00  0.000000E+00  1.847052E+00  0.000000E+00
  8.640000E-01  2.211081E+00  1.889316E+00  1.193786E+00  0.000000E+00  0.000000E+00  0.000000E+00  1.849555E+00  0.000000E+00
  8.660000E-01  2.210683E+00  1.891165E+00  1.198358E+00  0.000000E+00  0.000000E+00  0.000000E+00  1.852048E+00  0.000000E+00
  8.680000E-01  2.210283E+00  1.893011E+00  1.202910E+00  0.000000E+00  0.000000E+00  0.000000E+00  1.854530E+00  0.000000E+00
  8.700000E-01  2.209882E+00  1.894852E+00  1.207442E+00  0.000000E+00  0.000000E+00  0.000000E+00  1.857001E+00  0.000000E+00
  8.720000E-01  2.209479E+00  1.896691E+00  1.211955E+00  0.000000E+00  0.000000E+00  0.000000E+00  1.859462E+00  0.000000E+00
  8.740000E-01  2.209074E+00  1.898526E+00  1.216449E+00  0.000000E+00  0.000000E+00  0.000000E+00  1.861912E+00  0.000000E+00
  8.760000E-01  2.208667E+00  1.900358E+00  1.220924E+00  0.000000E+00  0.000000E+00  0.000000E+00  1.864351E+00  0.000000E+00
  8.780000E-01  2.208259E+00  1.902186E+00  1.225379E+00  0.000000E+00  0.000000E+00  0.000000E+00  1.866780E+00  0.000000E+00
  8.800000E-01  2.207850E+00  1.904012E+00  1.229817E+00  0.000000E+00  0.000000E+00  0.000000E+00  1.869199E+00  0.000000E+00
  8.820000E-01  2.207438E+00  1.905833E+00  1.234235E+00  0.000000E+00  0.000000E+00  0.000000E+00  1.871607E+00  0.000000E+00
  8.840000E-01  2.207025E+00  1.907652E+00  1.238636E+00  0.000000E+00  0.000000E+00  0.000000E+00  1.874005E+00  0.000000E+00
  8.860000E-01  2.206611E+00  1.909468E+00  1.243018E+00  0.000000E+00  0.000000E+00  0.000000E+00  1.876393E+00  0.000000E+00
  8.880000E-01  2.206195E+00  1.911280E+00  1.247382E+00  0.000000E+00  0.000000E+00  0.000000E+00  1.878771E+00  0.000000E+00
  8.900000E-01  2.205777E+00  1.913089E+00  1.251729E+00  0.000000E+00  0.000000E+00  0.000000E+00  1.881139E+00  0.000000E+00
  8.920000E-01  2.205358E+00  1.914896E+00  1.256058E+00  0.000000E+00  0.000000E+00  0.000000E+00  1.883498E+00  0.000000E+00
  8.940000E-01  2.204937E+00  1.916699E+00  1.260370E+00  0.000000E+00  0.000000E+00  0.000000E+00  1.885846E+00  0.000000E+00
  8.960000E-01  2.204515E+00  1.918499E+00  1.264664E+00  0.000000E+00  0.000000E+00  0.000000E+00  1.888184E+00  0.000000E+00
  8.980000E-01  2.204091E+00  1.920296E+00  1.268942E+00  0.000000E+00  0.000000E+00  0.000000E+00  1.890513E+00  0.000000E+00
  9.000000E-01  2.203666E+00  1.922090E+00  1.273202E+00  0.000000E+00  0.000000E+00  0.000000E+00  1.892832E+00  0.000000E+00
  9.020000E-01  2.203239E+00  1.923882E+00  1.277446E+00  0.000000E+00  0.000000E+00  0.000000E+00  1.895142E+00  0.000000E+00
  9.040000E-01  2.202811E+00  1.925670E+00  1.281673E+00  0.000000E+00  0.000000E+00  0.000000E+00  1.897442E+00  0.000000E+00
  9.060000E-01  2.202381E+00  1.927456E+00  1.285884E+00  0.000000E+00  0.000000E+00  0.000000E+00  1.899732E+00  0.000000E+00
  9.080000E-01  2.201950E+00  1.929238E+00  1.290079E+00  0.000000E+00  0.000000E+00  0.000000E+00  1.902014E+00  0.000000E+00
  9.100000E-01  2.201517E+00  1.931018E+00  1.294257E+00  0.000000E+00  0.000000E+00  0.000000E+00  1.904286E+00  0.000000E+00
  9.120000E-01  2.201083E+00  1.932795E+00  1.298420E+00  0.000000E+00  0.000000E+00  0.000000E+00  1.906548E+00  0.000000E+00
  9.140000E-01  2.200648E+00  1.934570E+00  1.302566E+00  0.000000E+00  0.000000E+00  0.000000E+00  1.908802E+00  0.000000E+00
  9.160000E-01  2.200211E+00  1.936341E+00  1.306698E+00  0.000000E+00  0.000000E+00  0.000000E+00  1.911046E+00  0.000000E+00
  9.180000E-01  2.199773E+00  1.938110E+00  1.310813E+00  0.000000E+00  0.000000E+00  0.000000E+00  1.913281E+00  0.000000E+00
  9.200000E-01  2.199382E+00  1.939213E+00  1.313337E+00  0.000000E+00  0.000000E+00  0.000000E+00  1.914801E+00  2.832102E-01
  9.220000E-01  2.198972E+00  1.940580E+00  1.316484E+00  0.000000E+00  0.000000E+00  0.000000E+00  1.916597E+00  3.312724E-01
  9.240000E-01  2.198564E+00  1.941900E+00  1.319514E+00  0.000000E+00  0.000000E+00  0.000000E+00  1.918337E+00  3.722383E-01
  9.260000E-01  2.198158E+00  1.943181E+00  1.322445E+00  0.000000E+00  0.000000E+00  0.000000E+00  1.920031E+00  4.083923E-01
  9.280000E-01  2.197755E+00  1.944429E+00  1.325293E+00  0.000000E+00  0.000000E+00  0.000000E+00  1.921684E+00  4.410112E-01
  9.300000E-01  2.197353E+00  1.945647E+00  1.328067E+00  0.000000E+00  0.000000E+00  0.000000E+00  1.923300E+00  4.708939E-01
  9.320000E-01  2.196953E+00  1.946840E+00  1.330774E+00  0.000000E+00  0.000000E+00  0.000000E+00  1.924884E+00  4.985792E-01
  9.340000E-01  2.196554E+00  1.948009E+00  1.333422E+00  0.000000E+00  0.000000E+00  0.000000E+00  1.926437E+00  5.244508E-01
  9.360000E-01  2.196156E+00  1.949157E+00  1.336015E+00  0.000000E+00  0.000000E+00  0.000000E+00  1.927963E+00  5.487934E-01
  9.380000E-01  2.195760E+00  1.950285E+00  1.338558E+00  0.000000E+00  0.000000E+00  0.000000E+00  1.929463E+00  5.718247E-01
  9.400000E-01  2.195365E+00  1.951396E+00  1.341055E+00  0.000000E+00  0.000000E+00  0.000000E+00  1.930940E+00  5.937159E-01
  9.420000E-01  2.194971E+00  1.952490E+00  1.343509E+00  0.000000E+00  0.000000E+00  0.000000E+00  1.932393E+00  6.146044E-01
  9.440000E-01  2.194578E+00  1.953568E+00  1.345923E+00  0.000000E+00  0.000000E+00  0.000000E+00  1.933825E+00  6.346023E-01
  9.460000E-01  2.194185E+00  1.954632E+00  1.348298E+00  0.000000E+00  0.000000E+00  0.000000E+00  1.935237E+00  6.538025E-01
  9.480000E-01  2.193794E+00  1.955683E+00  1.350638E+00  0.000000E+00  0.000000E+00  0.000000E+00  1.936630E+00  6.722831E-01
  9.500000E-01  2.193404E+00  1.956721E+00  1.352945E+00  0.000000E+00  0.000000E+00  0.000000E+00  1.938004E+00  6.901105E-01
  9.520000E-01  2.193015E+00  1.957747E+00  1.355219E+00  0.000000E+00  0.000000E+00  0.000000E+00  1.939361E+00  7.073415E-01
  9.540000E-01  2.192626E+00  1.958762E+00  1.357463E+00  0.000000E+00  0.000000E+00  0.000000E+00  1.940701E+00  7.240254E-01
  9.560000E-01  2.192238E+00  1.959765E+00  1.359679E+00  0.000000E+00  0.000000E+00  0.000000E+00  1.942024E+00  7.402050E-01
  9.580000E-01  2.191851E+00  1.960759E+00  1.361866E+00  0.000000E+00  0.000000E+00  0.000000E+00  1.943332E+00  7.559181E-01
  9.600000E-01  2.191465E+00  1.961743E+00  1.364028E+00  0.000000E+00  0.000000E+00  0.000000E+00  1.944624E+00  7.711980E-01
  9.620000E-01  2.191080E+00  1.962718E+00  1.366164E+00  0.000000E+00  0.000000E+00  0.000000E+00  1.945902E+00  7.860743E-01
  9.640000E-01  2.190695E+00  1.963685E+00  1.368277E+00  0.000000E+00  0.000000E+00  0.000000E+00  1.947166E+00  8.005735E-01
  9.660000E-01  2.190311E+00  1.964643E+00  1.370366E+00  0.000000E+00  0.000000E+00  0.000000E+00  1.948415E+00  8.147193E-01
  9.680000E-01  2.189928E+00  1.965593E+00  1.372432E+00  0.000000E+00  0.000000E+00  0.000000E+00  1.949652E+00  8.285331E-01
  9.700000E-01  2.189545E+00  1.966535E+00  1.374478E+00  0.000000E+00  0.000000E+00  0.000000E+00  1.950875E+00  8.420343E-01
  9.720000E-01  2.189163E+00  1.967471E+00  1.376502E+00  0.000000E+00  0.000000E+00  0.000000E+00  1.952085E+00  8.552406E-01
  9.740000E-01  2.188782E+00  1.968399E+00  1.378507E+00  0.000000E+00  0.000000E+00  0.000000E+00  1.953282E+00  8.681681E-01
  9.760000E-01  2.188402E+00  1.969321E+00  1.380492E+00  0.000000E+00  0.000000E+00  0.000000E+00  1.954467E+00  8.808315E-01
  9.780000E-01  2.188022E+00  1.970237E+00  1.382459E+00  0.000000E+00  0.000000E+00  0.000000E+00  1.955640E+00  8.932442E-01
  9.800000E-01  2.187644E+00  1.971147E+00  1.384408E+00  0.000000E+00  0.000000E+00  0.000000E+00  1.956801E+00  9.054189E-01
  9.820000E-01  2.187266E+00  1.972051E+00  1.386339E+00  0.000000E+00  0.000000E+00  0.000000E+00  1.957950E+00  9.173669E-01
  9.840000E-01  2.186889E+00  1.972950E+00  1.388253E+00  0.000000E+00  0.000000E+00  0.000000E+00  1.959087E+00  9.290989E-01
  9.860000E-01  2.186512E+00  1.973845E+00  1.390150E+00  0.000000E+00  0.000000E+00  0.000000E+00  1.960211E+00  9.406250E-01
  9.880000E-01  2.186137E+00  1.974735E+00  1.392032E+00  0.000000E+00  0.000000E+00  0.000000E+00  1.961323E+00  9.519546E-01
  9.900000E-01  2.185764E+00  1.975623E+00  1.393898E+00  0.000000E+00  0.000000E+00  0.000000E+00  1.962421E+00  9.630972E-01
  9.920000E-01  2.185392E+00  1.976509E+00  1.395749E+00  0.000000E+00  0.000000E+00  0.000000E+00  1.963503E+00  9.740612E-01
  9.940000E-01  2.185020E+00  1.977389E+00  1.397585E+00  0.000000E+00  0.000000E+00  0.000000E+00  1.964577E+00  9.848502E-01
  9.960000E-01  2.184648E+00  1.978263E+00  1.399406E+00  0.000000E+00  0.000000E+00  0.000000E+00  1.965644E+00  9.954713E-01
  9.980000E-01  2.184277E+00  1.979132E+00  1.401214E+00  0.000000E+00  0.000000E+00  0.000000E+00  1.966702E+00  1.005931E+00
  1.000000E+00  2.183906E+00  1.979995E+00  1.403008E+00  0.000000E+00  0.000000E+00  0.000000E+00  1.967752E+00  1.016235E+00
  1.002000E+00  2.183535E+00  1.980853E+00  1.404789E+00  0.000000E+00  0.000000E+00  0.000000E+00  1.968796E+00  1.026390E+00
  1.004000E+00  2.183164E+00  1.981705E+00  1.406558E+00  0.000000E+00  0.000000E+00  0.000000E+00  1.969831E+00  1.036400E+00
  1.006000E+00  2.182794E+00  1.982552E+00  1.408313E+00  0.000000E+00  0.000000E+00  0.000000E+00  1.970860E+00  1.046272E+00
  1.008000E+00  2.182424E+00  1.983395E+00  1.410057E+00  0.000000E+00  0.000000E+00  0.000000E+00  1.971882E+00  1.056009E+00
  1.010000E+00  2.182054E+00  1.984232E+00  1.411788E+00  0.000000E+00  0.000000E+00  0.000000E+00  1.972896E+00  1.065616E+00
  1.012000E+00  2.181684E+00  1.985065E+00  1.413508E+00  0.000000E+00  0.000000E+00  0.000000E+00  1.973904E+00  1.075098E+00
  1.014000E+00  2.181314E+00  1.985893E+00  1.415216E+00  0.000000E+00  0.000000E+00  0.000000E+00  1.974905E+00  1.084459E+00
  1.016000E+00  2.180945E+00  1.986716E+00  1.416913E+00  0.000000E+00  0.000000E+00  0.000000E+00  1.975900E+00  1.093702E+00
  1.018000E+00  2.180575E+00  1.987535E+00  1.418599E+00  0.000000E+00  0.000000E+00  0.000000E+00  1.976888E+00  1.102832E+00
  1.020000E+00  2.180206E+00  1.988350E+00  1.420274E+00  0.000000E+00  0.000000E+00  0.000000E+00  1.977871E+00  1.111851E+00
  1.022000E+00  2.179837E+00  1.989160E+00  1.421939E+00  0.000000E+00  0.000000E+00  0.000000E+00  1.978846E+00  1.120764E+00
  1.024000E+00  2.179468E+00  1.989967E+00  1.423594E+00  0.000000E+00  0.000000E+00  0.000000E+00  1.979816E+00  1.129572E+00
  1.026000E+00  2.179099E+00  1.990769E+00  1.425238E+00  0.000000E+00  0.000000E+00  0.000000E+00  1.980780E+00  1.138280E+00
  1.028000E+00  2.178731E+00  1.991567E+00  1.426873E+00  0.000000E+00  0.000000E+00  0.000000E+00  1.981738E+00  1.146891E+00
  1.030000E+00  2.178363E+00  1.992361E+00  1.428497E+00  0.000000E+00  0.000000E+00  0.000000E+00  1.982690E+00  1.155406E+00
  1.032000E+00  2.177994E+00  1.993151E+00  1.430113E+00  0.000000E+00  0.000000E+00  0.000000E+00  1.983636E+00  1.163828E+00
  1.034000E+00  2.177626E+00  1.993938E+00  1.431719E+00  0.000000E+00  0.000000E+00  0.000000E+00  1.984577E+00  1.172161E+00
  1.036000E+00  2.177258E+00  1.994720E+00  1.433315E+00  0.000000E+00  0.000000E+00  0.000000E+00  1.985512E+00  1.180406E+00
  1.038000E+00  2.176891E+00  1.995499E+00  1.434903E+00  0.000000E+00  0.000000E+00  0.000000E+00  1.986442E+00  1.188566E+00
  1.040000E+00  2.176523E+00  1.996275E+00  1.436482E+00  0.000000E+00  0.000000E+00  0.000000E+00  1.987367E+00  1.196643E+00
  1.042000E+00  2.176155E+00  1.997047E+00  1.438052E+00  0.000000E+00  0.000000E+00  0.000000E+00  1.988286E+00  1.204639E+00
  1.044000E+00  2.175788E+00  1.997815E+00  1.439614E+00  0.000000E+00  0.000000E+00  0.000000E+00  1.989200E+00  1.212556E+00
  1.046000E+00  2.175421E+00  1.998581E+00  1.441168E+00  0.000000E+00  0.000000E+00  0.000000E+00  1.990108E+00  1.220396E+00
  1.048000E+00  2.175054E+00  1.999342E+00  1.442713E+00  0.000000E+00  0.000000E+00  0.000000E+00  1.991012E+00  1.228161E+00
  1.050000E+00  2.174687E+00  2.000101E+00  1.444250E+00  0.000000E+00  0.000000E+00  0.000000E+00  1.991911E+00  1.235853E+00
  1.052000E+00  2.174320E+00  2.000856E+00  1.445779E+00  0.000000E+00  0.000000E+00  0.000000E+00  1.992805E+00  1.243474E+00
  1.054000E+00  2.173953E+00  2.001608E+00  1.447300E+00  0.000000E+00  0.000000E+00  0.000000E+00  1.993694E+00  1.251024E+00
  1.056000E+00  2.173586E+00  2.002357E+00  1.448813E+00  0.000000E+00  0.000000E+00  0.000000E+00  1.994578E+00  1.258507E+00
  1.058000E+00  2.173220E+00  2.003103E+00  1.450319E+00  0.000000E+00  0.000000E+00  0.000000E+00  1.995457E+00  1.265922E+00
  1.060000E+00  2.172853E+00  2.003845E+00  1.451818E+00  0.000000E+00  0.000000E+00  0.000000E+00  1.996332E+00  1.273273E+00
  1.062000E+00  2.172487E+00  2.004585E+00  1.453309E+00  0.000000E+00  0.000000E+00  0.000000E+00  1.997202E+00  1.280560E+00
  1.064000E+00  2.172121E+00  2.005322E+00  1.454793E+00  0.000000E+00  0.000000E+00  0.000000E+00  1.998068E+00  1.287784E+00
  1.066000E+00  2.171755E+00  2.006056E+00  1.456269E+00  0.000000E+00  0.000000E+00  0.000000E+00  1.998929E+00  1.294948E+00
  1.068000E+00  2.171389E+00  2.006787E+00  1.457739E+00  0.000000E+00  0.000000E+00  0.000000E+00  1.999786E+00  1.302051E+00
  1.070000E+00  2.171023E+00  2.007515E+00  1.459202E+00  0.000000E+00  0.000000E+00  0.000000E+00  2.000638E+00  1.309097E+00
  1.072000E+00  2.170657E+00  2.008240E+00  1.460658E+00  0.000000E+00  0.000000E+00  0.000000E+00  2.001486E+00  1.316085E+00
  1.074000E+00  2.170292E+00  2.008963E+00  1.462107E+00  0.000000E+00  0.000000E+00  0.000000E+00  2.002330E+00  1.323017E+00
  1.076000E+00  2.169926E+00  2.009683E+00  1.463549E+00  0.000000E+00  0.000000E+00  0.000000E+00  2.003169E+00  1.329894E+00
  1.078000E+00  2.169561E+00  2.010400E+00  1.464985E+00  0.000000E+00  0.000000E+00  0.000000E+00  2.004004E+00  1.336717E+00
  1.080000E+00  2.169195E+00  2.011115E+00  1.466415E+00  0.000000E+00  0.000000E+00  0.000000E+00  2.004836E+00  1.343487E+00
  1.082000E+00  2.168830E+00  2.011827E+00  1.467838E+00  0.000000E+00  0.000000E+00  0.000000E+00  2.005663E+00  1.350206E+00
  1.084000E+00  2.168465E+00  2.012537E+00  1.469255E+00  0.000000E+00  0.000000E+00  0.000000E+00  2.006486E+00  1.356874E+00
  1.086000E+00  2.168100E+00  2.013244E+00  1.470665E+00  0.000000E+00  0.000000E+00  0.000000E+00  2.007305E+00  1.363492E+00
  1.088000E+00  2.167735E+00  2.013948E+00  1.472070E+00  0.000000E+00  0.000000E+00  0.000000E+00  2.008120E+00  1.370061E+00
  1.090000E+00  2.167370E+00  2.014650E+00  1.473469E+00  0.000000E+00  0.000000E+00  0.000000E+00  2.008931E+00  1.376583E+00
  1.092000E+00  2.167005E+00  2.015350E+00  1.474861E+00  0.000000E+00  0.000000E+00  0.000000E+00  2.009738E+00  1.383057E+00
  1.094000E+00  2.166640E+00  2.016047E+00  1.476248E+00  0.000000E+00  0.000000E+00  0.000000E+00  2.010542E+00  1.389485E+00
  1.096000E+00  2.166276E+00  2.016742E+00  1.477629E+00  0.000000E+00  0.000000E+00  0.000000E+00  2.011341E+00  1.395868E+00
  1.098000E+00  2.165911E+00  2.017434E+00  1.479004E+00  0.000000E+00  0.000000E+00  0.000000E+00  2.012137E+00  1.402206E+00
  1.100000E+00  2.165547E+00  2.018125E+00  1.480373E+00  0.000000E+00  0.000000E+00  0.000000E+00  2.012929E+00  1.408501E+00
  1.102000E+00  2.165182E+00  2.018813E+00  1.481737E+00  0.000000E+00  0.000000E+00  0.000000E+00  2.013718E+00  1.414752E+00
  1.104000E+00  2.164818E+00  2.019498E+00  1.483095E+00  0.000000E+00  0.000000E+00  0.000000E+00  2.014503E+00  1.420961E+00
  1.106000E+00  2.164454E+00  2.020181E+00  1.484448E+00  0.000000E+00  0.000000E+00  0.000000E+00  2.015284E+00  1.427129E+00
  1.108000E+00  2.164090E+00  2.020863E+00  1.485796E+00  0.000000E+00  0.000000E+00  0.000000E+00  2.016062E+00  1.433256E+00
  1.110000E+00  2.163726E+00  2.021542E+00  1.487138E+00  0.000000E+00  0.000000E+00  0.000000E+00  2.016836E+00  1.439342E+00
  1.112000E+00  2.163362E+00  2.022218E+00  1.488475E+00  0.000000E+00  0.000000E+00  0.000000E+00  2.017607E+00  1.445389E+00
  1.114000E+00  2.162998E+00  2.022893E+00  1.489806E+00  0.000000E+00  0.000000E+00  0.000000E+00  2.018374E+00  1.451398E+00
  1.116000E+00  2.162634E+00  2.023566E+00  1.491133E+00  0.000000E+00  0.000000E+00  0.000000E+00  2.019138E+00  1.457368E+00
  1.118000E+00  2.162270E+00  2.024236E+00  1.492454E+00  0.000000E+00  0.000000E+00  0.000000E+00  2.019899E+00  1.463300E+00
  1.120000E+00  2.161906E+00  2.024904E+00  1.493770E+00  0.000000E+00  0.000000E+00  0.000000E+00  2.020656E+00  1.469196E+00
  1.122000E+00  2.161542E+00  2.025571E+00  1.495082E+00  0.000000E+00  0.000000E+00  0.000000E+00  2.021410E+00  1.475055E+00
  1.124000E+00  2.161179E+00  2.026235E+00  1.496388E+00  0.000000E+00  0.000000E+00  0.000000E+00  2.022161E+00  1.480878E+00
  1.126000E+00  2.160815E+00  2.026897E+00  1.497690E+00  0.000000E+00  0.000000E+00  0.000000E+00  2.022908E+00  1.486666E+00
  1.128000E+00  2.160452E+00  2.027558E+00  1.498986E+00  0.000000E+00  0.000000E+00  0.000000E+00  2.023652E+00  1.492420E+00
  1.130000E+00  2.160088E+00  2.028216E+00  1.500278E+00  0.000000E+00  0.000000E+00  0.000000E+00  2.024393E+00  1.498139E+00
  1.132000E+00  2.159725E+00  2.028872E+00  1.501565E+00  0.000000E+00  0.000000E+00  0.000000E+00  2.025131E+00  1.503824E+00
  1.134000E+00  2.159362E+00  2.029527E+00  1.502848E+00  0.000000E+00  0.000000E+00  0.000000E+00  2.025866E+00  1.509476E+00
  1.136000E+00  2.158998E+00  2.030179E+00  1.504126E+00  0.000000E+00  0.000000E+00  0.000000E+00  2.026597E+00  1.515096E+00
  1.138000E+00  2.158635E+00  2.030830E+00  1.505399E+00  0.000000E+00  0.000000E+00  0.000000E+00  2.027326E+00  1.520683E+00
  1.140000E+00  2.158272E+00  2.031479E+00  1.506668E+00  0.000000E+00  0.000000E+00  0.000000E+00  2.028051E+00  1.526239E+00
  1.142000E+00  2.157909E+00  2.032126E+00  1.507932E+00  0.000000E+00  0.000000E+00  0.000000E+00  2.028774E+00  1.531763E+00
  1.144000E+00  2.157546E+00  2.032771E+00  1.509192E+00  0.000000E+00  0.000000E+00  0.000000E+00  2.029493E+00  1.537256E+00
  1.146000E+00  2.157183E+00  2.033414E+00  1.510447E+00  0.000000E+00  0.000000E+00  0.000000E+00  2.030209E+00  1.542719E+00
  1.148000E+00  2.156820E+00  2.034056E+00  1.511699E+00  0.000000E+00  0.000000E+00  0.000000E+00  2.030923E+00  1.548152E+00
  1.150000E+00  2.156457E+00  2.034695E+00  1.512945E+00  0.000000E+00  0.000000E+00  0.000000E+00  2.031634E+00  1.553556E+00
  1.152000E+00  2.156094E+00  2.035333E+00  1.514188E+00  0.000000E+00  0.000000E+00  0.000000E+00  2.032341E+00  1.558930E+00
  1.154000E+00  2.155732E+00  2.035969E+00  1.515426E+00  0.000000E+00  0.000000E+00  0.000000E+00  2.033046E+00  1.564276E+00
  1.156000E+00  2.155369E+00  2.036604E+00  1.516660E+00  0.000000E+00  0.000000E+00  0.000000E+00  2.033748E+00  1.569593E+00
  1.158000E+00  2.155006E+00  2.037236E+00  1.517890E+00  0.000000E+00  0.000000E+00  0.000000E+00  2.034447E+00  1.574882E+00
  1.160000E+00  2.154644E+00  2.037867E+00  1.519116E+00  0.000000E+00  0.000000E+00  0.000000E+00  2.035144E+00  1.580143E+00
  1.162000E+00  2.154281E+00  2.038496E+00  1.520338E+00  0.000000E+00  0.000000E+00  0.000000E+00  2.035838E+00  1.585378E+00
  1.164000E+00  2.153918E+00  2.039124E+00  1.521555E+00  0.000000E+00  0.000000E+00  0.000000E+00  2.036528E+00  1.590585E+00
  1.166000E+00  2.153556E+00  2.039750E+00  1.522769E+00  0.000000E+00  0.000000E+00  0.000000E+00  2.037217E+00  1.595766E+00
  1.168000E+00  2.153193E+00  2.040374E+00  1.523979E+00  0.000000E+00  0.000000E+00  0.000000E+00  2.037902E+00  1.600921E+00
  1.170000E+00  2.152831E+00  2.040997E+00  1.525185E+00  0.000000E+00  0.000000E+00  0.000000E+00  2.038585E+00  1.606050E+00
  1.172000E+00  2.152468E+00  2.041617E+00  1.526387E+00  0.000000E+00  0.000000E+00  0.000000E+00  2.039265E+00  1.611153E+00
  1.174000E+00  2.152106E+00  2.042237E+00  1.527585E+00  0.000000E+00  0.000000E+00  0.000000E+00  2.039943E+00  1.616231E+00
  1.176000E+00  2.151744E+00  2.042854E+00  1.528779E+00  0.000000E+00  0.000000E+00  0.000000E+00  2.040618E+00  1.621285E+00
  1.178000E+00  2.151381E+00  2.043470E+00  1.529969E+00  0.000000E+00  0.000000E+00  0.000000E+00  2.041290E+00  1.626313E+00
  1.180000E+00  2.151019E+00  2.044085E+00  1.531156E+00  0.000000E+00  0.000000E+00  0.000000E+00  2.041960E+00  1.631318E+00
  1.182000E+00  2.150657E+00  2.044698E+00  1.532339E+00  0.000000E+00  0.000000E+00  0.000000E+00  2.042627E+00  1.636298E+00
  1.184000E+00  2.150295E+00  2.045309E+00  1.533518E+00  0.000000E+00  0.000000E+00  0.000000E+00  2.043292E+00  1.641255E+00
  1.186000E+00  2.149933E+00  2.045919E+00  1.534694E+00  0.000000E+00  0.000000E+00  0.000000E+00  2.043954E+00  1.646189E+00
  1.188000E+00  2.149570E+00  2.046527E+00  1.535866E+00  0.000000E+00  0.000000E+00  0.000000E+00  2.044614E+00  1.651099E+00
  1.190000E+00  2.149208E+00  2.047134E+00  1.537034E+00  0.000000E+00  0.000000E+00  0.000000E+00  2.045271E+00  1.655986E+00
  1.192000E+00  2.148846E+00  2.047739E+00  1.538199E+00  0.000000E+00  0.000000E+00  0.000000E+00  2.045926E+00  1.660851E+00
  1.194000E+00  2.148484E+00  2.048343E+00  1.539360E+00  0.000000E+00  0.000000E+00  0.000000E+00  2.046579E+00  1.665694E+00
  1.196000E+00  2.148122E+00  2.048945E+00  1.540518E+00  0.000000E+00  0.000000E+00  0.000000E+00  2.047229E+00  1.670514E+00
  1.198000E+00  2.147760E+00  2.049546E+00  1.541672E+00  0.000000E+00  0.000000E+00  0.000000E+00  2.047876E+00  1.675313E+00
  1.200000E+00  2.147398E+00  2.050145E+00  1.542823E+00  0.000000E+00  0.000000E+00  0.000000E+00  2.048522E+00  1.680091E+00
