  1.000000E-02  0.000000E+00
  1.200000E-02  0.000000E+00
  1.400000E-02  0.000000E+00
  1.600000E-02  0.000000E+00
  1.800000E-02  0.000000E+00
  2.000000E-02  0.000000E+00
  2.200000E-02  0.000000E+00
  2.400000E-02  0.000000E+00
  2.600000E-02  0.000000E+00
  2.800000E-02  0.000000E+00
  3.000000E-02  0.000000E+00
  3.200000E-02  0.000000E+00
  3.400000E-02  0.000000E+00
  3.600000E-02  0.000000E+00
  3.800000E-02  0.000000E+00
  4.000000E-02  0.000000E+00
  4.200000E-02  0.000000E+00
  4.400000E-02  0.000000E+00
  4.600000E-02  0.000000E+00
  4.800000E-02  0.000000E+00
  5.000000E-02  0.000000E+00
  5.200000E-02  0.000000E+00
  5.400000E-02  0.000000E+00
  5.600000E-02  0.000000E+00
  5.800000E-02  0.000000E+00
  6.000000E-02  0.000000E+00
  6.200000E-02  0.000000E+00
  6.400000E-02  0.000000E+00
  6.600000E-02  0.000000E+00
  6.800000E-02  0.000000E+00
  7.000000E-02  0.000000E+00
  7.200000E-02  0.000000E+00
  7.400000E-02  0.000000E+00
  7.600000E-02  0.000000E+00
  7.800000E-02  0.000000E+00
  8.000000E-02  0.000000E+00
  8.200000E-02  0.000000E+00
  8.400000E-02  0.000000E+00
  8.600000E-02  0.000000E+00
  8.800000E-02  0.000000E+00
  9.000000E-02  0.000000E+00
  9.200000E-02  0.000000E+00
  9.400000E-02  0.000000E+00
  9.600000E-02  0.000000E+00
  9.800000E-02  0.000000E+00
  1.000000E-01  0.000000E+00
  1.020000E-01  0.000000E+00
  1.040000E-01  0.000000E+00
  1.060000E-01  0.000000E+00
  1.080000E-01  0.000000E+00
  1.100000E-01  0.000000E+00
  1.120000E-01  0.000000E+00
  1.140000E-01  0.000000E+00
  1.160000E-01  0.000000E+00
  1.180000E-01  0.000000E+00
  1.200000E-01  0.000000E+00
  1.220000E-01  0.000000E+00
  1.240000E-01  0.000000E+00
  1.260000E-01  0.000000E+00
  1.280000E-01  0.000000E+00
  1.300000E-01  0.000000E+00
  1.320000E-01  0.000000E+00
  1.340000E-01  0.000000E+00
  1.360000E-01  0.000000E+00
  1.380000E-01  0.000000E+00
  1.400000E-01  0.000000E+00
  1.420000E-01  0.000000E+00
  1.440000E-01  0.000000E+00
  1.460000E-01  0.000000E+00
  1.480000E-01  0.000000E+00
  1.500000E-01  0.000000E+00
  1.520000E-01  0.000000E+00
  1.540000E-01  0.000000E+00
  1.560000E-01  0.000000E+00
  1.580000E-01  0.000000E+00
  1.600000E-01  0.000000E+00
  1.620000E-01  0.000000E+00
  1.640000E-01  0.000000E+00
  1.660000E-01  0.000000E+00
  1.680000E-01  0.000000E+00
  1.700000E-01  0.000000E+00
  1.720000E-01  0.000000E+00
  1.740000E-01  0.000000E+00
  1.760000E-01  0.000000E+00
  1.780000E-01  0.000000E+00
  1.800000E-01  0.000000E+00
  1.820000E-01  0.000000E+00
  1.840000E-01  0.000000E+00
  1.860000E-01  0.000000E+00
  1.880000E-01  0.000000E+00
  1.900000E-01  0.000000E+00
  1.920000E-01  0.000000E+00
  1.940000E-01  0.000000E+00
  1.960000E-01  0.000000E+00
  1.980000E-01  0.000000E+00
  2.000000E-01  0.000000E+00
  2.020000E-01  0.000000E+00
  2.040000E-01  0.000000E+00
  2.060000E-01  0.000000E+00
  2.080000E-01  0.000000E+00
  2.100000E-01  0.000000E+00
  2.120000E-01  0.000000E+00
  2.140000E-01  0.000000E+00
  2.160000E-01  0.000000E+00
  2.180000E-01  0.000000E+00
  2.200000E-01  0.000000E+00
  2.220000E-01  0.000000E+00
  2.240000E-01  0.000000E+00
  2.260000E-01  0.000000E+00
  2.280000E-01  0.000000E+00
  2.300000E-01  0.000000E+00
  2.320000E-01  0.000000E+00
  2.340000E-01  0.000000E+00
  2.360000E-01  0.000000E+00
  2.380000E-01  0.000000E+00
  2.400000E-01  0.000000E+00
  2.420000E-01  0.000000E+00
  2.440000E-01  0.000000E+00
  2.460000E-01  0.000000E+00
  2.480000E-01  0.000000E+00
  2.500000E-01  0.000000E+00
  2.520000E-01  0.000000E+00
  2.540000E-01  0.000000E+00
  2.560000E-01  0.000000E+00
  2.580000E-01  0.000000E+00
  2.600000E-01  0.000000E+00
  2.620000E-01  0.000000E+00
  2.640000E-01  0.000000E+00
  2.660000E-01  0.000000E+00
  2.680000E-01  0.000000E+00
  2.700000E-01  0.000000E+00
  2.720000E-01  0.000000E+00
  2.740000E-01  0.000000E+00
  2.760000E-01  0.000000E+00
  2.780000E-01  0.000000E+00
  2.800000E-01  0.000000E+00
  2.820000E-01  0.000000E+00
  2.840000E-01  0.000000E+00
  2.860000E-01  0.000000E+00
  2.880000E-01  0.000000E+00
  2.900000E-01  0.000000E+00
  2.920000E-01  0.000000E+00
  2.940000E-01  0.000000E+00
  2.960000E-01  0.000000E+00
  2.980000E-01  0.000000E+00
  3.000000E-01  0.000000E+00
  3.020000E-01  0.000000E+00
  3.040000E-01  0.000000E+00
  3.060000E-01  0.000000E+00
  3.080000E-01  0.000000E+00
  3.100000E-01  0.000000E+00
  3.120000E-01  0.000000E+00
  3.140000E-01  0.000000E+00
  3.160000E-01  0.000000E+00
  3.180000E-01  0.000000E+00
  3.200000E-01  0.000000E+00
  3.220000E-01  0.000000E+00
  3.240000E-01  0.000000E+00
  3.260000E-01  0.000000E+00
  3.280000E-01  0.000000E+00
  3.300000E-01  0.000000E+00
  3.320000E-01  0.000000E+00
  3.340000E-01  0.000000E+00
  3.360000E-01  0.000000E+00
  3.380000E-01  0.000000E+00
  3.400000E-01  0.000000E+00
  3.420000E-01  0.000000E+00
  3.440000E-01  0.000000E+00
  3.460000E-01  0.000000E+00
  3.480000E-01  0.000000E+00
  3.500000E-01  0.000000E+00
  3.520000E-01  0.000000E+00
  3.540000E-01  0.000000E+00
  3.560000E-01  0.000000E+00
  3.580000E-01  0.000000E+00
  3.600000E-01  0.000000E+00
  3.620000E-01  0.000000E+00
  3.640000E-01  0.000000E+00
  3.660000E-01  0.000000E+00
  3.680000E-01  0.000000E+00
  3.700000E-01  0.000000E+00
  3.720000E-01  0.000000E+00
  3.740000E-01  0.000000E+00
  3.760000E-01  0.000000E+00
  3.780000E-01  0.000000E+00
  3.800000E-01  0.000000E+00
  3.820000E-01  0.000000E+00
  3.840000E-01  0.000000E+00
  3.860000E-01  0.000000E+00
  3.880000E-01  0.000000E+00
  3.900000E-01  0.000000E+00
  3.920000E-01  0.000000E+00
  3.940000E-01  0.000000E+00
  3.960000E-01  0.000000E+00
  3.980000E-01  0.000000E+00
  4.000000E-01  0.000000E+00
  4.020000E-01  0.000000E+00
  4.040000E-01  0.000000E+00
  4.060000E-01  0.000000E+00
  4.080000E-01  0.000000E+00
  4.100000E-01  0.000000E+00
  4.120000E-01  0.000000E+00
  4.140000E-01  0.000000E+00
  4.160000E-01  0.000000E+00
  4.180000E-01  0.000000E+00
  4.200000E-01  0.000000E+00
  4.220000E-01  0.000000E+00
  4.240000E-01  0.000000E+00
  4.260000E-01  0.000000E+00
  4.280000E-01  0.000000E+00
  4.300000E-01  0.000000E+00
  4.320000E-01  0.000000E+00
  4.340000E-01  0.000000E+00
  4.360000E-01  0.000000E+00
  4.380000E-01  0.000000E+00
  4.400000E-01  0.000000E+00
  4.420000E-01  0.000000E+00
  4.440000E-01  0.000000E+00
  4.460000E-01  0.000000E+00
  4.480000E-01  0.000000E+00
  4.500000E-01  0.000000E+00
  4.520000E-01  0.000000E+00
  4.540000E-01  0.000000E+00
  4.560000E-01  0.000000E+00
  4.580000E-01  0.000000E+00
  4.600000E-01  0.000000E+00
  4.620000E-01  0.000000E+00
  4.640000E-01  0.000000E+00
  4.660000E-01  0.000000E+00
  4.680000E-01  0.000000E+00
  4.700000E-01  0.000000E+00
  4.720000E-01  0.000000E+00
  4.740000E-01  0.000000E+00
  4.760000E-01  3.836063E-03
  4.780000E-01  6.771195E-03
  4.800000E-01  9.877714E-03
  4.820000E-01  1.309334E-02
  4.840000E-01  1.638400E-02
  4.860000E-01  1.972835E-02
  4.880000E-01  2.311186E-02
  4.900000E-01  2.652404E-02
  4.920000E-01  2.995704E-02
  4.940000E-01  3.340478E-02
  4.960000E-01  3.686244E-02
  4.980000E-01  4.032613E-02
  5.000000E-01  4.379264E-02
  5.020000E-01  4.725933E-02
  5.040000E-01  5.072396E-02
  5.060000E-01  5.418464E-02
  5.080000E-01  5.763976E-02
  5.100000E-01  6.108792E-02
  5.120000E-01  6.452794E-02
  5.140000E-01  6.795876E-02
  5.160000E-01  7.137948E-02
  5.180000E-01  7.478930E-02
  5.200000E-01  7.818754E-02
  5.220000E-01  8.157357E-02
  5.240000E-01  8.494687E-02
  5.260000E-01  8.830696E-02
  5.280000E-01  9.165343E-02
  5.300000E-01  9.498590E-02
  5.320000E-01  9.830406E-02
  5.340000E-01  1.016076E-01
  5.360000E-01  1.048963E-01
  5.380000E-01  1.081700E-01
  5.400000E-01  1.114284E-01
  5.420000E-01  1.146714E-01
  5.440000E-01  1.178989E-01
  5.460000E-01  1.211106E-01
  5.480000E-01  1.243066E-01
  5.500000E-01  1.274867E-01
  5.520000E-01  1.306509E-01
  5.540000E-01  1.337991E-01
  5.560000E-01  1.369313E-01
  5.580000E-01  1.400474E-01
  5.600000E-01  1.431474E-01
  5.620000E-01  1.462313E-01
  5.640000E-01  1.492991E-01
  5.660000E-01  1.523508E-01
  5.680000E-01  1.553864E-01
  5.700000E-01  1.584059E-01
  5.720000E-01  1.614094E-01
  5.740000E-01  1.643968E-01
  5.760000E-01  1.673683E-01
  5.780000E-01  1.703238E-01
  5.800000E-01  1.732634E-01
  5.820000E-01  1.761871E-01
  5.840000E-01  1.790951E-01
  5.860000E-01  1.819872E-01
  5.880000E-01  1.848637E-01
  5.900000E-01  1.877246E-01
  5.920000E-01  1.905699E-01
  5.940000E-01  1.933996E-01
  5.960000E-01  1.962140E-01
  5.980000E-01  1.990129E-01
  6.000000E-01  2.017966E-01
  6.020000E-01  2.045650E-01
  6.040000E-01  2.073183E-01
  6.060000E-01  2.100565E-01
  6.080000E-01  2.127797E-01
  6.100000E-01  2.154879E-01
  6.120000E-01  2.181814E-01
  6.140000E-01  2.208600E-01
  6.160000E-01  2.235240E-01
  6.180000E-01  2.261733E-01
  6.200000E-01  2.288082E-01
  6.220000E-01  2.314285E-01
  6.240000E-01  2.340346E-01
  6.260000E-01  2.366263E-01
  6.280000E-01  2.392039E-01
  6.300000E-01  2.417673E-01
  6.320000E-01  2.443167E-01
  6.340000E-01  2.468521E-01
  6.360000E-01  2.493737E-01
  6.380000E-01  2.518815E-01
  6.400000E-01  2.543757E-01
  6.420000E-01  2.568562E-01
  6.440000E-01  2.593231E-01
  6.460000E-01  2.617767E-01
  6.480000E-01  2.642168E-01
  6.500000E-01  2.666437E-01
  6.520000E-01  2.690574E-01
  6.540000E-01  2.714580E-01
  6.560000E-01  2.738455E-01
  6.580000E-01  2.762201E-01
  6.600000E-01  2.785818E-01
  6.620000E-01  2.809308E-01
  6.640000E-01  2.832670E-01
  6.660000E-01  2.855906E-01
  6.680000E-01  2.879017E-01
  6.700000E-01  2.902003E-01
  6.720000E-01  2.924865E-01
  6.740000E-01  2.947604E-01
  6.760000E-01  2.970221E-01
  6.780000E-01  2.992717E-01
  6.800000E-01  3.015092E-01
  6.820000E-01  3.037347E-01
  6.840000E-01  3.059483E-01
  6.860000E-01  3.081500E-01
  6.880000E-01  3.103400E-01
  6.900000E-01  3.125183E-01
  6.920000E-01  3.146850E-01
  6.940000E-01  3.168402E-01
  6.960000E-01  3.189839E-01
  6.980000E-01  3.211163E-01
  7.000000E-01  3.232373E-01
  7.020000E-01  3.253471E-01
  7.040000E-01  3.274457E-01
  7.060000E-01  3.295333E-01
  7.080000E-01  3.316098E-01
  7.100000E-01  3.336754E-01
  7.120000E-01  3.357301E-01
  7.140000E-01  3.377740E-01
  7.160000E-01  3.398072E-01
  7.180000E-01  3.418297E-01
  7.200000E-01  3.440587E-01
  7.220000E-01  3.461266E-01
  7.240000E-01  3.481893E-01
  7.260000E-01  3.502465E-01
  7.280000E-01  3.522976E-01
  7.300000E-01  3.543425E-01
  7.320000E-01  3.563810E-01
  7.340000E-01  3.584128E-01
  7.360000E-01  3.604377E-01
  7.380000E-01  3.624557E-01
  7.400000E-01  3.644666E-01
  7.420000E-01  3.664703E-01
  7.440000E-01  3.684668E-01
  7.460000E-01  3.704559E-01
  7.480000E-01  3.724376E-01
  7.500000E-01  3.744118E-01
  7.520000E-01  3.763784E-01
  7.540000E-01  3.783375E-01
  7.560000E-01  3.802891E-01
  7.580000E-01  3.822329E-01
  7.600000E-01  3.841691E-01
  7.620000E-01  3.860977E-01
  7.640000E-01  3.880185E-01
  7.660000E-01  3.899317E-01
  7.680000E-01  3.918371E-01
  7.700000E-01  3.937348E-01
  7.720000E-01  3.956247E-01
  7.740000E-01  3.975069E-01
  7.760000E-01  3.993814E-01
  7.780000E-01  4.012482E-01
  7.800000E-01  4.031072E-01
  7.820000E-01  4.049585E-01
  7.840000E-01  4.068022E-01
  7.860000E-01  4.086381E-01
  7.880000E-01  4.104663E-01
  7.900000E-01  4.122868E-01
  7.920000E-01  4.140997E-01
  7.940000E-01  4.159049E-01
  7.960000E-01  4.177025E-01
  7.980000E-01  4.194925E-01
  8.000000E-01  4.212749E-01
  8.020000E-01  4.230497E-01
  8.040000E-01  4.248170E-01
  8.060000E-01  4.265767E-01
  8.080000E-01  4.283289E-01
  8.100000E-01  4.300735E-01
  8.120000E-01  4.318108E-01
  8.140000E-01  4.335405E-01
  8.160000E-01  4.352629E-01
  8.180000E-01  4.369778E-01
  8.200000E-01  4.386854E-01
  8.220000E-01  4.403856E-01
  8.240000E-01  4.420785E-01
  8.260000E-01  4.437640E-01
  8.280000E-01  4.454423E-01
  8.300000E-01  4.471134E-01
  8.320000E-01  4.487772E-01
  8.340000E-01  4.504338E-01
  8.360000E-01  4.520832E-01
  8.380000E-01  4.537255E-01
  8.400000E-01  4.553607E-01
  8.420000E-01  4.569888E-01
  8.440000E-01  4.586098E-01
  8.460000E-01  4.602238E-01
  8.480000E-01  4.618308E-01
  8.500000E-01  4.634308E-01
  8.520000E-01  4.650239E-01
  8.540000E-01  4.666101E-01
  8.560000E-01  4.681893E-01
  8.580000E-01  4.697617E-01
  8.600000E-01  4.713272E-01
  8.620000E-01  4.728860E-01
  8.640000E-01  4.744380E-01
  8.660000E-01  4.759832E-01
  8.680000E-01  4.775217E-01
  8.700000E-01  4.790535E-01
  8.720000E-01  4.805786E-01
  8.740000E-01  4.820971E-01
  8.760000E-01  4.836091E-01
  8.780000E-01  4.851144E-01
  8.800000E-01  4.866132E-01
  8.820000E-01  4.881055E-01
  8.840000E-01  4.895913E-01
  8.860000E-01  4.910706E-01
  8.880000E-01  4.925435E-01
  8.900000E-01  4.940100E-01
  8.920000E-01  4.954701E-01
  8.940000E-01  4.969239E-01
  8.960000E-01  4.983714E-01
  8.980000E-01  4.998126E-01
  9.000000E-01  5.012475E-01
  9.020000E-01  5.026762E-01
  9.040000E-01  5.040987E-01
  9.060000E-01  5.055150E-01
  9.080000E-01  5.069252E-01
  9.100000E-01  5.083293E-01
  9.120000E-01  5.097272E-01
  9.140000E-01  5.111192E-01
  9.160000E-01  5.125051E-01
  9.180000E-01  5.138850E-01
  9.200000E-01  5.152589E-01
  9.220000E-01  5.166269E-01
  9.240000E-01  5.179889E-01
  9.260000E-01  5.193451E-01
  9.280000E-01  5.206954E-01
  9.300000E-01  5.220398E-01
  9.320000E-01  5.233785E-01
  9.340000E-01  5.247114E-01
  9.360000E-01  5.260385E-01
  9.380000E-01  5.273599E-01
  9.400000E-01  5.286756E-01
  9.420000E-01  5.299856E-01
  9.440000E-01  5.312899E-01
  9.460000E-01  5.325887E-01
  9.480000E-01  5.338819E-01
  9.500000E-01  5.351694E-01
  9.520000E-01  5.364515E-01
  9.540000E-01  5.377280E-01
  9.560000E-01  5.389991E-01
  9.580000E-01  5.402647E-01
  9.600000E-01  5.415248E-01
  9.620000E-01  5.427795E-01
  9.640000E-01  5.440289E-01
  9.660000E-01  5.452729E-01
  9.680000E-01  5.465115E-01
  9.700000E-01  5.477449E-01
  9.720000E-01  5.489729E-01
  9.740000E-01  5.501957E-01
  9.760000E-01  5.514133E-01
  9.780000E-01  5.526257E-01
  9.800000E-01  5.538328E-01
  9.820000E-01  5.550348E-01
  9.840000E-01  5.562317E-01
  9.860000E-01  5.574235E-01
  9.880000E-01  5.586101E-01
  9.900000E-01  5.597918E-01
  9.920000E-01  5.609683E-01
  9.940000E-01  5.621399E-01
  9.960000E-01  5.633064E-01
  9.980000E-01  5.644680E-01
  1.000000E+00  5.656247E-01
  1.002000E+00  5.667764E-01
  1.004000E+00  5.679232E-01
  1.006000E+00  5.690652E-01
  1.008000E+00  5.702022E-01
  1.010000E+00  5.713345E-01
  1.012000E+00  5.724620E-01
  1.014000E+00  5.735846E-01
  1.016000E+00  5.747025E-01
  1.018000E+00  5.758157E-01
  1.020000E+00  5.769241E-01
  1.022000E+00  5.780279E-01
  1.024000E+00  5.791269E-01
  1.026000E+00  5.802214E-01
  1.028000E+00  5.813111E-01
  1.030000E+00  5.823963E-01
  1.032000E+00  5.834769E-01
  1.034000E+00  5.845529E-01
  1.036000E+00  5.856243E-01
  1.038000E+00  5.866913E-01
  1.040000E+00  5.877537E-01
  1.042000E+00  5.893403E-01
  1.044000E+00  5.907225E-01
  1.046000E+00  5.921399E-01
  1.048000E+00  5.935852E-01
  1.050000E+00  5.950535E-01
  1.052000E+00  5.965412E-01
  1.054000E+00  5.980455E-01
  1.056000E+00  5.995640E-01
  1.058000E+00  6.010950E-01
  1.060000E+00  6.026367E-01
  1.062000E+00  6.041880E-01
  1.064000E+00  6.057475E-01
  1.066000E+00  6.073144E-01
  1.068000E+00  6.088877E-01
  1.070000E+00  6.104666E-01
  1.072000E+00  6.120505E-01
  1.074000E+00  6.136387E-01
  1.076000E+00  6.152306E-01
  1.078000E+00  6.168258E-01
  1.080000E+00  6.184237E-01
  1.082000E+00  6.200240E-01
  1.084000E+00  6.216261E-01
  1.086000E+00  6.232299E-01
  1.088000E+00  6.248349E-01
  1.090000E+00  6.264408E-01
  1.092000E+00  6.280473E-01
  1.094000E+00  6.296542E-01
  1.096000E+00  6.312613E-01
  1.098000E+00  6.328683E-01
  1.100000E+00  6.344749E-01
  1.102000E+00  6.360811E-01
  1.104000E+00  6.376865E-01
  1.106000E+00  6.392910E-01
  1.108000E+00  6.408945E-01
  1.110000E+00  6.424968E-01
  1.112000E+00  6.440978E-01
  1.114000E+00  6.456972E-01
  1.116000E+00  6.472950E-01
  1.118000E+00  6.488911E-01
  1.120000E+00  6.504853E-01
  1.122000E+00  6.520775E-01
  1.124000E+00  6.536677E-01
  1.126000E+00  6.552556E-01
  1.128000E+00  6.568413E-01
  1.130000E+00  6.584246E-01
  1.132000E+00  6.600054E-01
  1.134000E+00  6.615836E-01
  1.136000E+00  6.631593E-01
  1.138000E+00  6.647322E-01
  1.140000E+00  6.663022E-01
  1.142000E+00  6.678695E-01
  1.144000E+00  6.694337E-01
  1.146000E+00  6.709949E-01
  1.148000E+00  6.725531E-01
  1.150000E+00  6.741080E-01
  1.152000E+00  6.756596E-01
  1.154000E+00  6.772079E-01
  1.156000E+00  6.787526E-01
  1.158000E+00  6.802938E-01
  1.160000E+00  6.818313E-01
  1.162000E+00  6.833647E-01
  1.164000E+00  6.848938E-01
  1.166000E+00  6.864174E-01
  1.168000E+00  6.879363E-01
  1.170000E+00  6.894526E-01
  1.172000E+00  6.909660E-01
  1.174000E+00  6.924767E-01
  1.176000E+00  6.939846E-01
  1.178000E+00  6.954896E-01
  1.180000E+00  6.969918E-01
  1.182000E+00  6.984911E-01
  1.184000E+00  6.999874E-01
  1.186000E+00  7.014809E-01
  1.188000E+00  7.029714E-01
  1.190000E+00  7.044589E-01
  1.192000E+00  7.059435E-01
  1.194000E+00  7.074251E-01
  1.196000E+00  7.089036E-01
  1.198000E+00  7.103792E-01
  1.200000E+00  7.118517E-01
