  1.000000E-02  1.226687E+03
  1.200000E-02  1.225615E+03
  1.400000E-02  1.224554E+03
  1.600000E-02  1.223505E+03
  1.800000E-02  1.222465E+03
  2.000000E-02  1.221437E+03
  2.200000E-02  1.220418E+03
  2.400000E-02  1.219409E+03
  2.600000E-02  1.218411E+03
  2.800000E-02  1.217422E+03
  3.000000E-02  1.216443E+03
  3.200000E-02  1.215473E+03
  3.400000E-02  1.214513E+03
  3.600000E-02  1.213562E+03
  3.800000E-02  1.212620E+03
  4.000000E-02  1.211687E+03
  4.200000E-02  1.210762E+03
  4.400000E-02  1.209847E+03
  4.600000E-02  1.208940E+03
  4.800000E-02  1.208041E+03
  5.000000E-02  1.207151E+03
  5.200000E-02  1.206269E+03
  5.400000E-02  1.205396E+03
  5.600000E-02  1.204530E+03
  5.800000E-02  1.203672E+03
  6.000000E-02  1.202822E+03
  6.200000E-02  1.201980E+03
  6.400000E-02  1.201146E+03
  6.600000E-02  1.200319E+03
  6.800000E-02  1.199499E+03
  7.000000E-02  1.198687E+03
  7.200000E-02  1.197882E+03
  7.400000E-02  1.197084E+03
  7.600000E-02  1.196293E+03
  7.800000E-02  1.195509E+03
  8.000000E-02  1.194733E+03
  8.200000E-02  1.193962E+03
  8.400000E-02  1.193199E+03
  8.600000E-02  1.192442E+03
  8.800000E-02  1.191692E+03
  9.000000E-02  1.190949E+03
  9.200000E-02  1.190211E+03
  9.400000E-02  1.189481E+03
  9.600000E-02  1.188756E+03
  9.800000E-02  1.188037E+03
  1.000000E-01  1.187325E+03
  1.020000E-01  1.186619E+03
  1.040000E-01  1.185918E+03
  1.060000E-01  1.185224E+03
  1.080000E-01  1.184535E+03
  1.100000E-01  1.183853E+03
  1.120000E-01  1.183176E+03
  1.140000E-01  1.182504E+03
  1.160000E-01  1.181838E+03
  1.180000E-01  1.181178E+03
  1.200000E-01  1.180523E+03
  1.220000E-01  1.179873E+03
  1.240000E-01  1.179229E+03
  1.260000E-01  1.178590E+03
  1.280000E-01  1.177956E+03
  1.300000E-01  1.177327E+03
  1.320000E-01  1.176703E+03
  1.340000E-01  1.176084E+03
  1.360000E-01  1.175470E+03
  1.380000E-01  1.174861E+03
  1.400000E-01  1.174256E+03
  1.420000E-01  1.173657E+03
  1.440000E-01  1.173062E+03
  1.460000E-01  1.172471E+03
  1.480000E-01  1.171886E+03
  1.500000E-01  1.171304E+03
  1.520000E-01  1.170728E+03
  1.540000E-01  1.170155E+03
  1.560000E-01  1.169588E+03
  1.580000E-01  1.169024E+03
  1.600000E-01  1.168465E+03
  1.620000E-01  1.167910E+03
  1.640000E-01  1.167360E+03
  1.660000E-01  1.166813E+03
  1.680000E-01  1.166271E+03
  1.700000E-01  1.165733E+03
  1.720000E-01  1.165199E+03
  1.740000E-01  1.164669E+03
  1.760000E-01  1.164143E+03
  1.780000E-01  1.163621E+03
  1.800000E-01  1.163103E+03
  1.820000E-01  1.162589E+03
  1.840000E-01  1.162078E+03
  1.860000E-01  1.161571E+03
  1.880000E-01  1.161069E+03
  1.900000E-01  1.160569E+03
  1.920000E-01  1.160074E+03
  1.940000E-01  1.159582E+03
  1.960000E-01  1.159094E+03
  1.980000E-01  1.158609E+03
  2.000000E-01  1.158128E+03
  2.020000E-01  1.157650E+03
  2.040000E-01  1.157176E+03
  2.060000E-01  1.156705E+03
  2.080000E-01  1.156238E+03
  2.100000E-01  1.155774E+03
  2.120000E-01  1.155313E+03
  2.140000E-01  1.154855E+03
  2.160000E-01  1.154401E+03
  2.180000E-01  1.153950E+03
  2.200000E-01  1.153503E+03
  2.220000E-01  1.153058E+03
  2.240000E-01  1.152617E+03
  2.260000E-01  1.152178E+03
  2.280000E-01  1.151743E+03
  2.300000E-01  1.151311E+03
  2.320000E-01  1.150882E+03
  2.340000E-01  1.150456E+03
  2.360000E-01  1.150032E+03
  2.380000E-01  1.149612E+03
  2.400000E-01  1.149195E+03
  2.420000E-01  1.148780E+03
  2.440000E-01  1.148369E+03
  2.460000E-01  1.147960E+03
  2.480000E-01  1.147554E+03
  2.500000E-01  1.147151E+03
  2.520000E-01  1.146750E+03
  2.540000E-01  1.146352E+03
  2.560000E-01  1.145957E+03
  2.580000E-01  1.145565E+03
  2.600000E-01  1.145175E+03
  2.620000E-01  1.144788E+03
  2.640000E-01  1.144404E+03
  2.660000E-01  1.144022E+03
  2.680000E-01  1.143642E+03
  2.700000E-01  1.143265E+03
  2.720000E-01  1.142891E+03
  2.740000E-01  1.142519E+03
  2.760000E-01  1.142150E+03
  2.780000E-01  1.141783E+03
  2.800000E-01  1.141418E+03
  2.820000E-01  1.141056E+03
  2.840000E-01  1.140696E+03
  2.860000E-01  1.140339E+03
  2.880000E-01  1.139984E+03
  2.900000E-01  1.139631E+03
  2.920000E-01  1.139281E+03
  2.940000E-01  1.138933E+03
  2.960000E-01  1.138587E+03
  2.980000E-01  1.138243E+03
  3.000000E-01  1.137901E+03
  3.020000E-01  1.137562E+03
  3.040000E-01  1.137225E+03
  3.060000E-01  1.136890E+03
  3.080000E-01  1.136557E+03
  3.100000E-01  1.136226E+03
  3.120000E-01  1.135898E+03
  3.140000E-01  1.135571E+03
  3.160000E-01  1.135247E+03
  3.180000E-01  1.134924E+03
  3.200000E-01  1.134604E+03
  3.220000E-01  1.134286E+03
  3.240000E-01  1.133969E+03
  3.260000E-01  1.133655E+03
  3.280000E-01  1.133342E+03
  3.300000E-01  1.133032E+03
  3.320000E-01  1.132723E+03
  3.340000E-01  1.132416E+03
  3.360000E-01  1.132112E+03
  3.380000E-01  1.131809E+03
  3.400000E-01  1.131508E+03
  3.420000E-01  1.131208E+03
  3.440000E-01  1.130911E+03
  3.460000E-01  1.130616E+03
  3.480000E-01  1.130322E+03
  3.500000E-01  1.130030E+03
  3.520000E-01  1.129740E+03
  3.540000E-01  1.129451E+03
  3.560000E-01  1.129164E+03
  3.580000E-01  1.128880E+03
  3.600000E-01  1.128596E+03
  3.620000E-01  1.128315E+03
  3.640000E-01  1.128035E+03
  3.660000E-01  1.127757E+03
  3.680000E-01  1.127480E+03
  3.700000E-01  1.127205E+03
  3.720000E-01  1.126932E+03
  3.740000E-01  1.126660E+03
  3.760000E-01  1.126390E+03
  3.780000E-01  1.126122E+03
  3.800000E-01  1.125855E+03
  3.820000E-01  1.125590E+03
  3.840000E-01  1.125326E+03
  3.860000E-01  1.125064E+03
  3.880000E-01  1.124803E+03
  3.900000E-01  1.124544E+03
  3.920000E-01  1.124286E+03
  3.940000E-01  1.124030E+03
  3.960000E-01  1.123776E+03
  3.980000E-01  1.123522E+03
  4.000000E-01  1.123271E+03
  4.020000E-01  1.123020E+03
  4.040000E-01  1.122772E+03
  4.060000E-01  1.122524E+03
  4.080000E-01  1.122278E+03
  4.100000E-01  1.122034E+03
  4.120000E-01  1.121790E+03
  4.140000E-01  1.121549E+03
  4.160000E-01  1.121308E+03
  4.180000E-01  1.121069E+03
  4.200000E-01  1.120831E+03
  4.220000E-01  1.120595E+03
  4.240000E-01  1.120360E+03
  4.260000E-01  1.120126E+03
  4.280000E-01  1.119894E+03
  4.300000E-01  1.119662E+03
  4.320000E-01  1.119433E+03
  4.340000E-01  1.119204E+03
  4.360000E-01  1.118977E+03
  4.380000E-01  1.118751E+03
  4.400000E-01  1.118526E+03
  4.420000E-01  1.118302E+03
  4.440000E-01  1.118080E+03
  4.460000E-01  1.117859E+03
  4.480000E-01  1.117639E+03
  4.500000E-01  1.117420E+03
  4.520000E-01  1.117203E+03
  4.540000E-01  1.116987E+03
  4.560000E-01  1.116771E+03
  4.580000E-01  1.116558E+03
  4.600000E-01  1.116345E+03
  4.620000E-01  1.116133E+03
  4.640000E-01  1.115923E+03
  4.660000E-01  1.115713E+03
  4.680000E-01  1.115505E+03
  4.700000E-01  1.115298E+03
  4.720000E-01  1.115092E+03
  4.740000E-01  1.114887E+03
  4.760000E-01  1.114733E+03
  4.780000E-01  1.114569E+03
  4.800000E-01  1.114407E+03
  4.820000E-01  1.114248E+03
  4.840000E-01  1.114091E+03
  4.860000E-01  1.113936E+03
  4.880000E-01  1.113783E+03
  4.900000E-01  1.113630E+03
  4.920000E-01  1.113479E+03
  4.940000E-01  1.113329E+03
  4.960000E-01  1.113181E+03
  4.980000E-01  1.113033E+03
  5.000000E-01  1.112886E+03
  5.020000E-01  1.112741E+03
  5.040000E-01  1.112596E+03
  5.060000E-01  1.112452E+03
  5.080000E-01  1.112309E+03
  5.100000E-01  1.112166E+03
  5.120000E-01  1.112025E+03
  5.140000E-01  1.111884E+03
  5.160000E-01  1.111744E+03
  5.180000E-01  1.111605E+03
  5.200000E-01  1.111466E+03
  5.220000E-01  1.111329E+03
  5.240000E-01  1.111192E+03
  5.260000E-01  1.111055E+03
  5.280000E-01  1.110920E+03
  5.300000E-01  1.110785E+03
  5.320000E-01  1.110650E+03
  5.340000E-01  1.110517E+03
  5.360000E-01  1.110384E+03
  5.380000E-01  1.110251E+03
  5.400000E-01  1.110119E+03
  5.420000E-01  1.109988E+03
  5.440000E-01  1.109857E+03
  5.460000E-01  1.109727E+03
  5.480000E-01  1.109598E+03
  5.500000E-01  1.109469E+03
  5.520000E-01  1.109341E+03
  5.540000E-01  1.109213E+03
  5.560000E-01  1.109086E+03
  5.580000E-01  1.108959E+03
  5.600000E-01  1.108833E+03
  5.620000E-01  1.108708E+03
  5.640000E-01  1.108583E+03
  5.660000E-01  1.108459E+03
  5.680000E-01  1.108335E+03
  5.700000E-01  1.108211E+03
  5.720000E-01  1.108088E+03
  5.740000E-01  1.107966E+03
  5.760000E-01  1.107844E+03
  5.780000E-01  1.107723E+03
  5.800000E-01  1.107602E+03
  5.820000E-01  1.107482E+03
  5.840000E-01  1.107362E+03
  5.860000E-01  1.107243E+03
  5.880000E-01  1.107124E+03
  5.900000E-01  1.107005E+03
  5.920000E-01  1.106888E+03
  5.940000E-01  1.106770E+03
  5.960000E-01  1.106653E+03
  5.980000E-01  1.106537E+03
  6.000000E-01  1.106421E+03
  6.020000E-01  1.106305E+03
  6.040000E-01  1.106190E+03
  6.060000E-01  1.106075E+03
  6.080000E-01  1.105961E+03
  6.100000E-01  1.105847E+03
  6.120000E-01  1.105734E+03
  6.140000E-01  1.105621E+03
  6.160000E-01  1.105508E+03
  6.180000E-01  1.105396E+03
  6.200000E-01  1.105285E+03
  6.220000E-01  1.105173E+03
  6.240000E-01  1.105063E+03
  6.260000E-01  1.104952E+03
  6.280000E-01  1.104842E+03
  6.300000E-01  1.104733E+03
  6.320000E-01  1.104624E+03
  6.340000E-01  1.104515E+03
  6.360000E-01  1.104407E+03
  6.380000E-01  1.104299E+03
  6.400000E-01  1.104191E+03
  6.420000E-01  1.104084E+03
  6.440000E-01  1.103978E+03
  6.460000E-01  1.103871E+03
  6.480000E-01  1.103765E+03
  6.500000E-01  1.103660E+03
  6.520000E-01  1.103555E+03
  6.540000E-01  1.103450E+03
  6.560000E-01  1.103345E+03
  6.580000E-01  1.103241E+03
  6.600000E-01  1.103138E+03
  6.620000E-01  1.103034E+03
  6.640000E-01  1.102932E+03
  6.660000E-01  1.102829E+03
  6.680000E-01  1.102727E+03
  6.700000E-01  1.102625E+03
  6.720000E-01  1.102524E+03
  6.740000E-01  1.102423E+03
  6.760000E-01  1.102322E+03
  6.780000E-01  1.102221E+03
  6.800000E-01  1.102121E+03
  6.820000E-01  1.102022E+03
  6.840000E-01  1.101922E+03
  6.860000E-01  1.101824E+03
  6.880000E-01  1.101725E+03
  6.900000E-01  1.101627E+03
  6.920000E-01  1.101529E+03
  6.940000E-01  1.101431E+03
  6.960000E-01  1.101334E+03
  6.980000E-01  1.101237E+03
  7.000000E-01  1.101140E+03
  7.020000E-01  1.101044E+03
  7.040000E-01  1.100948E+03
  7.060000E-01  1.100853E+03
  7.080000E-01  1.100757E+03
  7.100000E-01  1.100662E+03
  7.120000E-01  1.100568E+03
  7.140000E-01  1.100473E+03
  7.160000E-01  1.100379E+03
  7.180000E-01  1.100286E+03
  7.200000E-01  1.100189E+03
  7.220000E-01  1.100095E+03
  7.240000E-01  1.100001E+03
  7.260000E-01  1.099907E+03
  7.280000E-01  1.099813E+03
  7.300000E-01  1.099720E+03
  7.320000E-01  1.099627E+03
  7.340000E-01  1.099534E+03
  7.360000E-01  1.099441E+03
  7.380000E-01  1.099349E+03
  7.400000E-01  1.099257E+03
  7.420000E-01  1.099165E+03
  7.440000E-01  1.099074E+03
  7.460000E-01  1.098982E+03
  7.480000E-01  1.098891E+03
  7.500000E-01  1.098800E+03
  7.520000E-01  1.098709E+03
  7.540000E-01  1.098619E+03
  7.560000E-01  1.098529E+03
  7.580000E-01  1.098439E+03
  7.600000E-01  1.098349E+03
  7.620000E-01  1.098260E+03
  7.640000E-01  1.098171E+03
  7.660000E-01  1.098082E+03
  7.680000E-01  1.097993E+03
  7.700000E-01  1.097905E+03
  7.720000E-01  1.097816E+03
  7.740000E-01  1.097728E+03
  7.760000E-01  1.097641E+03
  7.780000E-01  1.097553E+03
  7.800000E-01  1.097466E+03
  7.820000E-01  1.097379E+03
  7.840000E-01  1.097292E+03
  7.860000E-01  1.097206E+03
  7.880000E-01  1.097119E+03
  7.900000E-01  1.097033E+03
  7.920000E-01  1.096948E+03
  7.940000E-01  1.096862E+03
  7.960000E-01  1.096777E+03
  7.980000E-01  1.096692E+03
  8.000000E-01  1.096607E+03
  8.020000E-01  1.096522E+03
  8.040000E-01  1.096438E+03
  8.060000E-01  1.096354E+03
  8.080000E-01  1.096270E+03
  8.100000E-01  1.096186E+03
  8.120000E-01  1.096103E+03
  8.140000E-01  1.096020E+03
  8.160000E-01  1.095937E+03
  8.180000E-01  1.095854E+03
  8.200000E-01  1.095771E+03
  8.220000E-01  1.095689E+03
  8.240000E-01  1.095607E+03
  8.260000E-01  1.095525E+03
  8.280000E-01  1.095444E+03
  8.300000E-01  1.095362E+03
  8.320000E-01  1.095281E+03
  8.340000E-01  1.095200E+03
  8.360000E-01  1.095120E+03
  8.380000E-01  1.095039E+03
  8.400000E-01  1.094959E+03
  8.420000E-01  1.094879E+03
  8.440000E-01  1.094799E+03
  8.460000E-01  1.094720E+03
  8.480000E-01  1.094640E+03
  8.500000E-01  1.094561E+03
  8.520000E-01  1.094482E+03
  8.540000E-01  1.094404E+03
  8.560000E-01  1.094325E+03
  8.580000E-01  1.094247E+03
  8.600000E-01  1.094169E+03
  8.620000E-01  1.094091E+03
  8.640000E-01  1.094014E+03
  8.660000E-01  1.093936E+03
  8.680000E-01  1.093859E+03
  8.700000E-01  1.093782E+03
  8.720000E-01  1.093705E+03
  8.740000E-01  1.093629E+03
  8.760000E-01  1.093553E+03
  8.780000E-01  1.093477E+03
  8.800000E-01  1.093401E+03
  8.820000E-01  1.093325E+03
  8.840000E-01  1.093250E+03
  8.860000E-01  1.093174E+03
  8.880000E-01  1.093099E+03
  8.900000E-01  1.093024E+03
  8.920000E-01  1.092950E+03
  8.940000E-01  1.092875E+03
  8.960000E-01  1.092801E+03
  8.980000E-01  1.092727E+03
  9.000000E-01  1.092653E+03
  9.020000E-01  1.092580E+03
  9.040000E-01  1.092506E+03
  9.060000E-01  1.092433E+03
  9.080000E-01  1.092360E+03
  9.100000E-01  1.092287E+03
  9.120000E-01  1.092215E+03
  9.140000E-01  1.092142E+03
  9.160000E-01  1.092070E+03
  9.180000E-01  1.091998E+03
  9.200000E-01  1.091926E+03
  9.220000E-01  1.091855E+03
  9.240000E-01  1.091783E+03
  9.260000E-01  1.091712E+03
  9.280000E-01  1.091641E+03
  9.300000E-01  1.091570E+03
  9.320000E-01  1.091499E+03
  9.340000E-01  1.091429E+03
  9.360000E-01  1.091359E+03
  9.380000E-01  1.091289E+03
  9.400000E-01  1.091219E+03
  9.420000E-01  1.091149E+03
  9.440000E-01  1.091079E+03
  9.460000E-01  1.091010E+03
  9.480000E-01  1.090941E+03
  9.500000E-01  1.090872E+03
  9.520000E-01  1.090803E+03
  9.540000E-01  1.090735E+03
  9.560000E-01  1.090666E+03
  9.580000E-01  1.090598E+03
  9.600000E-01  1.090530E+03
  9.620000E-01  1.090462E+03
  9.640000E-01  1.090395E+03
  9.660000E-01  1.090327E+03
  9.680000E-01  1.090260E+03
  9.700000E-01  1.090193E+03
  9.720000E-01  1.090126E+03
  9.740000E-01  1.090059E+03
  9.760000E-01  1.089993E+03
  9.780000E-01  1.089926E+03
  9.800000E-01  1.089860E+03
  9.820000E-01  1.089794E+03
  9.840000E-01  1.089728E+03
  9.860000E-01  1.089663E+03
  9.880000E-01  1.089597E+03
  9.900000E-01  1.089532E+03
  9.920000E-01  1.089467E+03
  9.940000E-01  1.089402E+03
  9.960000E-01  1.089337E+03
  9.980000E-01  1.089272E+03
  1.000000E+00  1.089208E+03
  1.002000E+00  1.089143E+03
  1.004000E+00  1.089079E+03
  1.006000E+00  1.089015E+03
  1.008000E+00  1.088952E+03
  1.010000E+00  1.088888E+03
  1.012000E+00  1.088825E+03
  1.014000E+00  1.088761E+03
  1.016000E+00  1.088698E+03
  1.018000E+00  1.088635E+03
  1.020000E+00  1.088572E+03
  1.022000E+00  1.088510E+03
  1.024000E+00  1.088447E+03
  1.026000E+00  1.088385E+03
  1.028000E+00  1.088323E+03
  1.030000E+00  1.088261E+03
  1.032000E+00  1.088199E+03
  1.034000E+00  1.088138E+03
  1.036000E+00  1.088076E+03
  1.038000E+00  1.088015E+03
  1.040000E+00  1.087954E+03
  1.042000E+00  1.087901E+03
  1.044000E+00  1.087846E+03
  1.046000E+00  1.087791E+03
  1.048000E+00  1.087737E+03
  1.050000E+00  1.087684E+03
  1.052000E+00  1.087631E+03
  1.054000E+00  1.087578E+03
  1.056000E+00  1.087526E+03
  1.058000E+00  1.087475E+03
  1.060000E+00  1.087423E+03
  1.062000E+00  1.087373E+03
  1.064000E+00  1.087322E+03
  1.066000E+00  1.087272E+03
  1.068000E+00  1.087222E+03
  1.070000E+00  1.087173E+03
  1.072000E+00  1.087123E+03
  1.074000E+00  1.087074E+03
  1.076000E+00  1.087026E+03
  1.078000E+00  1.086977E+03
  1.080000E+00  1.086929E+03
  1.082000E+00  1.086881E+03
  1.084000E+00  1.086834E+03
  1.086000E+00  1.086786E+03
  1.088000E+00  1.086739E+03
  1.090000E+00  1.086692E+03
  1.092000E+00  1.086645E+03
  1.094000E+00  1.086599E+03
  1.096000E+00  1.086552E+03
  1.098000E+00  1.086506E+03
  1.100000E+00  1.086460E+03
  1.102000E+00  1.086414E+03
  1.104000E+00  1.086369E+03
  1.106000E+00  1.086323E+03
  1.108000E+00  1.086278E+03
  1.110000E+00  1.086233E+03
  1.112000E+00  1.086188E+03
  1.114000E+00  1.086144E+03
  1.116000E+00  1.086099E+03
  1.118000E+00  1.086055E+03
  1.120000E+00  1.086011E+03
  1.122000E+00  1.085966E+03
  1.124000E+00  1.085923E+03
  1.126000E+00  1.085879E+03
  1.128000E+00  1.085835E+03
  1.130000E+00  1.085792E+03
  1.132000E+00  1.085749E+03
  1.134000E+00  1.085705E+03
  1.136000E+00  1.085662E+03
  1.138000E+00  1.085620E+03
  1.140000E+00  1.085577E+03
  1.142000E+00  1.085534E+03
  1.144000E+00  1.085492E+03
  1.146000E+00  1.085450E+03
  1.148000E+00  1.085407E+03
  1.150000E+00  1.085365E+03
  1.152000E+00  1.085324E+03
  1.154000E+00  1.085282E+03
  1.156000E+00  1.085240E+03
  1.158000E+00  1.085199E+03
  1.160000E+00  1.085157E+03
  1.162000E+00  1.085116E+03
  1.164000E+00  1.085075E+03
  1.166000E+00  1.085034E+03
  1.168000E+00  1.084993E+03
  1.170000E+00  1.084952E+03
  1.172000E+00  1.084911E+03
  1.174000E+00  1.084870E+03
  1.176000E+00  1.084830E+03
  1.178000E+00  1.084789E+03
  1.180000E+00  1.084749E+03
  1.182000E+00  1.084709E+03
  1.184000E+00  1.084669E+03
  1.186000E+00  1.084629E+03
  1.188000E+00  1.084589E+03
  1.190000E+00  1.084550E+03
  1.192000E+00  1.084510E+03
  1.194000E+00  1.084471E+03
  1.196000E+00  1.084432E+03
  1.198000E+00  1.084392E+03
  1.200000E+00  1.084353E+03
