  1.000000E-02  9.295334E+02
  1.200000E-02  9.275049E+02
  1.400000E-02  9.254966E+02
  1.600000E-02  9.235084E+02
  1.800000E-02  9.215397E+02
  2.000000E-02  9.195903E+02
  2.200000E-02  9.176599E+02
  2.400000E-02  9.157481E+02
  2.600000E-02  9.138546E+02
  2.800000E-02  9.119793E+02
  3.000000E-02  9.101217E+02
  3.200000E-02  9.082818E+02
  3.400000E-02  9.064591E+02
  3.600000E-02  9.046535E+02
  3.800000E-02  9.028646E+02
  4.000000E-02  9.010924E+02
  4.200000E-02  8.993366E+02
  4.400000E-02  8.975968E+02
  4.600000E-02  8.958730E+02
  4.800000E-02  8.941649E+02
  5.000000E-02  8.924723E+02
  5.200000E-02  8.907950E+02
  5.400000E-02  8.891327E+02
  5.600000E-02  8.874854E+02
  5.800000E-02  8.858528E+02
  6.000000E-02  8.842347E+02
  6.200000E-02  8.826309E+02
  6.400000E-02  8.810413E+02
  6.600000E-02  8.794656E+02
  6.800000E-02  8.779038E+02
  7.000000E-02  8.763555E+02
  7.200000E-02  8.748208E+02
  7.400000E-02  8.732993E+02
  7.600000E-02  8.717910E+02
  7.800000E-02  8.702956E+02
  8.000000E-02  8.688130E+02
  8.200000E-02  8.673431E+02
  8.400000E-02  8.658857E+02
  8.600000E-02  8.644407E+02
  8.800000E-02  8.630079E+02
  9.000000E-02  8.615871E+02
  9.200000E-02  8.601782E+02
  9.400000E-02  8.587812E+02
  9.600000E-02  8.573957E+02
  9.800000E-02  8.560218E+02
  1.000000E-01  8.546592E+02
  1.020000E-01  8.533079E+02
  1.040000E-01  8.519677E+02
  1.060000E-01  8.506384E+02
  1.080000E-01  8.493201E+02
  1.100000E-01  8.480124E+02
  1.120000E-01  8.467154E+02
  1.140000E-01  8.454288E+02
  1.160000E-01  8.441526E+02
  1.180000E-01  8.428867E+02
  1.200000E-01  8.416309E+02
  1.220000E-01  8.403851E+02
  1.240000E-01  8.391492E+02
  1.260000E-01  8.379231E+02
  1.280000E-01  8.367067E+02
  1.300000E-01  8.354999E+02
  1.320000E-01  8.343021E+02
  1.340000E-01  8.331134E+02
  1.360000E-01  8.319338E+02
  1.380000E-01  8.307632E+02
  1.400000E-01  8.296016E+02
  1.420000E-01  8.284488E+02
  1.440000E-01  8.273048E+02
  1.460000E-01  8.261694E+02
  1.480000E-01  8.250427E+02
  1.500000E-01  8.239245E+02
  1.520000E-01  8.228148E+02
  1.540000E-01  8.217133E+02
  1.560000E-01  8.206202E+02
  1.580000E-01  8.195352E+02
  1.600000E-01  8.184583E+02
  1.620000E-01  8.173894E+02
  1.640000E-01  8.163284E+02
  1.660000E-01  8.152753E+02
  1.680000E-01  8.142299E+02
  1.700000E-01  8.131923E+02
  1.720000E-01  8.121622E+02
  1.740000E-01  8.111397E+02
  1.760000E-01  8.101247E+02
  1.780000E-01  8.091170E+02
  1.800000E-01  8.081166E+02
  1.820000E-01  8.071235E+02
  1.840000E-01  8.061375E+02
  1.860000E-01  8.051587E+02
  1.880000E-01  8.041868E+02
  1.900000E-01  8.032219E+02
  1.920000E-01  8.022639E+02
  1.940000E-01  8.013127E+02
  1.960000E-01  8.003683E+02
  1.980000E-01  7.994306E+02
  2.000000E-01  7.984994E+02
  2.020000E-01  7.975749E+02
  2.040000E-01  7.966568E+02
  2.060000E-01  7.957451E+02
  2.080000E-01  7.948398E+02
  2.100000E-01  7.939408E+02
  2.120000E-01  7.930481E+02
  2.140000E-01  7.921615E+02
  2.160000E-01  7.912811E+02
  2.180000E-01  7.904067E+02
  2.200000E-01  7.895384E+02
  2.220000E-01  7.886759E+02
  2.240000E-01  7.878194E+02
  2.260000E-01  7.869688E+02
  2.280000E-01  7.861239E+02
  2.300000E-01  7.852847E+02
  2.320000E-01  7.844512E+02
  2.340000E-01  7.836234E+02
  2.360000E-01  7.828011E+02
  2.380000E-01  7.819843E+02
  2.400000E-01  7.811730E+02
  2.420000E-01  7.803671E+02
  2.440000E-01  7.795666E+02
  2.460000E-01  7.787714E+02
  2.480000E-01  7.779815E+02
  2.500000E-01  7.771968E+02
  2.520000E-01  7.764172E+02
  2.540000E-01  7.756428E+02
  2.560000E-01  7.748735E+02
  2.580000E-01  7.741092E+02
  2.600000E-01  7.733499E+02
  2.620000E-01  7.725955E+02
  2.640000E-01  7.718460E+02
  2.660000E-01  7.711014E+02
  2.680000E-01  7.703616E+02
  2.700000E-01  7.696266E+02
  2.720000E-01  7.688963E+02
  2.740000E-01  7.681707E+02
  2.760000E-01  7.674497E+02
  2.780000E-01  7.667333E+02
  2.800000E-01  7.660215E+02
  2.820000E-01  7.653142E+02
  2.840000E-01  7.646114E+02
  2.860000E-01  7.639130E+02
  2.880000E-01  7.632190E+02
  2.900000E-01  7.625294E+02
  2.920000E-01  7.618441E+02
  2.940000E-01  7.611631E+02
  2.960000E-01  7.604864E+02
  2.980000E-01  7.598138E+02
  3.000000E-01  7.591455E+02
  3.020000E-01  7.584813E+02
  3.040000E-01  7.578212E+02
  3.060000E-01  7.571651E+02
  3.080000E-01  7.565131E+02
  3.100000E-01  7.558652E+02
  3.120000E-01  7.552211E+02
  3.140000E-01  7.545810E+02
  3.160000E-01  7.539449E+02
  3.180000E-01  7.533125E+02
  3.200000E-01  7.526841E+02
  3.220000E-01  7.520594E+02
  3.240000E-01  7.514385E+02
  3.260000E-01  7.508213E+02
  3.280000E-01  7.502079E+02
  3.300000E-01  7.495981E+02
  3.320000E-01  7.489920E+02
  3.340000E-01  7.483895E+02
  3.360000E-01  7.477906E+02
  3.380000E-01  7.471952E+02
  3.400000E-01  7.466034E+02
  3.420000E-01  7.460150E+02
  3.440000E-01  7.454302E+02
  3.460000E-01  7.448488E+02
  3.480000E-01  7.442708E+02
  3.500000E-01  7.436962E+02
  3.520000E-01  7.431249E+02
  3.540000E-01  7.425570E+02
  3.560000E-01  7.419924E+02
  3.580000E-01  7.414310E+02
  3.600000E-01  7.408730E+02
  3.620000E-01  7.403181E+02
  3.640000E-01  7.397665E+02
  3.660000E-01  7.392180E+02
  3.680000E-01  7.386727E+02
  3.700000E-01  7.381304E+02
  3.720000E-01  7.375913E+02
  3.740000E-01  7.370553E+02
  3.760000E-01  7.365223E+02
  3.780000E-01  7.359924E+02
  3.800000E-01  7.354655E+02
  3.820000E-01  7.349415E+02
  3.840000E-01  7.344205E+02
  3.860000E-01  7.339024E+02
  3.880000E-01  7.333872E+02
  3.900000E-01  7.328750E+02
  3.920000E-01  7.323656E+02
  3.940000E-01  7.318590E+02
  3.960000E-01  7.313552E+02
  3.980000E-01  7.308543E+02
  4.000000E-01  7.303561E+02
  4.020000E-01  7.298607E+02
  4.040000E-01  7.293680E+02
  4.060000E-01  7.288781E+02
  4.080000E-01  7.283908E+02
  4.100000E-01  7.279062E+02
  4.120000E-01  7.274243E+02
  4.140000E-01  7.269450E+02
  4.160000E-01  7.264683E+02
  4.180000E-01  7.259942E+02
  4.200000E-01  7.255226E+02
  4.220000E-01  7.250536E+02
  4.240000E-01  7.245872E+02
  4.260000E-01  7.241233E+02
  4.280000E-01  7.236618E+02
  4.300000E-01  7.232029E+02
  4.320000E-01  7.227464E+02
  4.340000E-01  7.222924E+02
  4.360000E-01  7.218407E+02
  4.380000E-01  7.213915E+02
  4.400000E-01  7.209447E+02
  4.420000E-01  7.205002E+02
  4.440000E-01  7.200581E+02
  4.460000E-01  7.196183E+02
  4.480000E-01  7.191809E+02
  4.500000E-01  7.187457E+02
  4.520000E-01  7.183129E+02
  4.540000E-01  7.178822E+02
  4.560000E-01  7.174539E+02
  4.580000E-01  7.170278E+02
  4.600000E-01  7.166039E+02
  4.620000E-01  7.161822E+02
  4.640000E-01  7.157627E+02
  4.660000E-01  7.153453E+02
  4.680000E-01  7.149302E+02
  4.700000E-01  7.145171E+02
  4.720000E-01  7.141062E+02
  4.740000E-01  7.136974E+02
  4.760000E-01  7.133903E+02
  4.780000E-01  7.130618E+02
  4.800000E-01  7.127397E+02
  4.820000E-01  7.124225E+02
  4.840000E-01  7.121093E+02
  4.860000E-01  7.117993E+02
  4.880000E-01  7.114924E+02
  4.900000E-01  7.111882E+02
  4.920000E-01  7.108864E+02
  4.940000E-01  7.105869E+02
  4.960000E-01  7.102895E+02
  4.980000E-01  7.099942E+02
  5.000000E-01  7.097008E+02
  5.020000E-01  7.094093E+02
  5.040000E-01  7.091195E+02
  5.060000E-01  7.088315E+02
  5.080000E-01  7.085451E+02
  5.100000E-01  7.082603E+02
  5.120000E-01  7.079771E+02
  5.140000E-01  7.076954E+02
  5.160000E-01  7.074152E+02
  5.180000E-01  7.071365E+02
  5.200000E-01  7.068592E+02
  5.220000E-01  7.065832E+02
  5.240000E-01  7.063087E+02
  5.260000E-01  7.060354E+02
  5.280000E-01  7.057635E+02
  5.300000E-01  7.054929E+02
  5.320000E-01  7.052235E+02
  5.340000E-01  7.049554E+02
  5.360000E-01  7.046886E+02
  5.380000E-01  7.044229E+02
  5.400000E-01  7.041585E+02
  5.420000E-01  7.038952E+02
  5.440000E-01  7.036331E+02
  5.460000E-01  7.033722E+02
  5.480000E-01  7.031124E+02
  5.500000E-01  7.028537E+02
  5.520000E-01  7.025961E+02
  5.540000E-01  7.023397E+02
  5.560000E-01  7.020843E+02
  5.580000E-01  7.018300E+02
  5.600000E-01  7.015768E+02
  5.620000E-01  7.013246E+02
  5.640000E-01  7.010734E+02
  5.660000E-01  7.008233E+02
  5.680000E-01  7.005742E+02
  5.700000E-01  7.003262E+02
  5.720000E-01  7.000791E+02
  5.740000E-01  6.998330E+02
  5.760000E-01  6.995879E+02
  5.780000E-01  6.993438E+02
  5.800000E-01  6.991007E+02
  5.820000E-01  6.988585E+02
  5.840000E-01  6.986173E+02
  5.860000E-01  6.983770E+02
  5.880000E-01  6.981376E+02
  5.900000E-01  6.978992E+02
  5.920000E-01  6.976617E+02
  5.940000E-01  6.974251E+02
  5.960000E-01  6.971894E+02
  5.980000E-01  6.969546E+02
  6.000000E-01  6.967207E+02
  6.020000E-01  6.964877E+02
  6.040000E-01  6.962555E+02
  6.060000E-01  6.960243E+02
  6.080000E-01  6.957939E+02
  6.100000E-01  6.955643E+02
  6.120000E-01  6.953356E+02
  6.140000E-01  6.951078E+02
  6.160000E-01  6.948808E+02
  6.180000E-01  6.946546E+02
  6.200000E-01  6.944293E+02
  6.220000E-01  6.942048E+02
  6.240000E-01  6.939811E+02
  6.260000E-01  6.937582E+02
  6.280000E-01  6.935361E+02
  6.300000E-01  6.933148E+02
  6.320000E-01  6.930943E+02
  6.340000E-01  6.928746E+02
  6.360000E-01  6.926557E+02
  6.380000E-01  6.924376E+02
  6.400000E-01  6.922202E+02
  6.420000E-01  6.920037E+02
  6.440000E-01  6.917878E+02
  6.460000E-01  6.915728E+02
  6.480000E-01  6.913585E+02
  6.500000E-01  6.911449E+02
  6.520000E-01  6.909321E+02
  6.540000E-01  6.907200E+02
  6.560000E-01  6.905087E+02
  6.580000E-01  6.902981E+02
  6.600000E-01  6.900882E+02
  6.620000E-01  6.898791E+02
  6.640000E-01  6.896706E+02
  6.660000E-01  6.894629E+02
  6.680000E-01  6.892559E+02
  6.700000E-01  6.890496E+02
  6.720000E-01  6.888440E+02
  6.740000E-01  6.886391E+02
  6.760000E-01  6.884349E+02
  6.780000E-01  6.882314E+02
  6.800000E-01  6.880286E+02
  6.820000E-01  6.878264E+02
  6.840000E-01  6.876250E+02
  6.860000E-01  6.874242E+02
  6.880000E-01  6.872240E+02
  6.900000E-01  6.870246E+02
  6.920000E-01  6.868258E+02
  6.940000E-01  6.866276E+02
  6.960000E-01  6.864302E+02
  6.980000E-01  6.862333E+02
  7.000000E-01  6.860372E+02
  7.020000E-01  6.858416E+02
  7.040000E-01  6.856467E+02
  7.060000E-01  6.854525E+02
  7.080000E-01  6.852588E+02
  7.100000E-01  6.850658E+02
  7.120000E-01  6.848735E+02
  7.140000E-01  6.846817E+02
  7.160000E-01  6.844906E+02
  7.180000E-01  6.843001E+02
  7.200000E-01  6.841026E+02
  7.220000E-01  6.839110E+02
  7.240000E-01  6.837197E+02
  7.260000E-01  6.835289E+02
  7.280000E-01  6.833385E+02
  7.300000E-01  6.831486E+02
  7.320000E-01  6.829591E+02
  7.340000E-01  6.827700E+02
  7.360000E-01  6.825814E+02
  7.380000E-01  6.823933E+02
  7.400000E-01  6.822056E+02
  7.420000E-01  6.820184E+02
  7.440000E-01  6.818317E+02
  7.460000E-01  6.816454E+02
  7.480000E-01  6.814596E+02
  7.500000E-01  6.812742E+02
  7.520000E-01  6.810894E+02
  7.540000E-01  6.809050E+02
  7.560000E-01  6.807211E+02
  7.580000E-01  6.805376E+02
  7.600000E-01  6.803546E+02
  7.620000E-01  6.801721E+02
  7.640000E-01  6.799901E+02
  7.660000E-01  6.798085E+02
  7.680000E-01  6.796274E+02
  7.700000E-01  6.794468E+02
  7.720000E-01  6.792666E+02
  7.740000E-01  6.790869E+02
  7.760000E-01  6.789077E+02
  7.780000E-01  6.787290E+02
  7.800000E-01  6.785507E+02
  7.820000E-01  6.783729E+02
  7.840000E-01  6.781955E+02
  7.860000E-01  6.780187E+02
  7.880000E-01  6.778422E+02
  7.900000E-01  6.776663E+02
  7.920000E-01  6.774908E+02
  7.940000E-01  6.773158E+02
  7.960000E-01  6.771412E+02
  7.980000E-01  6.769671E+02
  8.000000E-01  6.767934E+02
  8.020000E-01  6.766202E+02
  8.040000E-01  6.764475E+02
  8.060000E-01  6.762752E+02
  8.080000E-01  6.761034E+02
  8.100000E-01  6.759320E+02
  8.120000E-01  6.757611E+02
  8.140000E-01  6.755906E+02
  8.160000E-01  6.754206E+02
  8.180000E-01  6.752510E+02
  8.200000E-01  6.750819E+02
  8.220000E-01  6.749132E+02
  8.240000E-01  6.747450E+02
  8.260000E-01  6.745772E+02
  8.280000E-01  6.744098E+02
  8.300000E-01  6.742429E+02
  8.320000E-01  6.740764E+02
  8.340000E-01  6.739104E+02
  8.360000E-01  6.737448E+02
  8.380000E-01  6.735796E+02
  8.400000E-01  6.734149E+02
  8.420000E-01  6.732506E+02
  8.440000E-01  6.730867E+02
  8.460000E-01  6.729233E+02
  8.480000E-01  6.727603E+02
  8.500000E-01  6.725977E+02
  8.520000E-01  6.724356E+02
  8.540000E-01  6.722739E+02
  8.560000E-01  6.721126E+02
  8.580000E-01  6.719517E+02
  8.600000E-01  6.717912E+02
  8.620000E-01  6.716312E+02
  8.640000E-01  6.714716E+02
  8.660000E-01  6.713124E+02
  8.680000E-01  6.711536E+02
  8.700000E-01  6.709952E+02
  8.720000E-01  6.708373E+02
  8.740000E-01  6.706797E+02
  8.760000E-01  6.705226E+02
  8.780000E-01  6.703659E+02
  8.800000E-01  6.702096E+02
  8.820000E-01  6.700537E+02
  8.840000E-01  6.698982E+02
  8.860000E-01  6.697431E+02
  8.880000E-01  6.695884E+02
  8.900000E-01  6.694341E+02
  8.920000E-01  6.692802E+02
  8.940000E-01  6.691268E+02
  8.960000E-01  6.689737E+02
  8.980000E-01  6.688210E+02
  9.000000E-01  6.686687E+02
  9.020000E-01  6.685168E+02
  9.040000E-01  6.683653E+02
  9.060000E-01  6.682142E+02
  9.080000E-01  6.680635E+02
  9.100000E-01  6.679131E+02
  9.120000E-01  6.677632E+02
  9.140000E-01  6.676136E+02
  9.160000E-01  6.674645E+02
  9.180000E-01  6.673157E+02
  9.200000E-01  6.671673E+02
  9.220000E-01  6.670193E+02
  9.240000E-01  6.668716E+02
  9.260000E-01  6.667244E+02
  9.280000E-01  6.665775E+02
  9.300000E-01  6.664310E+02
  9.320000E-01  6.662849E+02
  9.340000E-01  6.661391E+02
  9.360000E-01  6.659937E+02
  9.380000E-01  6.658487E+02
  9.400000E-01  6.657041E+02
  9.420000E-01  6.655598E+02
  9.440000E-01  6.654159E+02
  9.460000E-01  6.652724E+02
  9.480000E-01  6.651292E+02
  9.500000E-01  6.649864E+02
  9.520000E-01  6.648440E+02
  9.540000E-01  6.647019E+02
  9.560000E-01  6.645602E+02
  9.580000E-01  6.644189E+02
  9.600000E-01  6.642779E+02
  9.620000E-01  6.641373E+02
  9.640000E-01  6.639970E+02
  9.660000E-01  6.638571E+02
  9.680000E-01  6.637175E+02
  9.700000E-01  6.635783E+02
  9.720000E-01  6.634394E+02
  9.740000E-01  6.633009E+02
  9.760000E-01  6.631628E+02
  9.780000E-01  6.630250E+02
  9.800000E-01  6.628875E+02
  9.820000E-01  6.627504E+02
  9.840000E-01  6.626136E+02
  9.860000E-01  6.624772E+02
  9.880000E-01  6.623411E+02
  9.900000E-01  6.622054E+02
  9.920000E-01  6.620700E+02
  9.940000E-01  6.619350E+02
  9.960000E-01  6.618002E+02
  9.980000E-01  6.616659E+02
  1.000000E+00  6.615318E+02
  1.002000E+00  6.613981E+02
  1.004000E+00  6.612647E+02
  1.006000E+00  6.611317E+02
  1.008000E+00  6.609990E+02
  1.010000E+00  6.608666E+02
  1.012000E+00  6.607346E+02
  1.014000E+00  6.606029E+02
  1.016000E+00  6.604715E+02
  1.018000E+00  6.603404E+02
  1.020000E+00  6.602097E+02
  1.022000E+00  6.600793E+02
  1.024000E+00  6.599492E+02
  1.026000E+00  6.598194E+02
  1.028000E+00  6.596900E+02
  1.030000E+00  6.595609E+02
  1.032000E+00  6.594320E+02
  1.034000E+00  6.593036E+02
  1.036000E+00  6.591754E+02
  1.038000E+00  6.590475E+02
  1.040000E+00  6.589200E+02
  1.042000E+00  6.588105E+02
  1.044000E+00  6.586946E+02
  1.046000E+00  6.585803E+02
  1.048000E+00  6.584675E+02
  1.050000E+00  6.583558E+02
  1.052000E+00  6.582453E+02
  1.054000E+00  6.581357E+02
  1.056000E+00  6.580271E+02
  1.058000E+00  6.579193E+02
  1.060000E+00  6.578124E+02
  1.062000E+00  6.577062E+02
  1.064000E+00  6.576007E+02
  1.066000E+00  6.574959E+02
  1.068000E+00  6.573918E+02
  1.070000E+00  6.572883E+02
  1.072000E+00  6.571853E+02
  1.074000E+00  6.570830E+02
  1.076000E+00  6.569812E+02
  1.078000E+00  6.568799E+02
  1.080000E+00  6.567792E+02
  1.082000E+00  6.566790E+02
  1.084000E+00  6.565792E+02
  1.086000E+00  6.564799E+02
  1.088000E+00  6.563811E+02
  1.090000E+00  6.562828E+02
  1.092000E+00  6.561848E+02
  1.094000E+00  6.560873E+02
  1.096000E+00  6.559902E+02
  1.098000E+00  6.558935E+02
  1.100000E+00  6.557972E+02
  1.102000E+00  6.557014E+02
  1.104000E+00  6.556058E+02
  1.106000E+00  6.555107E+02
  1.108000E+00  6.554159E+02
  1.110000E+00  6.553215E+02
  1.112000E+00  6.552274E+02
  1.114000E+00  6.551337E+02
  1.116000E+00  6.550403E+02
  1.118000E+00  6.549473E+02
  1.120000E+00  6.548546E+02
  1.122000E+00  6.547622E+02
  1.124000E+00  6.546701E+02
  1.126000E+00  6.545784E+02
  1.128000E+00  6.544869E+02
  1.130000E+00  6.543958E+02
  1.132000E+00  6.543049E+02
  1.134000E+00  6.542144E+02
  1.136000E+00  6.541241E+02
  1.138000E+00  6.540341E+02
  1.140000E+00  6.539445E+02
  1.142000E+00  6.538550E+02
  1.144000E+00  6.537659E+02
  1.146000E+00  6.536770E+02
  1.148000E+00  6.535884E+02
  1.150000E+00  6.535001E+02
  1.152000E+00  6.534120E+02
  1.154000E+00  6.533242E+02
  1.156000E+00  6.532367E+02
  1.158000E+00  6.531493E+02
  1.160000E+00  6.530622E+02
  1.162000E+00  6.529754E+02
  1.164000E+00  6.528888E+02
  1.166000E+00  6.528023E+02
  1.168000E+00  6.527161E+02
  1.170000E+00  6.526301E+02
  1.172000E+00  6.525444E+02
  1.174000E+00  6.524589E+02
  1.176000E+00  6.523737E+02
  1.178000E+00  6.522887E+02
  1.180000E+00  6.522040E+02
  1.182000E+00  6.521195E+02
  1.184000E+00  6.520353E+02
  1.186000E+00  6.519513E+02
  1.188000E+00  6.518675E+02
  1.190000E+00  6.517840E+02
  1.192000E+00  6.517008E+02
  1.194000E+00  6.516177E+02
  1.196000E+00  6.515349E+02
  1.198000E+00  6.514523E+02
  1.200000E+00  6.513700E+02
