  1.000000E-02  1.925049E-02 -2.339984E-02 -1.723933E-02 -4.380586E-03
  1.200000E-02  2.701516E-02 -3.311790E-02 -2.444776E-02 -5.952125E-03
  1.400000E-02  3.587654E-02 -4.435131E-02 -3.281020E-02 -7.695033E-03
  1.600000E-02  4.576334E-02 -5.704492E-02 -4.229576E-02 -9.595763E-03
  1.800000E-02  5.661020E-02 -7.114818E-02 -5.287703E-02 -1.164331E-02
  2.000000E-02  6.835673E-02 -8.661437E-02 -6.452950E-02 -1.382853E-02
  2.200000E-02  8.094695E-02 -1.034001E-01 -7.723109E-02 -1.614373E-02
  2.400000E-02  9.432874E-02 -1.214647E-01 -9.096177E-02 -1.858230E-02
  2.600000E-02  1.084534E-01 -1.407702E-01 -1.057033E-01 -2.113852E-02
  2.800000E-02  1.232754E-01 -1.612807E-01 -1.214389E-01 -2.380740E-02
  3.000000E-02  1.387518E-01 -1.829624E-01 -1.381533E-01 -2.658453E-02
  3.200000E-02  1.548426E-01 -2.057830E-01 -1.558324E-01 -2.946597E-02
  3.400000E-02  1.715099E-01 -2.297122E-01 -1.744629E-01 -3.244823E-02
  3.600000E-02  1.887179E-01 -2.547209E-01 -1.940327E-01 -3.552813E-02
  3.800000E-02  2.064330E-01 -2.807816E-01 -2.145305E-01 -3.870281E-02
  4.000000E-02  2.246233E-01 -3.078679E-01 -2.359458E-01 -4.196966E-02
  4.200000E-02  2.432587E-01 -3.359546E-01 -2.582685E-01 -4.532629E-02
  4.400000E-02  2.623106E-01 -3.650175E-01 -2.814895E-01 -4.877051E-02
  4.600000E-02  2.817521E-01 -3.950336E-01 -3.056001E-01 -5.230031E-02
  4.800000E-02  3.015574E-01 -4.259807E-01 -3.305919E-01 -5.591380E-02
  5.000000E-02  3.217024E-01 -4.578375E-01 -3.564573E-01 -5.960924E-02
  5.200000E-02  3.421638E-01 -4.905835E-01 -3.831890E-01 -6.338502E-02
  5.400000E-02  3.629198E-01 -5.241989E-01 -4.107799E-01 -6.723962E-02
  5.600000E-02  3.839496E-01 -5.586649E-01 -4.392235E-01 -7.117162E-02
  5.800000E-02  4.052332E-01 -5.939631E-01 -4.685135E-01 -7.517967E-02
  6.000000E-02  4.267520E-01 -6.300759E-01 -4.986440E-01 -7.926253E-02
  6.200000E-02  4.484879E-01 -6.669862E-01 -5.296093E-01 -8.341899E-02
  6.400000E-02  4.704239E-01 -7.046777E-01 -5.614038E-01 -8.764794E-02
  6.600000E-02  4.925438E-01 -7.431344E-01 -5.940224E-01 -9.194829E-02
  6.800000E-02  5.148321E-01 -7.823410E-01 -6.274601E-01 -9.631904E-02
  7.000000E-02  5.372741E-01 -8.222826E-01 -6.617121E-01 -1.007592E-01
  7.200000E-02  5.598558E-01 -8.629448E-01 -6.967738E-01 -1.052679E-01
  7.400000E-02  5.825638E-01 -9.043137E-01 -7.326407E-01 -1.098441E-01
  7.600000E-02  6.053853E-01 -9.463758E-01 -7.693084E-01 -1.144871E-01
  7.800000E-02  6.283083E-01 -9.891180E-01 -8.067730E-01 -1.191961E-01
  8.000000E-02  6.513213E-01 -1.032528E+00 -8.450303E-01 -1.239702E-01
  8.200000E-02  6.744130E-01 -1.076592E+00 -8.840764E-01 -1.288086E-01
  8.400000E-02  6.975732E-01 -1.121300E+00 -9.239076E-01 -1.337108E-01
  8.600000E-02  7.207917E-01 -1.166639E+00 -9.645203E-01 -1.386759E-01
  8.800000E-02  7.440590E-01 -1.212599E+00 -1.005911E+00 -1.437033E-01
  9.000000E-02  7.673661E-01 -1.259168E+00 -1.048076E+00 -1.487923E-01
  9.200000E-02  7.907042E-01 -1.306335E+00 -1.091012E+00 -1.539423E-01
  9.400000E-02  8.140650E-01 -1.354091E+00 -1.134715E+00 -1.591526E-01
  9.600000E-02  8.374408E-01 -1.402425E+00 -1.179183E+00 -1.644227E-01
  9.800000E-02  8.608240E-01 -1.451327E+00 -1.224413E+00 -1.697520E-01
  1.000000E-01  8.842074E-01 -1.500789E+00 -1.270401E+00 -1.751399E-01
  1.020000E-01  9.075843E-01 -1.550800E+00 -1.317143E+00 -1.805858E-01
  1.040000E-01  9.309481E-01 -1.601351E+00 -1.364639E+00 -1.860893E-01
  1.060000E-01  9.542926E-01 -1.652434E+00 -1.412883E+00 -1.916497E-01
  1.080000E-01  9.776120E-01 -1.704041E+00 -1.461874E+00 -1.972665E-01
  1.100000E-01  1.000901E+00 -1.756162E+00 -1.511608E+00 -2.029393E-01
  1.120000E-01  1.024153E+00 -1.808790E+00 -1.562084E+00 -2.086676E-01
  1.140000E-01  1.047365E+00 -1.861917E+00 -1.613297E+00 -2.144509E-01
  1.160000E-01  1.070530E+00 -1.915534E+00 -1.665246E+00 -2.202886E-01
  1.180000E-01  1.093645E+00 -1.969635E+00 -1.717927E+00 -2.261804E-01
  1.200000E-01  1.116705E+00 -2.024212E+00 -1.771339E+00 -2.321258E-01
  1.220000E-01  1.139706E+00 -2.079258E+00 -1.825478E+00 -2.381243E-01
  1.240000E-01  1.162643E+00 -2.134766E+00 -1.880342E+00 -2.441754E-01
  1.260000E-01  1.185514E+00 -2.190728E+00 -1.935929E+00 -2.502789E-01
  1.280000E-01  1.208315E+00 -2.247139E+00 -1.992235E+00 -2.564342E-01
  1.300000E-01  1.231024E+00 -2.303958E+00 -2.049314E+00 -2.626501E-01
  1.320000E-01  1.253460E+00 -2.360846E+00 -2.107718E+00 -2.690180E-01
  1.340000E-01  1.275701E+00 -2.417940E+00 -2.167214E+00 -2.754981E-01
  1.360000E-01  1.297780E+00 -2.475300E+00 -2.227696E+00 -2.820717E-01
  1.380000E-01  1.319711E+00 -2.532948E+00 -2.289119E+00 -2.887310E-01
  1.400000E-01  1.341501E+00 -2.590895E+00 -2.351455E+00 -2.954709E-01
  1.420000E-01  1.363155E+00 -2.649147E+00 -2.414685E+00 -3.022880E-01
  1.440000E-01  1.384675E+00 -2.707707E+00 -2.478796E+00 -3.091795E-01
  1.460000E-01  1.406064E+00 -2.766576E+00 -2.543775E+00 -3.161434E-01
  1.480000E-01  1.427323E+00 -2.825754E+00 -2.609614E+00 -3.231779E-01
  1.500000E-01  1.448452E+00 -2.885242E+00 -2.676303E+00 -3.302813E-01
  1.520000E-01  1.469454E+00 -2.945037E+00 -2.743836E+00 -3.374523E-01
  1.540000E-01  1.490328E+00 -3.005138E+00 -2.812206E+00 -3.446896E-01
  1.560000E-01  1.511074E+00 -3.065545E+00 -2.881408E+00 -3.519922E-01
  1.580000E-01  1.531694E+00 -3.126254E+00 -2.951435E+00 -3.593589E-01
  1.600000E-01  1.552187E+00 -3.187263E+00 -3.022282E+00 -3.667887E-01
  1.620000E-01  1.572554E+00 -3.248572E+00 -3.093945E+00 -3.742808E-01
  1.640000E-01  1.592795E+00 -3.310176E+00 -3.166419E+00 -3.818343E-01
  1.660000E-01  1.612910E+00 -3.372075E+00 -3.239698E+00 -3.894483E-01
  1.680000E-01  1.632899E+00 -3.434265E+00 -3.313780E+00 -3.971221E-01
  1.700000E-01  1.652763E+00 -3.496744E+00 -3.388659E+00 -4.048549E-01
  1.720000E-01  1.672501E+00 -3.559511E+00 -3.464332E+00 -4.126459E-01
  1.740000E-01  1.692114E+00 -3.622562E+00 -3.540794E+00 -4.204945E-01
  1.760000E-01  1.711602E+00 -3.685896E+00 -3.618041E+00 -4.283999E-01
  1.780000E-01  1.730966E+00 -3.749509E+00 -3.696070E+00 -4.363615E-01
  1.800000E-01  1.750205E+00 -3.813400E+00 -3.774877E+00 -4.443787E-01
  1.820000E-01  1.769320E+00 -3.877567E+00 -3.854458E+00 -4.524508E-01
  1.840000E-01  1.788311E+00 -3.942007E+00 -3.934808E+00 -4.605772E-01
  1.860000E-01  1.807178E+00 -4.006718E+00 -4.015925E+00 -4.687573E-01
  1.880000E-01  1.825922E+00 -4.071697E+00 -4.097805E+00 -4.769905E-01
  1.900000E-01  1.844543E+00 -4.136944E+00 -4.180444E+00 -4.852762E-01
  1.920000E-01  1.863042E+00 -4.202454E+00 -4.263839E+00 -4.936139E-01
  1.940000E-01  1.881419E+00 -4.268227E+00 -4.347985E+00 -5.020030E-01
  1.960000E-01  1.899673E+00 -4.334261E+00 -4.432880E+00 -5.104429E-01
  1.980000E-01  1.917806E+00 -4.400552E+00 -4.518519E+00 -5.189331E-01
  2.000000E-01  1.935819E+00 -4.467100E+00 -4.604900E+00 -5.274731E-01
  2.020000E-01  1.953710E+00 -4.533901E+00 -4.692019E+00 -5.360624E-01
  2.040000E-01  1.971482E+00 -4.600956E+00 -4.779872E+00 -5.447005E-01
  2.060000E-01  1.989134E+00 -4.668260E+00 -4.868456E+00 -5.533867E-01
  2.080000E-01  2.006667E+00 -4.735813E+00 -4.957767E+00 -5.621208E-01
  2.100000E-01  2.024082E+00 -4.803613E+00 -5.047802E+00 -5.709021E-01
  2.120000E-01  2.041378E+00 -4.871657E+00 -5.138557E+00 -5.797301E-01
  2.140000E-01  2.058557E+00 -4.939944E+00 -5.230030E+00 -5.886045E-01
  2.160000E-01  2.075618E+00 -5.008472E+00 -5.322216E+00 -5.975246E-01
  2.180000E-01  2.092563E+00 -5.077240E+00 -5.415112E+00 -6.064902E-01
  2.200000E-01  2.109393E+00 -5.146246E+00 -5.508716E+00 -6.155006E-01
  2.220000E-01  2.126106E+00 -5.215487E+00 -5.603022E+00 -6.245555E-01
  2.240000E-01  2.142705E+00 -5.284963E+00 -5.698029E+00 -6.336543E-01
  2.260000E-01  2.159190E+00 -5.354672E+00 -5.793732E+00 -6.427967E-01
  2.280000E-01  2.175561E+00 -5.424612E+00 -5.890129E+00 -6.519823E-01
  2.300000E-01  2.191820E+00 -5.494781E+00 -5.987215E+00 -6.612105E-01
  2.320000E-01  2.207965E+00 -5.565178E+00 -6.084989E+00 -6.704809E-01
  2.340000E-01  2.223999E+00 -5.635802E+00 -6.183445E+00 -6.797932E-01
  2.360000E-01  2.239922E+00 -5.706650E+00 -6.282581E+00 -6.891469E-01
  2.380000E-01  2.255734E+00 -5.777722E+00 -6.382394E+00 -6.985416E-01
  2.400000E-01  2.271436E+00 -5.849016E+00 -6.482881E+00 -7.079768E-01
  2.420000E-01  2.287029E+00 -5.920531E+00 -6.584037E+00 -7.174523E-01
  2.440000E-01  2.302513E+00 -5.992264E+00 -6.685860E+00 -7.269675E-01
  2.460000E-01  2.317889E+00 -6.064215E+00 -6.788347E+00 -7.365221E-01
  2.480000E-01  2.333158E+00 -6.136383E+00 -6.891493E+00 -7.461157E-01
  2.500000E-01  2.348320E+00 -6.208765E+00 -6.995297E+00 -7.557479E-01
  2.520000E-01  2.363376E+00 -6.281361E+00 -7.099754E+00 -7.654184E-01
  2.540000E-01  2.378327E+00 -6.354169E+00 -7.204861E+00 -7.751266E-01
  2.560000E-01  2.393173E+00 -6.427189E+00 -7.310616E+00 -7.848724E-01
  2.580000E-01  2.407914E+00 -6.500417E+00 -7.417014E+00 -7.946552E-01
  2.600000E-01  2.422552E+00 -6.573854E+00 -7.524053E+00 -8.044747E-01
  2.620000E-01  2.437088E+00 -6.647499E+00 -7.631730E+00 -8.143306E-01
  2.640000E-01  2.451521E+00 -6.721349E+00 -7.740040E+00 -8.242225E-01
  2.660000E-01  2.465853E+00 -6.795403E+00 -7.848982E+00 -8.341501E-01
  2.680000E-01  2.480083E+00 -6.869661E+00 -7.958551E+00 -8.441129E-01
  2.700000E-01  2.494214E+00 -6.944122E+00 -8.068746E+00 -8.541106E-01
  2.720000E-01  2.508245E+00 -7.018783E+00 -8.179561E+00 -8.641430E-01
  2.740000E-01  2.522178E+00 -7.093644E+00 -8.290995E+00 -8.742096E-01
  2.760000E-01  2.536012E+00 -7.168704E+00 -8.403044E+00 -8.843101E-01
  2.780000E-01  2.549748E+00 -7.243962E+00 -8.515705E+00 -8.944441E-01
  2.800000E-01  2.563388E+00 -7.319416E+00 -8.628975E+00 -9.046114E-01
  2.820000E-01  2.576931E+00 -7.395065E+00 -8.742850E+00 -9.148117E-01
  2.840000E-01  2.590379E+00 -7.470909E+00 -8.857328E+00 -9.250444E-01
  2.860000E-01  2.603732E+00 -7.546946E+00 -8.972406E+00 -9.353095E-01
  2.880000E-01  2.616991E+00 -7.623175E+00 -9.088080E+00 -9.456065E-01
  2.900000E-01  2.630156E+00 -7.699595E+00 -9.204348E+00 -9.559351E-01
  2.920000E-01  2.643228E+00 -7.776205E+00 -9.321205E+00 -9.662950E-01
  2.940000E-01  2.656208E+00 -7.853004E+00 -9.438650E+00 -9.766859E-01
  2.960000E-01  2.669096E+00 -7.929991E+00 -9.556679E+00 -9.871074E-01
  2.980000E-01  2.681893E+00 -8.007165E+00 -9.675289E+00 -9.975594E-01
  3.000000E-01  2.694600E+00 -8.084524E+00 -9.794477E+00 -1.008041E+00
  3.020000E-01  2.707216E+00 -8.162069E+00 -9.914240E+00 -1.018553E+00
  3.040000E-01  2.719744E+00 -8.239798E+00 -1.003458E+01 -1.029095E+00
  3.060000E-01  2.732183E+00 -8.317709E+00 -1.015548E+01 -1.039665E+00
  3.080000E-01  2.744535E+00 -8.395803E+00 -1.027695E+01 -1.050264E+00
  3.100000E-01  2.756799E+00 -8.474077E+00 -1.039898E+01 -1.060892E+00
  3.120000E-01  2.768976E+00 -8.552532E+00 -1.052158E+01 -1.071549E+00
  3.140000E-01  2.781067E+00 -8.631166E+00 -1.064473E+01 -1.082233E+00
  3.160000E-01  2.793073E+00 -8.709978E+00 -1.076843E+01 -1.092945E+00
  3.180000E-01  2.804994E+00 -8.788967E+00 -1.089269E+01 -1.103685E+00
  3.200000E-01  2.816831E+00 -8.868133E+00 -1.101749E+01 -1.114452E+00
  3.220000E-01  2.828585E+00 -8.947474E+00 -1.114284E+01 -1.125246E+00
  3.240000E-01  2.840255E+00 -9.026990E+00 -1.126873E+01 -1.136066E+00
  3.260000E-01  2.851843E+00 -9.106679E+00 -1.139516E+01 -1.146913E+00
  3.280000E-01  2.863349E+00 -9.186541E+00 -1.152213E+01 -1.157786E+00
  3.300000E-01  2.874774E+00 -9.266576E+00 -1.164964E+01 -1.168685E+00
  3.320000E-01  2.886119E+00 -9.346781E+00 -1.177767E+01 -1.179609E+00
  3.340000E-01  2.897383E+00 -9.427156E+00 -1.190623E+01 -1.190559E+00
  3.360000E-01  2.908568E+00 -9.507701E+00 -1.203532E+01 -1.201534E+00
  3.380000E-01  2.919674E+00 -9.588415E+00 -1.216493E+01 -1.212534E+00
  3.400000E-01  2.930702E+00 -9.669296E+00 -1.229506E+01 -1.223559E+00
  3.420000E-01  2.941652E+00 -9.750344E+00 -1.242570E+01 -1.234608E+00
  3.440000E-01  2.952525E+00 -9.831558E+00 -1.255687E+01 -1.245681E+00
  3.460000E-01  2.963321E+00 -9.912937E+00 -1.268854E+01 -1.256778E+00
  3.480000E-01  2.974041E+00 -9.994480E+00 -1.282072E+01 -1.267898E+00
  3.500000E-01  2.984686E+00 -1.007619E+01 -1.295341E+01 -1.279042E+00
  3.520000E-01  2.995255E+00 -1.015806E+01 -1.308660E+01 -1.290209E+00
  3.540000E-01  3.005751E+00 -1.024009E+01 -1.322029E+01 -1.301399E+00
  3.560000E-01  3.016172E+00 -1.032228E+01 -1.335447E+01 -1.312612E+00
  3.580000E-01  3.026520E+00 -1.040464E+01 -1.348916E+01 -1.323847E+00
  3.600000E-01  3.036796E+00 -1.048715E+01 -1.362433E+01 -1.335105E+00
  3.620000E-01  3.046999E+00 -1.056982E+01 -1.376000E+01 -1.346384E+00
  3.640000E-01  3.057130E+00 -1.065265E+01 -1.389615E+01 -1.357686E+00
  3.660000E-01  3.067190E+00 -1.073564E+01 -1.403279E+01 -1.369009E+00
  3.680000E-01  3.077180E+00 -1.081878E+01 -1.416991E+01 -1.380353E+00
  3.700000E-01  3.087099E+00 -1.090208E+01 -1.430751E+01 -1.391719E+00
  3.720000E-01  3.096949E+00 -1.098554E+01 -1.444558E+01 -1.403105E+00
  3.740000E-01  3.106729E+00 -1.106915E+01 -1.458413E+01 -1.414512E+00
  3.760000E-01  3.116441E+00 -1.115291E+01 -1.472316E+01 -1.425940E+00
  3.780000E-01  3.126085E+00 -1.123682E+01 -1.486264E+01 -1.437388E+00
  3.800000E-01  3.135661E+00 -1.132089E+01 -1.500260E+01 -1.448856E+00
  3.820000E-01  3.145170E+00 -1.140511E+01 -1.514302E+01 -1.460345E+00
  3.840000E-01  3.154612E+00 -1.148948E+01 -1.528390E+01 -1.471852E+00
  3.860000E-01  3.163988E+00 -1.157400E+01 -1.542524E+01 -1.483380E+00
  3.880000E-01  3.173299E+00 -1.165867E+01 -1.556704E+01 -1.494926E+00
  3.900000E-01  3.182544E+00 -1.174349E+01 -1.570929E+01 -1.506492E+00
  3.920000E-01  3.191725E+00 -1.182845E+01 -1.585199E+01 -1.518077E+00
  3.940000E-01  3.200841E+00 -1.191357E+01 -1.599514E+01 -1.529680E+00
  3.960000E-01  3.209893E+00 -1.199882E+01 -1.613874E+01 -1.541302E+00
  3.980000E-01  3.218882E+00 -1.208423E+01 -1.628278E+01 -1.552943E+00
  4.000000E-01  3.227809E+00 -1.216978E+01 -1.642726E+01 -1.564601E+00
  4.020000E-01  3.236672E+00 -1.225547E+01 -1.657218E+01 -1.576278E+00
  4.040000E-01  3.245474E+00 -1.234131E+01 -1.671754E+01 -1.587972E+00
  4.060000E-01  3.254214E+00 -1.242729E+01 -1.686333E+01 -1.599684E+00
  4.080000E-01  3.262894E+00 -1.251342E+01 -1.700956E+01 -1.611414E+00
  4.100000E-01  3.271512E+00 -1.259968E+01 -1.715621E+01 -1.623161E+00
  4.120000E-01  3.280071E+00 -1.268609E+01 -1.730329E+01 -1.634924E+00
  4.140000E-01  3.288569E+00 -1.277263E+01 -1.745080E+01 -1.646705E+00
  4.160000E-01  3.297009E+00 -1.285932E+01 -1.759873E+01 -1.658503E+00
  4.180000E-01  3.305389E+00 -1.294614E+01 -1.774708E+01 -1.670317E+00
  4.200000E-01  3.313711E+00 -1.303311E+01 -1.789585E+01 -1.682147E+00
  4.220000E-01  3.321975E+00 -1.312021E+01 -1.804503E+01 -1.693994E+00
  4.240000E-01  3.330181E+00 -1.320745E+01 -1.819463E+01 -1.705857E+00
  4.260000E-01  3.338330E+00 -1.329482E+01 -1.834463E+01 -1.717736E+00
  4.280000E-01  3.346422E+00 -1.338233E+01 -1.849505E+01 -1.729630E+00
  4.300000E-01  3.354458E+00 -1.346998E+01 -1.864587E+01 -1.741540E+00
  4.320000E-01  3.362438E+00 -1.355776E+01 -1.879710E+01 -1.753466E+00
  4.340000E-01  3.370362E+00 -1.364568E+01 -1.894873E+01 -1.765407E+00
  4.360000E-01  3.378231E+00 -1.373372E+01 -1.910076E+01 -1.777363E+00
  4.380000E-01  3.386046E+00 -1.382190E+01 -1.925319E+01 -1.789334E+00
  4.400000E-01  3.393806E+00 -1.391022E+01 -1.940601E+01 -1.801320E+00
  4.420000E-01  3.401512E+00 -1.399866E+01 -1.955923E+01 -1.813320E+00
  4.440000E-01  3.409164E+00 -1.408724E+01 -1.971283E+01 -1.825335E+00
  4.460000E-01  3.416763E+00 -1.417594E+01 -1.986683E+01 -1.837364E+00
  4.480000E-01  3.424309E+00 -1.426478E+01 -2.002122E+01 -1.849408E+00
  4.500000E-01  3.431802E+00 -1.435374E+01 -2.017598E+01 -1.861466E+00
  4.520000E-01  3.439244E+00 -1.444283E+01 -2.033114E+01 -1.873537E+00
  4.540000E-01  3.446634E+00 -1.453205E+01 -2.048667E+01 -1.885623E+00
  4.560000E-01  3.453972E+00 -1.462140E+01 -2.064258E+01 -1.897722E+00
  4.580000E-01  3.461260E+00 -1.471087E+01 -2.079887E+01 -1.909834E+00
  4.600000E-01  3.468496E+00 -1.480048E+01 -2.095553E+01 -1.921960E+00
  4.620000E-01  3.475683E+00 -1.489020E+01 -2.111256E+01 -1.934099E+00
  4.640000E-01  3.482819E+00 -1.498005E+01 -2.126997E+01 -1.946251E+00
  4.660000E-01  3.489906E+00 -1.507003E+01 -2.142774E+01 -1.958417E+00
  4.680000E-01  3.496944E+00 -1.516013E+01 -2.158588E+01 -1.970595E+00
  4.700000E-01  3.503932E+00 -1.525035E+01 -2.174439E+01 -1.982785E+00
  4.720000E-01  3.510873E+00 -1.534069E+01 -2.190325E+01 -1.994989E+00
  4.740000E-01  3.517765E+00 -1.543116E+01 -2.206248E+01 -2.007204E+00
  4.760000E-01  3.516399E+00 -1.547029E+01 -2.218859E+01 -2.017966E+00
  4.780000E-01  3.516927E+00 -1.552124E+01 -2.232244E+01 -2.029063E+00
  4.800000E-01  3.517053E+00 -1.556965E+01 -2.245473E+01 -2.040085E+00
  4.820000E-01  3.516911E+00 -1.561636E+01 -2.258596E+01 -2.051057E+00
  4.840000E-01  3.516574E+00 -1.566179E+01 -2.271642E+01 -2.061990E+00
  4.860000E-01  3.516089E+00 -1.570624E+01 -2.284628E+01 -2.072891E+00
  4.880000E-01  3.515486E+00 -1.574989E+01 -2.297567E+01 -2.083767E+00
  4.900000E-01  3.514790E+00 -1.579288E+01 -2.310467E+01 -2.094619E+00
  4.920000E-01  3.514017E+00 -1.583531E+01 -2.323335E+01 -2.105453E+00
  4.940000E-01  3.513180E+00 -1.587727E+01 -2.336174E+01 -2.116268E+00
  4.960000E-01  3.512290E+00 -1.591881E+01 -2.348990E+01 -2.127068E+00
  4.980000E-01  3.511355E+00 -1.596000E+01 -2.361785E+01 -2.137852E+00
  5.000000E-01  3.510383E+00 -1.600087E+01 -2.374563E+01 -2.148623E+00
  5.020000E-01  3.509380E+00 -1.604146E+01 -2.387324E+01 -2.159382E+00
  5.040000E-01  3.508350E+00 -1.608181E+01 -2.400071E+01 -2.170128E+00
  5.060000E-01  3.507299E+00 -1.612193E+01 -2.412806E+01 -2.180863E+00
  5.080000E-01  3.506228E+00 -1.616185E+01 -2.425530E+01 -2.191587E+00
  5.100000E-01  3.505143E+00 -1.620160E+01 -2.438244E+01 -2.202301E+00
  5.120000E-01  3.504045E+00 -1.624119E+01 -2.450950E+01 -2.213005E+00
  5.140000E-01  3.502938E+00 -1.628064E+01 -2.463647E+01 -2.223700E+00
  5.160000E-01  3.501822E+00 -1.631996E+01 -2.476337E+01 -2.234385E+00
  5.180000E-01  3.500701E+00 -1.635916E+01 -2.489020E+01 -2.245061E+00
  5.200000E-01  3.499575E+00 -1.639825E+01 -2.501697E+01 -2.255728E+00
  5.220000E-01  3.498447E+00 -1.643725E+01 -2.514370E+01 -2.266387E+00
  5.240000E-01  3.497318E+00 -1.647617E+01 -2.527037E+01 -2.277038E+00
  5.260000E-01  3.496189E+00 -1.651501E+01 -2.539700E+01 -2.287680E+00
  5.280000E-01  3.495061E+00 -1.655378E+01 -2.552359E+01 -2.298315E+00
  5.300000E-01  3.493935E+00 -1.659248E+01 -2.565014E+01 -2.308941E+00
  5.320000E-01  3.492812E+00 -1.663114E+01 -2.577666E+01 -2.319560E+00
  5.340000E-01  3.491693E+00 -1.666974E+01 -2.590315E+01 -2.330171E+00
  5.360000E-01  3.490579E+00 -1.670831E+01 -2.602962E+01 -2.340774E+00
  5.380000E-01  3.489470E+00 -1.674683E+01 -2.615606E+01 -2.351370E+00
  5.400000E-01  3.488367E+00 -1.678533E+01 -2.628248E+01 -2.361959E+00
  5.420000E-01  3.487270E+00 -1.682379E+01 -2.640887E+01 -2.372540E+00
  5.440000E-01  3.486180E+00 -1.686223E+01 -2.653525E+01 -2.383115E+00
  5.460000E-01  3.485097E+00 -1.690065E+01 -2.666162E+01 -2.393682E+00
  5.480000E-01  3.484023E+00 -1.693906E+01 -2.678797E+01 -2.404242E+00
  5.500000E-01  3.482956E+00 -1.697745E+01 -2.691431E+01 -2.414794E+00
  5.520000E-01  3.481898E+00 -1.701583E+01 -2.704063E+01 -2.425340E+00
  5.540000E-01  3.480849E+00 -1.705421E+01 -2.716695E+01 -2.435879E+00
  5.560000E-01  3.479809E+00 -1.709258E+01 -2.729326E+01 -2.446411E+00
  5.580000E-01  3.478779E+00 -1.713095E+01 -2.741956E+01 -2.456936E+00
  5.600000E-01  3.477758E+00 -1.716933E+01 -2.754585E+01 -2.467455E+00
  5.620000E-01  3.476747E+00 -1.720771E+01 -2.767214E+01 -2.477966E+00
  5.640000E-01  3.475745E+00 -1.724609E+01 -2.779842E+01 -2.488471E+00
  5.660000E-01  3.474755E+00 -1.728449E+01 -2.792469E+01 -2.498969E+00
  5.680000E-01  3.473774E+00 -1.732290E+01 -2.805097E+01 -2.509460E+00
  5.700000E-01  3.472804E+00 -1.736131E+01 -2.817724E+01 -2.519945E+00
  5.720000E-01  3.471845E+00 -1.739975E+01 -2.830351E+01 -2.530422E+00
  5.740000E-01  3.470896E+00 -1.743820E+01 -2.842978E+01 -2.540893E+00
  5.760000E-01  3.469958E+00 -1.747667E+01 -2.855605E+01 -2.551358E+00
  5.780000E-01  3.469031E+00 -1.751516E+01 -2.868231E+01 -2.561816E+00
  5.800000E-01  3.468115E+00 -1.755367E+01 -2.880858E+01 -2.572267E+00
  5.820000E-01  3.467211E+00 -1.759220E+01 -2.893485E+01 -2.582711E+00
  5.840000E-01  3.466317E+00 -1.763076E+01 -2.906112E+01 -2.593149E+00
  5.860000E-01  3.465434E+00 -1.766935E+01 -2.918739E+01 -2.603580E+00
  5.880000E-01  3.464563E+00 -1.770796E+01 -2.931366E+01 -2.614005E+00
  5.900000E-01  3.463703E+00 -1.774660E+01 -2.943994E+01 -2.624423E+00
  5.920000E-01  3.462854E+00 -1.778527E+01 -2.956621E+01 -2.634835E+00
  5.940000E-01  3.462016E+00 -1.782397E+01 -2.969249E+01 -2.645240E+00
  5.960000E-01  3.461190E+00 -1.786270E+01 -2.981878E+01 -2.655638E+00
  5.980000E-01  3.460375E+00 -1.790146E+01 -2.994506E+01 -2.666030E+00
  6.000000E-01  3.459571E+00 -1.794026E+01 -3.007135E+01 -2.676415E+00
  6.020000E-01  3.458779E+00 -1.797909E+01 -3.019764E+01 -2.686794E+00
  6.040000E-01  3.457997E+00 -1.801796E+01 -3.032394E+01 -2.697166E+00
  6.060000E-01  3.457227E+00 -1.805686E+01 -3.045024E+01 -2.707531E+00
  6.080000E-01  3.456469E+00 -1.809581E+01 -3.057654E+01 -2.717891E+00
  6.100000E-01  3.455721E+00 -1.813479E+01 -3.070285E+01 -2.728243E+00
  6.120000E-01  3.454985E+00 -1.817380E+01 -3.082916E+01 -2.738589E+00
  6.140000E-01  3.454260E+00 -1.821286E+01 -3.095548E+01 -2.748928E+00
  6.160000E-01  3.453545E+00 -1.825196E+01 -3.108180E+01 -2.759261E+00
  6.180000E-01  3.452842E+00 -1.829110E+01 -3.120813E+01 -2.769587E+00
  6.200000E-01  3.452150E+00 -1.833028E+01 -3.133446E+01 -2.779907E+00
  6.220000E-01  3.451469E+00 -1.836950E+01 -3.146079E+01 -2.790220E+00
  6.240000E-01  3.450799E+00 -1.840877E+01 -3.158713E+01 -2.800527E+00
  6.260000E-01  3.450140E+00 -1.844808E+01 -3.171348E+01 -2.810827E+00
  6.280000E-01  3.449492E+00 -1.848743E+01 -3.183983E+01 -2.821121E+00
  6.300000E-01  3.448854E+00 -1.852683E+01 -3.196618E+01 -2.831408E+00
  6.320000E-01  3.448228E+00 -1.856627E+01 -3.209254E+01 -2.841688E+00
  6.340000E-01  3.447612E+00 -1.860576E+01 -3.221890E+01 -2.851962E+00
  6.360000E-01  3.447006E+00 -1.864530E+01 -3.234527E+01 -2.862229E+00
  6.380000E-01  3.446411E+00 -1.868488E+01 -3.247164E+01 -2.872490E+00
  6.400000E-01  3.445827E+00 -1.872451E+01 -3.259802E+01 -2.882744E+00
  6.420000E-01  3.445253E+00 -1.876419E+01 -3.272440E+01 -2.892992E+00
  6.440000E-01  3.444690E+00 -1.880391E+01 -3.285079E+01 -2.903233E+00
  6.460000E-01  3.444137E+00 -1.884368E+01 -3.297718E+01 -2.913468E+00
  6.480000E-01  3.443594E+00 -1.888351E+01 -3.310358E+01 -2.923695E+00
  6.500000E-01  3.443061E+00 -1.892338E+01 -3.322998E+01 -2.933917E+00
  6.520000E-01  3.442539E+00 -1.896330E+01 -3.335639E+01 -2.944131E+00
  6.540000E-01  3.442027E+00 -1.900327E+01 -3.348280E+01 -2.954340E+00
  6.560000E-01  3.441524E+00 -1.904329E+01 -3.360921E+01 -2.964541E+00
  6.580000E-01  3.441032E+00 -1.908336E+01 -3.373563E+01 -2.974736E+00
  6.600000E-01  3.440550E+00 -1.912348E+01 -3.386205E+01 -2.984924E+00
  6.620000E-01  3.440077E+00 -1.916365E+01 -3.398848E+01 -2.995106E+00
  6.640000E-01  3.439614E+00 -1.920388E+01 -3.411491E+01 -3.005281E+00
  6.660000E-01  3.439161E+00 -1.924415E+01 -3.424135E+01 -3.015450E+00
  6.680000E-01  3.438717E+00 -1.928448E+01 -3.436779E+01 -3.025612E+00
  6.700000E-01  3.438283E+00 -1.932486E+01 -3.449424E+01 -3.035767E+00
  6.720000E-01  3.437859E+00 -1.936530E+01 -3.462068E+01 -3.045916E+00
  6.740000E-01  3.437444E+00 -1.940578E+01 -3.474714E+01 -3.056058E+00
  6.760000E-01  3.437038E+00 -1.944632E+01 -3.487359E+01 -3.066193E+00
  6.780000E-01  3.436641E+00 -1.948692E+01 -3.500005E+01 -3.076322E+00
  6.800000E-01  3.436254E+00 -1.952756E+01 -3.512651E+01 -3.086444E+00
  6.820000E-01  3.435876E+00 -1.956826E+01 -3.525298E+01 -3.096559E+00
  6.840000E-01  3.435507E+00 -1.960902E+01 -3.537945E+01 -3.106668E+00
  6.860000E-01  3.435146E+00 -1.964983E+01 -3.550592E+01 -3.116770E+00
  6.880000E-01  3.434795E+00 -1.969069E+01 -3.563240E+01 -3.126866E+00
  6.900000E-01  3.434453E+00 -1.973161E+01 -3.575888E+01 -3.136954E+00
  6.920000E-01  3.434119E+00 -1.977258E+01 -3.588536E+01 -3.147037E+00
  6.940000E-01  3.433794E+00 -1.981361E+01 -3.601185E+01 -3.157112E+00
  6.960000E-01  3.433478E+00 -1.985470E+01 -3.613834E+01 -3.167181E+00
  6.980000E-01  3.433170E+00 -1.989583E+01 -3.626483E+01 -3.177243E+00
  7.000000E-01  3.432871E+00 -1.993703E+01 -3.639132E+01 -3.187298E+00
  7.020000E-01  3.432580E+00 -1.997828E+01 -3.651782E+01 -3.197347E+00
  7.040000E-01  3.432298E+00 -2.001959E+01 -3.664431E+01 -3.207388E+00
  7.060000E-01  3.432023E+00 -2.006095E+01 -3.677081E+01 -3.217424E+00
  7.080000E-01  3.431758E+00 -2.010237E+01 -3.689732E+01 -3.227452E+00
  7.100000E-01  3.431500E+00 -2.014384E+01 -3.702382E+01 -3.237474E+00
  7.120000E-01  3.431250E+00 -2.018538E+01 -3.715033E+01 -3.247489E+00
  7.140000E-01  3.431008E+00 -2.022696E+01 -3.727684E+01 -3.257497E+00
  7.160000E-01  3.430774E+00 -2.026861E+01 -3.740335E+01 -3.267499E+00
  7.180000E-01  3.430549E+00 -2.031031E+01 -3.752986E+01 -3.277493E+00
  7.200000E-01  3.427493E+00 -2.033736E+01 -3.762189E+01 -3.284749E+00
  7.220000E-01  3.426406E+00 -2.037459E+01 -3.773764E+01 -3.293880E+00
  7.240000E-01  3.425255E+00 -2.041147E+01 -3.785245E+01 -3.302930E+00
  7.260000E-01  3.424046E+00 -2.044804E+01 -3.796639E+01 -3.311906E+00
  7.280000E-01  3.422785E+00 -2.048432E+01 -3.807953E+01 -3.320812E+00
  7.300000E-01  3.421475E+00 -2.052034E+01 -3.819190E+01 -3.329652E+00
  7.320000E-01  3.420121E+00 -2.055611E+01 -3.830354E+01 -3.338430E+00
  7.340000E-01  3.418726E+00 -2.059165E+01 -3.841450E+01 -3.347147E+00
  7.360000E-01  3.417294E+00 -2.062696E+01 -3.852480E+01 -3.355808E+00
  7.380000E-01  3.415826E+00 -2.066207E+01 -3.863447E+01 -3.364413E+00
  7.400000E-01  3.414325E+00 -2.069698E+01 -3.874353E+01 -3.372965E+00
  7.420000E-01  3.412794E+00 -2.073171E+01 -3.885201E+01 -3.381465E+00
  7.440000E-01  3.411234E+00 -2.076625E+01 -3.895991E+01 -3.389916E+00
  7.460000E-01  3.409648E+00 -2.080063E+01 -3.906727E+01 -3.398318E+00
  7.480000E-01  3.408037E+00 -2.083484E+01 -3.917410E+01 -3.406673E+00
  7.500000E-01  3.406403E+00 -2.086890E+01 -3.928041E+01 -3.414983E+00
  7.520000E-01  3.404747E+00 -2.090282E+01 -3.938622E+01 -3.423248E+00
  7.540000E-01  3.403071E+00 -2.093658E+01 -3.949154E+01 -3.431470E+00
  7.560000E-01  3.401376E+00 -2.097022E+01 -3.959638E+01 -3.439649E+00
  7.580000E-01  3.399663E+00 -2.100372E+01 -3.970076E+01 -3.447787E+00
  7.600000E-01  3.397934E+00 -2.103709E+01 -3.980468E+01 -3.455884E+00
  7.620000E-01  3.396190E+00 -2.107035E+01 -3.990816E+01 -3.463942E+00
  7.640000E-01  3.394432E+00 -2.110349E+01 -4.001120E+01 -3.471961E+00
  7.660000E-01  3.392660E+00 -2.113652E+01 -4.011382E+01 -3.479942E+00
  7.680000E-01  3.390877E+00 -2.116944E+01 -4.021602E+01 -3.487885E+00
  7.700000E-01  3.389082E+00 -2.120225E+01 -4.031782E+01 -3.495792E+00
  7.720000E-01  3.387277E+00 -2.123497E+01 -4.041922E+01 -3.503663E+00
  7.740000E-01  3.385462E+00 -2.126759E+01 -4.052022E+01 -3.511499E+00
  7.760000E-01  3.383639E+00 -2.130012E+01 -4.062084E+01 -3.519300E+00
  7.780000E-01  3.381808E+00 -2.133256E+01 -4.072108E+01 -3.527067E+00
  7.800000E-01  3.379970E+00 -2.136491E+01 -4.082095E+01 -3.534800E+00
  7.820000E-01  3.378125E+00 -2.139718E+01 -4.092046E+01 -3.542501E+00
  7.840000E-01  3.376275E+00 -2.142938E+01 -4.101960E+01 -3.550169E+00
  7.860000E-01  3.374420E+00 -2.146149E+01 -4.111840E+01 -3.557805E+00
  7.880000E-01  3.372561E+00 -2.149353E+01 -4.121684E+01 -3.565409E+00
  7.900000E-01  3.370697E+00 -2.152551E+01 -4.131495E+01 -3.572983E+00
  7.920000E-01  3.368831E+00 -2.155741E+01 -4.141272E+01 -3.580525E+00
  7.940000E-01  3.366962E+00 -2.158924E+01 -4.151016E+01 -3.588038E+00
  7.960000E-01  3.365090E+00 -2.162102E+01 -4.160727E+01 -3.595521E+00
  7.980000E-01  3.363218E+00 -2.165273E+01 -4.170406E+01 -3.602975E+00
  8.000000E-01  3.361344E+00 -2.168438E+01 -4.180053E+01 -3.610399E+00
  8.020000E-01  3.359469E+00 -2.171598E+01 -4.189670E+01 -3.617796E+00
  8.040000E-01  3.357595E+00 -2.174752E+01 -4.199255E+01 -3.625164E+00
  8.060000E-01  3.355721E+00 -2.177902E+01 -4.208810E+01 -3.632504E+00
  8.080000E-01  3.353848E+00 -2.181046E+01 -4.218336E+01 -3.639817E+00
  8.100000E-01  3.351976E+00 -2.184185E+01 -4.227831E+01 -3.647103E+00
  8.120000E-01  3.350105E+00 -2.187320E+01 -4.237298E+01 -3.654362E+00
  8.140000E-01  3.348237E+00 -2.190450E+01 -4.246736E+01 -3.661594E+00
  8.160000E-01  3.346371E+00 -2.193576E+01 -4.256145E+01 -3.668800E+00
  8.180000E-01  3.344508E+00 -2.196698E+01 -4.265527E+01 -3.675981E+00
  8.200000E-01  3.342647E+00 -2.199816E+01 -4.274881E+01 -3.683136E+00
  8.220000E-01  3.340791E+00 -2.202931E+01 -4.284207E+01 -3.690266E+00
  8.240000E-01  3.338938E+00 -2.206042E+01 -4.293507E+01 -3.697370E+00
  8.260000E-01  3.337089E+00 -2.209149E+01 -4.302779E+01 -3.704450E+00
  8.280000E-01  3.335244E+00 -2.212253E+01 -4.312026E+01 -3.711506E+00
  8.300000E-01  3.333405E+00 -2.215354E+01 -4.321246E+01 -3.718537E+00
  8.320000E-01  3.331570E+00 -2.218453E+01 -4.330441E+01 -3.725545E+00
  8.340000E-01  3.329740E+00 -2.221548E+01 -4.339610E+01 -3.732529E+00
  8.360000E-01  3.327916E+00 -2.224641E+01 -4.348754E+01 -3.739489E+00
  8.380000E-01  3.326097E+00 -2.227731E+01 -4.357873E+01 -3.746427E+00
  8.400000E-01  3.324285E+00 -2.230819E+01 -4.366967E+01 -3.753341E+00
  8.420000E-01  3.322479E+00 -2.233905E+01 -4.376037E+01 -3.760232E+00
  8.440000E-01  3.320679E+00 -2.236989E+01 -4.385083E+01 -3.767102E+00
  8.460000E-01  3.318886E+00 -2.240071E+01 -4.394106E+01 -3.773948E+00
  8.480000E-01  3.317100E+00 -2.243151E+01 -4.403104E+01 -3.780773E+00
  8.500000E-01  3.315321E+00 -2.246229E+01 -4.412079E+01 -3.787576E+00
  8.520000E-01  3.313549E+00 -2.249305E+01 -4.421032E+01 -3.794357E+00
  8.540000E-01  3.311784E+00 -2.252380E+01 -4.429961E+01 -3.801117E+00
  8.560000E-01  3.310028E+00 -2.255454E+01 -4.438868E+01 -3.807856E+00
  8.580000E-01  3.308279E+00 -2.258526E+01 -4.447752E+01 -3.814573E+00
  8.600000E-01  3.306538E+00 -2.261598E+01 -4.456614E+01 -3.821270E+00
  8.620000E-01  3.304805E+00 -2.264668E+01 -4.465454E+01 -3.827946E+00
  8.640000E-01  3.303080E+00 -2.267737E+01 -4.474272E+01 -3.834601E+00
  8.660000E-01  3.301364E+00 -2.270806E+01 -4.483069E+01 -3.841236E+00
  8.680000E-01  3.299656E+00 -2.273873E+01 -4.491845E+01 -3.847851E+00
  8.700000E-01  3.297958E+00 -2.276940E+01 -4.500599E+01 -3.854446E+00
  8.720000E-01  3.296268E+00 -2.280007E+01 -4.509333E+01 -3.861021E+00
  8.740000E-01  3.294587E+00 -2.283073E+01 -4.518045E+01 -3.867577E+00
  8.760000E-01  3.292915E+00 -2.286138E+01 -4.526737E+01 -3.874113E+00
  8.780000E-01  3.291252E+00 -2.289204E+01 -4.535409E+01 -3.880630E+00
  8.800000E-01  3.289599E+00 -2.292269E+01 -4.544061E+01 -3.887127E+00
  8.820000E-01  3.287955E+00 -2.295334E+01 -4.552692E+01 -3.893605E+00
  8.840000E-01  3.286320E+00 -2.298399E+01 -4.561304E+01 -3.900065E+00
  8.860000E-01  3.284695E+00 -2.301464E+01 -4.569896E+01 -3.906506E+00
  8.880000E-01  3.283080E+00 -2.304529E+01 -4.578469E+01 -3.912928E+00
  8.900000E-01  3.281475E+00 -2.307595E+01 -4.587022E+01 -3.919332E+00
  8.920000E-01  3.279880E+00 -2.310660E+01 -4.595556E+01 -3.925717E+00
  8.940000E-01  3.278294E+00 -2.313727E+01 -4.604071E+01 -3.932084E+00
  8.960000E-01  3.276719E+00 -2.316793E+01 -4.612567E+01 -3.938434E+00
  8.980000E-01  3.275154E+00 -2.319860E+01 -4.621045E+01 -3.944765E+00
  9.000000E-01  3.273599E+00 -2.322928E+01 -4.629504E+01 -3.951078E+00
  9.020000E-01  3.272054E+00 -2.325996E+01 -4.637945E+01 -3.957374E+00
  9.040000E-01  3.270520E+00 -2.329065E+01 -4.646367E+01 -3.963653E+00
  9.060000E-01  3.268996E+00 -2.332135E+01 -4.654771E+01 -3.969913E+00
  9.080000E-01  3.267482E+00 -2.335206E+01 -4.663158E+01 -3.976157E+00
  9.100000E-01  3.265979E+00 -2.338278E+01 -4.671526E+01 -3.982384E+00
  9.120000E-01  3.264486E+00 -2.341350E+01 -4.679877E+01 -3.988593E+00
  9.140000E-01  3.263004E+00 -2.344424E+01 -4.688211E+01 -3.994785E+00
  9.160000E-01  3.261533E+00 -2.347499E+01 -4.696527E+01 -4.000961E+00
  9.180000E-01  3.260072E+00 -2.350575E+01 -4.704826E+01 -4.007120E+00
  9.200000E-01  3.258622E+00 -2.353652E+01 -4.713107E+01 -4.013262E+00
  9.220000E-01  3.257183E+00 -2.356731E+01 -4.721372E+01 -4.019388E+00
  9.240000E-01  3.255754E+00 -2.359811E+01 -4.729620E+01 -4.025498E+00
  9.260000E-01  3.254337E+00 -2.362892E+01 -4.737851E+01 -4.031591E+00
  9.280000E-01  3.252930E+00 -2.365975E+01 -4.746065E+01 -4.037668E+00
  9.300000E-01  3.251534E+00 -2.369059E+01 -4.754263E+01 -4.043729E+00
  9.320000E-01  3.250149E+00 -2.372145E+01 -4.762445E+01 -4.049774E+00
  9.340000E-01  3.248774E+00 -2.375232E+01 -4.770610E+01 -4.055803E+00
  9.360000E-01  3.247411E+00 -2.378321E+01 -4.778759E+01 -4.061816E+00
  9.380000E-01  3.246059E+00 -2.381412E+01 -4.786892E+01 -4.067814E+00
  9.400000E-01  3.244717E+00 -2.384505E+01 -4.795009E+01 -4.073796E+00
  9.420000E-01  3.243387E+00 -2.387599E+01 -4.803111E+01 -4.079762E+00
  9.440000E-01  3.242067E+00 -2.390696E+01 -4.811196E+01 -4.085713E+00
  9.460000E-01  3.240759E+00 -2.393794E+01 -4.819266E+01 -4.091649E+00
  9.480000E-01  3.239461E+00 -2.396894E+01 -4.827321E+01 -4.097570E+00
  9.500000E-01  3.238175E+00 -2.399996E+01 -4.835360E+01 -4.103475E+00
  9.520000E-01  3.236899E+00 -2.403101E+01 -4.843384E+01 -4.109365E+00
  9.540000E-01  3.235635E+00 -2.406207E+01 -4.851393E+01 -4.115241E+00
  9.560000E-01  3.234381E+00 -2.409315E+01 -4.859386E+01 -4.121101E+00
  9.580000E-01  3.233138E+00 -2.412426E+01 -4.867365E+01 -4.126947E+00
  9.600000E-01  3.231907E+00 -2.415539E+01 -4.875328E+01 -4.132778E+00
  9.620000E-01  3.230686E+00 -2.418654E+01 -4.883277E+01 -4.138594E+00
  9.640000E-01  3.229476E+00 -2.421771E+01 -4.891211E+01 -4.144396E+00
  9.660000E-01  3.228278E+00 -2.424891E+01 -4.899131E+01 -4.150183E+00
  9.680000E-01  3.227090E+00 -2.428013E+01 -4.907036E+01 -4.155956E+00
  9.700000E-01  3.225913E+00 -2.431138E+01 -4.914927E+01 -4.161714E+00
  9.720000E-01  3.224747E+00 -2.434265E+01 -4.922803E+01 -4.167458E+00
  9.740000E-01  3.223593E+00 -2.437394E+01 -4.930665E+01 -4.173188E+00
  9.760000E-01  3.222449E+00 -2.440526E+01 -4.938513E+01 -4.178904E+00
  9.780000E-01  3.221315E+00 -2.443661E+01 -4.946347E+01 -4.184606E+00
  9.800000E-01  3.220193E+00 -2.446798E+01 -4.954166E+01 -4.190294E+00
  9.820000E-01  3.219082E+00 -2.449938E+01 -4.961972E+01 -4.195967E+00
  9.840000E-01  3.217981E+00 -2.453080E+01 -4.969764E+01 -4.201627E+00
  9.860000E-01  3.216892E+00 -2.456225E+01 -4.977542E+01 -4.207274E+00
  9.880000E-01  3.215813E+00 -2.459373E+01 -4.985307E+01 -4.212906E+00
  9.900000E-01  3.214745E+00 -2.462524E+01 -4.993058E+01 -4.218525E+00
  9.920000E-01  3.213687E+00 -2.465677E+01 -5.000796E+01 -4.224130E+00
  9.940000E-01  3.212641E+00 -2.468833E+01 -5.008520E+01 -4.229722E+00
  9.960000E-01  3.211605E+00 -2.471992E+01 -5.016230E+01 -4.235300E+00
  9.980000E-01  3.210579E+00 -2.475154E+01 -5.023928E+01 -4.240865E+00
  1.000000E+00  3.209565E+00 -2.478319E+01 -5.031612E+01 -4.246417E+00
  1.002000E+00  3.208561E+00 -2.481486E+01 -5.039283E+01 -4.251955E+00
  1.004000E+00  3.207567E+00 -2.484657E+01 -5.046941E+01 -4.257480E+00
  1.006000E+00  3.206585E+00 -2.487831E+01 -5.054586E+01 -4.262992E+00
  1.008000E+00  3.205612E+00 -2.491007E+01 -5.062219E+01 -4.268491E+00
  1.010000E+00  3.204651E+00 -2.494187E+01 -5.069838E+01 -4.273977E+00
  1.012000E+00  3.203699E+00 -2.497370E+01 -5.077445E+01 -4.279450E+00
  1.014000E+00  3.202759E+00 -2.500556E+01 -5.085038E+01 -4.284909E+00
  1.016000E+00  3.201828E+00 -2.503745E+01 -5.092620E+01 -4.290356E+00
  1.018000E+00  3.200908E+00 -2.506937E+01 -5.100188E+01 -4.295791E+00
  1.020000E+00  3.199999E+00 -2.510132E+01 -5.107744E+01 -4.301212E+00
  1.022000E+00  3.199099E+00 -2.513331E+01 -5.115288E+01 -4.306621E+00
  1.024000E+00  3.198210E+00 -2.516532E+01 -5.122819E+01 -4.312017E+00
  1.026000E+00  3.197331E+00 -2.519737E+01 -5.130338E+01 -4.317401E+00
  1.028000E+00  3.196463E+00 -2.522946E+01 -5.137845E+01 -4.322772E+00
  1.030000E+00  3.195605E+00 -2.526157E+01 -5.145340E+01 -4.328130E+00
  1.032000E+00  3.194756E+00 -2.529372E+01 -5.152822E+01 -4.333476E+00
  1.034000E+00  3.193918E+00 -2.532590E+01 -5.160293E+01 -4.338810E+00
  1.036000E+00  3.193090E+00 -2.535811E+01 -5.167751E+01 -4.344131E+00
  1.038000E+00  3.192272E+00 -2.539036E+01 -5.175198E+01 -4.349440E+00
  1.040000E+00  3.191464E+00 -2.542265E+01 -5.182633E+01 -4.354737E+00
  1.042000E+00  3.189872E+00 -2.544474E+01 -5.188311E+01 -4.358634E+00
  1.044000E+00  3.188588E+00 -2.547070E+01 -5.194637E+01 -4.363046E+00
  1.046000E+00  3.187253E+00 -2.549590E+01 -5.200822E+01 -4.367343E+00
  1.048000E+00  3.185877E+00 -2.552047E+01 -5.206888E+01 -4.371544E+00
  1.050000E+00  3.184469E+00 -2.554451E+01 -5.212852E+01 -4.375663E+00
  1.052000E+00  3.183033E+00 -2.556809E+01 -5.218726E+01 -4.379710E+00
  1.054000E+00  3.181575E+00 -2.559126E+01 -5.224521E+01 -4.383691E+00
  1.056000E+00  3.180097E+00 -2.561406E+01 -5.230242E+01 -4.387614E+00
  1.058000E+00  3.178602E+00 -2.563653E+01 -5.235898E+01 -4.391483E+00
  1.060000E+00  3.177093E+00 -2.565870E+01 -5.241493E+01 -4.395302E+00
  1.062000E+00  3.175571E+00 -2.568059E+01 -5.247031E+01 -4.399075E+00
  1.064000E+00  3.174039E+00 -2.570223E+01 -5.252517E+01 -4.402806E+00
  1.066000E+00  3.172499E+00 -2.572364E+01 -5.257954E+01 -4.406496E+00
  1.068000E+00  3.170951E+00 -2.574483E+01 -5.263346E+01 -4.410149E+00
  1.070000E+00  3.169396E+00 -2.576582E+01 -5.268694E+01 -4.413766E+00
  1.072000E+00  3.167836E+00 -2.578662E+01 -5.274002E+01 -4.417349E+00
  1.074000E+00  3.166272E+00 -2.580724E+01 -5.279271E+01 -4.420901E+00
  1.076000E+00  3.164705E+00 -2.582770E+01 -5.284504E+01 -4.424423E+00
  1.078000E+00  3.163135E+00 -2.584800E+01 -5.289702E+01 -4.427916E+00
  1.080000E+00  3.161563E+00 -2.586816E+01 -5.294867E+01 -4.431381E+00
  1.082000E+00  3.159990E+00 -2.588818E+01 -5.300001E+01 -4.434821E+00
  1.084000E+00  3.158416E+00 -2.590807E+01 -5.305105E+01 -4.438235E+00
  1.086000E+00  3.156842E+00 -2.592784E+01 -5.310180E+01 -4.441625E+00
  1.088000E+00  3.155268E+00 -2.594749E+01 -5.315227E+01 -4.444992E+00
  1.090000E+00  3.153695E+00 -2.596704E+01 -5.320249E+01 -4.448337E+00
  1.092000E+00  3.152124E+00 -2.598648E+01 -5.325245E+01 -4.451660E+00
  1.094000E+00  3.150554E+00 -2.600582E+01 -5.330217E+01 -4.454963E+00
  1.096000E+00  3.148986E+00 -2.602506E+01 -5.335166E+01 -4.458246E+00
  1.098000E+00  3.147421E+00 -2.604422E+01 -5.340092E+01 -4.461509E+00
  1.100000E+00  3.145858E+00 -2.606329E+01 -5.344996E+01 -4.464755E+00
  1.102000E+00  3.144298E+00 -2.608229E+01 -5.349880E+01 -4.467982E+00
  1.104000E+00  3.142741E+00 -2.610120E+01 -5.354744E+01 -4.471192E+00
  1.106000E+00  3.141188E+00 -2.612005E+01 -5.359589E+01 -4.474386E+00
  1.108000E+00  3.139638E+00 -2.613883E+01 -5.364414E+01 -4.477563E+00
  1.110000E+00  3.138093E+00 -2.615754E+01 -5.369222E+01 -4.480724E+00
  1.112000E+00  3.136551E+00 -2.617618E+01 -5.374012E+01 -4.483870E+00
  1.114000E+00  3.135014E+00 -2.619477E+01 -5.378786E+01 -4.487002E+00
  1.116000E+00  3.133481E+00 -2.621330E+01 -5.383543E+01 -4.490118E+00
  1.118000E+00  3.131953E+00 -2.623178E+01 -5.388284E+01 -4.493222E+00
  1.120000E+00  3.130429E+00 -2.625021E+01 -5.393010E+01 -4.496311E+00
  1.122000E+00  3.128910E+00 -2.626859E+01 -5.397722E+01 -4.499387E+00
  1.124000E+00  3.127397E+00 -2.628692E+01 -5.402419E+01 -4.502451E+00
  1.126000E+00  3.125889E+00 -2.630521E+01 -5.407102E+01 -4.505502E+00
  1.128000E+00  3.124386E+00 -2.632346E+01 -5.411772E+01 -4.508541E+00
  1.130000E+00  3.122888E+00 -2.634167E+01 -5.416429E+01 -4.511568E+00
  1.132000E+00  3.121396E+00 -2.635984E+01 -5.421074E+01 -4.514584E+00
  1.134000E+00  3.119909E+00 -2.637798E+01 -5.425706E+01 -4.517589E+00
  1.136000E+00  3.118428E+00 -2.639609E+01 -5.430327E+01 -4.520583E+00
  1.138000E+00  3.116953E+00 -2.641416E+01 -5.434937E+01 -4.523567E+00
  1.140000E+00  3.115484E+00 -2.643220E+01 -5.439535E+01 -4.526541E+00
  1.142000E+00  3.114021E+00 -2.645022E+01 -5.444124E+01 -4.529504E+00
  1.144000E+00  3.112564E+00 -2.646822E+01 -5.448702E+01 -4.532459E+00
  1.146000E+00  3.111113E+00 -2.648619E+01 -5.453271E+01 -4.535404E+00
  1.148000E+00  3.109668E+00 -2.650414E+01 -5.457831E+01 -4.538340E+00
  1.150000E+00  3.108229E+00 -2.652207E+01 -5.462382E+01 -4.541268E+00
  1.152000E+00  3.106797E+00 -2.653999E+01 -5.466925E+01 -4.544188E+00
  1.154000E+00  3.105371E+00 -2.655789E+01 -5.471460E+01 -4.547101E+00
  1.156000E+00  3.103952E+00 -2.657578E+01 -5.475989E+01 -4.550006E+00
  1.158000E+00  3.102540E+00 -2.659367E+01 -5.480511E+01 -4.552904E+00
  1.160000E+00  3.101134E+00 -2.661155E+01 -5.485028E+01 -4.555797E+00
  1.162000E+00  3.099735E+00 -2.662943E+01 -5.489541E+01 -4.558685E+00
  1.164000E+00  3.098344E+00 -2.664733E+01 -5.494053E+01 -4.561569E+00
  1.166000E+00  3.096962E+00 -2.666528E+01 -5.498572E+01 -4.564457E+00
  1.168000E+00  3.095587E+00 -2.668324E+01 -5.503090E+01 -4.567342E+00
  1.170000E+00  3.094218E+00 -2.670118E+01 -5.507597E+01 -4.570217E+00
  1.172000E+00  3.092855E+00 -2.671909E+01 -5.512092E+01 -4.573082E+00
  1.174000E+00  3.091497E+00 -2.673697E+01 -5.516576E+01 -4.575936E+00
  1.176000E+00  3.090146E+00 -2.675482E+01 -5.521049E+01 -4.578781E+00
  1.178000E+00  3.088800E+00 -2.677265E+01 -5.525511E+01 -4.581615E+00
  1.180000E+00  3.087459E+00 -2.679045E+01 -5.529963E+01 -4.584440E+00
  1.182000E+00  3.086125E+00 -2.680823E+01 -5.534403E+01 -4.587255E+00
  1.184000E+00  3.084796E+00 -2.682599E+01 -5.538833E+01 -4.590060E+00
  1.186000E+00  3.083472E+00 -2.684372E+01 -5.543253E+01 -4.592856E+00
  1.188000E+00  3.082155E+00 -2.686143E+01 -5.547663E+01 -4.595643E+00
  1.190000E+00  3.080843E+00 -2.687912E+01 -5.552062E+01 -4.598420E+00
  1.192000E+00  3.079537E+00 -2.689679E+01 -5.556452E+01 -4.601189E+00
  1.194000E+00  3.078237E+00 -2.691444E+01 -5.560832E+01 -4.603948E+00
  1.196000E+00  3.076943E+00 -2.693207E+01 -5.565202E+01 -4.606698E+00
  1.198000E+00  3.075654E+00 -2.694968E+01 -5.569563E+01 -4.609440E+00
  1.200000E+00  3.074371E+00 -2.696727E+01 -5.573914E+01 -4.612173E+00
