  1.000000E-02  1.433258E+00  1.338010E+00 -3.435699E-01
  1.200000E-02  1.714386E+00  1.605612E+00 -4.119735E-01
  1.400000E-02  1.993784E+00  1.873214E+00 -4.802519E-01
  1.600000E-02  2.271481E+00  2.140816E+00 -5.483981E-01
  1.800000E-02  2.547504E+00  2.408418E+00 -6.164060E-01
  2.000000E-02  2.821876E+00  2.676020E+00 -6.842700E-01
  2.200000E-02  3.094619E+00  2.943622E+00 -7.519851E-01
  2.400000E-02  3.365754E+00  3.211224E+00 -8.195466E-01
  2.600000E-02  3.635300E+00  3.478826E+00 -8.869502E-01
  2.800000E-02  3.903274E+00  3.746428E+00 -9.541921E-01
  3.000000E-02  4.169695E+00  4.014030E+00 -1.021268E+00
  3.200000E-02  4.434579E+00  4.281632E+00 -1.088176E+00
  3.400000E-02  4.697943E+00  4.549234E+00 -1.154912E+00
  3.600000E-02  4.959801E+00  4.816836E+00 -1.221473E+00
  3.800000E-02  5.220169E+00  5.084438E+00 -1.287857E+00
  4.000000E-02  5.479062E+00  5.352040E+00 -1.354060E+00
  4.200000E-02  5.736494E+00  5.619642E+00 -1.420081E+00
  4.400000E-02  5.992479E+00  5.887244E+00 -1.485918E+00
  4.600000E-02  6.247030E+00  6.154846E+00 -1.551569E+00
  4.800000E-02  6.500162E+00  6.422448E+00 -1.617031E+00
  5.000000E-02  6.751885E+00  6.690050E+00 -1.682302E+00
  5.200000E-02  7.002215E+00  6.957652E+00 -1.747382E+00
  5.400000E-02  7.251163E+00  7.225255E+00 -1.812269E+00
  5.600000E-02  7.498741E+00  7.492857E+00 -1.876961E+00
  5.800000E-02  7.744961E+00  7.760459E+00 -1.941456E+00
  6.000000E-02  7.989836E+00  8.028061E+00 -2.005755E+00
  6.200000E-02  8.233377E+00  8.295663E+00 -2.069854E+00
  6.400000E-02  8.475596E+00  8.563265E+00 -2.133754E+00
  6.600000E-02  8.716504E+00  8.830867E+00 -2.197453E+00
  6.800000E-02  8.956111E+00  9.098469E+00 -2.260951E+00
  7.000000E-02  9.194430E+00  9.366071E+00 -2.324246E+00
  7.200000E-02  9.431471E+00  9.633673E+00 -2.387337E+00
  7.400000E-02  9.667244E+00  9.901275E+00 -2.450224E+00
  7.600000E-02  9.901761E+00  1.016888E+01 -2.512907E+00
  7.800000E-02  1.013503E+01  1.043648E+01 -2.575383E+00
  8.000000E-02  1.036707E+01  1.070408E+01 -2.637654E+00
  8.200000E-02  1.059787E+01  1.097168E+01 -2.699718E+00
  8.400000E-02  1.082747E+01  1.123928E+01 -2.761574E+00
  8.600000E-02  1.105585E+01  1.150689E+01 -2.823223E+00
  8.800000E-02  1.128304E+01  1.177449E+01 -2.884663E+00
  9.000000E-02  1.150905E+01  1.204209E+01 -2.945895E+00
  9.200000E-02  1.173387E+01  1.230969E+01 -3.006917E+00
  9.400000E-02  1.195753E+01  1.257729E+01 -3.067730E+00
  9.600000E-02  1.218003E+01  1.284490E+01 -3.128334E+00
  9.800000E-02  1.240138E+01  1.311250E+01 -3.188728E+00
  1.000000E-01  1.262160E+01  1.338010E+01 -3.248911E+00
  1.020000E-01  1.284068E+01  1.364770E+01 -3.308884E+00
  1.040000E-01  1.305864E+01  1.391530E+01 -3.368647E+00
  1.060000E-01  1.327548E+01  1.418291E+01 -3.428199E+00
  1.080000E-01  1.349122E+01  1.445051E+01 -3.487540E+00
  1.100000E-01  1.370587E+01  1.471811E+01 -3.546670E+00
  1.120000E-01  1.391943E+01  1.498571E+01 -3.605590E+00
  1.140000E-01  1.413191E+01  1.525332E+01 -3.664298E+00
  1.160000E-01  1.434331E+01  1.552092E+01 -3.722795E+00
  1.180000E-01  1.455366E+01  1.578852E+01 -3.781081E+00
  1.200000E-01  1.476295E+01  1.605612E+01 -3.839157E+00
  1.220000E-01  1.497120E+01  1.632372E+01 -3.897021E+00
  1.240000E-01  1.517841E+01  1.659133E+01 -3.954675E+00
  1.260000E-01  1.538458E+01  1.685893E+01 -4.012118E+00
  1.280000E-01  1.558974E+01  1.712653E+01 -4.069350E+00
  1.300000E-01  1.579388E+01  1.739413E+01 -4.126372E+00
  1.320000E-01  1.599705E+01  1.766173E+01 -4.182785E+00
  1.340000E-01  1.619931E+01  1.792934E+01 -4.238047E+00
  1.360000E-01  1.640062E+01  1.819694E+01 -4.292603E+00
  1.380000E-01  1.660098E+01  1.846454E+01 -4.346579E+00
  1.400000E-01  1.680040E+01  1.873214E+01 -4.400039E+00
  1.420000E-01  1.699887E+01  1.899974E+01 -4.453027E+00
  1.440000E-01  1.719641E+01  1.926735E+01 -4.505571E+00
  1.460000E-01  1.739301E+01  1.953495E+01 -4.557694E+00
  1.480000E-01  1.758869E+01  1.980255E+01 -4.609414E+00
  1.500000E-01  1.778344E+01  2.007015E+01 -4.660746E+00
  1.520000E-01  1.797728E+01  2.033775E+01 -4.711703E+00
  1.540000E-01  1.817020E+01  2.060536E+01 -4.762294E+00
  1.560000E-01  1.836223E+01  2.087296E+01 -4.812531E+00
  1.580000E-01  1.855336E+01  2.114056E+01 -4.862420E+00
  1.600000E-01  1.874359E+01  2.140816E+01 -4.911971E+00
  1.620000E-01  1.893294E+01  2.167576E+01 -4.961189E+00
  1.640000E-01  1.912141E+01  2.194337E+01 -5.010080E+00
  1.660000E-01  1.930901E+01  2.221097E+01 -5.058652E+00
  1.680000E-01  1.949574E+01  2.247857E+01 -5.106909E+00
  1.700000E-01  1.968160E+01  2.274617E+01 -5.154855E+00
  1.720000E-01  1.986661E+01  2.301377E+01 -5.202497E+00
  1.740000E-01  2.005078E+01  2.328138E+01 -5.249838E+00
  1.760000E-01  2.023409E+01  2.354898E+01 -5.296883E+00
  1.780000E-01  2.041657E+01  2.381658E+01 -5.343635E+00
  1.800000E-01  2.059821E+01  2.408418E+01 -5.390099E+00
  1.820000E-01  2.077903E+01  2.435178E+01 -5.436278E+00
  1.840000E-01  2.095903E+01  2.461939E+01 -5.482176E+00
  1.860000E-01  2.113821E+01  2.488699E+01 -5.527796E+00
  1.880000E-01  2.131658E+01  2.515459E+01 -5.573142E+00
  1.900000E-01  2.149414E+01  2.542219E+01 -5.618216E+00
  1.920000E-01  2.167091E+01  2.568979E+01 -5.663022E+00
  1.940000E-01  2.184688E+01  2.595740E+01 -5.707563E+00
  1.960000E-01  2.202206E+01  2.622500E+01 -5.751842E+00
  1.980000E-01  2.219646E+01  2.649260E+01 -5.795861E+00
  2.000000E-01  2.237008E+01  2.676020E+01 -5.839623E+00
  2.020000E-01  2.254292E+01  2.702780E+01 -5.883131E+00
  2.040000E-01  2.271500E+01  2.729541E+01 -5.926388E+00
  2.060000E-01  2.288631E+01  2.756301E+01 -5.969397E+00
  2.080000E-01  2.305687E+01  2.783061E+01 -6.012159E+00
  2.100000E-01  2.322667E+01  2.809821E+01 -6.054678E+00
  2.120000E-01  2.339573E+01  2.836581E+01 -6.096955E+00
  2.140000E-01  2.356404E+01  2.863342E+01 -6.138993E+00
  2.160000E-01  2.373161E+01  2.890102E+01 -6.180796E+00
  2.180000E-01  2.389845E+01  2.916862E+01 -6.222364E+00
  2.200000E-01  2.406457E+01  2.943622E+01 -6.263700E+00
  2.220000E-01  2.422995E+01  2.970382E+01 -6.304806E+00
  2.240000E-01  2.439462E+01  2.997143E+01 -6.345686E+00
  2.260000E-01  2.455858E+01  3.023903E+01 -6.386340E+00
  2.280000E-01  2.472182E+01  3.050663E+01 -6.426771E+00
  2.300000E-01  2.488436E+01  3.077423E+01 -6.466981E+00
  2.320000E-01  2.504620E+01  3.104183E+01 -6.506973E+00
  2.340000E-01  2.520734E+01  3.130944E+01 -6.546748E+00
  2.360000E-01  2.536779E+01  3.157704E+01 -6.586309E+00
  2.380000E-01  2.552755E+01  3.184464E+01 -6.625657E+00
  2.400000E-01  2.568663E+01  3.211224E+01 -6.664795E+00
  2.420000E-01  2.584504E+01  3.237984E+01 -6.703724E+00
  2.440000E-01  2.600276E+01  3.264745E+01 -6.742447E+00
  2.460000E-01  2.615982E+01  3.291505E+01 -6.780965E+00
  2.480000E-01  2.631621E+01  3.318265E+01 -6.819280E+00
  2.500000E-01  2.647194E+01  3.345025E+01 -6.857395E+00
  2.520000E-01  2.662701E+01  3.371785E+01 -6.895312E+00
  2.540000E-01  2.678143E+01  3.398546E+01 -6.933031E+00
  2.560000E-01  2.693520E+01  3.425306E+01 -6.970555E+00
  2.580000E-01  2.708833E+01  3.452066E+01 -7.007886E+00
  2.600000E-01  2.724081E+01  3.478826E+01 -7.045026E+00
  2.620000E-01  2.739266E+01  3.505586E+01 -7.081977E+00
  2.640000E-01  2.754387E+01  3.532347E+01 -7.118739E+00
  2.660000E-01  2.769446E+01  3.559107E+01 -7.155316E+00
  2.680000E-01  2.784442E+01  3.585867E+01 -7.191709E+00
  2.700000E-01  2.799375E+01  3.612627E+01 -7.227919E+00
  2.720000E-01  2.814247E+01  3.639387E+01 -7.263948E+00
  2.740000E-01  2.829058E+01  3.666148E+01 -7.299799E+00
  2.760000E-01  2.843808E+01  3.692908E+01 -7.335472E+00
  2.780000E-01  2.858497E+01  3.719668E+01 -7.370970E+00
  2.800000E-01  2.873126E+01  3.746428E+01 -7.406294E+00
  2.820000E-01  2.887695E+01  3.773188E+01 -7.441446E+00
  2.840000E-01  2.902204E+01  3.799949E+01 -7.476427E+00
  2.860000E-01  2.916654E+01  3.826709E+01 -7.511240E+00
  2.880000E-01  2.931046E+01  3.853469E+01 -7.545885E+00
  2.900000E-01  2.945379E+01  3.880229E+01 -7.580365E+00
  2.920000E-01  2.959653E+01  3.906989E+01 -7.614680E+00
  2.940000E-01  2.973871E+01  3.933750E+01 -7.648833E+00
  2.960000E-01  2.988030E+01  3.960510E+01 -7.682825E+00
  2.980000E-01  3.002133E+01  3.987270E+01 -7.716658E+00
  3.000000E-01  3.016179E+01  4.014030E+01 -7.750334E+00
  3.020000E-01  3.030169E+01  4.040790E+01 -7.783853E+00
  3.040000E-01  3.044102E+01  4.067551E+01 -7.817217E+00
  3.060000E-01  3.057980E+01  4.094311E+01 -7.850428E+00
  3.080000E-01  3.071803E+01  4.121071E+01 -7.883488E+00
  3.100000E-01  3.085570E+01  4.147831E+01 -7.916397E+00
  3.120000E-01  3.099283E+01  4.174591E+01 -7.949157E+00
  3.140000E-01  3.112941E+01  4.201352E+01 -7.981771E+00
  3.160000E-01  3.126546E+01  4.228112E+01 -8.014238E+00
  3.180000E-01  3.140096E+01  4.254872E+01 -8.046562E+00
  3.200000E-01  3.153594E+01  4.281632E+01 -8.078742E+00
  3.220000E-01  3.167038E+01  4.308392E+01 -8.110781E+00
  3.240000E-01  3.180429E+01  4.335153E+01 -8.142680E+00
  3.260000E-01  3.193768E+01  4.361913E+01 -8.174440E+00
  3.280000E-01  3.207054E+01  4.388673E+01 -8.206062E+00
  3.300000E-01  3.220289E+01  4.415433E+01 -8.237549E+00
  3.320000E-01  3.233472E+01  4.442194E+01 -8.268901E+00
  3.340000E-01  3.246604E+01  4.468954E+01 -8.300120E+00
  3.360000E-01  3.259685E+01  4.495714E+01 -8.331207E+00
  3.380000E-01  3.272715E+01  4.522474E+01 -8.362164E+00
  3.400000E-01  3.285695E+01  4.549234E+01 -8.392991E+00
  3.420000E-01  3.298624E+01  4.575995E+01 -8.423690E+00
  3.440000E-01  3.311504E+01  4.602755E+01 -8.454263E+00
  3.460000E-01  3.324335E+01  4.629515E+01 -8.484710E+00
  3.480000E-01  3.337116E+01  4.656275E+01 -8.515034E+00
  3.500000E-01  3.349848E+01  4.683035E+01 -8.545234E+00
  3.520000E-01  3.362531E+01  4.709796E+01 -8.575313E+00
  3.540000E-01  3.375166E+01  4.736556E+01 -8.605271E+00
  3.560000E-01  3.387753E+01  4.763316E+01 -8.635110E+00
  3.580000E-01  3.400292E+01  4.790076E+01 -8.664831E+00
  3.600000E-01  3.412783E+01  4.816836E+01 -8.694436E+00
  3.620000E-01  3.425228E+01  4.843597E+01 -8.723925E+00
  3.640000E-01  3.437625E+01  4.870357E+01 -8.753300E+00
  3.660000E-01  3.449975E+01  4.897117E+01 -8.782561E+00
  3.680000E-01  3.462279E+01  4.923877E+01 -8.811711E+00
  3.700000E-01  3.474536E+01  4.950637E+01 -8.840750E+00
  3.720000E-01  3.486748E+01  4.977398E+01 -8.869679E+00
  3.740000E-01  3.498913E+01  5.004158E+01 -8.898499E+00
  3.760000E-01  3.511034E+01  5.030918E+01 -8.927212E+00
  3.780000E-01  3.523109E+01  5.057678E+01 -8.955819E+00
  3.800000E-01  3.535139E+01  5.084438E+01 -8.984320E+00
  3.820000E-01  3.547124E+01  5.111199E+01 -9.012718E+00
  3.840000E-01  3.559065E+01  5.137959E+01 -9.041012E+00
  3.860000E-01  3.570962E+01  5.164719E+01 -9.069204E+00
  3.880000E-01  3.582814E+01  5.191479E+01 -9.097295E+00
  3.900000E-01  3.594623E+01  5.218239E+01 -9.125287E+00
  3.920000E-01  3.606389E+01  5.245000E+01 -9.153179E+00
  3.940000E-01  3.618111E+01  5.271760E+01 -9.180974E+00
  3.960000E-01  3.629790E+01  5.298520E+01 -9.208672E+00
  3.980000E-01  3.641426E+01  5.325280E+01 -9.236274E+00
  4.000000E-01  3.653020E+01  5.352040E+01 -9.263782E+00
  4.020000E-01  3.664572E+01  5.378801E+01 -9.291195E+00
  4.040000E-01  3.676081E+01  5.405561E+01 -9.318516E+00
  4.060000E-01  3.687549E+01  5.432321E+01 -9.345745E+00
  4.080000E-01  3.698975E+01  5.459081E+01 -9.372884E+00
  4.100000E-01  3.710359E+01  5.485841E+01 -9.399932E+00
  4.120000E-01  3.721703E+01  5.512602E+01 -9.426891E+00
  4.140000E-01  3.733005E+01  5.539362E+01 -9.453763E+00
  4.160000E-01  3.744267E+01  5.566122E+01 -9.480547E+00
  4.180000E-01  3.755488E+01  5.592882E+01 -9.507245E+00
  4.200000E-01  3.766669E+01  5.619642E+01 -9.533858E+00
  4.220000E-01  3.777810E+01  5.646403E+01 -9.560386E+00
  4.240000E-01  3.788911E+01  5.673163E+01 -9.586832E+00
  4.260000E-01  3.799972E+01  5.699923E+01 -9.613194E+00
  4.280000E-01  3.810994E+01  5.726683E+01 -9.639475E+00
  4.300000E-01  3.821977E+01  5.753443E+01 -9.665675E+00
  4.320000E-01  3.832921E+01  5.780204E+01 -9.691795E+00
  4.340000E-01  3.843826E+01  5.806964E+01 -9.717836E+00
  4.360000E-01  3.854692E+01  5.833724E+01 -9.743798E+00
  4.380000E-01  3.865520E+01  5.860484E+01 -9.769684E+00
  4.400000E-01  3.876310E+01  5.887244E+01 -9.795492E+00
  4.420000E-01  3.887062E+01  5.914005E+01 -9.821225E+00
  4.440000E-01  3.897776E+01  5.940765E+01 -9.846883E+00
  4.460000E-01  3.908453E+01  5.967525E+01 -9.872466E+00
  4.480000E-01  3.919092E+01  5.994285E+01 -9.897976E+00
  4.500000E-01  3.929694E+01  6.021045E+01 -9.923414E+00
  4.520000E-01  3.940259E+01  6.047806E+01 -9.948779E+00
  4.540000E-01  3.950787E+01  6.074566E+01 -9.974074E+00
  4.560000E-01  3.961279E+01  6.101326E+01 -9.999298E+00
  4.580000E-01  3.971734E+01  6.128086E+01 -1.002445E+01
  4.600000E-01  3.982153E+01  6.154846E+01 -1.004954E+01
  4.620000E-01  3.992536E+01  6.181607E+01 -1.007456E+01
  4.640000E-01  4.002884E+01  6.208367E+01 -1.009951E+01
  4.660000E-01  4.013195E+01  6.235127E+01 -1.012439E+01
  4.680000E-01  4.023471E+01  6.261887E+01 -1.014921E+01
  4.700000E-01  4.033712E+01  6.288647E+01 -1.017396E+01
  4.720000E-01  4.043918E+01  6.315408E+01 -1.019865E+01
  4.740000E-01  4.050453E+01  6.330501E+01 -1.021463E+01
  4.760000E-01  4.058237E+01  6.349659E+01 -1.023362E+01
  4.780000E-01  4.065872E+01  6.368399E+01 -1.025229E+01
  4.800000E-01  4.073396E+01  6.386841E+01 -1.027072E+01
  4.820000E-01  4.080831E+01  6.405057E+01 -1.028896E+01
  4.840000E-01  4.088191E+01  6.423090E+01 -1.030704E+01
  4.860000E-01  4.095487E+01  6.440971E+01 -1.032499E+01
  4.880000E-01  4.102726E+01  6.458723E+01 -1.034281E+01
  4.900000E-01  4.109914E+01  6.476363E+01 -1.036053E+01
  4.920000E-01  4.117054E+01  6.493904E+01 -1.037815E+01
  4.940000E-01  4.124151E+01  6.511358E+01 -1.039567E+01
  4.960000E-01  4.131208E+01  6.528733E+01 -1.041311E+01
  4.980000E-01  4.138227E+01  6.546036E+01 -1.043047E+01
  5.000000E-01  4.145210E+01  6.563275E+01 -1.044775E+01
  5.020000E-01  4.152158E+01  6.580453E+01 -1.046496E+01
  5.040000E-01  4.159075E+01  6.597577E+01 -1.048210E+01
  5.060000E-01  4.165960E+01  6.614650E+01 -1.049917E+01
  5.080000E-01  4.172816E+01  6.631675E+01 -1.051617E+01
  5.100000E-01  4.179643E+01  6.648655E+01 -1.053310E+01
  5.120000E-01  4.186443E+01  6.665594E+01 -1.054998E+01
  5.140000E-01  4.193216E+01  6.682495E+01 -1.056679E+01
  5.160000E-01  4.199962E+01  6.699358E+01 -1.058354E+01
  5.180000E-01  4.206684E+01  6.716187E+01 -1.060023E+01
  5.200000E-01  4.213381E+01  6.732984E+01 -1.061687E+01
  5.220000E-01  4.220054E+01  6.749749E+01 -1.063344E+01
  5.240000E-01  4.226704E+01  6.766485E+01 -1.064997E+01
  5.260000E-01  4.233331E+01  6.783194E+01 -1.066643E+01
  5.280000E-01  4.239936E+01  6.799875E+01 -1.068284E+01
  5.300000E-01  4.246520E+01  6.816532E+01 -1.069920E+01
  5.320000E-01  4.253082E+01  6.833164E+01 -1.071550E+01
  5.340000E-01  4.259623E+01  6.849773E+01 -1.073175E+01
  5.360000E-01  4.266143E+01  6.866360E+01 -1.074795E+01
  5.380000E-01  4.272643E+01  6.882926E+01 -1.076409E+01
  5.400000E-01  4.279124E+01  6.899472E+01 -1.078018E+01
  5.420000E-01  4.285585E+01  6.915999E+01 -1.079622E+01
  5.440000E-01  4.292027E+01  6.932507E+01 -1.081221E+01
  5.460000E-01  4.298450E+01  6.948997E+01 -1.082815E+01
  5.480000E-01  4.304855E+01  6.965470E+01 -1.084404E+01
  5.500000E-01  4.311241E+01  6.981927E+01 -1.085988E+01
  5.520000E-01  4.317609E+01  6.998368E+01 -1.087566E+01
  5.540000E-01  4.323960E+01  7.014794E+01 -1.089140E+01
  5.560000E-01  4.330293E+01  7.031205E+01 -1.090708E+01
  5.580000E-01  4.336609E+01  7.047602E+01 -1.092272E+01
  5.600000E-01  4.342907E+01  7.063985E+01 -1.093831E+01
  5.620000E-01  4.349189E+01  7.080356E+01 -1.095384E+01
  5.640000E-01  4.355454E+01  7.096714E+01 -1.096933E+01
  5.660000E-01  4.361702E+01  7.113060E+01 -1.098477E+01
  5.680000E-01  4.367934E+01  7.129394E+01 -1.100016E+01
  5.700000E-01  4.374150E+01  7.145717E+01 -1.101550E+01
  5.720000E-01  4.380350E+01  7.162029E+01 -1.103079E+01
  5.740000E-01  4.386535E+01  7.178330E+01 -1.104603E+01
  5.760000E-01  4.392703E+01  7.194621E+01 -1.106122E+01
  5.780000E-01  4.398857E+01  7.210903E+01 -1.107637E+01
  5.800000E-01  4.404995E+01  7.227175E+01 -1.109146E+01
  5.820000E-01  4.411118E+01  7.243439E+01 -1.110651E+01
  5.840000E-01  4.417226E+01  7.259693E+01 -1.112150E+01
  5.860000E-01  4.423319E+01  7.275939E+01 -1.113645E+01
  5.880000E-01  4.429397E+01  7.292177E+01 -1.115135E+01
  5.900000E-01  4.435461E+01  7.308407E+01 -1.116620E+01
  5.920000E-01  4.441510E+01  7.324630E+01 -1.118100E+01
  5.940000E-01  4.447545E+01  7.340845E+01 -1.119575E+01
  5.960000E-01  4.453566E+01  7.357054E+01 -1.121045E+01
  5.980000E-01  4.459572E+01  7.373255E+01 -1.122511E+01
  6.000000E-01  4.465565E+01  7.389450E+01 -1.123971E+01
  6.020000E-01  4.471544E+01  7.405639E+01 -1.125426E+01
  6.040000E-01  4.477509E+01  7.421822E+01 -1.126877E+01
  6.060000E-01  4.483461E+01  7.437999E+01 -1.128323E+01
  6.080000E-01  4.489399E+01  7.454170E+01 -1.129763E+01
  6.100000E-01  4.495324E+01  7.470336E+01 -1.131199E+01
  6.120000E-01  4.501235E+01  7.486497E+01 -1.132630E+01
  6.140000E-01  4.507134E+01  7.502653E+01 -1.134055E+01
  6.160000E-01  4.513019E+01  7.518805E+01 -1.135476E+01
  6.180000E-01  4.518891E+01  7.534952E+01 -1.136892E+01
  6.200000E-01  4.524750E+01  7.551094E+01 -1.138303E+01
  6.220000E-01  4.530597E+01  7.567232E+01 -1.139709E+01
  6.240000E-01  4.536431E+01  7.583367E+01 -1.141110E+01
  6.260000E-01  4.542252E+01  7.599497E+01 -1.142506E+01
  6.280000E-01  4.548060E+01  7.615624E+01 -1.143896E+01
  6.300000E-01  4.553857E+01  7.631747E+01 -1.145282E+01
  6.320000E-01  4.559640E+01  7.647868E+01 -1.146663E+01
  6.340000E-01  4.565412E+01  7.663985E+01 -1.148039E+01
  6.360000E-01  4.571171E+01  7.680099E+01 -1.149409E+01
  6.380000E-01  4.576919E+01  7.696210E+01 -1.150775E+01
  6.400000E-01  4.582654E+01  7.712319E+01 -1.152135E+01
  6.420000E-01  4.588377E+01  7.728425E+01 -1.153491E+01
  6.440000E-01  4.594089E+01  7.744529E+01 -1.154841E+01
  6.460000E-01  4.599788E+01  7.760631E+01 -1.156186E+01
  6.480000E-01  4.605476E+01  7.776730E+01 -1.157526E+01
  6.500000E-01  4.611152E+01  7.792828E+01 -1.158861E+01
  6.520000E-01  4.616817E+01  7.808924E+01 -1.160191E+01
  6.540000E-01  4.622470E+01  7.825018E+01 -1.161515E+01
  6.560000E-01  4.628112E+01  7.841111E+01 -1.162835E+01
  6.580000E-01  4.633743E+01  7.857203E+01 -1.164149E+01
  6.600000E-01  4.639362E+01  7.873293E+01 -1.165458E+01
  6.620000E-01  4.644970E+01  7.889382E+01 -1.166762E+01
  6.640000E-01  4.650566E+01  7.905470E+01 -1.168060E+01
  6.660000E-01  4.656152E+01  7.921557E+01 -1.169353E+01
  6.680000E-01  4.661727E+01  7.937644E+01 -1.170641E+01
  6.700000E-01  4.667290E+01  7.953730E+01 -1.171924E+01
  6.720000E-01  4.672843E+01  7.969815E+01 -1.173202E+01
  6.740000E-01  4.678385E+01  7.985900E+01 -1.174474E+01
  6.760000E-01  4.683916E+01  8.001984E+01 -1.175741E+01
  6.780000E-01  4.689436E+01  8.018069E+01 -1.177002E+01
  6.800000E-01  4.694946E+01  8.034153E+01 -1.178258E+01
  6.820000E-01  4.700445E+01  8.050238E+01 -1.179509E+01
  6.840000E-01  4.705934E+01  8.066322E+01 -1.180755E+01
  6.860000E-01  4.711412E+01  8.082407E+01 -1.181995E+01
  6.880000E-01  4.716880E+01  8.098492E+01 -1.183229E+01
  6.900000E-01  4.722337E+01  8.114578E+01 -1.184458E+01
  6.920000E-01  4.727784E+01  8.130664E+01 -1.185682E+01
  6.940000E-01  4.733221E+01  8.146750E+01 -1.186901E+01
  6.960000E-01  4.738647E+01  8.162838E+01 -1.188113E+01
  6.980000E-01  4.744064E+01  8.178926E+01 -1.189321E+01
  7.000000E-01  4.749470E+01  8.195015E+01 -1.190523E+01
  7.020000E-01  4.754866E+01  8.211106E+01 -1.191719E+01
  7.040000E-01  4.760252E+01  8.227197E+01 -1.192910E+01
  7.060000E-01  4.765629E+01  8.243290E+01 -1.194095E+01
  7.080000E-01  4.770995E+01  8.259384E+01 -1.195275E+01
  7.100000E-01  4.776352E+01  8.275479E+01 -1.196449E+01
  7.120000E-01  4.781698E+01  8.291576E+01 -1.197618E+01
  7.140000E-01  4.787035E+01  8.307674E+01 -1.198781E+01
  7.160000E-01  4.792363E+01  8.323774E+01 -1.199938E+01
  7.180000E-01  4.797680E+01  8.339876E+01 -1.201090E+01
  7.200000E-01  4.802988E+01  8.355980E+01 -1.202236E+01
  7.220000E-01  4.808287E+01  8.372085E+01 -1.203377E+01
  7.240000E-01  4.813576E+01  8.388192E+01 -1.204511E+01
  7.260000E-01  4.818855E+01  8.404302E+01 -1.205640E+01
  7.280000E-01  4.824125E+01  8.420414E+01 -1.206764E+01
  7.300000E-01  4.829386E+01  8.436527E+01 -1.207881E+01
  7.320000E-01  4.834637E+01  8.452644E+01 -1.208993E+01
  7.340000E-01  4.839879E+01  8.468762E+01 -1.210099E+01
  7.360000E-01  4.845112E+01  8.484883E+01 -1.211200E+01
  7.380000E-01  4.850336E+01  8.501007E+01 -1.212294E+01
  7.400000E-01  4.855550E+01  8.517133E+01 -1.213383E+01
  7.420000E-01  4.860756E+01  8.533262E+01 -1.214466E+01
  7.440000E-01  4.865952E+01  8.549393E+01 -1.215543E+01
  7.460000E-01  4.871139E+01  8.565528E+01 -1.216614E+01
  7.480000E-01  4.876317E+01  8.581665E+01 -1.217679E+01
  7.500000E-01  4.881487E+01  8.597805E+01 -1.218738E+01
  7.520000E-01  4.886647E+01  8.613949E+01 -1.219792E+01
  7.540000E-01  4.891798E+01  8.630095E+01 -1.220839E+01
  7.560000E-01  4.896941E+01  8.646245E+01 -1.221881E+01
  7.580000E-01  4.902075E+01  8.662397E+01 -1.222917E+01
  7.600000E-01  4.907200E+01  8.678554E+01 -1.223946E+01
  7.620000E-01  4.912316E+01  8.694713E+01 -1.224970E+01
  7.640000E-01  4.917424E+01  8.710876E+01 -1.225987E+01
  7.660000E-01  4.922523E+01  8.727043E+01 -1.226999E+01
  7.680000E-01  4.927613E+01  8.743213E+01 -1.228005E+01
  7.700000E-01  4.932695E+01  8.759386E+01 -1.229004E+01
  7.720000E-01  4.937769E+01  8.775564E+01 -1.229997E+01
  7.740000E-01  4.942833E+01  8.791745E+01 -1.230985E+01
  7.760000E-01  4.947890E+01  8.807930E+01 -1.231966E+01
  7.780000E-01  4.952938E+01  8.824119E+01 -1.232941E+01
  7.800000E-01  4.957977E+01  8.840311E+01 -1.233910E+01
  7.820000E-01  4.963008E+01  8.856508E+01 -1.234873E+01
  7.840000E-01  4.968031E+01  8.872709E+01 -1.235829E+01
  7.860000E-01  4.973046E+01  8.888914E+01 -1.236779E+01
  7.880000E-01  4.978052E+01  8.905123E+01 -1.237724E+01
  7.900000E-01  4.983050E+01  8.921337E+01 -1.238661E+01
  7.920000E-01  4.988040E+01  8.937554E+01 -1.239593E+01
  7.940000E-01  4.993021E+01  8.953776E+01 -1.240518E+01
  7.960000E-01  4.997995E+01  8.970003E+01 -1.241438E+01
  7.980000E-01  5.002961E+01  8.986234E+01 -1.242350E+01
  8.000000E-01  5.007918E+01  9.002469E+01 -1.243257E+01
  8.020000E-01  5.012867E+01  9.018709E+01 -1.244157E+01
  8.040000E-01  5.017809E+01  9.034954E+01 -1.245051E+01
  8.060000E-01  5.022742E+01  9.051203E+01 -1.245938E+01
  8.080000E-01  5.027668E+01  9.067458E+01 -1.246819E+01
  8.100000E-01  5.032585E+01  9.083716E+01 -1.247694E+01
  8.120000E-01  5.037495E+01  9.099980E+01 -1.248562E+01
  8.140000E-01  5.042397E+01  9.116249E+01 -1.249424E+01
  8.160000E-01  5.047291E+01  9.132523E+01 -1.250279E+01
  8.180000E-01  5.052177E+01  9.148801E+01 -1.251128E+01
  8.200000E-01  5.057055E+01  9.165085E+01 -1.251970E+01
  8.220000E-01  5.061926E+01  9.181374E+01 -1.252806E+01
  8.240000E-01  5.066789E+01  9.197668E+01 -1.253635E+01
  8.260000E-01  5.071645E+01  9.213967E+01 -1.254458E+01
  8.280000E-01  5.076492E+01  9.230271E+01 -1.255274E+01
  8.300000E-01  5.081333E+01  9.246581E+01 -1.256084E+01
  8.320000E-01  5.086165E+01  9.262896E+01 -1.256887E+01
  8.340000E-01  5.090990E+01  9.279217E+01 -1.257684E+01
  8.360000E-01  5.095808E+01  9.295542E+01 -1.258474E+01
  8.380000E-01  5.100618E+01  9.311874E+01 -1.259257E+01
  8.400000E-01  5.105420E+01  9.328211E+01 -1.260033E+01
  8.420000E-01  5.110215E+01  9.344553E+01 -1.260803E+01
  8.440000E-01  5.115003E+01  9.360902E+01 -1.261567E+01
  8.460000E-01  5.119783E+01  9.377255E+01 -1.262323E+01
  8.480000E-01  5.124556E+01  9.393615E+01 -1.263073E+01
  8.500000E-01  5.129321E+01  9.409980E+01 -1.263816E+01
  8.520000E-01  5.134079E+01  9.426351E+01 -1.264552E+01
  8.540000E-01  5.138830E+01  9.442728E+01 -1.265282E+01
  8.560000E-01  5.143574E+01  9.459111E+01 -1.266005E+01
  8.580000E-01  5.148310E+01  9.475500E+01 -1.266720E+01
  8.600000E-01  5.153039E+01  9.491895E+01 -1.267430E+01
  8.620000E-01  5.157761E+01  9.508296E+01 -1.268132E+01
  8.640000E-01  5.162476E+01  9.524703E+01 -1.268827E+01
  8.660000E-01  5.167184E+01  9.541116E+01 -1.269516E+01
  8.680000E-01  5.171884E+01  9.557535E+01 -1.270198E+01
  8.700000E-01  5.176578E+01  9.573961E+01 -1.270872E+01
  8.720000E-01  5.181264E+01  9.590392E+01 -1.271540E+01
  8.740000E-01  5.185943E+01  9.606830E+01 -1.272201E+01
  8.760000E-01  5.190616E+01  9.623275E+01 -1.272855E+01
  8.780000E-01  5.195281E+01  9.639725E+01 -1.273502E+01
  8.800000E-01  5.199939E+01  9.656182E+01 -1.274142E+01
  8.820000E-01  5.204591E+01  9.672646E+01 -1.274775E+01
  8.840000E-01  5.209235E+01  9.689116E+01 -1.275401E+01
  8.860000E-01  5.213873E+01  9.705592E+01 -1.276020E+01
  8.880000E-01  5.218503E+01  9.722076E+01 -1.276632E+01
  8.900000E-01  5.223127E+01  9.738565E+01 -1.277237E+01
  8.920000E-01  5.227744E+01  9.755062E+01 -1.277835E+01
  8.940000E-01  5.232354E+01  9.771565E+01 -1.278425E+01
  8.960000E-01  5.236957E+01  9.788074E+01 -1.279009E+01
  8.980000E-01  5.241554E+01  9.804591E+01 -1.279585E+01
  9.000000E-01  5.246144E+01  9.821114E+01 -1.280155E+01
  9.020000E-01  5.250727E+01  9.837644E+01 -1.280717E+01
  9.040000E-01  5.255303E+01  9.854182E+01 -1.281272E+01
  9.060000E-01  5.259873E+01  9.870725E+01 -1.281819E+01
  9.080000E-01  5.264436E+01  9.887276E+01 -1.282360E+01
  9.100000E-01  5.268992E+01  9.903834E+01 -1.282893E+01
  9.120000E-01  5.273542E+01  9.920399E+01 -1.283419E+01
  9.140000E-01  5.278085E+01  9.936971E+01 -1.283938E+01
  9.160000E-01  5.281544E+01  9.948526E+01 -1.280453E+01
  9.180000E-01  5.285495E+01  9.962398E+01 -1.278798E+01
  9.200000E-01  5.289383E+01  9.976005E+01 -1.276921E+01
  9.220000E-01  5.293219E+01  9.989396E+01 -1.274860E+01
  9.240000E-01  5.297011E+01  1.000260E+02 -1.272640E+01
  9.260000E-01  5.300763E+01  1.001565E+02 -1.270283E+01
  9.280000E-01  5.304480E+01  1.002857E+02 -1.267802E+01
  9.300000E-01  5.308166E+01  1.004135E+02 -1.265211E+01
  9.320000E-01  5.311823E+01  1.005403E+02 -1.262518E+01
  9.340000E-01  5.315453E+01  1.006660E+02 -1.259733E+01
  9.360000E-01  5.319058E+01  1.007908E+02 -1.256862E+01
  9.380000E-01  5.322641E+01  1.009148E+02 -1.253911E+01
  9.400000E-01  5.326202E+01  1.010380E+02 -1.250886E+01
  9.420000E-01  5.329744E+01  1.011605E+02 -1.247790E+01
  9.440000E-01  5.333266E+01  1.012823E+02 -1.244629E+01
  9.460000E-01  5.336770E+01  1.014034E+02 -1.241406E+01
  9.480000E-01  5.340257E+01  1.015240E+02 -1.238123E+01
  9.500000E-01  5.343728E+01  1.016440E+02 -1.234784E+01
  9.520000E-01  5.347183E+01  1.017635E+02 -1.231391E+01
  9.540000E-01  5.350624E+01  1.018825E+02 -1.227947E+01
  9.560000E-01  5.354050E+01  1.020010E+02 -1.224454E+01
  9.580000E-01  5.357463E+01  1.021191E+02 -1.220914E+01
  9.600000E-01  5.360863E+01  1.022368E+02 -1.217329E+01
  9.620000E-01  5.364250E+01  1.023541E+02 -1.213700E+01
  9.640000E-01  5.367625E+01  1.024710E+02 -1.210028E+01
  9.660000E-01  5.370988E+01  1.025876E+02 -1.206317E+01
  9.680000E-01  5.374340E+01  1.027038E+02 -1.202566E+01
  9.700000E-01  5.377681E+01  1.028197E+02 -1.198776E+01
  9.720000E-01  5.381011E+01  1.029353E+02 -1.194950E+01
  9.740000E-01  5.384331E+01  1.030506E+02 -1.191089E+01
  9.760000E-01  5.387641E+01  1.031656E+02 -1.187192E+01
  9.780000E-01  5.390942E+01  1.032804E+02 -1.183262E+01
  9.800000E-01  5.394233E+01  1.033949E+02 -1.179298E+01
  9.820000E-01  5.397515E+01  1.035091E+02 -1.175303E+01
  9.840000E-01  5.400788E+01  1.036232E+02 -1.171276E+01
  9.860000E-01  5.404052E+01  1.037370E+02 -1.167218E+01
  9.880000E-01  5.407308E+01  1.038505E+02 -1.163131E+01
  9.900000E-01  5.410556E+01  1.039639E+02 -1.159014E+01
  9.920000E-01  5.413795E+01  1.040771E+02 -1.154869E+01
  9.940000E-01  5.417027E+01  1.041901E+02 -1.150695E+01
  9.960000E-01  5.420251E+01  1.043029E+02 -1.146495E+01
  9.980000E-01  5.423468E+01  1.044155E+02 -1.142267E+01
  1.000000E+00  5.426677E+01  1.045280E+02 -1.138012E+01
  1.002000E+00  5.429880E+01  1.046403E+02 -1.133731E+01
  1.004000E+00  5.433075E+01  1.047524E+02 -1.129425E+01
  1.006000E+00  5.436264E+01  1.048645E+02 -1.125093E+01
  1.008000E+00  5.439446E+01  1.049764E+02 -1.120736E+01
  1.010000E+00  5.442622E+01  1.050881E+02 -1.116354E+01
  1.012000E+00  5.445792E+01  1.051998E+02 -1.111948E+01
  1.014000E+00  5.448955E+01  1.053113E+02 -1.107518E+01
  1.016000E+00  5.452113E+01  1.054227E+02 -1.103063E+01
  1.018000E+00  5.455265E+01  1.055340E+02 -1.098584E+01
  1.020000E+00  5.458411E+01  1.056453E+02 -1.094081E+01
  1.022000E+00  5.461553E+01  1.057565E+02 -1.089553E+01
  1.024000E+00  5.464689E+01  1.058676E+02 -1.085001E+01
  1.026000E+00  5.467822E+01  1.059787E+02 -1.080422E+01
  1.028000E+00  5.470951E+01  1.060898E+02 -1.075814E+01
  1.030000E+00  5.474079E+01  1.062010E+02 -1.071171E+01
  1.032000E+00  5.477201E+01  1.063121E+02 -1.066510E+01
  1.034000E+00  5.480317E+01  1.064231E+02 -1.061832E+01
  1.036000E+00  5.483426E+01  1.065339E+02 -1.057138E+01
  1.038000E+00  5.486528E+01  1.066446E+02 -1.052428E+01
  1.040000E+00  5.489624E+01  1.067552E+02 -1.047702E+01
  1.042000E+00  5.492714E+01  1.068656E+02 -1.042961E+01
  1.044000E+00  5.495797E+01  1.069759E+02 -1.038205E+01
  1.046000E+00  5.498875E+01  1.070861E+02 -1.033433E+01
  1.048000E+00  5.501946E+01  1.071961E+02 -1.028647E+01
  1.050000E+00  5.505011E+01  1.073060E+02 -1.023847E+01
  1.052000E+00  5.508070E+01  1.074158E+02 -1.019032E+01
  1.054000E+00  5.511124E+01  1.075255E+02 -1.014203E+01
  1.056000E+00  5.514171E+01  1.076351E+02 -1.009360E+01
  1.058000E+00  5.517213E+01  1.077446E+02 -1.004503E+01
  1.060000E+00  5.520249E+01  1.078539E+02 -9.996328E+00
  1.062000E+00  5.523279E+01  1.079632E+02 -9.947493E+00
  1.064000E+00  5.526304E+01  1.080723E+02 -9.898525E+00
  1.066000E+00  5.529323E+01  1.081813E+02 -9.849428E+00
  1.068000E+00  5.532337E+01  1.082903E+02 -9.800202E+00
  1.070000E+00  5.535345E+01  1.083991E+02 -9.750850E+00
  1.072000E+00  5.538347E+01  1.085078E+02 -9.701373E+00
  1.074000E+00  5.541345E+01  1.086165E+02 -9.651772E+00
  1.076000E+00  5.544337E+01  1.087250E+02 -9.602050E+00
  1.078000E+00  5.547323E+01  1.088335E+02 -9.552207E+00
  1.080000E+00  5.550305E+01  1.089418E+02 -9.502245E+00
  1.082000E+00  5.553281E+01  1.090501E+02 -9.452165E+00
  1.084000E+00  5.556252E+01  1.091583E+02 -9.401970E+00
  1.086000E+00  5.559218E+01  1.092663E+02 -9.351660E+00
  1.088000E+00  5.562179E+01  1.093743E+02 -9.301236E+00
  1.090000E+00  5.565135E+01  1.094823E+02 -9.250700E+00
  1.092000E+00  5.568086E+01  1.095901E+02 -9.200053E+00
  1.094000E+00  5.571032E+01  1.096978E+02 -9.149296E+00
  1.096000E+00  5.573973E+01  1.098055E+02 -9.098431E+00
  1.098000E+00  5.576909E+01  1.099131E+02 -9.047459E+00
  1.100000E+00  5.579840E+01  1.100206E+02 -8.996381E+00
  1.102000E+00  5.582767E+01  1.101281E+02 -8.945197E+00
  1.104000E+00  5.585688E+01  1.102354E+02 -8.893910E+00
  1.106000E+00  5.588605E+01  1.103427E+02 -8.842520E+00
  1.108000E+00  5.591518E+01  1.104499E+02 -8.791028E+00
  1.110000E+00  5.594425E+01  1.105570E+02 -8.739436E+00
  1.112000E+00  5.597328E+01  1.106641E+02 -8.687744E+00
  1.114000E+00  5.600226E+01  1.107711E+02 -8.635954E+00
  1.116000E+00  5.603120E+01  1.108780E+02 -8.584066E+00
  1.118000E+00  5.606009E+01  1.109849E+02 -8.532081E+00
  1.120000E+00  5.608893E+01  1.110916E+02 -8.480000E+00
  1.122000E+00  5.611773E+01  1.111983E+02 -8.427825E+00
  1.124000E+00  5.614648E+01  1.113050E+02 -8.375556E+00
  1.126000E+00  5.617519E+01  1.114116E+02 -8.323194E+00
  1.128000E+00  5.620386E+01  1.115181E+02 -8.270740E+00
  1.130000E+00  5.623248E+01  1.116245E+02 -8.218194E+00
  1.132000E+00  5.626106E+01  1.117309E+02 -8.165559E+00
  1.134000E+00  5.628959E+01  1.118372E+02 -8.112833E+00
  1.136000E+00  5.631808E+01  1.119435E+02 -8.060020E+00
  1.138000E+00  5.634653E+01  1.120497E+02 -8.007118E+00
  1.140000E+00  5.637493E+01  1.121558E+02 -7.954129E+00
  1.142000E+00  5.640329E+01  1.122619E+02 -7.901054E+00
  1.144000E+00  5.643161E+01  1.123679E+02 -7.847893E+00
  1.146000E+00  5.645988E+01  1.124739E+02 -7.794648E+00
  1.148000E+00  5.648812E+01  1.125798E+02 -7.741319E+00
  1.150000E+00  5.651631E+01  1.126856E+02 -7.687906E+00
  1.152000E+00  5.654446E+01  1.127914E+02 -7.634411E+00
  1.154000E+00  5.657257E+01  1.128971E+02 -7.580834E+00
  1.156000E+00  5.660064E+01  1.130028E+02 -7.527176E+00
  1.158000E+00  5.662866E+01  1.131084E+02 -7.473438E+00
  1.160000E+00  5.665665E+01  1.132140E+02 -7.419620E+00
  1.162000E+00  5.668459E+01  1.133195E+02 -7.365722E+00
  1.164000E+00  5.671250E+01  1.134250E+02 -7.311747E+00
  1.166000E+00  5.674036E+01  1.135304E+02 -7.257694E+00
  1.168000E+00  5.676818E+01  1.136357E+02 -7.203563E+00
  1.170000E+00  5.679597E+01  1.137410E+02 -7.149356E+00
  1.172000E+00  5.682371E+01  1.138462E+02 -7.095074E+00
  1.174000E+00  5.685141E+01  1.139514E+02 -7.040716E+00
  1.176000E+00  5.687908E+01  1.140566E+02 -6.986283E+00
  1.178000E+00  5.690670E+01  1.141617E+02 -6.931777E+00
  1.180000E+00  5.693429E+01  1.142667E+02 -6.877197E+00
  1.182000E+00  5.696184E+01  1.143717E+02 -6.822545E+00
  1.184000E+00  5.698935E+01  1.144766E+02 -6.767820E+00
  1.186000E+00  5.701682E+01  1.145815E+02 -6.713024E+00
  1.188000E+00  5.704425E+01  1.146864E+02 -6.658156E+00
  1.190000E+00  5.707164E+01  1.147912E+02 -6.603218E+00
  1.192000E+00  5.709899E+01  1.148959E+02 -6.548211E+00
  1.194000E+00  5.712631E+01  1.150006E+02 -6.493133E+00
  1.196000E+00  5.715359E+01  1.151053E+02 -6.437987E+00
  1.198000E+00  5.718083E+01  1.152099E+02 -6.382773E+00
  1.200000E+00  5.720803E+01  1.153144E+02 -6.327491E+00
