  1.000000E-02  0.000000E+00
  1.200000E-02  0.000000E+00
  1.400000E-02  0.000000E+00
  1.600000E-02  0.000000E+00
  1.800000E-02  0.000000E+00
  2.000000E-02  0.000000E+00
  2.200000E-02  0.000000E+00
  2.400000E-02  0.000000E+00
  2.600000E-02  0.000000E+00
  2.800000E-02  0.000000E+00
  3.000000E-02  0.000000E+00
  3.200000E-02  0.000000E+00
  3.400000E-02  0.000000E+00
  3.600000E-02  0.000000E+00
  3.800000E-02  0.000000E+00
  4.000000E-02  0.000000E+00
  4.200000E-02  0.000000E+00
  4.400000E-02  0.000000E+00
  4.600000E-02  0.000000E+00
  4.800000E-02  0.000000E+00
  5.000000E-02  0.000000E+00
  5.200000E-02  0.000000E+00
  5.400000E-02  0.000000E+00
  5.600000E-02  0.000000E+00
  5.800000E-02  0.000000E+00
  6.000000E-02  0.000000E+00
  6.200000E-02  0.000000E+00
  6.400000E-02  0.000000E+00
  6.600000E-02  0.000000E+00
  6.800000E-02  0.000000E+00
  7.000000E-02  0.000000E+00
  7.200000E-02  0.000000E+00
  7.400000E-02  0.000000E+00
  7.600000E-02  0.000000E+00
  7.800000E-02  0.000000E+00
  8.000000E-02  0.000000E+00
  8.200000E-02  0.000000E+00
  8.400000E-02  0.000000E+00
  8.600000E-02  0.000000E+00
  8.800000E-02  0.000000E+00
  9.000000E-02  0.000000E+00
  9.200000E-02  0.000000E+00
  9.400000E-02  0.000000E+00
  9.600000E-02  0.000000E+00
  9.800000E-02  0.000000E+00
  1.000000E-01  0.000000E+00
  1.020000E-01  0.000000E+00
  1.040000E-01  0.000000E+00
  1.060000E-01  0.000000E+00
  1.080000E-01  0.000000E+00
  1.100000E-01  0.000000E+00
  1.120000E-01  0.000000E+00
  1.140000E-01  0.000000E+00
  1.160000E-01  0.000000E+00
  1.180000E-01  0.000000E+00
  1.200000E-01  0.000000E+00
  1.220000E-01  0.000000E+00
  1.240000E-01  0.000000E+00
  1.260000E-01  0.000000E+00
  1.280000E-01  0.000000E+00
  1.300000E-01  0.000000E+00
  1.320000E-01  0.000000E+00
  1.340000E-01  0.000000E+00
  1.360000E-01  0.000000E+00
  1.380000E-01  0.000000E+00
  1.400000E-01  0.000000E+00
  1.420000E-01  0.000000E+00
  1.440000E-01  0.000000E+00
  1.460000E-01  0.000000E+00
  1.480000E-01  0.000000E+00
  1.500000E-01  0.000000E+00
  1.520000E-01  0.000000E+00
  1.540000E-01  0.000000E+00
  1.560000E-01  0.000000E+00
  1.580000E-01  0.000000E+00
  1.600000E-01  0.000000E+00
  1.620000E-01  0.000000E+00
  1.640000E-01  0.000000E+00
  1.660000E-01  0.000000E+00
  1.680000E-01  0.000000E+00
  1.700000E-01  0.000000E+00
  1.720000E-01  0.000000E+00
  1.740000E-01  0.000000E+00
  1.760000E-01  0.000000E+00
  1.780000E-01  0.000000E+00
  1.800000E-01  0.000000E+00
  1.820000E-01  0.000000E+00
  1.840000E-01  0.000000E+00
  1.860000E-01  0.000000E+00
  1.880000E-01  0.000000E+00
  1.900000E-01  0.000000E+00
  1.920000E-01  0.000000E+00
  1.940000E-01  0.000000E+00
  1.960000E-01  0.000000E+00
  1.980000E-01  0.000000E+00
  2.000000E-01  0.000000E+00
  2.020000E-01  0.000000E+00
  2.040000E-01  0.000000E+00
  2.060000E-01  0.000000E+00
  2.080000E-01  0.000000E+00
  2.100000E-01  0.000000E+00
  2.120000E-01  0.000000E+00
  2.140000E-01  0.000000E+00
  2.160000E-01  0.000000E+00
  2.180000E-01  0.000000E+00
  2.200000E-01  0.000000E+00
  2.220000E-01  0.000000E+00
  2.240000E-01  0.000000E+00
  2.260000E-01  0.000000E+00
  2.280000E-01  0.000000E+00
  2.300000E-01  0.000000E+00
  2.320000E-01  0.000000E+00
  2.340000E-01  0.000000E+00
  2.360000E-01  0.000000E+00
  2.380000E-01  0.000000E+00
  2.400000E-01  0.000000E+00
  2.420000E-01  0.000000E+00
  2.440000E-01  0.000000E+00
  2.460000E-01  0.000000E+00
  2.480000E-01  0.000000E+00
  2.500000E-01  0.000000E+00
  2.520000E-01  0.000000E+00
  2.540000E-01  0.000000E+00
  2.560000E-01  0.000000E+00
  2.580000E-01  0.000000E+00
  2.600000E-01  0.000000E+00
  2.620000E-01  0.000000E+00
  2.640000E-01  0.000000E+00
  2.660000E-01  0.000000E+00
  2.680000E-01  0.000000E+00
  2.700000E-01  0.000000E+00
  2.720000E-01  0.000000E+00
  2.740000E-01  0.000000E+00
  2.760000E-01  0.000000E+00
  2.780000E-01  0.000000E+00
  2.800000E-01  0.000000E+00
  2.820000E-01  0.000000E+00
  2.840000E-01  0.000000E+00
  2.860000E-01  0.000000E+00
  2.880000E-01  0.000000E+00
  2.900000E-01  0.000000E+00
  2.920000E-01  0.000000E+00
  2.940000E-01  0.000000E+00
  2.960000E-01  0.000000E+00
  2.980000E-01  0.000000E+00
  3.000000E-01  0.000000E+00
  3.020000E-01  0.000000E+00
  3.040000E-01  0.000000E+00
  3.060000E-01  0.000000E+00
  3.080000E-01  0.000000E+00
  3.100000E-01  0.000000E+00
  3.120000E-01  0.000000E+00
  3.140000E-01  0.000000E+00
  3.160000E-01  0.000000E+00
  3.180000E-01  0.000000E+00
  3.200000E-01  0.000000E+00
  3.220000E-01  0.000000E+00
  3.240000E-01  0.000000E+00
  3.260000E-01  0.000000E+00
  3.280000E-01  0.000000E+00
  3.300000E-01  0.000000E+00
  3.320000E-01  0.000000E+00
  3.340000E-01  0.000000E+00
  3.360000E-01  0.000000E+00
  3.380000E-01  0.000000E+00
  3.400000E-01  0.000000E+00
  3.420000E-01  0.000000E+00
  3.440000E-01  0.000000E+00
  3.460000E-01  0.000000E+00
  3.480000E-01  0.000000E+00
  3.500000E-01  0.000000E+00
  3.520000E-01  0.000000E+00
  3.540000E-01  0.000000E+00
  3.560000E-01  0.000000E+00
  3.580000E-01  0.000000E+00
  3.600000E-01  0.000000E+00
  3.620000E-01  0.000000E+00
  3.640000E-01  0.000000E+00
  3.660000E-01  0.000000E+00
  3.680000E-01  0.000000E+00
  3.700000E-01  0.000000E+00
  3.720000E-01  0.000000E+00
  3.740000E-01  0.000000E+00
  3.760000E-01  0.000000E+00
  3.780000E-01  0.000000E+00
  3.800000E-01  0.000000E+00
  3.820000E-01  0.000000E+00
  3.840000E-01  0.000000E+00
  3.860000E-01  0.000000E+00
  3.880000E-01  0.000000E+00
  3.900000E-01  0.000000E+00
  3.920000E-01  0.000000E+00
  3.940000E-01  0.000000E+00
  3.960000E-01  0.000000E+00
  3.980000E-01  0.000000E+00
  4.000000E-01  0.000000E+00
  4.020000E-01  0.000000E+00
  4.040000E-01  0.000000E+00
  4.060000E-01  0.000000E+00
  4.080000E-01  0.000000E+00
  4.100000E-01  0.000000E+00
  4.120000E-01  0.000000E+00
  4.140000E-01  0.000000E+00
  4.160000E-01  0.000000E+00
  4.180000E-01  0.000000E+00
  4.200000E-01  0.000000E+00
  4.220000E-01  0.000000E+00
  4.240000E-01  0.000000E+00
  4.260000E-01  0.000000E+00
  4.280000E-01  0.000000E+00
  4.300000E-01  0.000000E+00
  4.320000E-01  0.000000E+00
  4.340000E-01  0.000000E+00
  4.360000E-01  0.000000E+00
  4.380000E-01  0.000000E+00
  4.400000E-01  0.000000E+00
  4.420000E-01  0.000000E+00
  4.440000E-01  0.000000E+00
  4.460000E-01  0.000000E+00
  4.480000E-01  0.000000E+00
  4.500000E-01  0.000000E+00
  4.520000E-01  0.000000E+00
  4.540000E-01  0.000000E+00
  4.560000E-01  0.000000E+00
  4.580000E-01  0.000000E+00
  4.600000E-01  0.000000E+00
  4.620000E-01  0.000000E+00
  4.640000E-01  0.000000E+00
  4.660000E-01  0.000000E+00
  4.680000E-01  0.000000E+00
  4.700000E-01  0.000000E+00
  4.720000E-01  0.000000E+00
  4.740000E-01  5.518508E-03
  4.760000E-01  9.076300E-03
  4.780000E-01  1.280068E-02
  4.800000E-01  1.663255E-02
  4.820000E-01  2.053829E-02
  4.840000E-01  2.449634E-02
  4.860000E-01  2.849182E-02
  4.880000E-01  3.251392E-02
  4.900000E-01  3.655443E-02
  4.920000E-01  4.060700E-02
  4.940000E-01  4.466656E-02
  4.960000E-01  4.872900E-02
  4.980000E-01  5.279096E-02
  5.000000E-01  5.684963E-02
  5.020000E-01  6.090265E-02
  5.040000E-01  6.494802E-02
  5.060000E-01  6.898402E-02
  5.080000E-01  7.300920E-02
  5.100000E-01  7.702229E-02
  5.120000E-01  8.102220E-02
  5.140000E-01  8.500796E-02
  5.160000E-01  8.897875E-02
  5.180000E-01  9.293384E-02
  5.200000E-01  9.687260E-02
  5.220000E-01  1.007945E-01
  5.240000E-01  1.046990E-01
  5.260000E-01  1.085857E-01
  5.280000E-01  1.124542E-01
  5.300000E-01  1.163042E-01
  5.320000E-01  1.201354E-01
  5.340000E-01  1.239476E-01
  5.360000E-01  1.277406E-01
  5.380000E-01  1.315142E-01
  5.400000E-01  1.352682E-01
  5.420000E-01  1.390024E-01
  5.440000E-01  1.427169E-01
  5.460000E-01  1.464115E-01
  5.480000E-01  1.500860E-01
  5.500000E-01  1.537406E-01
  5.520000E-01  1.573751E-01
  5.540000E-01  1.609895E-01
  5.560000E-01  1.645838E-01
  5.580000E-01  1.681579E-01
  5.600000E-01  1.717120E-01
  5.620000E-01  1.752460E-01
  5.640000E-01  1.787599E-01
  5.660000E-01  1.822538E-01
  5.680000E-01  1.857276E-01
  5.700000E-01  1.891816E-01
  5.720000E-01  1.926156E-01
  5.740000E-01  1.960298E-01
  5.760000E-01  1.994242E-01
  5.780000E-01  2.027989E-01
  5.800000E-01  2.061540E-01
  5.820000E-01  2.094894E-01
  5.840000E-01  2.128054E-01
  5.860000E-01  2.161020E-01
  5.880000E-01  2.193793E-01
  5.900000E-01  2.226373E-01
  5.920000E-01  2.258761E-01
  5.940000E-01  2.290959E-01
  5.960000E-01  2.322967E-01
  5.980000E-01  2.354786E-01
  6.000000E-01  2.386418E-01
  6.020000E-01  2.417863E-01
  6.040000E-01  2.449121E-01
  6.060000E-01  2.480195E-01
  6.080000E-01  2.511085E-01
  6.100000E-01  2.541792E-01
  6.120000E-01  2.572317E-01
  6.140000E-01  2.602661E-01
  6.160000E-01  2.632826E-01
  6.180000E-01  2.662811E-01
  6.200000E-01  2.692619E-01
  6.220000E-01  2.722250E-01
  6.240000E-01  2.751706E-01
  6.260000E-01  2.780986E-01
  6.280000E-01  2.810093E-01
  6.300000E-01  2.839028E-01
  6.320000E-01  2.867791E-01
  6.340000E-01  2.896384E-01
  6.360000E-01  2.924807E-01
  6.380000E-01  2.953062E-01
  6.400000E-01  2.981149E-01
  6.420000E-01  3.009070E-01
  6.440000E-01  3.036826E-01
  6.460000E-01  3.064418E-01
  6.480000E-01  3.091846E-01
  6.500000E-01  3.119112E-01
  6.520000E-01  3.146217E-01
  6.540000E-01  3.173162E-01
  6.560000E-01  3.199947E-01
  6.580000E-01  3.226575E-01
  6.600000E-01  3.253045E-01
  6.620000E-01  3.279359E-01
  6.640000E-01  3.305519E-01
  6.660000E-01  3.331523E-01
  6.680000E-01  3.357375E-01
  6.700000E-01  3.383075E-01
  6.720000E-01  3.408623E-01
  6.740000E-01  3.434021E-01
  6.760000E-01  3.459269E-01
  6.780000E-01  3.484370E-01
  6.800000E-01  3.509323E-01
  6.820000E-01  3.534129E-01
  6.840000E-01  3.558790E-01
  6.860000E-01  3.583306E-01
  6.880000E-01  3.607679E-01
  6.900000E-01  3.631909E-01
  6.920000E-01  3.655997E-01
  6.940000E-01  3.679944E-01
  6.960000E-01  3.703751E-01
  6.980000E-01  3.727419E-01
  7.000000E-01  3.750949E-01
  7.020000E-01  3.774342E-01
  7.040000E-01  3.797598E-01
  7.060000E-01  3.820718E-01
  7.080000E-01  3.843704E-01
  7.100000E-01  3.866555E-01
  7.120000E-01  3.889274E-01
  7.140000E-01  3.911860E-01
  7.160000E-01  3.934316E-01
  7.180000E-01  3.956640E-01
  7.200000E-01  3.978835E-01
  7.220000E-01  4.000901E-01
  7.240000E-01  4.022839E-01
  7.260000E-01  4.044650E-01
  7.280000E-01  4.066334E-01
  7.300000E-01  4.087893E-01
  7.320000E-01  4.109327E-01
  7.340000E-01  4.130636E-01
  7.360000E-01  4.151823E-01
  7.380000E-01  4.172887E-01
  7.400000E-01  4.193829E-01
  7.420000E-01  4.214650E-01
  7.440000E-01  4.235351E-01
  7.460000E-01  4.255933E-01
  7.480000E-01  4.276395E-01
  7.500000E-01  4.296740E-01
  7.520000E-01  4.316967E-01
  7.540000E-01  4.337078E-01
  7.560000E-01  4.357073E-01
  7.580000E-01  4.376953E-01
  7.600000E-01  4.396719E-01
  7.620000E-01  4.416371E-01
  7.640000E-01  4.435910E-01
  7.660000E-01  4.455336E-01
  7.680000E-01  4.474651E-01
  7.700000E-01  4.493855E-01
  7.720000E-01  4.512949E-01
  7.740000E-01  4.531934E-01
  7.760000E-01  4.550809E-01
  7.780000E-01  4.569576E-01
  7.800000E-01  4.588236E-01
  7.820000E-01  4.606788E-01
  7.840000E-01  4.625234E-01
  7.860000E-01  4.643575E-01
  7.880000E-01  4.661811E-01
  7.900000E-01  4.679942E-01
  7.920000E-01  4.697969E-01
  7.940000E-01  4.715894E-01
  7.960000E-01  4.733716E-01
  7.980000E-01  4.751436E-01
  8.000000E-01  4.769054E-01
  8.020000E-01  4.786573E-01
  8.040000E-01  4.803990E-01
  8.060000E-01  4.821309E-01
  8.080000E-01  4.838528E-01
  8.100000E-01  4.855650E-01
  8.120000E-01  4.872673E-01
  8.140000E-01  4.889600E-01
  8.160000E-01  4.906429E-01
  8.180000E-01  4.923163E-01
  8.200000E-01  4.939801E-01
  8.220000E-01  4.956345E-01
  8.240000E-01  4.972794E-01
  8.260000E-01  4.989149E-01
  8.280000E-01  5.005411E-01
  8.300000E-01  5.021581E-01
  8.320000E-01  5.037658E-01
  8.340000E-01  5.053644E-01
  8.360000E-01  5.069538E-01
  8.380000E-01  5.085342E-01
  8.400000E-01  5.101056E-01
  8.420000E-01  5.116680E-01
  8.440000E-01  5.132215E-01
  8.460000E-01  5.147662E-01
  8.480000E-01  5.163021E-01
  8.500000E-01  5.178292E-01
  8.520000E-01  5.193477E-01
  8.540000E-01  5.208575E-01
  8.560000E-01  5.223586E-01
  8.580000E-01  5.238513E-01
  8.600000E-01  5.253354E-01
  8.620000E-01  5.268111E-01
  8.640000E-01  5.282783E-01
  8.660000E-01  5.297372E-01
  8.680000E-01  5.311878E-01
  8.700000E-01  5.326301E-01
  8.720000E-01  5.340642E-01
  8.740000E-01  5.354902E-01
  8.760000E-01  5.369080E-01
  8.780000E-01  5.383177E-01
  8.800000E-01  5.397193E-01
  8.820000E-01  5.411130E-01
  8.840000E-01  5.424987E-01
  8.860000E-01  5.438765E-01
  8.880000E-01  5.452465E-01
  8.900000E-01  5.466086E-01
  8.920000E-01  5.479630E-01
  8.940000E-01  5.493096E-01
  8.960000E-01  5.506485E-01
  8.980000E-01  5.519797E-01
  9.000000E-01  5.533034E-01
  9.020000E-01  5.546195E-01
  9.040000E-01  5.559280E-01
  9.060000E-01  5.572291E-01
  9.080000E-01  5.585227E-01
  9.100000E-01  5.598089E-01
  9.120000E-01  5.610877E-01
  9.140000E-01  5.623592E-01
  9.160000E-01  5.648533E-01
  9.180000E-01  5.667705E-01
  9.200000E-01  5.687439E-01
  9.220000E-01  5.707613E-01
  9.240000E-01  5.728143E-01
  9.260000E-01  5.748968E-01
  9.280000E-01  5.770039E-01
  9.300000E-01  5.791318E-01
  9.320000E-01  5.812774E-01
  9.340000E-01  5.834381E-01
  9.360000E-01  5.856117E-01
  9.380000E-01  5.877963E-01
  9.400000E-01  5.899903E-01
  9.420000E-01  5.921923E-01
  9.440000E-01  5.944009E-01
  9.460000E-01  5.966152E-01
  9.480000E-01  5.988340E-01
  9.500000E-01  6.010566E-01
  9.520000E-01  6.032821E-01
  9.540000E-01  6.055098E-01
  9.560000E-01  6.077390E-01
  9.580000E-01  6.099692E-01
  9.600000E-01  6.121998E-01
  9.620000E-01  6.144303E-01
  9.640000E-01  6.166602E-01
  9.660000E-01  6.188891E-01
  9.680000E-01  6.211167E-01
  9.700000E-01  6.233426E-01
  9.720000E-01  6.255664E-01
  9.740000E-01  6.277878E-01
  9.760000E-01  6.300066E-01
  9.780000E-01  6.322224E-01
  9.800000E-01  6.344351E-01
  9.820000E-01  6.366443E-01
  9.840000E-01  6.388499E-01
  9.860000E-01  6.410517E-01
  9.880000E-01  6.432494E-01
  9.900000E-01  6.454429E-01
  9.920000E-01  6.476320E-01
  9.940000E-01  6.498165E-01
  9.960000E-01  6.519963E-01
  9.980000E-01  6.541713E-01
  1.000000E+00  6.563412E-01
  1.002000E+00  6.585060E-01
  1.004000E+00  6.606655E-01
  1.006000E+00  6.628196E-01
  1.008000E+00  6.649681E-01
  1.010000E+00  6.671109E-01
  1.012000E+00  6.692479E-01
  1.014000E+00  6.713790E-01
  1.016000E+00  6.735040E-01
  1.018000E+00  6.756227E-01
  1.020000E+00  6.777349E-01
  1.022000E+00  6.798405E-01
  1.024000E+00  6.819390E-01
  1.026000E+00  6.840300E-01
  1.028000E+00  6.861124E-01
  1.030000E+00  6.881839E-01
  1.032000E+00  6.902502E-01
  1.034000E+00  6.923115E-01
  1.036000E+00  6.943679E-01
  1.038000E+00  6.964194E-01
  1.040000E+00  6.984659E-01
  1.042000E+00  7.005074E-01
  1.044000E+00  7.025438E-01
  1.046000E+00  7.045751E-01
  1.048000E+00  7.066013E-01
  1.050000E+00  7.086224E-01
  1.052000E+00  7.106383E-01
  1.054000E+00  7.126491E-01
  1.056000E+00  7.146546E-01
  1.058000E+00  7.166550E-01
  1.060000E+00  7.186501E-01
  1.062000E+00  7.206400E-01
  1.064000E+00  7.226247E-01
  1.066000E+00  7.246041E-01
  1.068000E+00  7.265782E-01
  1.070000E+00  7.285470E-01
  1.072000E+00  7.305106E-01
  1.074000E+00  7.324689E-01
  1.076000E+00  7.344218E-01
  1.078000E+00  7.363695E-01
  1.080000E+00  7.383119E-01
  1.082000E+00  7.402490E-01
  1.084000E+00  7.421807E-01
  1.086000E+00  7.441072E-01
  1.088000E+00  7.460284E-01
  1.090000E+00  7.479442E-01
  1.092000E+00  7.498548E-01
  1.094000E+00  7.517601E-01
  1.096000E+00  7.536600E-01
  1.098000E+00  7.555547E-01
  1.100000E+00  7.574441E-01
  1.102000E+00  7.593283E-01
  1.104000E+00  7.612071E-01
  1.106000E+00  7.630807E-01
  1.108000E+00  7.649490E-01
  1.110000E+00  7.668121E-01
  1.112000E+00  7.686700E-01
  1.114000E+00  7.705226E-01
  1.116000E+00  7.723700E-01
  1.118000E+00  7.742122E-01
  1.120000E+00  7.760491E-01
  1.122000E+00  7.778809E-01
  1.124000E+00  7.797075E-01
  1.126000E+00  7.815290E-01
  1.128000E+00  7.833452E-01
  1.130000E+00  7.851564E-01
  1.132000E+00  7.869624E-01
  1.134000E+00  7.887632E-01
  1.136000E+00  7.905590E-01
  1.138000E+00  7.923496E-01
  1.140000E+00  7.941352E-01
  1.142000E+00  7.959157E-01
  1.144000E+00  7.976912E-01
  1.146000E+00  7.994616E-01
  1.148000E+00  8.012270E-01
  1.150000E+00  8.029873E-01
  1.152000E+00  8.047427E-01
  1.154000E+00  8.064931E-01
  1.156000E+00  8.082385E-01
  1.158000E+00  8.099789E-01
  1.160000E+00  8.117144E-01
  1.162000E+00  8.134450E-01
  1.164000E+00  8.151707E-01
  1.166000E+00  8.168915E-01
  1.168000E+00  8.186074E-01
  1.170000E+00  8.203184E-01
  1.172000E+00  8.220246E-01
  1.174000E+00  8.237260E-01
  1.176000E+00  8.254226E-01
  1.178000E+00  8.271143E-01
  1.180000E+00  8.288013E-01
  1.182000E+00  8.304835E-01
  1.184000E+00  8.321610E-01
  1.186000E+00  8.338337E-01
  1.188000E+00  8.355017E-01
  1.190000E+00  8.371650E-01
  1.192000E+00  8.388236E-01
  1.194000E+00  8.404776E-01
  1.196000E+00  8.421269E-01
  1.198000E+00  8.437716E-01
  1.200000E+00  8.454117E-01
