  1.000000E-02  1.106565E+03
  1.200000E-02  1.104728E+03
  1.400000E-02  1.102906E+03
  1.600000E-02  1.101099E+03
  1.800000E-02  1.099307E+03
  2.000000E-02  1.097531E+03
  2.200000E-02  1.095769E+03
  2.400000E-02  1.094021E+03
  2.600000E-02  1.092287E+03
  2.800000E-02  1.090568E+03
  3.000000E-02  1.088862E+03
  3.200000E-02  1.087170E+03
  3.400000E-02  1.085492E+03
  3.600000E-02  1.083826E+03
  3.800000E-02  1.082174E+03
  4.000000E-02  1.080535E+03
  4.200000E-02  1.078909E+03
  4.400000E-02  1.077296E+03
  4.600000E-02  1.075695E+03
  4.800000E-02  1.074107E+03
  5.000000E-02  1.072530E+03
  5.200000E-02  1.070966E+03
  5.400000E-02  1.069414E+03
  5.600000E-02  1.067874E+03
  5.800000E-02  1.066346E+03
  6.000000E-02  1.064829E+03
  6.200000E-02  1.063324E+03
  6.400000E-02  1.061830E+03
  6.600000E-02  1.060348E+03
  6.800000E-02  1.058876E+03
  7.000000E-02  1.057416E+03
  7.200000E-02  1.055966E+03
  7.400000E-02  1.054527E+03
  7.600000E-02  1.053099E+03
  7.800000E-02  1.051682E+03
  8.000000E-02  1.050275E+03
  8.200000E-02  1.048878E+03
  8.400000E-02  1.047491E+03
  8.600000E-02  1.046115E+03
  8.800000E-02  1.044749E+03
  9.000000E-02  1.043392E+03
  9.200000E-02  1.042046E+03
  9.400000E-02  1.040709E+03
  9.600000E-02  1.039381E+03
  9.800000E-02  1.038064E+03
  1.000000E-01  1.036755E+03
  1.020000E-01  1.035456E+03
  1.040000E-01  1.034167E+03
  1.060000E-01  1.032886E+03
  1.080000E-01  1.031614E+03
  1.100000E-01  1.030352E+03
  1.120000E-01  1.029098E+03
  1.140000E-01  1.027853E+03
  1.160000E-01  1.026617E+03
  1.180000E-01  1.025390E+03
  1.200000E-01  1.024171E+03
  1.220000E-01  1.022960E+03
  1.240000E-01  1.021758E+03
  1.260000E-01  1.020564E+03
  1.280000E-01  1.019378E+03
  1.300000E-01  1.018201E+03
  1.320000E-01  1.017031E+03
  1.340000E-01  1.015869E+03
  1.360000E-01  1.014714E+03
  1.380000E-01  1.013567E+03
  1.400000E-01  1.012428E+03
  1.420000E-01  1.011296E+03
  1.440000E-01  1.010172E+03
  1.460000E-01  1.009055E+03
  1.480000E-01  1.007945E+03
  1.500000E-01  1.006843E+03
  1.520000E-01  1.005748E+03
  1.540000E-01  1.004660E+03
  1.560000E-01  1.003580E+03
  1.580000E-01  1.002506E+03
  1.600000E-01  1.001439E+03
  1.620000E-01  1.000379E+03
  1.640000E-01  9.993264E+02
  1.660000E-01  9.982803E+02
  1.680000E-01  9.972409E+02
  1.700000E-01  9.962081E+02
  1.720000E-01  9.951820E+02
  1.740000E-01  9.941625E+02
  1.760000E-01  9.931495E+02
  1.780000E-01  9.921429E+02
  1.800000E-01  9.911427E+02
  1.820000E-01  9.901488E+02
  1.840000E-01  9.891613E+02
  1.860000E-01  9.881799E+02
  1.880000E-01  9.872048E+02
  1.900000E-01  9.862357E+02
  1.920000E-01  9.852727E+02
  1.940000E-01  9.843158E+02
  1.960000E-01  9.833648E+02
  1.980000E-01  9.824197E+02
  2.000000E-01  9.814805E+02
  2.020000E-01  9.805471E+02
  2.040000E-01  9.796194E+02
  2.060000E-01  9.786975E+02
  2.080000E-01  9.777812E+02
  2.100000E-01  9.768706E+02
  2.120000E-01  9.759655E+02
  2.140000E-01  9.750659E+02
  2.160000E-01  9.741718E+02
  2.180000E-01  9.732832E+02
  2.200000E-01  9.723999E+02
  2.220000E-01  9.715220E+02
  2.240000E-01  9.706494E+02
  2.260000E-01  9.697820E+02
  2.280000E-01  9.689198E+02
  2.300000E-01  9.680628E+02
  2.320000E-01  9.672109E+02
  2.340000E-01  9.663641E+02
  2.360000E-01  9.655224E+02
  2.380000E-01  9.646856E+02
  2.400000E-01  9.638538E+02
  2.420000E-01  9.630269E+02
  2.440000E-01  9.622049E+02
  2.460000E-01  9.613877E+02
  2.480000E-01  9.605753E+02
  2.500000E-01  9.597677E+02
  2.520000E-01  9.589648E+02
  2.540000E-01  9.581665E+02
  2.560000E-01  9.573730E+02
  2.580000E-01  9.565840E+02
  2.600000E-01  9.557996E+02
  2.620000E-01  9.550197E+02
  2.640000E-01  9.542444E+02
  2.660000E-01  9.534734E+02
  2.680000E-01  9.527070E+02
  2.700000E-01  9.519449E+02
  2.720000E-01  9.511871E+02
  2.740000E-01  9.504337E+02
  2.760000E-01  9.496846E+02
  2.780000E-01  9.489398E+02
  2.800000E-01  9.481991E+02
  2.820000E-01  9.474627E+02
  2.840000E-01  9.467304E+02
  2.860000E-01  9.460022E+02
  2.880000E-01  9.452781E+02
  2.900000E-01  9.445581E+02
  2.920000E-01  9.438421E+02
  2.940000E-01  9.431301E+02
  2.960000E-01  9.424221E+02
  2.980000E-01  9.417180E+02
  3.000000E-01  9.410178E+02
  3.020000E-01  9.403215E+02
  3.040000E-01  9.396290E+02
  3.060000E-01  9.389404E+02
  3.080000E-01  9.382555E+02
  3.100000E-01  9.375744E+02
  3.120000E-01  9.368971E+02
  3.140000E-01  9.362234E+02
  3.160000E-01  9.355534E+02
  3.180000E-01  9.348871E+02
  3.200000E-01  9.342243E+02
  3.220000E-01  9.335652E+02
  3.240000E-01  9.329097E+02
  3.260000E-01  9.322576E+02
  3.280000E-01  9.316091E+02
  3.300000E-01  9.309641E+02
  3.320000E-01  9.303226E+02
  3.340000E-01  9.296844E+02
  3.360000E-01  9.290497E+02
  3.380000E-01  9.284184E+02
  3.400000E-01  9.277904E+02
  3.420000E-01  9.271658E+02
  3.440000E-01  9.265445E+02
  3.460000E-01  9.259264E+02
  3.480000E-01  9.253117E+02
  3.500000E-01  9.247001E+02
  3.520000E-01  9.240918E+02
  3.540000E-01  9.234867E+02
  3.560000E-01  9.228847E+02
  3.580000E-01  9.222859E+02
  3.600000E-01  9.216902E+02
  3.620000E-01  9.210976E+02
  3.640000E-01  9.205081E+02
  3.660000E-01  9.199217E+02
  3.680000E-01  9.193383E+02
  3.700000E-01  9.187578E+02
  3.720000E-01  9.181804E+02
  3.740000E-01  9.176060E+02
  3.760000E-01  9.170345E+02
  3.780000E-01  9.164659E+02
  3.800000E-01  9.159002E+02
  3.820000E-01  9.153375E+02
  3.840000E-01  9.147775E+02
  3.860000E-01  9.142205E+02
  3.880000E-01  9.136662E+02
  3.900000E-01  9.131148E+02
  3.920000E-01  9.125661E+02
  3.940000E-01  9.120202E+02
  3.960000E-01  9.114771E+02
  3.980000E-01  9.109367E+02
  4.000000E-01  9.103990E+02
  4.020000E-01  9.098640E+02
  4.040000E-01  9.093316E+02
  4.060000E-01  9.088019E+02
  4.080000E-01  9.082749E+02
  4.100000E-01  9.077504E+02
  4.120000E-01  9.072286E+02
  4.140000E-01  9.067093E+02
  4.160000E-01  9.061926E+02
  4.180000E-01  9.056784E+02
  4.200000E-01  9.051668E+02
  4.220000E-01  9.046577E+02
  4.240000E-01  9.041511E+02
  4.260000E-01  9.036469E+02
  4.280000E-01  9.031452E+02
  4.300000E-01  9.026459E+02
  4.320000E-01  9.021491E+02
  4.340000E-01  9.016547E+02
  4.360000E-01  9.011627E+02
  4.380000E-01  9.006730E+02
  4.400000E-01  9.001857E+02
  4.420000E-01  8.997008E+02
  4.440000E-01  8.992182E+02
  4.460000E-01  8.987379E+02
  4.480000E-01  8.982599E+02
  4.500000E-01  8.977841E+02
  4.520000E-01  8.973107E+02
  4.540000E-01  8.968395E+02
  4.560000E-01  8.963705E+02
  4.580000E-01  8.959038E+02
  4.600000E-01  8.954392E+02
  4.620000E-01  8.949769E+02
  4.640000E-01  8.945167E+02
  4.660000E-01  8.940587E+02
  4.680000E-01  8.936029E+02
  4.700000E-01  8.931492E+02
  4.720000E-01  8.926976E+02
  4.740000E-01  8.924087E+02
  4.760000E-01  8.920649E+02
  4.780000E-01  8.917281E+02
  4.800000E-01  8.913964E+02
  4.820000E-01  8.910690E+02
  4.840000E-01  8.907451E+02
  4.860000E-01  8.904244E+02
  4.880000E-01  8.901064E+02
  4.900000E-01  8.897910E+02
  4.920000E-01  8.894780E+02
  4.940000E-01  8.891671E+02
  4.960000E-01  8.888583E+02
  4.980000E-01  8.885514E+02
  5.000000E-01  8.882463E+02
  5.020000E-01  8.879430E+02
  5.040000E-01  8.876413E+02
  5.060000E-01  8.873413E+02
  5.080000E-01  8.870428E+02
  5.100000E-01  8.867458E+02
  5.120000E-01  8.864503E+02
  5.140000E-01  8.861561E+02
  5.160000E-01  8.858634E+02
  5.180000E-01  8.855720E+02
  5.200000E-01  8.852819E+02
  5.220000E-01  8.849931E+02
  5.240000E-01  8.847055E+02
  5.260000E-01  8.844191E+02
  5.280000E-01  8.841340E+02
  5.300000E-01  8.838500E+02
  5.320000E-01  8.835672E+02
  5.340000E-01  8.832855E+02
  5.360000E-01  8.830049E+02
  5.380000E-01  8.827254E+02
  5.400000E-01  8.824470E+02
  5.420000E-01  8.821697E+02
  5.440000E-01  8.818934E+02
  5.460000E-01  8.816181E+02
  5.480000E-01  8.813439E+02
  5.500000E-01  8.810707E+02
  5.520000E-01  8.807984E+02
  5.540000E-01  8.805272E+02
  5.560000E-01  8.802569E+02
  5.580000E-01  8.799876E+02
  5.600000E-01  8.797192E+02
  5.620000E-01  8.794517E+02
  5.640000E-01  8.791852E+02
  5.660000E-01  8.789196E+02
  5.680000E-01  8.786548E+02
  5.700000E-01  8.783910E+02
  5.720000E-01  8.781281E+02
  5.740000E-01  8.778660E+02
  5.760000E-01  8.776049E+02
  5.780000E-01  8.773445E+02
  5.800000E-01  8.770851E+02
  5.820000E-01  8.768264E+02
  5.840000E-01  8.765686E+02
  5.860000E-01  8.763117E+02
  5.880000E-01  8.760555E+02
  5.900000E-01  8.758002E+02
  5.920000E-01  8.755457E+02
  5.940000E-01  8.752919E+02
  5.960000E-01  8.750390E+02
  5.980000E-01  8.747869E+02
  6.000000E-01  8.745355E+02
  6.020000E-01  8.742849E+02
  6.040000E-01  8.740351E+02
  6.060000E-01  8.737861E+02
  6.080000E-01  8.735378E+02
  6.100000E-01  8.732902E+02
  6.120000E-01  8.730434E+02
  6.140000E-01  8.727974E+02
  6.160000E-01  8.725520E+02
  6.180000E-01  8.723075E+02
  6.200000E-01  8.720636E+02
  6.220000E-01  8.718204E+02
  6.240000E-01  8.715780E+02
  6.260000E-01  8.713363E+02
  6.280000E-01  8.710952E+02
  6.300000E-01  8.708549E+02
  6.320000E-01  8.706153E+02
  6.340000E-01  8.703763E+02
  6.360000E-01  8.701381E+02
  6.380000E-01  8.699005E+02
  6.400000E-01  8.696636E+02
  6.420000E-01  8.694274E+02
  6.440000E-01  8.691918E+02
  6.460000E-01  8.689569E+02
  6.480000E-01  8.687227E+02
  6.500000E-01  8.684891E+02
  6.520000E-01  8.682562E+02
  6.540000E-01  8.680239E+02
  6.560000E-01  8.677922E+02
  6.580000E-01  8.675612E+02
  6.600000E-01  8.673309E+02
  6.620000E-01  8.671011E+02
  6.640000E-01  8.668720E+02
  6.660000E-01  8.666435E+02
  6.680000E-01  8.664157E+02
  6.700000E-01  8.661884E+02
  6.720000E-01  8.659618E+02
  6.740000E-01  8.657358E+02
  6.760000E-01  8.655103E+02
  6.780000E-01  8.652855E+02
  6.800000E-01  8.650613E+02
  6.820000E-01  8.648377E+02
  6.840000E-01  8.646147E+02
  6.860000E-01  8.643922E+02
  6.880000E-01  8.641704E+02
  6.900000E-01  8.639491E+02
  6.920000E-01  8.637284E+02
  6.940000E-01  8.635083E+02
  6.960000E-01  8.632888E+02
  6.980000E-01  8.630698E+02
  7.000000E-01  8.628514E+02
  7.020000E-01  8.626336E+02
  7.040000E-01  8.624163E+02
  7.060000E-01  8.621996E+02
  7.080000E-01  8.619834E+02
  7.100000E-01  8.617678E+02
  7.120000E-01  8.615527E+02
  7.140000E-01  8.613382E+02
  7.160000E-01  8.611243E+02
  7.180000E-01  8.609108E+02
  7.200000E-01  8.606980E+02
  7.220000E-01  8.604856E+02
  7.240000E-01  8.602738E+02
  7.260000E-01  8.600625E+02
  7.280000E-01  8.598517E+02
  7.300000E-01  8.596415E+02
  7.320000E-01  8.594318E+02
  7.340000E-01  8.592226E+02
  7.360000E-01  8.590140E+02
  7.380000E-01  8.588058E+02
  7.400000E-01  8.585982E+02
  7.420000E-01  8.583910E+02
  7.440000E-01  8.581844E+02
  7.460000E-01  8.579783E+02
  7.480000E-01  8.577727E+02
  7.500000E-01  8.575676E+02
  7.520000E-01  8.573630E+02
  7.540000E-01  8.571588E+02
  7.560000E-01  8.569552E+02
  7.580000E-01  8.567521E+02
  7.600000E-01  8.565495E+02
  7.620000E-01  8.563473E+02
  7.640000E-01  8.561456E+02
  7.660000E-01  8.559444E+02
  7.680000E-01  8.557437E+02
  7.700000E-01  8.555435E+02
  7.720000E-01  8.553438E+02
  7.740000E-01  8.551445E+02
  7.760000E-01  8.549457E+02
  7.780000E-01  8.547474E+02
  7.800000E-01  8.545495E+02
  7.820000E-01  8.543521E+02
  7.840000E-01  8.541552E+02
  7.860000E-01  8.539587E+02
  7.880000E-01  8.537627E+02
  7.900000E-01  8.535671E+02
  7.920000E-01  8.533720E+02
  7.940000E-01  8.531774E+02
  7.960000E-01  8.529832E+02
  7.980000E-01  8.527895E+02
  8.000000E-01  8.525962E+02
  8.020000E-01  8.524033E+02
  8.040000E-01  8.522109E+02
  8.060000E-01  8.520190E+02
  8.080000E-01  8.518274E+02
  8.100000E-01  8.516364E+02
  8.120000E-01  8.514457E+02
  8.140000E-01  8.512555E+02
  8.160000E-01  8.510657E+02
  8.180000E-01  8.508764E+02
  8.200000E-01  8.506875E+02
  8.220000E-01  8.504990E+02
  8.240000E-01  8.503110E+02
  8.260000E-01  8.501233E+02
  8.280000E-01  8.499361E+02
  8.300000E-01  8.497493E+02
  8.320000E-01  8.495630E+02
  8.340000E-01  8.493770E+02
  8.360000E-01  8.491915E+02
  8.380000E-01  8.490064E+02
  8.400000E-01  8.488217E+02
  8.420000E-01  8.486374E+02
  8.440000E-01  8.484535E+02
  8.460000E-01  8.482700E+02
  8.480000E-01  8.480870E+02
  8.500000E-01  8.479043E+02
  8.520000E-01  8.477220E+02
  8.540000E-01  8.475402E+02
  8.560000E-01  8.473587E+02
  8.580000E-01  8.471777E+02
  8.600000E-01  8.469970E+02
  8.620000E-01  8.468168E+02
  8.640000E-01  8.466369E+02
  8.660000E-01  8.464574E+02
  8.680000E-01  8.462783E+02
  8.700000E-01  8.460997E+02
  8.720000E-01  8.459214E+02
  8.740000E-01  8.457434E+02
  8.760000E-01  8.455659E+02
  8.780000E-01  8.453888E+02
  8.800000E-01  8.452120E+02
  8.820000E-01  8.450356E+02
  8.840000E-01  8.448596E+02
  8.860000E-01  8.446840E+02
  8.880000E-01  8.445088E+02
  8.900000E-01  8.443339E+02
  8.920000E-01  8.441594E+02
  8.940000E-01  8.439853E+02
  8.960000E-01  8.438115E+02
  8.980000E-01  8.436382E+02
  9.000000E-01  8.434652E+02
  9.020000E-01  8.432925E+02
  9.040000E-01  8.431203E+02
  9.060000E-01  8.429483E+02
  9.080000E-01  8.427768E+02
  9.100000E-01  8.426056E+02
  9.120000E-01  8.424348E+02
  9.140000E-01  8.422644E+02
  9.160000E-01  8.421346E+02
  9.180000E-01  8.419866E+02
  9.200000E-01  8.418409E+02
  9.220000E-01  8.416973E+02
  9.240000E-01  8.415555E+02
  9.260000E-01  8.414152E+02
  9.280000E-01  8.412762E+02
  9.300000E-01  8.411385E+02
  9.320000E-01  8.410020E+02
  9.340000E-01  8.408666E+02
  9.360000E-01  8.407321E+02
  9.380000E-01  8.405986E+02
  9.400000E-01  8.404659E+02
  9.420000E-01  8.403340E+02
  9.440000E-01  8.402029E+02
  9.460000E-01  8.400726E+02
  9.480000E-01  8.399429E+02
  9.500000E-01  8.398140E+02
  9.520000E-01  8.396856E+02
  9.540000E-01  8.395579E+02
  9.560000E-01  8.394308E+02
  9.580000E-01  8.393042E+02
  9.600000E-01  8.391782E+02
  9.620000E-01  8.390527E+02
  9.640000E-01  8.389277E+02
  9.660000E-01  8.388033E+02
  9.680000E-01  8.386793E+02
  9.700000E-01  8.385557E+02
  9.720000E-01  8.384326E+02
  9.740000E-01  8.383100E+02
  9.760000E-01  8.381878E+02
  9.780000E-01  8.380660E+02
  9.800000E-01  8.379446E+02
  9.820000E-01  8.378236E+02
  9.840000E-01  8.377030E+02
  9.860000E-01  8.375828E+02
  9.880000E-01  8.374629E+02
  9.900000E-01  8.373434E+02
  9.920000E-01  8.372243E+02
  9.940000E-01  8.371055E+02
  9.960000E-01  8.369870E+02
  9.980000E-01  8.368689E+02
  1.000000E+00  8.367511E+02
  1.002000E+00  8.366336E+02
  1.004000E+00  8.365164E+02
  1.006000E+00  8.363995E+02
  1.008000E+00  8.362829E+02
  1.010000E+00  8.361666E+02
  1.012000E+00  8.360506E+02
  1.014000E+00  8.359348E+02
  1.016000E+00  8.358194E+02
  1.018000E+00  8.357041E+02
  1.020000E+00  8.355892E+02
  1.022000E+00  8.354745E+02
  1.024000E+00  8.353600E+02
  1.026000E+00  8.352457E+02
  1.028000E+00  8.351316E+02
  1.030000E+00  8.350176E+02
  1.032000E+00  8.349038E+02
  1.034000E+00  8.347904E+02
  1.036000E+00  8.346772E+02
  1.038000E+00  8.345643E+02
  1.040000E+00  8.344517E+02
  1.042000E+00  8.343394E+02
  1.044000E+00  8.342274E+02
  1.046000E+00  8.341156E+02
  1.048000E+00  8.340042E+02
  1.050000E+00  8.338930E+02
  1.052000E+00  8.337820E+02
  1.054000E+00  8.336713E+02
  1.056000E+00  8.335609E+02
  1.058000E+00  8.334508E+02
  1.060000E+00  8.333409E+02
  1.062000E+00  8.332312E+02
  1.064000E+00  8.331218E+02
  1.066000E+00  8.330127E+02
  1.068000E+00  8.329038E+02
  1.070000E+00  8.327952E+02
  1.072000E+00  8.326868E+02
  1.074000E+00  8.325786E+02
  1.076000E+00  8.324707E+02
  1.078000E+00  8.323630E+02
  1.080000E+00  8.322556E+02
  1.082000E+00  8.321484E+02
  1.084000E+00  8.320414E+02
  1.086000E+00  8.319347E+02
  1.088000E+00  8.318282E+02
  1.090000E+00  8.317219E+02
  1.092000E+00  8.316159E+02
  1.094000E+00  8.315100E+02
  1.096000E+00  8.314044E+02
  1.098000E+00  8.312991E+02
  1.100000E+00  8.311939E+02
  1.102000E+00  8.310890E+02
  1.104000E+00  8.309842E+02
  1.106000E+00  8.308797E+02
  1.108000E+00  8.307755E+02
  1.110000E+00  8.306714E+02
  1.112000E+00  8.305675E+02
  1.114000E+00  8.304639E+02
  1.116000E+00  8.303604E+02
  1.118000E+00  8.302572E+02
  1.120000E+00  8.301542E+02
  1.122000E+00  8.300514E+02
  1.124000E+00  8.299488E+02
  1.126000E+00  8.298464E+02
  1.128000E+00  8.297442E+02
  1.130000E+00  8.296422E+02
  1.132000E+00  8.295404E+02
  1.134000E+00  8.294388E+02
  1.136000E+00  8.293374E+02
  1.138000E+00  8.292362E+02
  1.140000E+00  8.291352E+02
  1.142000E+00  8.290344E+02
  1.144000E+00  8.289337E+02
  1.146000E+00  8.288333E+02
  1.148000E+00  8.287331E+02
  1.150000E+00  8.286331E+02
  1.152000E+00  8.285332E+02
  1.154000E+00  8.284336E+02
  1.156000E+00  8.283341E+02
  1.158000E+00  8.282348E+02
  1.160000E+00  8.281357E+02
  1.162000E+00  8.280368E+02
  1.164000E+00  8.279381E+02
  1.166000E+00  8.278396E+02
  1.168000E+00  8.277412E+02
  1.170000E+00  8.276431E+02
  1.172000E+00  8.275451E+02
  1.174000E+00  8.274473E+02
  1.176000E+00  8.273497E+02
  1.178000E+00  8.272523E+02
  1.180000E+00  8.271550E+02
  1.182000E+00  8.270579E+02
  1.184000E+00  8.269610E+02
  1.186000E+00  8.268643E+02
  1.188000E+00  8.267678E+02
  1.190000E+00  8.266714E+02
  1.192000E+00  8.265752E+02
  1.194000E+00  8.264792E+02
  1.196000E+00  8.263833E+02
  1.198000E+00  8.262876E+02
  1.200000E+00  8.261921E+02
