  1.000000E-02  0.000000E+00
  1.200000E-02  0.000000E+00
  1.400000E-02  0.000000E+00
  1.600000E-02  0.000000E+00
  1.800000E-02  0.000000E+00
  2.000000E-02  0.000000E+00
  2.200000E-02  0.000000E+00
  2.400000E-02  0.000000E+00
  2.600000E-02  0.000000E+00
  2.800000E-02  0.000000E+00
  3.000000E-02  0.000000E+00
  3.200000E-02  0.000000E+00
  3.400000E-02  0.000000E+00
  3.600000E-02  0.000000E+00
  3.800000E-02  0.000000E+00
  4.000000E-02  0.000000E+00
  4.200000E-02  0.000000E+00
  4.400000E-02  0.000000E+00
  4.600000E-02  0.000000E+00
  4.800000E-02  0.000000E+00
  5.000000E-02  0.000000E+00
  5.200000E-02  0.000000E+00
  5.400000E-02  0.000000E+00
  5.600000E-02  0.000000E+00
  5.800000E-02  0.000000E+00
  6.000000E-02  0.000000E+00
  6.200000E-02  0.000000E+00
  6.400000E-02  0.000000E+00
  6.600000E-02  0.000000E+00
  6.800000E-02  0.000000E+00
  7.000000E-02  0.000000E+00
  7.200000E-02  0.000000E+00
  7.400000E-02  0.000000E+00
  7.600000E-02  0.000000E+00
  7.800000E-02  0.000000E+00
  8.000000E-02  0.000000E+00
  8.200000E-02  0.000000E+00
  8.400000E-02  0.000000E+00
  8.600000E-02  0.000000E+00
  8.800000E-02  0.000000E+00
  9.000000E-02  0.000000E+00
  9.200000E-02  0.000000E+00
  9.400000E-02  0.000000E+00
  9.600000E-02  0.000000E+00
  9.800000E-02  0.000000E+00
  1.000000E-01  0.000000E+00
  1.020000E-01  0.000000E+00
  1.040000E-01  0.000000E+00
  1.060000E-01  0.000000E+00
  1.080000E-01  0.000000E+00
  1.100000E-01  0.000000E+00
  1.120000E-01  0.000000E+00
  1.140000E-01  0.000000E+00
  1.160000E-01  0.000000E+00
  1.180000E-01  0.000000E+00
  1.200000E-01  0.000000E+00
  1.220000E-01  0.000000E+00
  1.240000E-01  0.000000E+00
  1.260000E-01  0.000000E+00
  1.280000E-01  0.000000E+00
  1.300000E-01  0.000000E+00
  1.320000E-01  0.000000E+00
  1.340000E-01  0.000000E+00
  1.360000E-01  0.000000E+00
  1.380000E-01  0.000000E+00
  1.400000E-01  0.000000E+00
  1.420000E-01  0.000000E+00
  1.440000E-01  0.000000E+00
  1.460000E-01  0.000000E+00
  1.480000E-01  0.000000E+00
  1.500000E-01  0.000000E+00
  1.520000E-01  0.000000E+00
  1.540000E-01  0.000000E+00
  1.560000E-01  0.000000E+00
  1.580000E-01  0.000000E+00
  1.600000E-01  0.000000E+00
  1.620000E-01  0.000000E+00
  1.640000E-01  0.000000E+00
  1.660000E-01  0.000000E+00
  1.680000E-01  0.000000E+00
  1.700000E-01  0.000000E+00
  1.720000E-01  0.000000E+00
  1.740000E-01  0.000000E+00
  1.760000E-01  0.000000E+00
  1.780000E-01  0.000000E+00
  1.800000E-01  0.000000E+00
  1.820000E-01  0.000000E+00
  1.840000E-01  0.000000E+00
  1.860000E-01  0.000000E+00
  1.880000E-01  0.000000E+00
  1.900000E-01  0.000000E+00
  1.920000E-01  0.000000E+00
  1.940000E-01  0.000000E+00
  1.960000E-01  0.000000E+00
  1.980000E-01  0.000000E+00
  2.000000E-01  0.000000E+00
  2.020000E-01  0.000000E+00
  2.040000E-01  0.000000E+00
  2.060000E-01  0.000000E+00
  2.080000E-01  0.000000E+00
  2.100000E-01  0.000000E+00
  2.120000E-01  0.000000E+00
  2.140000E-01  0.000000E+00
  2.160000E-01  0.000000E+00
  2.180000E-01  0.000000E+00
  2.200000E-01  0.000000E+00
  2.220000E-01  0.000000E+00
  2.240000E-01  0.000000E+00
  2.260000E-01  0.000000E+00
  2.280000E-01  0.000000E+00
  2.300000E-01  0.000000E+00
  2.320000E-01  0.000000E+00
  2.340000E-01  0.000000E+00
  2.360000E-01  0.000000E+00
  2.380000E-01  0.000000E+00
  2.400000E-01  0.000000E+00
  2.420000E-01  0.000000E+00
  2.440000E-01  0.000000E+00
  2.460000E-01  0.000000E+00
  2.480000E-01  0.000000E+00
  2.500000E-01  0.000000E+00
  2.520000E-01  0.000000E+00
  2.540000E-01  0.000000E+00
  2.560000E-01  0.000000E+00
  2.580000E-01  0.000000E+00
  2.600000E-01  0.000000E+00
  2.620000E-01  0.000000E+00
  2.640000E-01  0.000000E+00
  2.660000E-01  0.000000E+00
  2.680000E-01  0.000000E+00
  2.700000E-01  0.000000E+00
  2.720000E-01  0.000000E+00
  2.740000E-01  0.000000E+00
  2.760000E-01  0.000000E+00
  2.780000E-01  0.000000E+00
  2.800000E-01  0.000000E+00
  2.820000E-01  0.000000E+00
  2.840000E-01  0.000000E+00
  2.860000E-01  0.000000E+00
  2.880000E-01  0.000000E+00
  2.900000E-01  0.000000E+00
  2.920000E-01  0.000000E+00
  2.940000E-01  0.000000E+00
  2.960000E-01  0.000000E+00
  2.980000E-01  0.000000E+00
  3.000000E-01  0.000000E+00
  3.020000E-01  0.000000E+00
  3.040000E-01  0.000000E+00
  3.060000E-01  0.000000E+00
  3.080000E-01  0.000000E+00
  3.100000E-01  0.000000E+00
  3.120000E-01  0.000000E+00
  3.140000E-01  0.000000E+00
  3.160000E-01  0.000000E+00
  3.180000E-01  0.000000E+00
  3.200000E-01  0.000000E+00
  3.220000E-01  0.000000E+00
  3.240000E-01  0.000000E+00
  3.260000E-01  0.000000E+00
  3.280000E-01  0.000000E+00
  3.300000E-01  0.000000E+00
  3.320000E-01  0.000000E+00
  3.340000E-01  0.000000E+00
  3.360000E-01  0.000000E+00
  3.380000E-01  0.000000E+00
  3.400000E-01  0.000000E+00
  3.420000E-01  0.000000E+00
  3.440000E-01  0.000000E+00
  3.460000E-01  0.000000E+00
  3.480000E-01  0.000000E+00
  3.500000E-01  0.000000E+00
  3.520000E-01  0.000000E+00
  3.540000E-01  0.000000E+00
  3.560000E-01  0.000000E+00
  3.580000E-01  0.000000E+00
  3.600000E-01  0.000000E+00
  3.620000E-01  0.000000E+00
  3.640000E-01  0.000000E+00
  3.660000E-01  0.000000E+00
  3.680000E-01  0.000000E+00
  3.700000E-01  0.000000E+00
  3.720000E-01  0.000000E+00
  3.740000E-01  0.000000E+00
  3.760000E-01  0.000000E+00
  3.780000E-01  0.000000E+00
  3.800000E-01  0.000000E+00
  3.820000E-01  0.000000E+00
  3.840000E-01  0.000000E+00
  3.860000E-01  0.000000E+00
  3.880000E-01  0.000000E+00
  3.900000E-01  0.000000E+00
  3.920000E-01  0.000000E+00
  3.940000E-01  0.000000E+00
  3.960000E-01  0.000000E+00
  3.980000E-01  0.000000E+00
  4.000000E-01  0.000000E+00
  4.020000E-01  0.000000E+00
  4.040000E-01  0.000000E+00
  4.060000E-01  0.000000E+00
  4.080000E-01  0.000000E+00
  4.100000E-01  0.000000E+00
  4.120000E-01  0.000000E+00
  4.140000E-01  0.000000E+00
  4.160000E-01  0.000000E+00
  4.180000E-01  0.000000E+00
  4.200000E-01  0.000000E+00
  4.220000E-01  0.000000E+00
  4.240000E-01  0.000000E+00
  4.260000E-01  0.000000E+00
  4.280000E-01  0.000000E+00
  4.300000E-01  0.000000E+00
  4.320000E-01  0.000000E+00
  4.340000E-01  0.000000E+00
  4.360000E-01  0.000000E+00
  4.380000E-01  0.000000E+00
  4.400000E-01  0.000000E+00
  4.420000E-01  0.000000E+00
  4.440000E-01  0.000000E+00
  4.460000E-01  0.000000E+00
  4.480000E-01  0.000000E+00
  4.500000E-01  0.000000E+00
  4.520000E-01  0.000000E+00
  4.540000E-01  0.000000E+00
  4.560000E-01  0.000000E+00
  4.580000E-01  0.000000E+00
  4.600000E-01  2.947909E-03
  4.620000E-01  4.675775E-03
  4.640000E-01  6.532493E-03
  4.660000E-01  8.474032E-03
  4.680000E-01  1.307357E-02
  4.700000E-01  1.633942E-02
  4.720000E-01  1.971630E-02
  4.740000E-01  2.318108E-02
  4.760000E-01  2.671779E-02
  4.780000E-01  3.031462E-02
  4.800000E-01  3.396234E-02
  4.820000E-01  3.765342E-02
  4.840000E-01  4.138153E-02
  4.860000E-01  4.514118E-02
  4.880000E-01  4.892754E-02
  4.900000E-01  5.273625E-02
  4.920000E-01  5.656329E-02
  4.940000E-01  6.040494E-02
  4.960000E-01  6.425771E-02
  4.980000E-01  6.811826E-02
  5.000000E-01  7.198341E-02
  5.020000E-01  7.585009E-02
  5.040000E-01  7.971533E-02
  5.060000E-01  8.357627E-02
  5.080000E-01  8.743013E-02
  5.100000E-01  9.127426E-02
  5.120000E-01  9.510608E-02
  5.140000E-01  9.892318E-02
  5.160000E-01  1.027233E-01
  5.180000E-01  1.065042E-01
  5.200000E-01  1.102639E-01
  5.220000E-01  1.140008E-01
  5.240000E-01  1.177130E-01
  5.260000E-01  1.213991E-01
  5.280000E-01  1.250579E-01
  5.300000E-01  1.286881E-01
  5.320000E-01  1.322888E-01
  5.340000E-01  1.358589E-01
  5.360000E-01  1.393975E-01
  5.380000E-01  1.429032E-01
  5.400000E-01  1.463741E-01
  5.420000E-01  1.498033E-01
  5.440000E-01  1.532012E-01
  5.460000E-01  1.565804E-01
  5.480000E-01  1.599407E-01
  5.500000E-01  1.632823E-01
  5.520000E-01  1.666051E-01
  5.540000E-01  1.699092E-01
  5.560000E-01  1.731946E-01
  5.580000E-01  1.764614E-01
  5.600000E-01  1.797096E-01
  5.620000E-01  1.829393E-01
  5.640000E-01  1.861505E-01
  5.660000E-01  1.893434E-01
  5.680000E-01  1.925178E-01
  5.700000E-01  1.956741E-01
  5.720000E-01  1.988121E-01
  5.740000E-01  2.019320E-01
  5.760000E-01  2.050340E-01
  5.780000E-01  2.081179E-01
  5.800000E-01  2.111841E-01
  5.820000E-01  2.142324E-01
  5.840000E-01  2.172631E-01
  5.860000E-01  2.202762E-01
  5.880000E-01  2.232718E-01
  5.900000E-01  2.262500E-01
  5.920000E-01  2.292109E-01
  5.940000E-01  2.321546E-01
  5.960000E-01  2.350812E-01
  5.980000E-01  2.379907E-01
  6.000000E-01  2.408834E-01
  6.020000E-01  2.437592E-01
  6.040000E-01  2.466183E-01
  6.060000E-01  2.494608E-01
  6.080000E-01  2.522868E-01
  6.100000E-01  2.550963E-01
  6.120000E-01  2.578896E-01
  6.140000E-01  2.606666E-01
  6.160000E-01  2.634275E-01
  6.180000E-01  2.661724E-01
  6.200000E-01  2.689014E-01
  6.220000E-01  2.716145E-01
  6.240000E-01  2.743120E-01
  6.260000E-01  2.769938E-01
  6.280000E-01  2.796601E-01
  6.300000E-01  2.823110E-01
  6.320000E-01  2.849465E-01
  6.340000E-01  2.875669E-01
  6.360000E-01  2.901721E-01
  6.380000E-01  2.927624E-01
  6.400000E-01  2.953376E-01
  6.420000E-01  2.978981E-01
  6.440000E-01  3.004438E-01
  6.460000E-01  3.029749E-01
  6.480000E-01  3.054915E-01
  6.500000E-01  3.079936E-01
  6.520000E-01  3.104814E-01
  6.540000E-01  3.129549E-01
  6.560000E-01  3.154143E-01
  6.580000E-01  3.178596E-01
  6.600000E-01  3.202909E-01
  6.620000E-01  3.227084E-01
  6.640000E-01  3.251121E-01
  6.660000E-01  3.275020E-01
  6.680000E-01  3.298784E-01
  6.700000E-01  3.322413E-01
  6.720000E-01  3.345907E-01
  6.740000E-01  3.369268E-01
  6.760000E-01  3.392496E-01
  6.780000E-01  3.415593E-01
  6.800000E-01  3.438559E-01
  6.820000E-01  3.461396E-01
  6.840000E-01  3.484103E-01
  6.860000E-01  3.506682E-01
  6.880000E-01  3.529134E-01
  6.900000E-01  3.551459E-01
  6.920000E-01  3.573659E-01
  6.940000E-01  3.595734E-01
  6.960000E-01  3.617685E-01
  6.980000E-01  3.639513E-01
  7.000000E-01  3.661219E-01
  7.020000E-01  3.682803E-01
  7.040000E-01  3.704266E-01
  7.060000E-01  3.725609E-01
  7.080000E-01  3.746834E-01
  7.100000E-01  3.767939E-01
  7.120000E-01  3.788928E-01
  7.140000E-01  3.809799E-01
  7.160000E-01  3.830554E-01
  7.180000E-01  3.851195E-01
  7.200000E-01  3.871720E-01
  7.220000E-01  3.892132E-01
  7.240000E-01  3.912431E-01
  7.260000E-01  3.932617E-01
  7.280000E-01  3.952692E-01
  7.300000E-01  3.972656E-01
  7.320000E-01  3.992509E-01
  7.340000E-01  4.012254E-01
  7.360000E-01  4.031889E-01
  7.380000E-01  4.051417E-01
  7.400000E-01  4.070837E-01
  7.420000E-01  4.090151E-01
  7.440000E-01  4.109358E-01
  7.460000E-01  4.128461E-01
  7.480000E-01  4.147458E-01
  7.500000E-01  4.166352E-01
  7.520000E-01  4.185143E-01
  7.540000E-01  4.206166E-01
  7.560000E-01  4.225405E-01
  7.580000E-01  4.244592E-01
  7.600000E-01  4.263723E-01
  7.620000E-01  4.282795E-01
  7.640000E-01  4.301806E-01
  7.660000E-01  4.320754E-01
  7.680000E-01  4.339638E-01
  7.700000E-01  4.358456E-01
  7.720000E-01  4.377206E-01
  7.740000E-01  4.395889E-01
  7.760000E-01  4.414502E-01
  7.780000E-01  4.433045E-01
  7.800000E-01  4.451518E-01
  7.820000E-01  4.469919E-01
  7.840000E-01  4.488249E-01
  7.860000E-01  4.506507E-01
  7.880000E-01  4.524692E-01
  7.900000E-01  4.542804E-01
  7.920000E-01  4.560843E-01
  7.940000E-01  4.578809E-01
  7.960000E-01  4.596701E-01
  7.980000E-01  4.614519E-01
  8.000000E-01  4.632263E-01
  8.020000E-01  4.649933E-01
  8.040000E-01  4.667529E-01
  8.060000E-01  4.685051E-01
  8.080000E-01  4.702499E-01
  8.100000E-01  4.719872E-01
  8.120000E-01  4.737172E-01
  8.140000E-01  4.754396E-01
  8.160000E-01  4.771547E-01
  8.180000E-01  4.788624E-01
  8.200000E-01  4.805626E-01
  8.220000E-01  4.822555E-01
  8.240000E-01  4.839410E-01
  8.260000E-01  4.856191E-01
  8.280000E-01  4.872898E-01
  8.300000E-01  4.889532E-01
  8.320000E-01  4.906092E-01
  8.340000E-01  4.922579E-01
  8.360000E-01  4.938993E-01
  8.380000E-01  4.955334E-01
  8.400000E-01  4.971602E-01
  8.420000E-01  4.987798E-01
  8.440000E-01  5.003921E-01
  8.460000E-01  5.019973E-01
  8.480000E-01  5.035952E-01
  8.500000E-01  5.051859E-01
  8.520000E-01  5.067694E-01
  8.540000E-01  5.083459E-01
  8.560000E-01  5.099152E-01
  8.580000E-01  5.114774E-01
  8.600000E-01  5.130325E-01
  8.620000E-01  5.145806E-01
  8.640000E-01  5.161216E-01
  8.660000E-01  5.176557E-01
  8.680000E-01  5.191827E-01
  8.700000E-01  5.207028E-01
  8.720000E-01  5.222160E-01
  8.740000E-01  5.237223E-01
  8.760000E-01  5.252216E-01
  8.780000E-01  5.267141E-01
  8.800000E-01  5.281998E-01
  8.820000E-01  5.296787E-01
  8.840000E-01  5.311507E-01
  8.860000E-01  5.326161E-01
  8.880000E-01  5.340746E-01
  8.900000E-01  5.355265E-01
  8.920000E-01  5.369717E-01
  8.940000E-01  5.384102E-01
  8.960000E-01  5.398421E-01
  8.980000E-01  5.412673E-01
  9.000000E-01  5.426860E-01
  9.020000E-01  5.440982E-01
  9.040000E-01  5.455038E-01
  9.060000E-01  5.469029E-01
  9.080000E-01  5.482955E-01
  9.100000E-01  5.496817E-01
  9.120000E-01  5.510615E-01
  9.140000E-01  5.524348E-01
  9.160000E-01  5.538018E-01
  9.180000E-01  5.551625E-01
  9.200000E-01  5.565168E-01
  9.220000E-01  5.578648E-01
  9.240000E-01  5.592066E-01
  9.260000E-01  5.605421E-01
  9.280000E-01  5.618714E-01
  9.300000E-01  5.631945E-01
  9.320000E-01  5.645114E-01
  9.340000E-01  5.658222E-01
  9.360000E-01  5.671269E-01
  9.380000E-01  5.684255E-01
  9.400000E-01  5.697180E-01
  9.420000E-01  5.710045E-01
  9.440000E-01  5.722850E-01
  9.460000E-01  5.735595E-01
  9.480000E-01  5.748280E-01
  9.500000E-01  5.760906E-01
  9.520000E-01  5.773473E-01
  9.540000E-01  5.785981E-01
  9.560000E-01  5.798430E-01
  9.580000E-01  5.810821E-01
  9.600000E-01  5.823153E-01
  9.620000E-01  5.835428E-01
  9.640000E-01  5.854232E-01
  9.660000E-01  5.870545E-01
  9.680000E-01  5.887289E-01
  9.700000E-01  5.904372E-01
  9.720000E-01  5.921730E-01
  9.740000E-01  5.939317E-01
  9.760000E-01  5.957097E-01
  9.780000E-01  5.975041E-01
  9.800000E-01  5.993126E-01
  9.820000E-01  6.011331E-01
  9.840000E-01  6.029642E-01
  9.860000E-01  6.048042E-01
  9.880000E-01  6.066521E-01
  9.900000E-01  6.085066E-01
  9.920000E-01  6.103669E-01
  9.940000E-01  6.122321E-01
  9.960000E-01  6.141015E-01
  9.980000E-01  6.159742E-01
  1.000000E+00  6.178498E-01
  1.002000E+00  6.197277E-01
  1.004000E+00  6.216073E-01
  1.006000E+00  6.234882E-01
  1.008000E+00  6.253699E-01
  1.010000E+00  6.272521E-01
  1.012000E+00  6.291344E-01
  1.014000E+00  6.310165E-01
  1.016000E+00  6.328979E-01
  1.018000E+00  6.347786E-01
  1.020000E+00  6.366580E-01
  1.022000E+00  6.385361E-01
  1.024000E+00  6.404126E-01
  1.026000E+00  6.422872E-01
  1.028000E+00  6.441597E-01
  1.030000E+00  6.460300E-01
  1.032000E+00  6.478978E-01
  1.034000E+00  6.497629E-01
  1.036000E+00  6.516251E-01
  1.038000E+00  6.534844E-01
  1.040000E+00  6.553404E-01
  1.042000E+00  6.571930E-01
  1.044000E+00  6.590421E-01
  1.046000E+00  6.608873E-01
  1.048000E+00  6.627285E-01
  1.050000E+00  6.645653E-01
  1.052000E+00  6.663972E-01
  1.054000E+00  6.682226E-01
  1.056000E+00  6.700425E-01
  1.058000E+00  6.718594E-01
  1.060000E+00  6.736733E-01
  1.062000E+00  6.754841E-01
  1.064000E+00  6.772917E-01
  1.066000E+00  6.790962E-01
  1.068000E+00  6.808973E-01
  1.070000E+00  6.826952E-01
  1.072000E+00  6.844896E-01
  1.074000E+00  6.862806E-01
  1.076000E+00  6.880681E-01
  1.078000E+00  6.898521E-01
  1.080000E+00  6.916325E-01
  1.082000E+00  6.934094E-01
  1.084000E+00  6.951825E-01
  1.086000E+00  6.969520E-01
  1.088000E+00  6.987178E-01
  1.090000E+00  7.004798E-01
  1.092000E+00  7.022381E-01
  1.094000E+00  7.039925E-01
  1.096000E+00  7.057432E-01
  1.098000E+00  7.074900E-01
  1.100000E+00  7.092329E-01
  1.102000E+00  7.109719E-01
  1.104000E+00  7.127070E-01
  1.106000E+00  7.144382E-01
  1.108000E+00  7.161655E-01
  1.110000E+00  7.178888E-01
  1.112000E+00  7.196081E-01
  1.114000E+00  7.213234E-01
  1.116000E+00  7.230347E-01
  1.118000E+00  7.247421E-01
  1.120000E+00  7.264454E-01
  1.122000E+00  7.281446E-01
  1.124000E+00  7.298399E-01
  1.126000E+00  7.315311E-01
  1.128000E+00  7.332182E-01
  1.130000E+00  7.349013E-01
  1.132000E+00  7.365803E-01
  1.134000E+00  7.382553E-01
  1.136000E+00  7.399262E-01
  1.138000E+00  7.415930E-01
  1.140000E+00  7.432558E-01
  1.142000E+00  7.449145E-01
  1.144000E+00  7.465691E-01
  1.146000E+00  7.482196E-01
  1.148000E+00  7.498661E-01
  1.150000E+00  7.515084E-01
  1.152000E+00  7.531468E-01
  1.154000E+00  7.547810E-01
  1.156000E+00  7.564111E-01
  1.158000E+00  7.580372E-01
  1.160000E+00  7.596593E-01
  1.162000E+00  7.612772E-01
  1.164000E+00  7.628912E-01
  1.166000E+00  7.645010E-01
  1.168000E+00  7.661068E-01
  1.170000E+00  7.677086E-01
  1.172000E+00  7.693063E-01
  1.174000E+00  7.709000E-01
  1.176000E+00  7.724897E-01
  1.178000E+00  7.740753E-01
  1.180000E+00  7.756569E-01
  1.182000E+00  7.772345E-01
  1.184000E+00  7.788081E-01
  1.186000E+00  7.803778E-01
  1.188000E+00  7.819434E-01
  1.190000E+00  7.835050E-01
  1.192000E+00  7.850627E-01
  1.194000E+00  7.866164E-01
  1.196000E+00  7.881662E-01
  1.198000E+00  7.897120E-01
  1.200000E+00  7.912538E-01
