  1.000000E-02  9.264754E+02
  1.200000E-02  9.240138E+02
  1.400000E-02  9.215663E+02
  1.600000E-02  9.191331E+02
  1.800000E-02  9.167140E+02
  2.000000E-02  9.143091E+02
  2.200000E-02  9.119183E+02
  2.400000E-02  9.095416E+02
  2.600000E-02  9.071791E+02
  2.800000E-02  9.048307E+02
  3.000000E-02  9.024963E+02
  3.200000E-02  9.001759E+02
  3.400000E-02  8.978696E+02
  3.600000E-02  8.955772E+02
  3.800000E-02  8.932988E+02
  4.000000E-02  8.910342E+02
  4.200000E-02  8.887835E+02
  4.400000E-02  8.865466E+02
  4.600000E-02  8.843234E+02
  4.800000E-02  8.821139E+02
  5.000000E-02  8.799181E+02
  5.200000E-02  8.777359E+02
  5.400000E-02  8.755671E+02
  5.600000E-02  8.734119E+02
  5.800000E-02  8.712700E+02
  6.000000E-02  8.691415E+02
  6.200000E-02  8.670263E+02
  6.400000E-02  8.649243E+02
  6.600000E-02  8.628354E+02
  6.800000E-02  8.607597E+02
  7.000000E-02  8.586969E+02
  7.200000E-02  8.566471E+02
  7.400000E-02  8.546101E+02
  7.600000E-02  8.525859E+02
  7.800000E-02  8.505745E+02
  8.000000E-02  8.485757E+02
  8.200000E-02  8.465895E+02
  8.400000E-02  8.446158E+02
  8.600000E-02  8.426546E+02
  8.800000E-02  8.407057E+02
  9.000000E-02  8.387691E+02
  9.200000E-02  8.368447E+02
  9.400000E-02  8.349324E+02
  9.600000E-02  8.330322E+02
  9.800000E-02  8.311440E+02
  1.000000E-01  8.292677E+02
  1.020000E-01  8.274032E+02
  1.040000E-01  8.255505E+02
  1.060000E-01  8.237094E+02
  1.080000E-01  8.218800E+02
  1.100000E-01  8.200620E+02
  1.120000E-01  8.182556E+02
  1.140000E-01  8.164605E+02
  1.160000E-01  8.146767E+02
  1.180000E-01  8.129041E+02
  1.200000E-01  8.111427E+02
  1.220000E-01  8.093923E+02
  1.240000E-01  8.076530E+02
  1.260000E-01  8.059246E+02
  1.280000E-01  8.042070E+02
  1.300000E-01  8.025002E+02
  1.320000E-01  8.008040E+02
  1.340000E-01  7.991182E+02
  1.360000E-01  7.974430E+02
  1.380000E-01  7.957781E+02
  1.400000E-01  7.941235E+02
  1.420000E-01  7.924792E+02
  1.440000E-01  7.908450E+02
  1.460000E-01  7.892210E+02
  1.480000E-01  7.876070E+02
  1.500000E-01  7.860030E+02
  1.520000E-01  7.844088E+02
  1.540000E-01  7.828245E+02
  1.560000E-01  7.812499E+02
  1.580000E-01  7.796849E+02
  1.600000E-01  7.781296E+02
  1.620000E-01  7.765838E+02
  1.640000E-01  7.750475E+02
  1.660000E-01  7.735206E+02
  1.680000E-01  7.720030E+02
  1.700000E-01  7.704947E+02
  1.720000E-01  7.689955E+02
  1.740000E-01  7.675055E+02
  1.760000E-01  7.660246E+02
  1.780000E-01  7.645526E+02
  1.800000E-01  7.630896E+02
  1.820000E-01  7.616354E+02
  1.840000E-01  7.601900E+02
  1.860000E-01  7.587534E+02
  1.880000E-01  7.573254E+02
  1.900000E-01  7.559060E+02
  1.920000E-01  7.544952E+02
  1.940000E-01  7.530928E+02
  1.960000E-01  7.516989E+02
  1.980000E-01  7.503133E+02
  2.000000E-01  7.489360E+02
  2.020000E-01  7.475669E+02
  2.040000E-01  7.462061E+02
  2.060000E-01  7.448533E+02
  2.080000E-01  7.435086E+02
  2.100000E-01  7.421719E+02
  2.120000E-01  7.408431E+02
  2.140000E-01  7.395222E+02
  2.160000E-01  7.382092E+02
  2.180000E-01  7.369039E+02
  2.200000E-01  7.356063E+02
  2.220000E-01  7.343164E+02
  2.240000E-01  7.330340E+02
  2.260000E-01  7.317593E+02
  2.280000E-01  7.304920E+02
  2.300000E-01  7.292321E+02
  2.320000E-01  7.279796E+02
  2.340000E-01  7.267345E+02
  2.360000E-01  7.254966E+02
  2.380000E-01  7.242660E+02
  2.400000E-01  7.230425E+02
  2.420000E-01  7.218262E+02
  2.440000E-01  7.206169E+02
  2.460000E-01  7.194147E+02
  2.480000E-01  7.182194E+02
  2.500000E-01  7.170310E+02
  2.520000E-01  7.158495E+02
  2.540000E-01  7.146749E+02
  2.560000E-01  7.135070E+02
  2.580000E-01  7.123458E+02
  2.600000E-01  7.111913E+02
  2.620000E-01  7.100435E+02
  2.640000E-01  7.089022E+02
  2.660000E-01  7.077674E+02
  2.680000E-01  7.066392E+02
  2.700000E-01  7.055174E+02
  2.720000E-01  7.044020E+02
  2.740000E-01  7.032929E+02
  2.760000E-01  7.021901E+02
  2.780000E-01  7.010937E+02
  2.800000E-01  7.000034E+02
  2.820000E-01  6.989193E+02
  2.840000E-01  6.978414E+02
  2.860000E-01  6.967695E+02
  2.880000E-01  6.957037E+02
  2.900000E-01  6.946439E+02
  2.920000E-01  6.935900E+02
  2.940000E-01  6.925421E+02
  2.960000E-01  6.915001E+02
  2.980000E-01  6.904639E+02
  3.000000E-01  6.894335E+02
  3.020000E-01  6.884088E+02
  3.040000E-01  6.873899E+02
  3.060000E-01  6.863767E+02
  3.080000E-01  6.853691E+02
  3.100000E-01  6.843671E+02
  3.120000E-01  6.833706E+02
  3.140000E-01  6.823797E+02
  3.160000E-01  6.813943E+02
  3.180000E-01  6.804143E+02
  3.200000E-01  6.794398E+02
  3.220000E-01  6.784706E+02
  3.240000E-01  6.775067E+02
  3.260000E-01  6.765482E+02
  3.280000E-01  6.755949E+02
  3.300000E-01  6.746468E+02
  3.320000E-01  6.737040E+02
  3.340000E-01  6.727663E+02
  3.360000E-01  6.718337E+02
  3.380000E-01  6.709062E+02
  3.400000E-01  6.699838E+02
  3.420000E-01  6.690664E+02
  3.440000E-01  6.681539E+02
  3.460000E-01  6.672465E+02
  3.480000E-01  6.663439E+02
  3.500000E-01  6.654462E+02
  3.520000E-01  6.645534E+02
  3.540000E-01  6.636654E+02
  3.560000E-01  6.627822E+02
  3.580000E-01  6.619037E+02
  3.600000E-01  6.610300E+02
  3.620000E-01  6.601610E+02
  3.640000E-01  6.592966E+02
  3.660000E-01  6.584368E+02
  3.680000E-01  6.575817E+02
  3.700000E-01  6.567311E+02
  3.720000E-01  6.558851E+02
  3.740000E-01  6.550435E+02
  3.760000E-01  6.542064E+02
  3.780000E-01  6.533738E+02
  3.800000E-01  6.525456E+02
  3.820000E-01  6.517218E+02
  3.840000E-01  6.509024E+02
  3.860000E-01  6.500873E+02
  3.880000E-01  6.492764E+02
  3.900000E-01  6.484699E+02
  3.920000E-01  6.476676E+02
  3.940000E-01  6.468695E+02
  3.960000E-01  6.460756E+02
  3.980000E-01  6.452859E+02
  4.000000E-01  6.445003E+02
  4.020000E-01  6.437188E+02
  4.040000E-01  6.429414E+02
  4.060000E-01  6.421681E+02
  4.080000E-01  6.413988E+02
  4.100000E-01  6.406334E+02
  4.120000E-01  6.398721E+02
  4.140000E-01  6.391147E+02
  4.160000E-01  6.383612E+02
  4.180000E-01  6.376116E+02
  4.200000E-01  6.368659E+02
  4.220000E-01  6.361241E+02
  4.240000E-01  6.353861E+02
  4.260000E-01  6.346518E+02
  4.280000E-01  6.339214E+02
  4.300000E-01  6.331947E+02
  4.320000E-01  6.324717E+02
  4.340000E-01  6.317524E+02
  4.360000E-01  6.310368E+02
  4.380000E-01  6.303248E+02
  4.400000E-01  6.296165E+02
  4.420000E-01  6.289118E+02
  4.440000E-01  6.282106E+02
  4.460000E-01  6.275131E+02
  4.480000E-01  6.268190E+02
  4.500000E-01  6.261285E+02
  4.520000E-01  6.254415E+02
  4.540000E-01  6.247579E+02
  4.560000E-01  6.240778E+02
  4.580000E-01  6.234011E+02
  4.600000E-01  6.229061E+02
  4.620000E-01  6.223405E+02
  4.640000E-01  6.217860E+02
  4.660000E-01  6.212397E+02
  4.680000E-01  6.207793E+02
  4.700000E-01  6.202803E+02
  4.720000E-01  6.197875E+02
  4.740000E-01  6.193003E+02
  4.760000E-01  6.188179E+02
  4.780000E-01  6.183400E+02
  4.800000E-01  6.178663E+02
  4.820000E-01  6.173964E+02
  4.840000E-01  6.169303E+02
  4.860000E-01  6.164676E+02
  4.880000E-01  6.160083E+02
  4.900000E-01  6.155522E+02
  4.920000E-01  6.150991E+02
  4.940000E-01  6.146491E+02
  4.960000E-01  6.142019E+02
  4.980000E-01  6.137574E+02
  5.000000E-01  6.133156E+02
  5.020000E-01  6.128764E+02
  5.040000E-01  6.124397E+02
  5.060000E-01  6.120055E+02
  5.080000E-01  6.115735E+02
  5.100000E-01  6.111438E+02
  5.120000E-01  6.107164E+02
  5.140000E-01  6.102910E+02
  5.160000E-01  6.098677E+02
  5.180000E-01  6.094464E+02
  5.200000E-01  6.090270E+02
  5.220000E-01  6.086095E+02
  5.240000E-01  6.081938E+02
  5.260000E-01  6.077799E+02
  5.280000E-01  6.073677E+02
  5.300000E-01  6.069572E+02
  5.320000E-01  6.065482E+02
  5.340000E-01  6.061409E+02
  5.360000E-01  6.057350E+02
  5.380000E-01  6.053307E+02
  5.400000E-01  6.049278E+02
  5.420000E-01  6.045262E+02
  5.440000E-01  6.041261E+02
  5.460000E-01  6.037274E+02
  5.480000E-01  6.033303E+02
  5.500000E-01  6.029346E+02
  5.520000E-01  6.025404E+02
  5.540000E-01  6.021476E+02
  5.560000E-01  6.017563E+02
  5.580000E-01  6.013663E+02
  5.600000E-01  6.009778E+02
  5.620000E-01  6.005907E+02
  5.640000E-01  6.002049E+02
  5.660000E-01  5.998205E+02
  5.680000E-01  5.994375E+02
  5.700000E-01  5.990558E+02
  5.720000E-01  5.986754E+02
  5.740000E-01  5.982964E+02
  5.760000E-01  5.979187E+02
  5.780000E-01  5.975422E+02
  5.800000E-01  5.971671E+02
  5.820000E-01  5.967932E+02
  5.840000E-01  5.964206E+02
  5.860000E-01  5.960492E+02
  5.880000E-01  5.956791E+02
  5.900000E-01  5.953103E+02
  5.920000E-01  5.949427E+02
  5.940000E-01  5.945763E+02
  5.960000E-01  5.942111E+02
  5.980000E-01  5.938471E+02
  6.000000E-01  5.934843E+02
  6.020000E-01  5.931227E+02
  6.040000E-01  5.927622E+02
  6.060000E-01  5.924030E+02
  6.080000E-01  5.920449E+02
  6.100000E-01  5.916879E+02
  6.120000E-01  5.913321E+02
  6.140000E-01  5.909775E+02
  6.160000E-01  5.906240E+02
  6.180000E-01  5.902716E+02
  6.200000E-01  5.899203E+02
  6.220000E-01  5.895702E+02
  6.240000E-01  5.892211E+02
  6.260000E-01  5.888732E+02
  6.280000E-01  5.885263E+02
  6.300000E-01  5.881805E+02
  6.320000E-01  5.878358E+02
  6.340000E-01  5.874922E+02
  6.360000E-01  5.871496E+02
  6.380000E-01  5.868082E+02
  6.400000E-01  5.864677E+02
  6.420000E-01  5.861283E+02
  6.440000E-01  5.857900E+02
  6.460000E-01  5.854526E+02
  6.480000E-01  5.851164E+02
  6.500000E-01  5.847811E+02
  6.520000E-01  5.844469E+02
  6.540000E-01  5.841136E+02
  6.560000E-01  5.837814E+02
  6.580000E-01  5.834502E+02
  6.600000E-01  5.831200E+02
  6.620000E-01  5.827908E+02
  6.640000E-01  5.824625E+02
  6.660000E-01  5.821352E+02
  6.680000E-01  5.818090E+02
  6.700000E-01  5.814837E+02
  6.720000E-01  5.811593E+02
  6.740000E-01  5.808359E+02
  6.760000E-01  5.805135E+02
  6.780000E-01  5.801920E+02
  6.800000E-01  5.798715E+02
  6.820000E-01  5.795519E+02
  6.840000E-01  5.792332E+02
  6.860000E-01  5.789155E+02
  6.880000E-01  5.785987E+02
  6.900000E-01  5.782829E+02
  6.920000E-01  5.779679E+02
  6.940000E-01  5.776539E+02
  6.960000E-01  5.773407E+02
  6.980000E-01  5.770285E+02
  7.000000E-01  5.767172E+02
  7.020000E-01  5.764068E+02
  7.040000E-01  5.760972E+02
  7.060000E-01  5.757886E+02
  7.080000E-01  5.754808E+02
  7.100000E-01  5.751739E+02
  7.120000E-01  5.748679E+02
  7.140000E-01  5.745628E+02
  7.160000E-01  5.742585E+02
  7.180000E-01  5.739551E+02
  7.200000E-01  5.736526E+02
  7.220000E-01  5.733509E+02
  7.240000E-01  5.730501E+02
  7.260000E-01  5.727501E+02
  7.280000E-01  5.724509E+02
  7.300000E-01  5.721526E+02
  7.320000E-01  5.718551E+02
  7.340000E-01  5.715585E+02
  7.360000E-01  5.712627E+02
  7.380000E-01  5.709677E+02
  7.400000E-01  5.706735E+02
  7.420000E-01  5.703802E+02
  7.440000E-01  5.700877E+02
  7.460000E-01  5.697959E+02
  7.480000E-01  5.695050E+02
  7.500000E-01  5.692149E+02
  7.520000E-01  5.689256E+02
  7.540000E-01  5.686392E+02
  7.560000E-01  5.683520E+02
  7.580000E-01  5.680656E+02
  7.600000E-01  5.677800E+02
  7.620000E-01  5.674953E+02
  7.640000E-01  5.672113E+02
  7.660000E-01  5.669281E+02
  7.680000E-01  5.666456E+02
  7.700000E-01  5.663639E+02
  7.720000E-01  5.660830E+02
  7.740000E-01  5.658028E+02
  7.760000E-01  5.655234E+02
  7.780000E-01  5.652448E+02
  7.800000E-01  5.649668E+02
  7.820000E-01  5.646896E+02
  7.840000E-01  5.644131E+02
  7.860000E-01  5.641373E+02
  7.880000E-01  5.638623E+02
  7.900000E-01  5.635880E+02
  7.920000E-01  5.633143E+02
  7.940000E-01  5.630414E+02
  7.960000E-01  5.627691E+02
  7.980000E-01  5.624976E+02
  8.000000E-01  5.622268E+02
  8.020000E-01  5.619566E+02
  8.040000E-01  5.616871E+02
  8.060000E-01  5.614183E+02
  8.080000E-01  5.611501E+02
  8.100000E-01  5.608827E+02
  8.120000E-01  5.606159E+02
  8.140000E-01  5.603497E+02
  8.160000E-01  5.600842E+02
  8.180000E-01  5.598194E+02
  8.200000E-01  5.595552E+02
  8.220000E-01  5.592917E+02
  8.240000E-01  5.590288E+02
  8.260000E-01  5.587665E+02
  8.280000E-01  5.585049E+02
  8.300000E-01  5.582439E+02
  8.320000E-01  5.579836E+02
  8.340000E-01  5.577239E+02
  8.360000E-01  5.574648E+02
  8.380000E-01  5.572063E+02
  8.400000E-01  5.569485E+02
  8.420000E-01  5.566912E+02
  8.440000E-01  5.564346E+02
  8.460000E-01  5.561786E+02
  8.480000E-01  5.559232E+02
  8.500000E-01  5.556684E+02
  8.520000E-01  5.554142E+02
  8.540000E-01  5.551606E+02
  8.560000E-01  5.549075E+02
  8.580000E-01  5.546551E+02
  8.600000E-01  5.544033E+02
  8.620000E-01  5.541521E+02
  8.640000E-01  5.539014E+02
  8.660000E-01  5.536514E+02
  8.680000E-01  5.534019E+02
  8.700000E-01  5.531530E+02
  8.720000E-01  5.529046E+02
  8.740000E-01  5.526569E+02
  8.760000E-01  5.524097E+02
  8.780000E-01  5.521631E+02
  8.800000E-01  5.519170E+02
  8.820000E-01  5.516715E+02
  8.840000E-01  5.514266E+02
  8.860000E-01  5.511823E+02
  8.880000E-01  5.509385E+02
  8.900000E-01  5.506952E+02
  8.920000E-01  5.504525E+02
  8.940000E-01  5.502104E+02
  8.960000E-01  5.499688E+02
  8.980000E-01  5.497277E+02
  9.000000E-01  5.494872E+02
  9.020000E-01  5.492473E+02
  9.040000E-01  5.490078E+02
  9.060000E-01  5.487690E+02
  9.080000E-01  5.485306E+02
  9.100000E-01  5.482928E+02
  9.120000E-01  5.480555E+02
  9.140000E-01  5.478188E+02
  9.160000E-01  5.475826E+02
  9.180000E-01  5.473469E+02
  9.200000E-01  5.471117E+02
  9.220000E-01  5.468770E+02
  9.240000E-01  5.466429E+02
  9.260000E-01  5.464093E+02
  9.280000E-01  5.461762E+02
  9.300000E-01  5.459437E+02
  9.320000E-01  5.457116E+02
  9.340000E-01  5.454801E+02
  9.360000E-01  5.452490E+02
  9.380000E-01  5.450185E+02
  9.400000E-01  5.447885E+02
  9.420000E-01  5.445590E+02
  9.440000E-01  5.443299E+02
  9.460000E-01  5.441014E+02
  9.480000E-01  5.438734E+02
  9.500000E-01  5.436459E+02
  9.520000E-01  5.434189E+02
  9.540000E-01  5.431924E+02
  9.560000E-01  5.429663E+02
  9.580000E-01  5.427408E+02
  9.600000E-01  5.425157E+02
  9.620000E-01  5.422912E+02
  9.640000E-01  5.421051E+02
  9.660000E-01  5.419055E+02
  9.680000E-01  5.417092E+02
  9.700000E-01  5.415156E+02
  9.720000E-01  5.413244E+02
  9.740000E-01  5.411354E+02
  9.760000E-01  5.409482E+02
  9.780000E-01  5.407628E+02
  9.800000E-01  5.405790E+02
  9.820000E-01  5.403967E+02
  9.840000E-01  5.402158E+02
  9.860000E-01  5.400361E+02
  9.880000E-01  5.398577E+02
  9.900000E-01  5.396804E+02
  9.920000E-01  5.395043E+02
  9.940000E-01  5.393291E+02
  9.960000E-01  5.391550E+02
  9.980000E-01  5.389819E+02
  1.000000E+00  5.388096E+02
  1.002000E+00  5.386383E+02
  1.004000E+00  5.384677E+02
  1.006000E+00  5.382981E+02
  1.008000E+00  5.381291E+02
  1.010000E+00  5.379610E+02
  1.012000E+00  5.377936E+02
  1.014000E+00  5.376269E+02
  1.016000E+00  5.374609E+02
  1.018000E+00  5.372956E+02
  1.020000E+00  5.371310E+02
  1.022000E+00  5.369670E+02
  1.024000E+00  5.368036E+02
  1.026000E+00  5.366408E+02
  1.028000E+00  5.364786E+02
  1.030000E+00  5.363170E+02
  1.032000E+00  5.361559E+02
  1.034000E+00  5.359954E+02
  1.036000E+00  5.358355E+02
  1.038000E+00  5.356760E+02
  1.040000E+00  5.355171E+02
  1.042000E+00  5.353586E+02
  1.044000E+00  5.352007E+02
  1.046000E+00  5.350432E+02
  1.048000E+00  5.348861E+02
  1.050000E+00  5.347295E+02
  1.052000E+00  5.345733E+02
  1.054000E+00  5.344174E+02
  1.056000E+00  5.342618E+02
  1.058000E+00  5.341068E+02
  1.060000E+00  5.339522E+02
  1.062000E+00  5.337981E+02
  1.064000E+00  5.336445E+02
  1.066000E+00  5.334913E+02
  1.068000E+00  5.333386E+02
  1.070000E+00  5.331864E+02
  1.072000E+00  5.330346E+02
  1.074000E+00  5.328833E+02
  1.076000E+00  5.327324E+02
  1.078000E+00  5.325819E+02
  1.080000E+00  5.324318E+02
  1.082000E+00  5.322822E+02
  1.084000E+00  5.321330E+02
  1.086000E+00  5.319842E+02
  1.088000E+00  5.318358E+02
  1.090000E+00  5.316878E+02
  1.092000E+00  5.315402E+02
  1.094000E+00  5.313930E+02
  1.096000E+00  5.312462E+02
  1.098000E+00  5.310998E+02
  1.100000E+00  5.309538E+02
  1.102000E+00  5.308082E+02
  1.104000E+00  5.306629E+02
  1.106000E+00  5.305180E+02
  1.108000E+00  5.303735E+02
  1.110000E+00  5.302293E+02
  1.112000E+00  5.300855E+02
  1.114000E+00  5.299421E+02
  1.116000E+00  5.297990E+02
  1.118000E+00  5.296563E+02
  1.120000E+00  5.295140E+02
  1.122000E+00  5.293719E+02
  1.124000E+00  5.292303E+02
  1.126000E+00  5.290889E+02
  1.128000E+00  5.289480E+02
  1.130000E+00  5.288073E+02
  1.132000E+00  5.286670E+02
  1.134000E+00  5.285270E+02
  1.136000E+00  5.283874E+02
  1.138000E+00  5.282480E+02
  1.140000E+00  5.281090E+02
  1.142000E+00  5.279704E+02
  1.144000E+00  5.278320E+02
  1.146000E+00  5.276940E+02
  1.148000E+00  5.275563E+02
  1.150000E+00  5.274189E+02
  1.152000E+00  5.272818E+02
  1.154000E+00  5.271450E+02
  1.156000E+00  5.270085E+02
  1.158000E+00  5.268724E+02
  1.160000E+00  5.267365E+02
  1.162000E+00  5.266010E+02
  1.164000E+00  5.264657E+02
  1.166000E+00  5.263308E+02
  1.168000E+00  5.261961E+02
  1.170000E+00  5.260617E+02
  1.172000E+00  5.259277E+02
  1.174000E+00  5.257939E+02
  1.176000E+00  5.256604E+02
  1.178000E+00  5.255272E+02
  1.180000E+00  5.253943E+02
  1.182000E+00  5.252617E+02
  1.184000E+00  5.251294E+02
  1.186000E+00  5.249973E+02
  1.188000E+00  5.248655E+02
  1.190000E+00  5.247340E+02
  1.192000E+00  5.246028E+02
  1.194000E+00  5.244719E+02
  1.196000E+00  5.243412E+02
  1.198000E+00  5.242108E+02
  1.200000E+00  5.240807E+02
