  1.000000E-02  1.271708E-02 -1.550348E-02 -2.387880E-02 -7.951584E-03
  2.000000E-02  4.684518E-02 -5.929591E-02 -9.136505E-02 -2.612881E-02
  3.000000E-02  9.805859E-02 -1.287533E-01 -1.984551E-01 -5.120557E-02
  4.000000E-02  1.631340E-01 -2.220434E-01 -3.423430E-01 -8.162547E-02
  5.000000E-02  2.394970E-01 -3.377305E-01 -5.208152E-01 -1.164188E-01
  6.000000E-02  3.250313E-01 -4.746297E-01 -7.320292E-01 -1.549063E-01
  7.000000E-02  4.179677E-01 -6.317310E-01 -9.743985E-01 -1.965787E-01
  8.000000E-02  5.168121E-01 -8.081528E-01 -1.246525E+00 -2.410363E-01
  9.000000E-02  6.202940E-01 -1.003113E+00 -1.547154E+00 -2.879552E-01
  1.000000E-01  7.273274E-01 -1.215908E+00 -1.875145E+00 -3.370664E-01
  1.100000E-01  8.369819E-01 -1.445896E+00 -2.229450E+00 -3.881419E-01
  1.200000E-01  9.484581E-01 -1.692489E+00 -2.609095E+00 -4.409862E-01
  1.300000E-01  1.061069E+00 -1.955141E+00 -3.013170E+00 -4.954286E-01
  1.400000E-01  1.174224E+00 -2.233343E+00 -3.440821E+00 -5.513194E-01
  1.500000E-01  1.287416E+00 -2.526616E+00 -3.891238E+00 -6.085254E-01
  1.600000E-01  1.400210E+00 -2.834510E+00 -4.363652E+00 -6.669281E-01
  1.700000E-01  1.512233E+00 -3.156596E+00 -4.857333E+00 -7.264204E-01
  1.800000E-01  1.623168E+00 -3.492468E+00 -5.371580E+00 -7.869058E-01
  1.900000E-01  1.732744E+00 -3.841736E+00 -5.905722E+00 -8.482966E-01
  2.000000E-01  1.840734E+00 -4.204028E+00 -6.459115E+00 -9.105128E-01
  2.100000E-01  1.946945E+00 -4.578984E+00 -7.031138E+00 -9.734812E-01
  2.200000E-01  2.051219E+00 -4.966261E+00 -7.621193E+00 -1.037135E+00
  2.300000E-01  2.153424E+00 -5.365523E+00 -8.228704E+00 -1.101411E+00
  2.400000E-01  2.253454E+00 -5.776451E+00 -8.853113E+00 -1.166254E+00
  2.500000E-01  2.351222E+00 -6.198731E+00 -9.493879E+00 -1.231611E+00
  2.600000E-01  2.446664E+00 -6.632061E+00 -1.015048E+01 -1.297431E+00
  2.700000E-01  2.539729E+00 -7.076147E+00 -1.082241E+01 -1.363672E+00
  2.800000E-01  2.630382E+00 -7.530705E+00 -1.150919E+01 -1.430290E+00
  2.900000E-01  2.718602E+00 -7.995457E+00 -1.221033E+01 -1.497246E+00
  3.000000E-01  2.804376E+00 -8.470133E+00 -1.292537E+01 -1.564503E+00
  3.100000E-01  2.887703E+00 -8.954470E+00 -1.365388E+01 -1.632029E+00
  3.200000E-01  2.968590E+00 -9.448212E+00 -1.439540E+01 -1.699792E+00
  3.300000E-01  3.047050E+00 -9.951110E+00 -1.514954E+01 -1.767761E+00
  3.400000E-01  3.123103E+00 -1.046292E+01 -1.591586E+01 -1.835909E+00
  3.500000E-01  3.196775E+00 -1.098341E+01 -1.669399E+01 -1.904211E+00
  3.600000E-01  3.268096E+00 -1.151234E+01 -1.748354E+01 -1.972643E+00
  3.700000E-01  3.337099E+00 -1.204949E+01 -1.828413E+01 -2.041181E+00
  3.800000E-01  3.403821E+00 -1.259463E+01 -1.909540E+01 -2.109806E+00
  3.900000E-01  3.468302E+00 -1.314757E+01 -1.991700E+01 -2.178497E+00
  4.000000E-01  3.530584E+00 -1.370807E+01 -2.074859E+01 -2.247236E+00
  4.100000E-01  3.590710E+00 -1.427595E+01 -2.158984E+01 -2.316006E+00
  4.200000E-01  3.648726E+00 -1.485100E+01 -2.244043E+01 -2.384791E+00
  4.300000E-01  3.704677E+00 -1.543302E+01 -2.330004E+01 -2.453575E+00
  4.400000E-01  3.758611E+00 -1.602183E+01 -2.416837E+01 -2.522345E+00
  4.500000E-01  3.810575E+00 -1.661724E+01 -2.504514E+01 -2.591087E+00
  4.600000E-01  3.860617E+00 -1.721906E+01 -2.593005E+01 -2.659789E+00
  4.700000E-01  3.908784E+00 -1.782714E+01 -2.682283E+01 -2.728440E+00
  4.800000E-01  3.955125E+00 -1.844128E+01 -2.772321E+01 -2.797029E+00
  4.900000E-01  3.999686E+00 -1.906133E+01 -2.863093E+01 -2.865545E+00
  5.000000E-01  4.042516E+00 -1.968712E+01 -2.954575E+01 -2.933979E+00
  5.100000E-01  4.083662E+00 -2.031848E+01 -3.046740E+01 -3.002323E+00
  5.200000E-01  4.123168E+00 -2.095527E+01 -3.139567E+01 -3.070569E+00
  5.300000E-01  4.161082E+00 -2.159733E+01 -3.233031E+01 -3.138708E+00
  5.400000E-01  4.197447E+00 -2.224452E+01 -3.327111E+01 -3.206734E+00
  5.500000E-01  4.232309E+00 -2.289669E+01 -3.421784E+01 -3.274639E+00
  5.600000E-01  4.265711E+00 -2.355369E+01 -3.517031E+01 -3.342418E+00
  5.700000E-01  4.297695E+00 -2.421539E+01 -3.612829E+01 -3.410065E+00
  5.800000E-01  4.328303E+00 -2.488166E+01 -3.709161E+01 -3.477575E+00
  5.900000E-01  4.357576E+00 -2.555237E+01 -3.806006E+01 -3.544943E+00
  6.000000E-01  4.385555E+00 -2.622738E+01 -3.903346E+01 -3.612164E+00
  6.100000E-01  4.412277E+00 -2.690658E+01 -4.001164E+01 -3.679233E+00
  6.200000E-01  4.437781E+00 -2.758984E+01 -4.099440E+01 -3.746148E+00
  6.300000E-01  4.462104E+00 -2.827705E+01 -4.198160E+01 -3.812903E+00
  6.400000E-01  4.485283E+00 -2.896808E+01 -4.297306E+01 -3.879497E+00
  6.500000E-01  4.507353E+00 -2.966284E+01 -4.396862E+01 -3.945926E+00
  6.600000E-01  4.528348E+00 -3.036120E+01 -4.496813E+01 -4.012186E+00
  6.700000E-01  4.548302E+00 -3.106306E+01 -4.597144E+01 -4.078276E+00
  6.800000E-01  4.567247E+00 -3.176832E+01 -4.697841E+01 -4.144193E+00
  6.900000E-01  4.585215E+00 -3.247687E+01 -4.798889E+01 -4.209935E+00
  7.000000E-01  4.602237E+00 -3.318862E+01 -4.900275E+01 -4.275500E+00
  7.100000E-01  4.618343E+00 -3.390348E+01 -5.001985E+01 -4.340886E+00
  7.200000E-01  4.633561E+00 -3.462134E+01 -5.104007E+01 -4.406092E+00
  7.300000E-01  4.647921E+00 -3.534211E+01 -5.206328E+01 -4.471116E+00
  7.400000E-01  4.661449E+00 -3.606571E+01 -5.308937E+01 -4.535957E+00
  7.500000E-01  4.674172E+00 -3.679205E+01 -5.411821E+01 -4.600614E+00
  7.600000E-01  4.686116E+00 -3.752105E+01 -5.514969E+01 -4.665086E+00
  7.700000E-01  4.697306E+00 -3.825261E+01 -5.618370E+01 -4.729371E+00
  7.800000E-01  4.707767E+00 -3.898667E+01 -5.722014E+01 -4.793470E+00
  7.900000E-01  4.717521E+00 -3.972315E+01 -5.825890E+01 -4.857382E+00
  8.000000E-01  4.726593E+00 -4.046196E+01 -5.929988E+01 -4.921106E+00
  8.100000E-01  4.735003E+00 -4.120303E+01 -6.034299E+01 -4.984641E+00
  8.200000E-01  4.742774E+00 -4.194629E+01 -6.138813E+01 -5.047988E+00
  8.300000E-01  4.749926E+00 -4.269167E+01 -6.243520E+01 -5.111146E+00
  8.400000E-01  4.756480E+00 -4.343910E+01 -6.348412E+01 -5.174116E+00
  8.500000E-01  4.762456E+00 -4.418851E+01 -6.453481E+01 -5.236896E+00
  8.600000E-01  4.767871E+00 -4.493984E+01 -6.558717E+01 -5.299488E+00
  8.700000E-01  4.772746E+00 -4.569303E+01 -6.664114E+01 -5.361891E+00
  8.800000E-01  4.777096E+00 -4.644800E+01 -6.769662E+01 -5.424105E+00
  8.900000E-01  4.780941E+00 -4.720471E+01 -6.875355E+01 -5.486131E+00
  9.000000E-01  4.784296E+00 -4.796308E+01 -6.981184E+01 -5.547968E+00
  9.100000E-01  4.787177E+00 -4.872307E+01 -7.087144E+01 -5.609619E+00
  9.200000E-01  4.789602E+00 -4.948462E+01 -7.193226E+01 -5.671081E+00
  9.300000E-01  4.791583E+00 -5.024767E+01 -7.299424E+01 -5.732357E+00
  9.400000E-01  4.793138E+00 -5.101217E+01 -7.405732E+01 -5.793447E+00
  9.500000E-01  4.794279E+00 -5.177806E+01 -7.512143E+01 -5.854350E+00
  9.600000E-01  4.795020E+00 -5.254530E+01 -7.618651E+01 -5.915068E+00
  9.700000E-01  4.795376E+00 -5.331384E+01 -7.725249E+01 -5.975602E+00
  9.800000E-01  4.795358E+00 -5.408363E+01 -7.831933E+01 -6.035952E+00
  9.900000E-01  4.794981E+00 -5.485462E+01 -7.938697E+01 -6.096118E+00
  1.000000E+00  4.794254E+00 -5.562676E+01 -8.045534E+01 -6.156101E+00
  1.010000E+00  4.793192E+00 -5.640001E+01 -8.152440E+01 -6.215903E+00
  1.020000E+00  4.791804E+00 -5.717433E+01 -8.259409E+01 -6.275524E+00
  1.030000E+00  4.790103E+00 -5.794967E+01 -8.366438E+01 -6.334964E+00
  1.040000E+00  4.788098E+00 -5.872600E+01 -8.473519E+01 -6.394224E+00
  1.050000E+00  4.785800E+00 -5.950327E+01 -8.580650E+01 -6.453306E+00
  1.060000E+00  4.783220E+00 -6.028144E+01 -8.687825E+01 -6.512210E+00
  1.070000E+00  4.780367E+00 -6.106047E+01 -8.795040E+01 -6.570936E+00
  1.080000E+00  4.777250E+00 -6.184034E+01 -8.902291E+01 -6.629487E+00
  1.090000E+00  4.773879E+00 -6.262099E+01 -9.009573E+01 -6.687862E+00
  1.100000E+00  4.770262E+00 -6.340239E+01 -9.116882E+01 -6.746063E+00
  1.110000E+00  4.766408E+00 -6.418452E+01 -9.224215E+01 -6.804090E+00
  1.120000E+00  4.762326E+00 -6.496733E+01 -9.331568E+01 -6.861945E+00
  1.130000E+00  4.758023E+00 -6.575080E+01 -9.438936E+01 -6.919628E+00
  1.140000E+00  4.753507E+00 -6.653488E+01 -9.546317E+01 -6.977140E+00
  1.150000E+00  4.748787E+00 -6.731955E+01 -9.653706E+01 -7.034482E+00
  1.160000E+00  4.743868E+00 -6.810478E+01 -9.761101E+01 -7.091656E+00
  1.170000E+00  4.738759E+00 -6.889054E+01 -9.868498E+01 -7.148662E+00
  1.180000E+00  4.733465E+00 -6.967680E+01 -9.975893E+01 -7.205501E+00
  1.190000E+00  4.727995E+00 -7.046352E+01 -1.008328E+02 -7.262174E+00
  1.200000E+00  4.722354E+00 -7.125069E+01 -1.019067E+02 -7.318683E+00
