  1.000000E-02  1.382861E+00  1.176792E+00 -3.153143E-01
  1.200000E-02  1.654390E+00  1.412151E+00 -3.780645E-01
  1.400000E-02  1.924343E+00  1.647509E+00 -4.406891E-01
  1.600000E-02  2.192746E+00  1.882867E+00 -5.031817E-01
  1.800000E-02  2.459624E+00  2.118226E+00 -5.655367E-01
  2.000000E-02  2.724998E+00  2.353584E+00 -6.277493E-01
  2.200000E-02  2.988888E+00  2.588943E+00 -6.898149E-01
  2.400000E-02  3.251313E+00  2.824301E+00 -7.517298E-01
  2.600000E-02  3.512289E+00  3.059659E+00 -8.134906E-01
  2.800000E-02  3.771834E+00  3.295018E+00 -8.750940E-01
  3.000000E-02  4.029963E+00  3.530376E+00 -9.365374E-01
  3.200000E-02  4.286690E+00  3.765735E+00 -9.978183E-01
  3.400000E-02  4.542031E+00  4.001093E+00 -1.058935E+00
  3.600000E-02  4.795999E+00  4.236452E+00 -1.119884E+00
  3.800000E-02  5.048607E+00  4.471810E+00 -1.180665E+00
  4.000000E-02  5.299869E+00  4.707168E+00 -1.241277E+00
  4.200000E-02  5.549797E+00  4.942527E+00 -1.301717E+00
  4.400000E-02  5.798403E+00  5.177885E+00 -1.361984E+00
  4.600000E-02  6.045700E+00  5.413244E+00 -1.422078E+00
  4.800000E-02  6.291698E+00  5.648602E+00 -1.481997E+00
  5.000000E-02  6.536410E+00  5.883960E+00 -1.541741E+00
  5.200000E-02  6.779847E+00  6.119319E+00 -1.601308E+00
  5.400000E-02  7.022019E+00  6.354677E+00 -1.660699E+00
  5.600000E-02  7.262938E+00  6.590036E+00 -1.719912E+00
  5.800000E-02  7.502614E+00  6.825394E+00 -1.778948E+00
  6.000000E-02  7.741058E+00  7.060753E+00 -1.837806E+00
  6.200000E-02  7.978279E+00  7.296111E+00 -1.896485E+00
  6.400000E-02  8.214288E+00  7.531469E+00 -1.954986E+00
  6.600000E-02  8.449094E+00  7.766828E+00 -2.013308E+00
  6.800000E-02  8.682707E+00  8.002186E+00 -2.071450E+00
  7.000000E-02  8.915138E+00  8.237545E+00 -2.129414E+00
  7.200000E-02  9.146395E+00  8.472903E+00 -2.187199E+00
  7.400000E-02  9.376487E+00  8.708261E+00 -2.244805E+00
  7.600000E-02  9.605425E+00  8.943620E+00 -2.302232E+00
  7.800000E-02  9.833216E+00  9.178978E+00 -2.359481E+00
  8.000000E-02  1.005987E+01  9.414337E+00 -2.416550E+00
  8.200000E-02  1.028540E+01  9.649695E+00 -2.473441E+00
  8.400000E-02  1.050980E+01  9.885054E+00 -2.530154E+00
  8.600000E-02  1.073310E+01  1.012041E+01 -2.586689E+00
  8.800000E-02  1.095529E+01  1.035577E+01 -2.643046E+00
  9.000000E-02  1.117639E+01  1.059113E+01 -2.699226E+00
  9.200000E-02  1.139640E+01  1.082649E+01 -2.755228E+00
  9.400000E-02  1.161534E+01  1.106185E+01 -2.811054E+00
  9.600000E-02  1.183320E+01  1.129720E+01 -2.866703E+00
  9.800000E-02  1.205000E+01  1.153256E+01 -2.922176E+00
  1.000000E-01  1.226575E+01  1.176792E+01 -2.977473E+00
  1.020000E-01  1.248046E+01  1.200328E+01 -3.032595E+00
  1.040000E-01  1.269413E+01  1.223864E+01 -3.087541E+00
  1.060000E-01  1.290676E+01  1.247400E+01 -3.142314E+00
  1.080000E-01  1.311838E+01  1.270935E+01 -3.196912E+00
  1.100000E-01  1.332897E+01  1.294471E+01 -3.251337E+00
  1.120000E-01  1.353856E+01  1.318007E+01 -3.305588E+00
  1.140000E-01  1.374715E+01  1.341543E+01 -3.359667E+00
  1.160000E-01  1.395475E+01  1.365079E+01 -3.413573E+00
  1.180000E-01  1.416136E+01  1.388615E+01 -3.467308E+00
  1.200000E-01  1.436699E+01  1.412151E+01 -3.520872E+00
  1.220000E-01  1.457165E+01  1.435686E+01 -3.574265E+00
  1.240000E-01  1.477534E+01  1.459222E+01 -3.627488E+00
  1.260000E-01  1.497808E+01  1.482758E+01 -3.680541E+00
  1.280000E-01  1.517987E+01  1.506294E+01 -3.733426E+00
  1.300000E-01  1.538071E+01  1.529830E+01 -3.786141E+00
  1.320000E-01  1.558066E+01  1.553366E+01 -3.838197E+00
  1.340000E-01  1.577975E+01  1.576901E+01 -3.889333E+00
  1.360000E-01  1.597795E+01  1.600437E+01 -3.939895E+00
  1.380000E-01  1.617527E+01  1.623973E+01 -3.989980E+00
  1.400000E-01  1.637171E+01  1.647509E+01 -4.039643E+00
  1.420000E-01  1.656726E+01  1.671045E+01 -4.088916E+00
  1.440000E-01  1.676194E+01  1.694581E+01 -4.137827E+00
  1.460000E-01  1.695575E+01  1.718116E+01 -4.186393E+00
  1.480000E-01  1.714868E+01  1.741652E+01 -4.234630E+00
  1.500000E-01  1.734076E+01  1.765188E+01 -4.282552E+00
  1.520000E-01  1.753198E+01  1.788724E+01 -4.330170E+00
  1.540000E-01  1.772234E+01  1.812260E+01 -4.377492E+00
  1.560000E-01  1.791186E+01  1.835796E+01 -4.424527E+00
  1.580000E-01  1.810054E+01  1.859331E+01 -4.471284E+00
  1.600000E-01  1.828838E+01  1.882867E+01 -4.517768E+00
  1.620000E-01  1.847539E+01  1.906403E+01 -4.563985E+00
  1.640000E-01  1.866157E+01  1.929939E+01 -4.609942E+00
  1.660000E-01  1.884694E+01  1.953475E+01 -4.655644E+00
  1.680000E-01  1.903148E+01  1.977011E+01 -4.701095E+00
  1.700000E-01  1.921522E+01  2.000547E+01 -4.746301E+00
  1.720000E-01  1.939816E+01  2.024082E+01 -4.791264E+00
  1.740000E-01  1.958029E+01  2.047618E+01 -4.835990E+00
  1.760000E-01  1.976163E+01  2.071154E+01 -4.880482E+00
  1.780000E-01  1.994218E+01  2.094690E+01 -4.924744E+00
  1.800000E-01  2.012195E+01  2.118226E+01 -4.968780E+00
  1.820000E-01  2.030093E+01  2.141762E+01 -5.012592E+00
  1.840000E-01  2.047915E+01  2.165297E+01 -5.056183E+00
  1.860000E-01  2.065659E+01  2.188833E+01 -5.099558E+00
  1.880000E-01  2.083327E+01  2.212369E+01 -5.142719E+00
  1.900000E-01  2.100918E+01  2.235905E+01 -5.185668E+00
  1.920000E-01  2.118435E+01  2.259441E+01 -5.228408E+00
  1.940000E-01  2.135876E+01  2.282977E+01 -5.270943E+00
  1.960000E-01  2.153243E+01  2.306512E+01 -5.313275E+00
  1.980000E-01  2.170535E+01  2.330048E+01 -5.355405E+00
  2.000000E-01  2.187754E+01  2.353584E+01 -5.397338E+00
  2.020000E-01  2.204900E+01  2.377120E+01 -5.439074E+00
  2.040000E-01  2.221973E+01  2.400656E+01 -5.480617E+00
  2.060000E-01  2.238974E+01  2.424192E+01 -5.521969E+00
  2.080000E-01  2.255904E+01  2.447728E+01 -5.563132E+00
  2.100000E-01  2.272762E+01  2.471263E+01 -5.604107E+00
  2.120000E-01  2.289549E+01  2.494799E+01 -5.644898E+00
  2.140000E-01  2.306265E+01  2.518335E+01 -5.685506E+00
  2.160000E-01  2.322912E+01  2.541871E+01 -5.725934E+00
  2.180000E-01  2.339489E+01  2.565407E+01 -5.766183E+00
  2.200000E-01  2.355996E+01  2.588943E+01 -5.806255E+00
  2.220000E-01  2.372436E+01  2.612478E+01 -5.846153E+00
  2.240000E-01  2.388806E+01  2.636014E+01 -5.885878E+00
  2.260000E-01  2.405109E+01  2.659550E+01 -5.925432E+00
  2.280000E-01  2.421345E+01  2.683086E+01 -5.964816E+00
  2.300000E-01  2.437513E+01  2.706622E+01 -6.004034E+00
  2.320000E-01  2.453615E+01  2.730158E+01 -6.043086E+00
  2.340000E-01  2.469651E+01  2.753693E+01 -6.081974E+00
  2.360000E-01  2.485620E+01  2.777229E+01 -6.120700E+00
  2.380000E-01  2.501525E+01  2.800765E+01 -6.159266E+00
  2.400000E-01  2.517364E+01  2.824301E+01 -6.197673E+00
  2.420000E-01  2.533139E+01  2.847837E+01 -6.235923E+00
  2.440000E-01  2.548849E+01  2.871373E+01 -6.274018E+00
  2.460000E-01  2.564496E+01  2.894909E+01 -6.311959E+00
  2.480000E-01  2.580079E+01  2.918444E+01 -6.349747E+00
  2.500000E-01  2.595599E+01  2.941980E+01 -6.387386E+00
  2.520000E-01  2.611056E+01  2.965516E+01 -6.424875E+00
  2.540000E-01  2.626451E+01  2.989052E+01 -6.462217E+00
  2.560000E-01  2.641784E+01  3.012588E+01 -6.499412E+00
  2.580000E-01  2.657056E+01  3.036124E+01 -6.536463E+00
  2.600000E-01  2.672266E+01  3.059659E+01 -6.573372E+00
  2.620000E-01  2.687415E+01  3.083195E+01 -6.610138E+00
  2.640000E-01  2.702504E+01  3.106731E+01 -6.646765E+00
  2.660000E-01  2.717533E+01  3.130267E+01 -6.683252E+00
  2.680000E-01  2.732502E+01  3.153803E+01 -6.719603E+00
  2.700000E-01  2.747411E+01  3.177339E+01 -6.755817E+00
  2.720000E-01  2.762262E+01  3.200874E+01 -6.791897E+00
  2.740000E-01  2.777053E+01  3.224410E+01 -6.827844E+00
  2.760000E-01  2.791787E+01  3.247946E+01 -6.863659E+00
  2.780000E-01  2.806462E+01  3.271482E+01 -6.899344E+00
  2.800000E-01  2.821079E+01  3.295018E+01 -6.934899E+00
  2.820000E-01  2.835640E+01  3.318554E+01 -6.970327E+00
  2.840000E-01  2.850143E+01  3.342090E+01 -7.005628E+00
  2.860000E-01  2.864589E+01  3.365625E+01 -7.040803E+00
  2.880000E-01  2.878979E+01  3.389161E+01 -7.075855E+00
  2.900000E-01  2.893313E+01  3.412697E+01 -7.110784E+00
  2.920000E-01  2.907592E+01  3.436233E+01 -7.145591E+00
  2.940000E-01  2.921815E+01  3.459769E+01 -7.180278E+00
  2.960000E-01  2.935982E+01  3.483305E+01 -7.214846E+00
  2.980000E-01  2.950095E+01  3.506840E+01 -7.249296E+00
  3.000000E-01  2.964154E+01  3.530376E+01 -7.283629E+00
  3.020000E-01  2.978158E+01  3.553912E+01 -7.317847E+00
  3.040000E-01  2.992109E+01  3.577448E+01 -7.351950E+00
  3.060000E-01  3.006006E+01  3.600984E+01 -7.385941E+00
  3.080000E-01  3.019850E+01  3.624520E+01 -7.419818E+00
  3.100000E-01  3.033641E+01  3.648055E+01 -7.453585E+00
  3.120000E-01  3.047380E+01  3.671591E+01 -7.487243E+00
  3.140000E-01  3.061066E+01  3.695127E+01 -7.520791E+00
  3.160000E-01  3.074700E+01  3.718663E+01 -7.554232E+00
  3.180000E-01  3.088282E+01  3.742199E+01 -7.587566E+00
  3.200000E-01  3.101813E+01  3.765735E+01 -7.620794E+00
  3.220000E-01  3.115293E+01  3.789271E+01 -7.653919E+00
  3.240000E-01  3.128722E+01  3.812806E+01 -7.686939E+00
  3.260000E-01  3.142100E+01  3.836342E+01 -7.719858E+00
  3.280000E-01  3.155428E+01  3.859878E+01 -7.752675E+00
  3.300000E-01  3.168706E+01  3.883414E+01 -7.785391E+00
  3.320000E-01  3.181935E+01  3.906950E+01 -7.818009E+00
  3.340000E-01  3.195114E+01  3.930486E+01 -7.850528E+00
  3.360000E-01  3.208243E+01  3.954021E+01 -7.882950E+00
  3.380000E-01  3.221324E+01  3.977557E+01 -7.915275E+00
  3.400000E-01  3.234357E+01  4.001093E+01 -7.947506E+00
  3.420000E-01  3.247340E+01  4.024629E+01 -7.979641E+00
  3.440000E-01  3.260276E+01  4.048165E+01 -8.011684E+00
  3.460000E-01  3.273164E+01  4.071701E+01 -8.043633E+00
  3.480000E-01  3.286005E+01  4.095236E+01 -8.075491E+00
  3.500000E-01  3.298798E+01  4.118772E+01 -8.107259E+00
  3.520000E-01  3.311544E+01  4.142308E+01 -8.138937E+00
  3.540000E-01  3.324244E+01  4.165844E+01 -8.170525E+00
  3.560000E-01  3.336897E+01  4.189380E+01 -8.202026E+00
  3.580000E-01  3.349503E+01  4.212916E+01 -8.233440E+00
  3.600000E-01  3.362064E+01  4.236452E+01 -8.264768E+00
  3.620000E-01  3.374579E+01  4.259987E+01 -8.296010E+00
  3.640000E-01  3.387048E+01  4.283523E+01 -8.327168E+00
  3.660000E-01  3.399472E+01  4.307059E+01 -8.358242E+00
  3.680000E-01  3.411851E+01  4.330595E+01 -8.389234E+00
  3.700000E-01  3.424186E+01  4.354131E+01 -8.420143E+00
  3.720000E-01  3.436476E+01  4.377667E+01 -8.450972E+00
  3.740000E-01  3.448721E+01  4.401202E+01 -8.481720E+00
  3.760000E-01  3.460923E+01  4.424738E+01 -8.512388E+00
  3.780000E-01  3.473080E+01  4.448274E+01 -8.542978E+00
  3.800000E-01  3.485195E+01  4.471810E+01 -8.573490E+00
  3.820000E-01  3.497265E+01  4.495346E+01 -8.603925E+00
  3.840000E-01  3.509293E+01  4.518882E+01 -8.634284E+00
  3.860000E-01  3.521278E+01  4.542417E+01 -8.664567E+00
  3.880000E-01  3.533220E+01  4.565953E+01 -8.694775E+00
  3.900000E-01  3.545120E+01  4.589489E+01 -8.724909E+00
  3.920000E-01  3.556978E+01  4.613025E+01 -8.754970E+00
  3.940000E-01  3.568794E+01  4.636561E+01 -8.784958E+00
  3.960000E-01  3.580568E+01  4.660097E+01 -8.814875E+00
  3.980000E-01  3.592300E+01  4.683632E+01 -8.844720E+00
  4.000000E-01  3.603991E+01  4.707168E+01 -8.874495E+00
  4.020000E-01  3.615641E+01  4.730704E+01 -8.904200E+00
  4.040000E-01  3.627250E+01  4.754240E+01 -8.933837E+00
  4.060000E-01  3.638819E+01  4.777776E+01 -8.963405E+00
  4.080000E-01  3.650347E+01  4.801312E+01 -8.992905E+00
  4.100000E-01  3.661835E+01  4.824848E+01 -9.022338E+00
  4.120000E-01  3.673283E+01  4.848383E+01 -9.051706E+00
  4.140000E-01  3.684691E+01  4.871919E+01 -9.081007E+00
  4.160000E-01  3.696060E+01  4.895455E+01 -9.110244E+00
  4.180000E-01  3.707389E+01  4.918991E+01 -9.139416E+00
  4.200000E-01  3.718679E+01  4.942527E+01 -9.168525E+00
  4.220000E-01  3.729930E+01  4.966063E+01 -9.197571E+00
  4.240000E-01  3.741143E+01  4.989598E+01 -9.226555E+00
  4.260000E-01  3.752317E+01  5.013134E+01 -9.255476E+00
  4.280000E-01  3.763452E+01  5.036670E+01 -9.284337E+00
  4.300000E-01  3.774549E+01  5.060206E+01 -9.313137E+00
  4.320000E-01  3.785609E+01  5.083742E+01 -9.341877E+00
  4.340000E-01  3.796630E+01  5.107278E+01 -9.370558E+00
  4.360000E-01  3.807614E+01  5.130813E+01 -9.399181E+00
  4.380000E-01  3.818561E+01  5.154349E+01 -9.427745E+00
  4.400000E-01  3.829470E+01  5.177885E+01 -9.456252E+00
  4.420000E-01  3.840343E+01  5.201421E+01 -9.484701E+00
  4.440000E-01  3.851179E+01  5.224957E+01 -9.513095E+00
  4.460000E-01  3.861978E+01  5.248493E+01 -9.541432E+00
  4.480000E-01  3.872740E+01  5.272029E+01 -9.569715E+00
  4.500000E-01  3.883467E+01  5.295564E+01 -9.597942E+00
  4.520000E-01  3.894157E+01  5.319100E+01 -9.626116E+00
  4.540000E-01  3.904812E+01  5.342636E+01 -9.654236E+00
  4.560000E-01  3.915431E+01  5.366172E+01 -9.682303E+00
  4.580000E-01  3.926014E+01  5.389708E+01 -9.710317E+00
  4.600000E-01  3.936562E+01  5.413244E+01 -9.738280E+00
  4.620000E-01  3.947075E+01  5.436779E+01 -9.766191E+00
  4.640000E-01  3.957553E+01  5.460315E+01 -9.794050E+00
  4.660000E-01  3.967996E+01  5.483851E+01 -9.821860E+00
  4.680000E-01  3.978405E+01  5.507387E+01 -9.849619E+00
  4.700000E-01  3.988779E+01  5.530923E+01 -9.877330E+00
  4.720000E-01  3.999119E+01  5.554459E+01 -9.904991E+00
  4.740000E-01  4.009425E+01  5.577994E+01 -9.932603E+00
  4.760000E-01  4.019696E+01  5.601530E+01 -9.960168E+00
  4.780000E-01  4.029935E+01  5.625066E+01 -9.987685E+00
  4.800000E-01  4.040139E+01  5.648602E+01 -1.001516E+01
  4.820000E-01  4.050310E+01  5.672138E+01 -1.004258E+01
  4.840000E-01  4.060448E+01  5.695674E+01 -1.006996E+01
  4.860000E-01  4.070553E+01  5.719210E+01 -1.009729E+01
  4.880000E-01  4.080625E+01  5.742745E+01 -1.012457E+01
  4.900000E-01  4.090664E+01  5.766281E+01 -1.015182E+01
  4.920000E-01  4.100671E+01  5.789817E+01 -1.017901E+01
  4.940000E-01  4.110645E+01  5.813353E+01 -1.020617E+01
  4.960000E-01  4.120587E+01  5.836889E+01 -1.023328E+01
  4.980000E-01  4.130497E+01  5.860425E+01 -1.026035E+01
  5.000000E-01  4.140375E+01  5.883960E+01 -1.028737E+01
  5.020000E-01  4.150221E+01  5.907496E+01 -1.031435E+01
  5.040000E-01  4.160036E+01  5.931032E+01 -1.034129E+01
  5.060000E-01  4.169819E+01  5.954568E+01 -1.036819E+01
  5.080000E-01  4.179571E+01  5.978104E+01 -1.039505E+01
  5.100000E-01  4.189291E+01  6.001640E+01 -1.042187E+01
  5.120000E-01  4.198981E+01  6.025175E+01 -1.044865E+01
  5.140000E-01  4.208640E+01  6.048711E+01 -1.047539E+01
  5.160000E-01  4.218268E+01  6.072247E+01 -1.050209E+01
  5.180000E-01  4.227865E+01  6.095783E+01 -1.052875E+01
  5.200000E-01  4.237433E+01  6.119319E+01 -1.055537E+01
  5.220000E-01  4.246969E+01  6.142855E+01 -1.058195E+01
  5.240000E-01  4.256476E+01  6.166391E+01 -1.060850E+01
  5.260000E-01  4.265953E+01  6.189926E+01 -1.063500E+01
  5.280000E-01  4.275400E+01  6.213462E+01 -1.066148E+01
  5.300000E-01  4.284817E+01  6.236998E+01 -1.068791E+01
  5.320000E-01  4.294205E+01  6.260534E+01 -1.071431E+01
  5.340000E-01  4.303564E+01  6.284070E+01 -1.074067E+01
  5.360000E-01  4.312893E+01  6.307606E+01 -1.076700E+01
  5.380000E-01  4.322193E+01  6.331141E+01 -1.079329E+01
  5.400000E-01  4.331464E+01  6.354677E+01 -1.081954E+01
  5.420000E-01  4.340706E+01  6.378213E+01 -1.084577E+01
  5.440000E-01  4.349920E+01  6.401749E+01 -1.087195E+01
  5.460000E-01  4.359105E+01  6.425285E+01 -1.089811E+01
  5.480000E-01  4.368262E+01  6.448821E+01 -1.092423E+01
  5.500000E-01  4.377390E+01  6.472356E+01 -1.095031E+01
  5.520000E-01  4.386490E+01  6.495892E+01 -1.097637E+01
  5.540000E-01  4.395563E+01  6.519428E+01 -1.100239E+01
  5.560000E-01  4.404607E+01  6.542964E+01 -1.102838E+01
  5.580000E-01  4.413624E+01  6.566500E+01 -1.105434E+01
  5.600000E-01  4.422613E+01  6.590036E+01 -1.108026E+01
  5.620000E-01  4.431575E+01  6.613572E+01 -1.110615E+01
  5.640000E-01  4.440509E+01  6.637107E+01 -1.113202E+01
  5.660000E-01  4.449416E+01  6.660643E+01 -1.115785E+01
  5.680000E-01  4.458296E+01  6.684179E+01 -1.118365E+01
  5.700000E-01  4.467149E+01  6.707715E+01 -1.120942E+01
  5.720000E-01  4.475975E+01  6.731251E+01 -1.123516E+01
  5.740000E-01  4.484775E+01  6.754787E+01 -1.126088E+01
  5.760000E-01  4.493548E+01  6.778322E+01 -1.128656E+01
  5.780000E-01  4.502294E+01  6.801858E+01 -1.131221E+01
  5.800000E-01  4.511014E+01  6.825394E+01 -1.133784E+01
  5.820000E-01  4.519708E+01  6.848930E+01 -1.136344E+01
  5.840000E-01  4.528376E+01  6.872466E+01 -1.138900E+01
  5.860000E-01  4.537018E+01  6.896002E+01 -1.141454E+01
  5.880000E-01  4.545634E+01  6.919537E+01 -1.144006E+01
  5.900000E-01  4.554224E+01  6.943073E+01 -1.146554E+01
  5.920000E-01  4.562789E+01  6.966609E+01 -1.149100E+01
  5.940000E-01  4.571328E+01  6.990145E+01 -1.151643E+01
  5.960000E-01  4.579842E+01  7.013681E+01 -1.154184E+01
  5.980000E-01  4.588331E+01  7.037217E+01 -1.156722E+01
  6.000000E-01  4.596794E+01  7.060753E+01 -1.159257E+01
  6.020000E-01  4.605233E+01  7.084288E+01 -1.161790E+01
  6.040000E-01  4.613647E+01  7.107824E+01 -1.164320E+01
  6.060000E-01  4.622036E+01  7.131360E+01 -1.166847E+01
  6.080000E-01  4.630400E+01  7.154896E+01 -1.169372E+01
  6.100000E-01  4.638739E+01  7.178432E+01 -1.171895E+01
  6.120000E-01  4.647055E+01  7.201968E+01 -1.174415E+01
  6.140000E-01  4.655345E+01  7.225503E+01 -1.176933E+01
  6.160000E-01  4.663612E+01  7.249039E+01 -1.179448E+01
  6.180000E-01  4.671855E+01  7.272575E+01 -1.181961E+01
  6.200000E-01  4.680073E+01  7.296111E+01 -1.184471E+01
  6.220000E-01  4.688268E+01  7.319647E+01 -1.186979E+01
  6.240000E-01  4.696439E+01  7.343183E+01 -1.189485E+01
  6.260000E-01  4.704586E+01  7.366718E+01 -1.191989E+01
  6.280000E-01  4.712710E+01  7.390254E+01 -1.194490E+01
  6.300000E-01  4.720810E+01  7.413790E+01 -1.196989E+01
  6.320000E-01  4.728887E+01  7.437326E+01 -1.199485E+01
  6.340000E-01  4.736941E+01  7.460862E+01 -1.201980E+01
  6.360000E-01  4.744971E+01  7.484398E+01 -1.204472E+01
  6.380000E-01  4.752978E+01  7.507933E+01 -1.206962E+01
  6.400000E-01  4.760963E+01  7.531469E+01 -1.209450E+01
  6.420000E-01  4.768925E+01  7.555005E+01 -1.211936E+01
  6.440000E-01  4.776864E+01  7.578541E+01 -1.214420E+01
  6.460000E-01  4.784780E+01  7.602077E+01 -1.216901E+01
  6.480000E-01  4.792674E+01  7.625613E+01 -1.219381E+01
  6.500000E-01  4.800545E+01  7.649149E+01 -1.221858E+01
  6.520000E-01  4.808394E+01  7.672684E+01 -1.224334E+01
  6.540000E-01  4.816221E+01  7.696220E+01 -1.226807E+01
  6.560000E-01  4.824026E+01  7.719756E+01 -1.229278E+01
  6.580000E-01  4.831809E+01  7.743292E+01 -1.231748E+01
  6.600000E-01  4.839570E+01  7.766828E+01 -1.234215E+01
  6.620000E-01  4.847309E+01  7.790364E+01 -1.236680E+01
  6.640000E-01  4.855026E+01  7.813899E+01 -1.239144E+01
  6.660000E-01  4.862722E+01  7.837435E+01 -1.241606E+01
  6.680000E-01  4.870396E+01  7.860971E+01 -1.244065E+01
  6.700000E-01  4.878048E+01  7.884507E+01 -1.246523E+01
  6.720000E-01  4.885680E+01  7.908043E+01 -1.248979E+01
  6.740000E-01  4.893290E+01  7.931579E+01 -1.251433E+01
  6.760000E-01  4.900879E+01  7.955114E+01 -1.253886E+01
  6.780000E-01  4.908446E+01  7.978650E+01 -1.256336E+01
  6.800000E-01  4.915993E+01  8.002186E+01 -1.258785E+01
  6.820000E-01  4.923519E+01  8.025722E+01 -1.261232E+01
  6.840000E-01  4.931024E+01  8.049258E+01 -1.263677E+01
  6.860000E-01  4.938509E+01  8.072794E+01 -1.266120E+01
  6.880000E-01  4.945973E+01  8.096330E+01 -1.268562E+01
  6.900000E-01  4.953416E+01  8.119865E+01 -1.271002E+01
  6.920000E-01  4.960839E+01  8.143401E+01 -1.273440E+01
  6.940000E-01  4.968242E+01  8.166937E+01 -1.275877E+01
  6.960000E-01  4.975624E+01  8.190473E+01 -1.278312E+01
  6.980000E-01  4.982986E+01  8.214009E+01 -1.280745E+01
  7.000000E-01  4.990328E+01  8.237545E+01 -1.283176E+01
  7.020000E-01  4.997650E+01  8.261080E+01 -1.285606E+01
  7.040000E-01  5.004953E+01  8.284616E+01 -1.288035E+01
  7.060000E-01  5.012235E+01  8.308152E+01 -1.290462E+01
  7.080000E-01  5.019498E+01  8.331688E+01 -1.292887E+01
  7.100000E-01  5.026740E+01  8.355224E+01 -1.295310E+01
  7.120000E-01  5.033964E+01  8.378760E+01 -1.297733E+01
  7.140000E-01  5.041168E+01  8.402295E+01 -1.300153E+01
  7.160000E-01  5.048352E+01  8.425831E+01 -1.302572E+01
  7.180000E-01  5.055518E+01  8.449367E+01 -1.304990E+01
  7.200000E-01  5.062664E+01  8.472903E+01 -1.307406E+01
  7.220000E-01  5.069790E+01  8.496439E+01 -1.309820E+01
  7.240000E-01  5.076898E+01  8.519975E+01 -1.312233E+01
  7.260000E-01  5.083987E+01  8.543511E+01 -1.314645E+01
  7.280000E-01  5.091057E+01  8.567046E+01 -1.317055E+01
  7.300000E-01  5.098108E+01  8.590582E+01 -1.319463E+01
  7.320000E-01  5.105140E+01  8.614118E+01 -1.321871E+01
  7.340000E-01  5.112154E+01  8.637654E+01 -1.324277E+01
  7.360000E-01  5.119149E+01  8.661190E+01 -1.326681E+01
  7.380000E-01  5.126126E+01  8.684726E+01 -1.329084E+01
  7.400000E-01  5.133084E+01  8.708261E+01 -1.331486E+01
  7.420000E-01  5.140023E+01  8.731797E+01 -1.333886E+01
  7.440000E-01  5.146945E+01  8.755333E+01 -1.336285E+01
  7.460000E-01  5.153848E+01  8.778869E+01 -1.338683E+01
  7.480000E-01  5.160733E+01  8.802405E+01 -1.341079E+01
  7.500000E-01  5.167600E+01  8.825941E+01 -1.343474E+01
  7.520000E-01  5.174450E+01  8.849476E+01 -1.345868E+01
  7.540000E-01  5.181281E+01  8.873012E+01 -1.348260E+01
  7.560000E-01  5.188094E+01  8.896548E+01 -1.350651E+01
  7.580000E-01  5.194890E+01  8.920084E+01 -1.353041E+01
  7.600000E-01  5.201668E+01  8.943620E+01 -1.355430E+01
  7.620000E-01  5.208428E+01  8.967156E+01 -1.357817E+01
  7.640000E-01  5.215171E+01  8.990692E+01 -1.360203E+01
  7.660000E-01  5.221897E+01  9.014227E+01 -1.362588E+01
  7.680000E-01  5.228605E+01  9.037763E+01 -1.364972E+01
  7.700000E-01  5.235295E+01  9.061299E+01 -1.367354E+01
  7.720000E-01  5.241969E+01  9.084835E+01 -1.369735E+01
  7.740000E-01  5.248625E+01  9.108371E+01 -1.372115E+01
  7.760000E-01  5.255264E+01  9.131907E+01 -1.374494E+01
  7.780000E-01  5.261887E+01  9.155442E+01 -1.376872E+01
  7.800000E-01  5.268492E+01  9.178978E+01 -1.379249E+01
  7.820000E-01  5.275080E+01  9.202514E+01 -1.381624E+01
  7.840000E-01  5.281652E+01  9.226050E+01 -1.383998E+01
  7.860000E-01  5.288207E+01  9.249586E+01 -1.386371E+01
  7.880000E-01  5.294745E+01  9.273122E+01 -1.388743E+01
  7.900000E-01  5.301266E+01  9.296657E+01 -1.391114E+01
  7.920000E-01  5.307771E+01  9.320193E+01 -1.393484E+01
  7.940000E-01  5.314260E+01  9.343729E+01 -1.395853E+01
  7.960000E-01  5.320732E+01  9.367265E+01 -1.398221E+01
  7.980000E-01  5.327187E+01  9.390801E+01 -1.400587E+01
  8.000000E-01  5.333627E+01  9.414337E+01 -1.402953E+01
  8.020000E-01  5.340050E+01  9.437873E+01 -1.405317E+01
  8.040000E-01  5.346457E+01  9.461408E+01 -1.407680E+01
  8.060000E-01  5.352848E+01  9.484944E+01 -1.410043E+01
  8.080000E-01  5.359223E+01  9.508480E+01 -1.412404E+01
  8.100000E-01  5.365582E+01  9.532016E+01 -1.414764E+01
  8.120000E-01  5.371925E+01  9.555552E+01 -1.417124E+01
  8.140000E-01  5.378253E+01  9.579088E+01 -1.419482E+01
  8.160000E-01  5.384564E+01  9.602623E+01 -1.421839E+01
  8.180000E-01  5.390860E+01  9.626159E+01 -1.424195E+01
  8.200000E-01  5.397140E+01  9.649695E+01 -1.426551E+01
  8.220000E-01  5.403405E+01  9.673231E+01 -1.428905E+01
  8.240000E-01  5.409654E+01  9.696767E+01 -1.431258E+01
  8.260000E-01  5.415888E+01  9.720303E+01 -1.433611E+01
  8.280000E-01  5.422106E+01  9.743838E+01 -1.435962E+01
  8.300000E-01  5.428309E+01  9.767374E+01 -1.438313E+01
  8.320000E-01  5.434497E+01  9.790910E+01 -1.440662E+01
  8.340000E-01  5.440669E+01  9.814446E+01 -1.443011E+01
  8.360000E-01  5.446827E+01  9.837982E+01 -1.445358E+01
  8.380000E-01  5.452969E+01  9.861518E+01 -1.447705E+01
  8.400000E-01  5.459096E+01  9.885054E+01 -1.450051E+01
  8.420000E-01  5.465208E+01  9.908589E+01 -1.452396E+01
  8.440000E-01  5.471306E+01  9.932125E+01 -1.454740E+01
  8.460000E-01  5.477388E+01  9.955661E+01 -1.457083E+01
  8.480000E-01  5.483456E+01  9.979197E+01 -1.459426E+01
  8.500000E-01  5.489509E+01  1.000273E+02 -1.461767E+01
  8.520000E-01  5.495548E+01  1.002627E+02 -1.464108E+01
  8.540000E-01  5.501571E+01  1.004980E+02 -1.466447E+01
  8.560000E-01  5.507580E+01  1.007334E+02 -1.468786E+01
  8.580000E-01  5.513575E+01  1.009688E+02 -1.471124E+01
  8.600000E-01  5.519555E+01  1.012041E+02 -1.473461E+01
  8.620000E-01  5.525521E+01  1.014395E+02 -1.475798E+01
  8.640000E-01  5.531473E+01  1.016748E+02 -1.478133E+01
  8.660000E-01  5.537410E+01  1.019102E+02 -1.480468E+01
  8.680000E-01  5.543333E+01  1.021456E+02 -1.482802E+01
  8.700000E-01  5.549242E+01  1.023809E+02 -1.485135E+01
  8.720000E-01  5.555137E+01  1.026163E+02 -1.487467E+01
  8.740000E-01  5.561017E+01  1.028516E+02 -1.489798E+01
  8.760000E-01  5.566884E+01  1.030870E+02 -1.492129E+01
  8.780000E-01  5.572737E+01  1.033223E+02 -1.494459E+01
  8.800000E-01  5.578575E+01  1.035577E+02 -1.496788E+01
  8.820000E-01  5.584400E+01  1.037931E+02 -1.499116E+01
  8.840000E-01  5.590212E+01  1.040284E+02 -1.501444E+01
  8.860000E-01  5.596009E+01  1.042638E+02 -1.503771E+01
  8.880000E-01  5.601793E+01  1.044991E+02 -1.506097E+01
  8.900000E-01  5.607563E+01  1.047345E+02 -1.508422E+01
  8.920000E-01  5.613320E+01  1.049699E+02 -1.510747E+01
  8.940000E-01  5.619063E+01  1.052052E+02 -1.513070E+01
  8.960000E-01  5.624792E+01  1.054406E+02 -1.515393E+01
  8.980000E-01  5.630508E+01  1.056759E+02 -1.517716E+01
  9.000000E-01  5.636211E+01  1.059113E+02 -1.520037E+01
  9.020000E-01  5.641901E+01  1.061466E+02 -1.522358E+01
  9.040000E-01  5.647577E+01  1.063820E+02 -1.524678E+01
  9.060000E-01  5.653240E+01  1.066174E+02 -1.526998E+01
  9.080000E-01  5.658889E+01  1.068527E+02 -1.529317E+01
  9.100000E-01  5.664526E+01  1.070881E+02 -1.531635E+01
  9.120000E-01  5.670150E+01  1.073234E+02 -1.533952E+01
  9.140000E-01  5.675760E+01  1.075588E+02 -1.536269E+01
  9.160000E-01  5.681358E+01  1.077942E+02 -1.538585E+01
  9.180000E-01  5.686943E+01  1.080295E+02 -1.540900E+01
  9.200000E-01  5.692514E+01  1.082649E+02 -1.543215E+01
  9.220000E-01  5.698073E+01  1.085002E+02 -1.545529E+01
  9.240000E-01  5.703619E+01  1.087356E+02 -1.547842E+01
  9.260000E-01  5.709153E+01  1.089709E+02 -1.550154E+01
  9.280000E-01  5.714674E+01  1.092063E+02 -1.552466E+01
  9.300000E-01  5.720182E+01  1.094417E+02 -1.554778E+01
  9.320000E-01  5.725677E+01  1.096770E+02 -1.557088E+01
  9.340000E-01  5.731160E+01  1.099124E+02 -1.559398E+01
  9.360000E-01  5.736631E+01  1.101477E+02 -1.561708E+01
  9.380000E-01  5.742089E+01  1.103831E+02 -1.564017E+01
  9.400000E-01  5.747534E+01  1.106185E+02 -1.566325E+01
  9.420000E-01  5.752968E+01  1.108538E+02 -1.568632E+01
  9.440000E-01  5.758389E+01  1.110892E+02 -1.570939E+01
  9.460000E-01  5.763797E+01  1.113245E+02 -1.573245E+01
  9.480000E-01  5.769194E+01  1.115599E+02 -1.575551E+01
  9.500000E-01  5.774578E+01  1.117952E+02 -1.577856E+01
  9.520000E-01  5.779950E+01  1.120306E+02 -1.580160E+01
  9.540000E-01  5.785310E+01  1.122660E+02 -1.582464E+01
  9.560000E-01  5.790658E+01  1.125013E+02 -1.584767E+01
  9.580000E-01  5.795994E+01  1.127367E+02 -1.587070E+01
  9.600000E-01  5.801318E+01  1.129720E+02 -1.589372E+01
  9.620000E-01  5.806630E+01  1.132074E+02 -1.591674E+01
  9.640000E-01  5.811931E+01  1.134428E+02 -1.593974E+01
  9.660000E-01  5.817219E+01  1.136781E+02 -1.596275E+01
  9.680000E-01  5.822496E+01  1.139135E+02 -1.598574E+01
  9.700000E-01  5.827761E+01  1.141488E+02 -1.600873E+01
  9.720000E-01  5.833014E+01  1.143842E+02 -1.603172E+01
  9.740000E-01  5.838256E+01  1.146195E+02 -1.605470E+01
  9.760000E-01  5.843486E+01  1.148549E+02 -1.607768E+01
  9.780000E-01  5.848704E+01  1.150903E+02 -1.610064E+01
  9.800000E-01  5.853911E+01  1.153256E+02 -1.612361E+01
  9.820000E-01  5.859106E+01  1.155610E+02 -1.614657E+01
  9.840000E-01  5.864290E+01  1.157963E+02 -1.616952E+01
  9.860000E-01  5.869463E+01  1.160317E+02 -1.619246E+01
  9.880000E-01  5.874624E+01  1.162671E+02 -1.621541E+01
  9.900000E-01  5.879774E+01  1.165024E+02 -1.623834E+01
  9.920000E-01  5.884912E+01  1.167378E+02 -1.626127E+01
  9.940000E-01  5.890039E+01  1.169731E+02 -1.628420E+01
  9.960000E-01  5.895155E+01  1.172085E+02 -1.630712E+01
  9.980000E-01  5.900260E+01  1.174438E+02 -1.633003E+01
  1.000000E+00  5.905354E+01  1.176792E+02 -1.635294E+01
  1.002000E+00  5.910437E+01  1.179146E+02 -1.637585E+01
  1.004000E+00  5.915509E+01  1.181499E+02 -1.639875E+01
  1.006000E+00  5.920569E+01  1.183853E+02 -1.642164E+01
  1.008000E+00  5.925619E+01  1.186206E+02 -1.644453E+01
  1.010000E+00  5.930658E+01  1.188560E+02 -1.646741E+01
  1.012000E+00  5.935686E+01  1.190914E+02 -1.649029E+01
  1.014000E+00  5.940703E+01  1.193267E+02 -1.651317E+01
  1.016000E+00  5.945709E+01  1.195621E+02 -1.653604E+01
  1.018000E+00  5.950705E+01  1.197974E+02 -1.655890E+01
  1.020000E+00  5.955689E+01  1.200328E+02 -1.658176E+01
  1.022000E+00  5.960663E+01  1.202682E+02 -1.660461E+01
  1.024000E+00  5.965627E+01  1.205035E+02 -1.662746E+01
  1.026000E+00  5.970580E+01  1.207389E+02 -1.665031E+01
  1.028000E+00  5.975522E+01  1.209742E+02 -1.667315E+01
  1.030000E+00  5.980453E+01  1.212096E+02 -1.669598E+01
  1.032000E+00  5.985374E+01  1.214449E+02 -1.671881E+01
  1.034000E+00  5.990285E+01  1.216803E+02 -1.674164E+01
  1.036000E+00  5.995185E+01  1.219157E+02 -1.676446E+01
  1.038000E+00  6.000075E+01  1.221510E+02 -1.678728E+01
  1.040000E+00  6.004955E+01  1.223864E+02 -1.681009E+01
  1.042000E+00  6.009824E+01  1.226217E+02 -1.683289E+01
  1.044000E+00  6.014682E+01  1.228571E+02 -1.685570E+01
  1.046000E+00  6.019531E+01  1.230925E+02 -1.687849E+01
  1.048000E+00  6.024369E+01  1.233278E+02 -1.690129E+01
  1.050000E+00  6.029198E+01  1.235632E+02 -1.692408E+01
  1.052000E+00  6.034016E+01  1.237985E+02 -1.694686E+01
  1.054000E+00  6.038823E+01  1.240339E+02 -1.696964E+01
  1.056000E+00  6.043621E+01  1.242692E+02 -1.699241E+01
  1.058000E+00  6.048409E+01  1.245046E+02 -1.701519E+01
  1.060000E+00  6.053187E+01  1.247400E+02 -1.703795E+01
  1.062000E+00  6.057955E+01  1.249753E+02 -1.706071E+01
  1.064000E+00  6.062712E+01  1.252107E+02 -1.708347E+01
  1.066000E+00  6.067460E+01  1.254460E+02 -1.710622E+01
  1.068000E+00  6.072198E+01  1.256814E+02 -1.712897E+01
  1.070000E+00  6.076927E+01  1.259168E+02 -1.715172E+01
  1.072000E+00  6.081645E+01  1.261521E+02 -1.717446E+01
  1.074000E+00  6.086354E+01  1.263875E+02 -1.719719E+01
  1.076000E+00  6.091052E+01  1.266228E+02 -1.721993E+01
  1.078000E+00  6.095742E+01  1.268582E+02 -1.724265E+01
  1.080000E+00  6.100421E+01  1.270935E+02 -1.726538E+01
  1.082000E+00  6.105091E+01  1.273289E+02 -1.728810E+01
  1.084000E+00  6.109751E+01  1.275643E+02 -1.731081E+01
  1.086000E+00  6.114402E+01  1.277996E+02 -1.733352E+01
  1.088000E+00  6.119043E+01  1.280350E+02 -1.735623E+01
  1.090000E+00  6.123675E+01  1.282703E+02 -1.737893E+01
  1.092000E+00  6.128297E+01  1.285057E+02 -1.740163E+01
  1.094000E+00  6.132909E+01  1.287411E+02 -1.742432E+01
  1.096000E+00  6.137513E+01  1.289764E+02 -1.744702E+01
  1.098000E+00  6.142106E+01  1.292118E+02 -1.746970E+01
  1.100000E+00  6.146691E+01  1.294471E+02 -1.749238E+01
  1.102000E+00  6.151266E+01  1.296825E+02 -1.751506E+01
  1.104000E+00  6.155832E+01  1.299178E+02 -1.753774E+01
  1.106000E+00  6.160389E+01  1.301532E+02 -1.756041E+01
  1.108000E+00  6.164936E+01  1.303886E+02 -1.758308E+01
  1.110000E+00  6.169474E+01  1.306239E+02 -1.760574E+01
  1.112000E+00  6.174003E+01  1.308593E+02 -1.762840E+01
  1.114000E+00  6.178523E+01  1.310946E+02 -1.765105E+01
  1.116000E+00  6.183034E+01  1.313300E+02 -1.767370E+01
  1.118000E+00  6.187536E+01  1.315654E+02 -1.769635E+01
  1.120000E+00  6.192028E+01  1.318007E+02 -1.771899E+01
  1.122000E+00  6.196512E+01  1.320361E+02 -1.774163E+01
  1.124000E+00  6.200987E+01  1.322714E+02 -1.776427E+01
  1.126000E+00  6.205452E+01  1.325068E+02 -1.778690E+01
  1.128000E+00  6.209909E+01  1.327421E+02 -1.780953E+01
  1.130000E+00  6.214357E+01  1.329775E+02 -1.783215E+01
  1.132000E+00  6.218796E+01  1.332129E+02 -1.785478E+01
  1.134000E+00  6.223226E+01  1.334482E+02 -1.787739E+01
  1.136000E+00  6.227648E+01  1.336836E+02 -1.790001E+01
  1.138000E+00  6.232060E+01  1.339189E+02 -1.792262E+01
  1.140000E+00  6.236464E+01  1.341543E+02 -1.794522E+01
  1.142000E+00  6.240859E+01  1.343897E+02 -1.796782E+01
  1.144000E+00  6.245246E+01  1.346250E+02 -1.799042E+01
  1.146000E+00  6.249623E+01  1.348604E+02 -1.801302E+01
  1.148000E+00  6.253992E+01  1.350957E+02 -1.803561E+01
  1.150000E+00  6.258353E+01  1.353311E+02 -1.805820E+01
  1.152000E+00  6.262705E+01  1.355664E+02 -1.808078E+01
  1.154000E+00  6.267048E+01  1.358018E+02 -1.810336E+01
  1.156000E+00  6.271383E+01  1.360372E+02 -1.812594E+01
  1.158000E+00  6.275709E+01  1.362725E+02 -1.814851E+01
  1.160000E+00  6.280027E+01  1.365079E+02 -1.817108E+01
  1.162000E+00  6.284337E+01  1.367432E+02 -1.819365E+01
  1.164000E+00  6.288638E+01  1.369786E+02 -1.821621E+01
  1.166000E+00  6.292930E+01  1.372140E+02 -1.823877E+01
  1.168000E+00  6.297214E+01  1.374493E+02 -1.826133E+01
  1.170000E+00  6.301490E+01  1.376847E+02 -1.828388E+01
  1.172000E+00  6.305758E+01  1.379200E+02 -1.830643E+01
  1.174000E+00  6.310017E+01  1.381554E+02 -1.832898E+01
  1.176000E+00  6.314268E+01  1.383907E+02 -1.835152E+01
  1.178000E+00  6.318511E+01  1.386261E+02 -1.837406E+01
  1.180000E+00  6.322746E+01  1.388615E+02 -1.839660E+01
  1.182000E+00  6.326972E+01  1.390968E+02 -1.841913E+01
  1.184000E+00  6.331190E+01  1.393322E+02 -1.844166E+01
  1.186000E+00  6.335400E+01  1.395675E+02 -1.846418E+01
  1.188000E+00  6.339602E+01  1.398029E+02 -1.848670E+01
  1.190000E+00  6.343796E+01  1.400383E+02 -1.850922E+01
  1.192000E+00  6.347982E+01  1.402736E+02 -1.853174E+01
  1.194000E+00  6.352160E+01  1.405090E+02 -1.855425E+01
  1.196000E+00  6.356330E+01  1.407443E+02 -1.857676E+01
  1.198000E+00  6.360492E+01  1.409797E+02 -1.859927E+01
  1.200000E+00  6.364646E+01  1.412151E+02 -1.862177E+01
