  1.000000E-02  9.985076E-01  1.492408E-03  0.000000E+00  0.000000E+00  0.000000E+00  0.000000E+00  0.000000E+00  0.000000E+00  1.492408E-03  0.000000E+00
  1.200000E-02  9.980956E-01  1.904371E-03  0.000000E+00  0.000000E+00  0.000000E+00  0.000000E+00  0.000000E+00  0.000000E+00  1.904371E-03  0.000000E+00
  1.400000E-02  9.976596E-01  2.340438E-03  0.000000E+00  0.000000E+00  0.000000E+00  0.000000E+00  0.000000E+00  0.000000E+00  2.340438E-03  0.000000E+00
  1.600000E-02  9.972021E-01  2.797901E-03  0.000000E+00  0.000000E+00  0.000000E+00  0.000000E+00  0.000000E+00  0.000000E+00  2.797901E-03  0.000000E+00
  1.800000E-02  9.967255E-01  3.274544E-03  0.000000E+00  0.000000E+00  0.000000E+00  0.000000E+00  0.000000E+00  0.000000E+00  3.274544E-03  0.000000E+00
  2.000000E-02  9.962315E-01  3.768511E-03  0.000000E+00  0.000000E+00  0.000000E+00  0.000000E+00  0.000000E+00  0.000000E+00  3.768511E-03  0.000000E+00
  2.200000E-02  9.957218E-01  4.278210E-03  0.000000E+00  0.000000E+00  0.000000E+00  0.000000E+00  0.000000E+00  0.000000E+00  4.278210E-03  0.000000E+00
  2.400000E-02  9.951977E-01  4.802262E-03  0.000000E+00  0.000000E+00  0.000000E+00  0.000000E+00  0.000000E+00  0.000000E+00  4.802262E-03  0.000000E+00
  2.600000E-02  9.946605E-01  5.339453E-03  0.000000E+00  0.000000E+00  0.000000E+00  0.000000E+00  0.000000E+00  0.000000E+00  5.339453E-03  0.000000E+00
  2.800000E-02  9.941113E-01  5.888708E-03  0.000000E+00  0.000000E+00  0.000000E+00  0.000000E+00  0.000000E+00  0.000000E+00  5.888708E-03  0.000000E+00
  3.000000E-02  9.935509E-01  6.449062E-03  0.000000E+00  0.000000E+00  0.000000E+00  0.000000E+00  0.000000E+00  0.000000E+00  6.449062E-03  0.000000E+00
  3.200000E-02  9.929803E-01  7.019650E-03  0.000000E+00  0.000000E+00  0.000000E+00  0.000000E+00  0.000000E+00  0.000000E+00  7.019650E-03  0.000000E+00
  3.400000E-02  9.924003E-01  7.599687E-03  0.000000E+00  0.000000E+00  0.000000E+00  0.000000E+00  0.000000E+00  0.000000E+00  7.599687E-03  0.000000E+00
  3.600000E-02  9.918115E-01  8.188459E-03  0.000000E+00  0.000000E+00  0.000000E+00  0.000000E+00  0.000000E+00  0.000000E+00  8.188459E-03  0.000000E+00
  3.800000E-02  9.912147E-01  8.785315E-03  0.000000E+00  0.000000E+00  0.000000E+00  0.000000E+00  0.000000E+00  0.000000E+00  8.785315E-03  0.000000E+00
  4.000000E-02  9.906103E-01  9.389657E-03  0.000000E+00  0.000000E+00  0.000000E+00  0.000000E+00  0.000000E+00  0.000000E+00  9.389657E-03  0.000000E+00
  4.200000E-02  9.899991E-01  1.000094E-02  0.000000E+00  0.000000E+00  0.000000E+00  0.000000E+00  0.000000E+00  0.000000E+00  1.000094E-02  0.000000E+00
  4.400000E-02  9.893814E-01  1.061865E-02  0.000000E+00  0.000000E+00  0.000000E+00  0.000000E+00  0.000000E+00  0.000000E+00  1.061865E-02  0.000000E+00
  4.600000E-02  9.887577E-01  1.124233E-02  0.000000E+00  0.000000E+00  0.000000E+00  0.000000E+00  0.000000E+00  0.000000E+00  1.124233E-02  0.000000E+00
  4.800000E-02  9.881285E-01  1.187154E-02  0.000000E+00  0.000000E+00  0.000000E+00  0.000000E+00  0.000000E+00  0.000000E+00  1.187154E-02  0.000000E+00
  5.000000E-02  9.874941E-01  1.250588E-02  0.000000E+00  0.000000E+00  0.000000E+00  0.000000E+00  0.000000E+00  0.000000E+00  1.250588E-02  0.000000E+00
  5.200000E-02  9.868550E-01  1.314498E-02  0.000000E+00  0.000000E+00  0.000000E+00  0.000000E+00  0.000000E+00  0.000000E+00  1.314498E-02  0.000000E+00
  5.400000E-02  9.862115E-01  1.378849E-02  0.000000E+00  0.000000E+00  0.000000E+00  0.000000E+00  0.000000E+00  0.000000E+00  1.378849E-02  0.000000E+00
  5.600000E-02  9.855639E-01  1.443609E-02  0.000000E+00  0.000000E+00  0.000000E+00  0.000000E+00  0.000000E+00  0.000000E+00  1.443609E-02  0.000000E+00
  5.800000E-02  9.849125E-01  1.508747E-02  0.000000E+00  0.000000E+00  0.000000E+00  0.000000E+00  0.000000E+00  0.000000E+00  1.508747E-02  0.000000E+00
  6.000000E-02  9.842576E-01  1.574236E-02  0.000000E+00  0.000000E+00  0.000000E+00  0.000000E+00  0.000000E+00  0.000000E+00  1.574236E-02  0.000000E+00
  6.200000E-02  9.835995E-01  1.640049E-02  0.000000E+00  0.000000E+00  0.000000E+00  0.000000E+00  0.000000E+00  0.000000E+00  1.640049E-02  0.000000E+00
  6.400000E-02  9.829384E-01  1.706162E-02  0.000000E+00  0.000000E+00  0.000000E+00  0.000000E+00  0.000000E+00  0.000000E+00  1.706162E-02  0.000000E+00
  6.600000E-02  9.822745E-01  1.772551E-02  0.000000E+00  0.000000E+00  0.000000E+00  0.000000E+00  0.000000E+00  0.000000E+00  1.772551E-02  0.000000E+00
  6.800000E-02  9.816081E-01  1.839194E-02  0.000000E+00  0.000000E+00  0.000000E+00  0.000000E+00  0.000000E+00  0.000000E+00  1.839194E-02  0.000000E+00
  7.000000E-02  9.809393E-01  1.906071E-02  0.000000E+00  0.000000E+00  0.000000E+00  0.000000E+00  0.000000E+00  0.000000E+00  1.906071E-02  0.000000E+00
  7.200000E-02  9.802684E-01  1.973164E-02  0.000000E+00  0.000000E+00  0.000000E+00  0.000000E+00  0.000000E+00  0.000000E+00  1.973164E-02  0.000000E+00
  7.400000E-02  9.795955E-01  2.040453E-02  0.000000E+00  0.000000E+00  0.000000E+00  0.000000E+00  0.000000E+00  0.000000E+00  2.040453E-02  0.000000E+00
  7.600000E-02  9.789208E-01  2.107923E-02  0.000000E+00  0.000000E+00  0.000000E+00  0.000000E+00  0.000000E+00  0.000000E+00  2.107923E-02  0.000000E+00
  7.800000E-02  9.782444E-01  2.175556E-02  0.000000E+00  0.000000E+00  0.000000E+00  0.000000E+00  0.000000E+00  0.000000E+00  2.175556E-02  0.000000E+00
  8.000000E-02  9.775666E-01  2.243338E-02  0.000000E+00  0.000000E+00  0.000000E+00  0.000000E+00  0.000000E+00  0.000000E+00  2.243338E-02  0.000000E+00
  8.200000E-02  9.768875E-01  2.311255E-02  0.000000E+00  0.000000E+00  0.000000E+00  0.000000E+00  0.000000E+00  0.000000E+00  2.311255E-02  0.000000E+00
  8.400000E-02  9.762071E-01  2.379292E-02  0.000000E+00  0.000000E+00  0.000000E+00  0.000000E+00  0.000000E+00  0.000000E+00  2.379292E-02  0.000000E+00
  8.600000E-02  9.755256E-01  2.447438E-02  0.000000E+00  0.000000E+00  0.000000E+00  0.000000E+00  0.000000E+00  0.000000E+00  2.447438E-02  0.000000E+00
  8.800000E-02  9.748432E-01  2.515681E-02  0.000000E+00  0.000000E+00  0.000000E+00  0.000000E+00  0.000000E+00  0.000000E+00  2.515681E-02  0.000000E+00
  9.000000E-02  9.741599E-01  2.584008E-02  0.000000E+00  0.000000E+00  0.000000E+00  0.000000E+00  0.000000E+00  0.000000E+00  2.584008E-02  0.000000E+00
  9.200000E-02  9.734759E-01  2.652410E-02  0.000000E+00  0.000000E+00  0.000000E+00  0.000000E+00  0.000000E+00  0.000000E+00  2.652410E-02  0.000000E+00
  9.400000E-02  9.727912E-01  2.720875E-02  0.000000E+00  0.000000E+00  0.000000E+00  0.000000E+00  0.000000E+00  0.000000E+00  2.720875E-02  0.000000E+00
  9.600000E-02  9.721060E-01  2.789395E-02  0.000000E+00  0.000000E+00  0.000000E+00  0.000000E+00  0.000000E+00  0.000000E+00  2.789395E-02  0.000000E+00
  9.800000E-02  9.714204E-01  2.857960E-02  0.000000E+00  0.000000E+00  0.000000E+00  0.000000E+00  0.000000E+00  0.000000E+00  2.857960E-02  0.000000E+00
  1.000000E-01  9.707344E-01  2.926561E-02  0.000000E+00  0.000000E+00  0.000000E+00  0.000000E+00  0.000000E+00  0.000000E+00  2.926561E-02  0.000000E+00
  1.020000E-01  9.700481E-01  2.995190E-02  0.000000E+00  0.000000E+00  0.000000E+00  0.000000E+00  0.000000E+00  0.000000E+00  2.995190E-02  0.000000E+00
  1.040000E-01  9.693616E-01  3.063839E-02  0.000000E+00  0.000000E+00  0.000000E+00  0.000000E+00  0.000000E+00  0.000000E+00  3.063839E-02  0.000000E+00
  1.060000E-01  9.686750E-01  3.132500E-02  0.000000E+00  0.000000E+00  0.000000E+00  0.000000E+00  0.000000E+00  0.000000E+00  3.132500E-02  0.000000E+00
  1.080000E-01  9.679883E-01  3.201167E-02  0.000000E+00  0.000000E+00  0.000000E+00  0.000000E+00  0.000000E+00  0.000000E+00  3.201167E-02  0.000000E+00
  1.100000E-01  9.673017E-01  3.269832E-02  0.000000E+00  0.000000E+00  0.000000E+00  0.000000E+00  0.000000E+00  0.000000E+00  3.269832E-02  0.000000E+00
  1.120000E-01  9.666151E-01  3.338489E-02  0.000000E+00  0.000000E+00  0.000000E+00  0.000000E+00  0.000000E+00  0.000000E+00  3.338489E-02  0.000000E+00
  1.140000E-01  9.659287E-01  3.407131E-02  0.000000E+00  0.000000E+00  0.000000E+00  0.000000E+00  0.000000E+00  0.000000E+00  3.407131E-02  0.000000E+00
  1.160000E-01  9.652425E-01  3.475754E-02  0.000000E+00  0.000000E+00  0.000000E+00  0.000000E+00  0.000000E+00  0.000000E+00  3.475754E-02  0.000000E+00
  1.180000E-01  9.645565E-01  3.544350E-02  0.000000E+00  0.000000E+00  0.000000E+00  0.000000E+00  0.000000E+00  0.000000E+00  3.544350E-02  0.000000E+00
  1.200000E-01  9.638708E-01  3.612915E-02  0.000000E+00  0.000000E+00  0.000000E+00  0.000000E+00  0.000000E+00  0.000000E+00  3.612915E-02  0.000000E+00
  1.220000E-01  9.631856E-01  3.681444E-02  0.000000E+00  0.000000E+00  0.000000E+00  0.000000E+00  0.000000E+00  0.000000E+00  3.681444E-02  0.000000E+00
  1.240000E-01  9.625007E-01  3.749931E-02  0.000000E+00  0.000000E+00  0.000000E+00  0.000000E+00  0.000000E+00  0.000000E+00  3.749931E-02  0.000000E+00
  1.260000E-01  9.618163E-01  3.818371E-02  0.000000E+00  0.000000E+00  0.000000E+00  0.000000E+00  0.000000E+00  0.000000E+00  3.818371E-02  0.000000E+00
  1.280000E-01  9.611324E-01  3.886761E-02  0.000000E+00  0.000000E+00  0.000000E+00  0.000000E+00  0.000000E+00  0.000000E+00  3.886761E-02  0.000000E+00
  1.300000E-01  9.604491E-01  3.955095E-02  0.000000E+00  0.000000E+00  0.000000E+00  0.000000E+00  0.000000E+00  0.000000E+00  3.955095E-02  0.000000E+00
  1.320000E-01  9.597073E-01  4.029265E-02  0.000000E+00  0.000000E+00  0.000000E+00  0.000000E+00  0.000000E+00  0.000000E+00  4.021429E-02  7.836311E-05
  1.340000E-01  9.588792E-01  4.112078E-02  0.000000E+00  0.000000E+00  0.000000E+00  0.000000E+00  0.000000E+00  0.000000E+00  4.084737E-02  2.734088E-04
  1.360000E-01  9.580088E-01  4.199123E-02  0.000000E+00  0.000000E+00  0.000000E+00  0.000000E+00  0.000000E+00  0.000000E+00  4.146389E-02  5.273449E-04
  1.380000E-01  9.571090E-01  4.289100E-02  0.000000E+00  0.000000E+00  0.000000E+00  0.000000E+00  0.000000E+00  0.000000E+00  4.206767E-02  8.233283E-04
  1.400000E-01  9.561871E-01  4.381287E-02  0.000000E+00  0.000000E+00  0.000000E+00  0.000000E+00  0.000000E+00  0.000000E+00  4.266081E-02  1.152062E-03
  1.420000E-01  9.552480E-01  4.475204E-02  0.000000E+00  0.000000E+00  0.000000E+00  0.000000E+00  0.000000E+00  0.000000E+00  4.324465E-02  1.507394E-03
  1.440000E-01  9.542950E-01  4.570504E-02  0.000000E+00  0.000000E+00  0.000000E+00  0.000000E+00  0.000000E+00  0.000000E+00  4.382017E-02  1.884872E-03
  1.460000E-01  9.533308E-01  4.666920E-02  0.000000E+00  0.000000E+00  0.000000E+00  0.000000E+00  0.000000E+00  0.000000E+00  4.438811E-02  2.281088E-03
  1.480000E-01  9.523576E-01  4.764239E-02  0.000000E+00  0.000000E+00  0.000000E+00  0.000000E+00  0.000000E+00  0.000000E+00  4.494905E-02  2.693337E-03
  1.500000E-01  9.513771E-01  4.862290E-02  0.000000E+00  0.000000E+00  0.000000E+00  0.000000E+00  0.000000E+00  0.000000E+00  4.550348E-02  3.119414E-03
  1.520000E-01  9.503907E-01  4.960929E-02  0.000000E+00  0.000000E+00  0.000000E+00  0.000000E+00  0.000000E+00  0.000000E+00  4.605180E-02  3.557484E-03
  1.540000E-01  9.493997E-01  5.060035E-02  0.000000E+00  0.000000E+00  0.000000E+00  0.000000E+00  0.000000E+00  0.000000E+00  4.659435E-02  4.005999E-03
  1.560000E-01  9.484049E-01  5.159505E-02  0.000000E+00  0.000000E+00  0.000000E+00  0.000000E+00  0.000000E+00  0.000000E+00  4.713142E-02  4.463634E-03
  1.580000E-01  9.474075E-01  5.259251E-02  0.000000E+00  0.000000E+00  0.000000E+00  0.000000E+00  0.000000E+00  0.000000E+00  4.766326E-02  4.929245E-03
  1.600000E-01  9.464081E-01  5.359195E-02  0.000000E+00  0.000000E+00  0.000000E+00  0.000000E+00  0.000000E+00  0.000000E+00  4.819011E-02  5.401833E-03
  1.620000E-01  9.454073E-01  5.459269E-02  0.000000E+00  0.000000E+00  0.000000E+00  0.000000E+00  0.000000E+00  0.000000E+00  4.871217E-02  5.880525E-03
  1.640000E-01  9.444058E-01  5.559415E-02  0.000000E+00  0.000000E+00  0.000000E+00  0.000000E+00  0.000000E+00  0.000000E+00  4.922960E-02  6.364549E-03
  1.660000E-01  9.434042E-01  5.659580E-02  0.000000E+00  0.000000E+00  0.000000E+00  0.000000E+00  0.000000E+00  0.000000E+00  4.974258E-02  6.853218E-03
  1.680000E-01  9.424028E-01  5.759717E-02  0.000000E+00  0.000000E+00  0.000000E+00  0.000000E+00  0.000000E+00  0.000000E+00  5.025125E-02  7.345922E-03
  1.700000E-01  9.414021E-01  5.859786E-02  0.000000E+00  0.000000E+00  0.000000E+00  0.000000E+00  0.000000E+00  0.000000E+00  5.075574E-02  7.842114E-03
  1.720000E-01  9.404025E-01  5.959748E-02  0.000000E+00  0.000000E+00  0.000000E+00  0.000000E+00  0.000000E+00  0.000000E+00  5.125618E-02  8.341304E-03
  1.740000E-01  9.394043E-01  6.059572E-02  0.000000E+00  0.000000E+00  0.000000E+00  0.000000E+00  0.000000E+00  0.000000E+00  5.175268E-02  8.843048E-03
  1.760000E-01  9.384077E-01  6.159228E-02  0.000000E+00  0.000000E+00  0.000000E+00  0.000000E+00  0.000000E+00  0.000000E+00  5.224533E-02  9.346947E-03
  1.780000E-01  9.374131E-01  6.258688E-02  0.000000E+00  0.000000E+00  0.000000E+00  0.000000E+00  0.000000E+00  0.000000E+00  5.273424E-02  9.852639E-03
  1.800000E-01  9.364207E-01  6.357929E-02  0.000000E+00  0.000000E+00  0.000000E+00  0.000000E+00  0.000000E+00  0.000000E+00  5.321950E-02  1.035979E-02
  1.820000E-01  9.354307E-01  6.456930E-02  0.000000E+00  0.000000E+00  0.000000E+00  0.000000E+00  0.000000E+00  0.000000E+00  5.370118E-02  1.086812E-02
  1.840000E-01  9.344433E-01  6.555670E-02  0.000000E+00  0.000000E+00  0.000000E+00  0.000000E+00  0.000000E+00  0.000000E+00  5.417937E-02  1.137733E-02
  1.860000E-01  9.334587E-01  6.654132E-02  0.000000E+00  0.000000E+00  0.000000E+00  0.000000E+00  0.000000E+00  0.000000E+00  5.465413E-02  1.188719E-02
  1.880000E-01  9.324770E-01  6.752300E-02  0.000000E+00  0.000000E+00  0.000000E+00  0.000000E+00  0.000000E+00  0.000000E+00  5.512554E-02  1.239746E-02
  1.900000E-01  9.314984E-01  6.850160E-02  0.000000E+00  0.000000E+00  0.000000E+00  0.000000E+00  0.000000E+00  0.000000E+00  5.559366E-02  1.290794E-02
  1.920000E-01  9.305230E-01  6.947698E-02  0.000000E+00  0.000000E+00  0.000000E+00  0.000000E+00  0.000000E+00  0.000000E+00  5.605854E-02  1.341844E-02
  1.940000E-01  9.295510E-01  7.044903E-02  0.000000E+00  0.000000E+00  0.000000E+00  0.000000E+00  0.000000E+00  0.000000E+00  5.652025E-02  1.392878E-02
  1.960000E-01  9.285824E-01  7.141763E-02  0.000000E+00  0.000000E+00  0.000000E+00  0.000000E+00  0.000000E+00  0.000000E+00  5.697883E-02  1.443880E-02
  1.980000E-01  9.276173E-01  7.238270E-02  0.000000E+00  0.000000E+00  0.000000E+00  0.000000E+00  0.000000E+00  0.000000E+00  5.743435E-02  1.494835E-02
  2.000000E-01  9.266559E-01  7.334414E-02  0.000000E+00  0.000000E+00  0.000000E+00  0.000000E+00  0.000000E+00  0.000000E+00  5.788684E-02  1.545730E-02
  2.020000E-01  9.256981E-01  7.430188E-02  0.000000E+00  0.000000E+00  0.000000E+00  0.000000E+00  0.000000E+00  0.000000E+00  5.833635E-02  1.596552E-02
  2.040000E-01  9.247442E-01  7.525584E-02  0.000000E+00  0.000000E+00  0.000000E+00  0.000000E+00  0.000000E+00  0.000000E+00  5.878293E-02  1.647290E-02
  2.060000E-01  9.237940E-01  7.620595E-02  0.000000E+00  0.000000E+00  0.000000E+00  0.000000E+00  0.000000E+00  0.000000E+00  5.922662E-02  1.697933E-02
  2.080000E-01  9.228478E-01  7.715217E-02  0.000000E+00  0.000000E+00  0.000000E+00  0.000000E+00  0.000000E+00  0.000000E+00  5.966746E-02  1.748471E-02
  2.100000E-01  9.219056E-01  7.809443E-02  0.000000E+00  0.000000E+00  0.000000E+00  0.000000E+00  0.000000E+00  0.000000E+00  6.010548E-02  1.798895E-02
  2.120000E-01  9.209673E-01  7.903270E-02  0.000000E+00  0.000000E+00  0.000000E+00  0.000000E+00  0.000000E+00  0.000000E+00  6.054073E-02  1.849197E-02
  2.140000E-01  9.200331E-01  7.996692E-02  0.000000E+00  0.000000E+00  0.000000E+00  0.000000E+00  0.000000E+00  0.000000E+00  6.097323E-02  1.899369E-02
  2.160000E-01  9.191029E-01  8.089707E-02  0.000000E+00  0.000000E+00  0.000000E+00  0.000000E+00  0.000000E+00  0.000000E+00  6.140303E-02  1.949404E-02
  2.180000E-01  9.181769E-01  8.182310E-02  0.000000E+00  0.000000E+00  0.000000E+00  0.000000E+00  0.000000E+00  0.000000E+00  6.183015E-02  1.999295E-02
  2.200000E-01  9.172550E-01  8.274499E-02  0.000000E+00  0.000000E+00  0.000000E+00  0.000000E+00  0.000000E+00  0.000000E+00  6.225462E-02  2.049036E-02
  2.220000E-01  9.163373E-01  8.366271E-02  0.000000E+00  0.000000E+00  0.000000E+00  0.000000E+00  0.000000E+00  0.000000E+00  6.267648E-02  2.098622E-02
  2.240000E-01  9.154238E-01  8.457624E-02  0.000000E+00  0.000000E+00  0.000000E+00  0.000000E+00  0.000000E+00  0.000000E+00  6.309576E-02  2.148048E-02
  2.260000E-01  9.145144E-01  8.548556E-02  0.000000E+00  0.000000E+00  0.000000E+00  0.000000E+00  0.000000E+00  0.000000E+00  6.351247E-02  2.197309E-02
  2.280000E-01  9.136093E-01  8.639066E-02  0.000000E+00  0.000000E+00  0.000000E+00  0.000000E+00  0.000000E+00  0.000000E+00  6.392666E-02  2.246400E-02
  2.300000E-01  9.127085E-01  8.729151E-02  0.000000E+00  0.000000E+00  0.000000E+00  0.000000E+00  0.000000E+00  0.000000E+00  6.433834E-02  2.295318E-02
  2.320000E-01  9.118119E-01  8.818812E-02  0.000000E+00  0.000000E+00  0.000000E+00  0.000000E+00  0.000000E+00  0.000000E+00  6.474754E-02  2.344058E-02
  2.340000E-01  9.109195E-01  8.908046E-02  0.000000E+00  0.000000E+00  0.000000E+00  0.000000E+00  0.000000E+00  0.000000E+00  6.515428E-02  2.392617E-02
  2.360000E-01  9.100315E-01  8.996853E-02  0.000000E+00  0.000000E+00  0.000000E+00  0.000000E+00  0.000000E+00  0.000000E+00  6.555860E-02  2.440993E-02
  2.380000E-01  9.091477E-01  9.085233E-02  0.000000E+00  0.000000E+00  0.000000E+00  0.000000E+00  0.000000E+00  0.000000E+00  6.596050E-02  2.489182E-02
  2.400000E-01  9.082682E-01  9.173184E-02  0.000000E+00  0.000000E+00  0.000000E+00  0.000000E+00  0.000000E+00  0.000000E+00  6.636002E-02  2.537182E-02
  2.420000E-01  9.073929E-01  9.260708E-02  0.000000E+00  0.000000E+00  0.000000E+00  0.000000E+00  0.000000E+00  0.000000E+00  6.675718E-02  2.584990E-02
  2.440000E-01  9.065220E-01  9.347804E-02  0.000000E+00  0.000000E+00  0.000000E+00  0.000000E+00  0.000000E+00  0.000000E+00  6.715199E-02  2.632605E-02
  2.460000E-01  9.056553E-01  9.434471E-02  0.000000E+00  0.000000E+00  0.000000E+00  0.000000E+00  0.000000E+00  0.000000E+00  6.754448E-02  2.680023E-02
  2.480000E-01  9.047929E-01  9.520711E-02  0.000000E+00  0.000000E+00  0.000000E+00  0.000000E+00  0.000000E+00  0.000000E+00  6.793467E-02  2.727244E-02
  2.500000E-01  9.039348E-01  9.606523E-02  0.000000E+00  0.000000E+00  0.000000E+00  0.000000E+00  0.000000E+00  0.000000E+00  6.832258E-02  2.774265E-02
  2.520000E-01  9.030809E-01  9.691908E-02  0.000000E+00  0.000000E+00  0.000000E+00  0.000000E+00  0.000000E+00  0.000000E+00  6.870823E-02  2.821086E-02
  2.540000E-01  9.022313E-01  9.776867E-02  0.000000E+00  0.000000E+00  0.000000E+00  0.000000E+00  0.000000E+00  0.000000E+00  6.909163E-02  2.867704E-02
  2.560000E-01  9.013860E-01  9.861400E-02  0.000000E+00  0.000000E+00  0.000000E+00  0.000000E+00  0.000000E+00  0.000000E+00  6.947280E-02  2.914119E-02
  2.580000E-01  9.005449E-01  9.945508E-02  0.000000E+00  0.000000E+00  0.000000E+00  0.000000E+00  0.000000E+00  0.000000E+00  6.985177E-02  2.960330E-02
  2.600000E-01  8.997081E-01  1.002919E-01  0.000000E+00  0.000000E+00  0.000000E+00  0.000000E+00  0.000000E+00  0.000000E+00  7.022855E-02  3.006336E-02
  2.620000E-01  8.988755E-01  1.011245E-01  0.000000E+00  0.000000E+00  0.000000E+00  0.000000E+00  0.000000E+00  0.000000E+00  7.060316E-02  3.052135E-02
  2.640000E-01  8.980471E-01  1.019529E-01  0.000000E+00  0.000000E+00  0.000000E+00  0.000000E+00  0.000000E+00  0.000000E+00  7.097561E-02  3.097728E-02
  2.660000E-01  8.972229E-01  1.027771E-01  0.000000E+00  0.000000E+00  0.000000E+00  0.000000E+00  0.000000E+00  0.000000E+00  7.134592E-02  3.143113E-02
  2.680000E-01  8.964030E-01  1.035970E-01  0.000000E+00  0.000000E+00  0.000000E+00  0.000000E+00  0.000000E+00  0.000000E+00  7.171411E-02  3.188291E-02
  2.700000E-01  8.955872E-01  1.044128E-01  0.000000E+00  0.000000E+00  0.000000E+00  0.000000E+00  0.000000E+00  0.000000E+00  7.208019E-02  3.233260E-02
  2.720000E-01  8.947756E-01  1.052244E-01  0.000000E+00  0.000000E+00  0.000000E+00  0.000000E+00  0.000000E+00  0.000000E+00  7.244418E-02  3.278020E-02
  2.740000E-01  8.939682E-01  1.060318E-01  0.000000E+00  0.000000E+00  0.000000E+00  0.000000E+00  0.000000E+00  0.000000E+00  7.280610E-02  3.322572E-02
  2.760000E-01  8.931649E-01  1.068351E-01  0.000000E+00  0.000000E+00  0.000000E+00  0.000000E+00  0.000000E+00  0.000000E+00  7.316595E-02  3.366914E-02
  2.780000E-01  8.923658E-01  1.076342E-01  0.000000E+00  0.000000E+00  0.000000E+00  0.000000E+00  0.000000E+00  0.000000E+00  7.352376E-02  3.411048E-02
  2.800000E-01  8.915707E-01  1.084293E-01  0.000000E+00  0.000000E+00  0.000000E+00  0.000000E+00  0.000000E+00  0.000000E+00  7.387954E-02  3.454972E-02
  2.820000E-01  8.907798E-01  1.092202E-01  0.000000E+00  0.000000E+00  0.000000E+00  0.000000E+00  0.000000E+00  0.000000E+00  7.423330E-02  3.498687E-02
  2.840000E-01  8.899930E-01  1.100070E-01  0.000000E+00  0.000000E+00  0.000000E+00  0.000000E+00  0.000000E+00  0.000000E+00  7.458506E-02  3.542193E-02
  2.860000E-01  8.892103E-01  1.107897E-01  0.000000E+00  0.000000E+00  0.000000E+00  0.000000E+00  0.000000E+00  0.000000E+00  7.493483E-02  3.585490E-02
  2.880000E-01  8.884316E-01  1.115684E-01  0.000000E+00  0.000000E+00  0.000000E+00  0.000000E+00  0.000000E+00  0.000000E+00  7.528263E-02  3.628578E-02
  2.900000E-01  8.876570E-01  1.123430E-01  0.000000E+00  0.000000E+00  0.000000E+00  0.000000E+00  0.000000E+00  0.000000E+00  7.562846E-02  3.671457E-02
  2.920000E-01  8.868864E-01  1.131136E-01  0.000000E+00  0.000000E+00  0.000000E+00  0.000000E+00  0.000000E+00  0.000000E+00  7.597235E-02  3.714128E-02
  2.940000E-01  8.861198E-01  1.138802E-01  0.000000E+00  0.000000E+00  0.000000E+00  0.000000E+00  0.000000E+00  0.000000E+00  7.631430E-02  3.756592E-02
  2.960000E-01  8.853572E-01  1.146428E-01  0.000000E+00  0.000000E+00  0.000000E+00  0.000000E+00  0.000000E+00  0.000000E+00  7.665433E-02  3.798847E-02
  2.980000E-01  8.845986E-01  1.154014E-01  0.000000E+00  0.000000E+00  0.000000E+00  0.000000E+00  0.000000E+00  0.000000E+00  7.699245E-02  3.840896E-02
  3.000000E-01  8.838439E-01  1.161561E-01  0.000000E+00  0.000000E+00  0.000000E+00  0.000000E+00  0.000000E+00  0.000000E+00  7.732868E-02  3.882738E-02
  3.020000E-01  8.830932E-01  1.169068E-01  0.000000E+00  0.000000E+00  0.000000E+00  0.000000E+00  0.000000E+00  0.000000E+00  7.766302E-02  3.924373E-02
  3.040000E-01  8.823465E-01  1.176535E-01  0.000000E+00  0.000000E+00  0.000000E+00  0.000000E+00  0.000000E+00  0.000000E+00  7.799550E-02  3.965803E-02
  3.060000E-01  8.816036E-01  1.183964E-01  0.000000E+00  0.000000E+00  0.000000E+00  0.000000E+00  0.000000E+00  0.000000E+00  7.832611E-02  4.007027E-02
  3.080000E-01  8.808647E-01  1.191353E-01  0.000000E+00  0.000000E+00  0.000000E+00  0.000000E+00  0.000000E+00  0.000000E+00  7.865488E-02  4.048047E-02
  3.100000E-01  8.801296E-01  1.198704E-01  0.000000E+00  0.000000E+00  0.000000E+00  0.000000E+00  0.000000E+00  0.000000E+00  7.898181E-02  4.088862E-02
  3.120000E-01  8.793983E-01  1.206017E-01  0.000000E+00  0.000000E+00  0.000000E+00  0.000000E+00  0.000000E+00  0.000000E+00  7.930692E-02  4.129474E-02
  3.140000E-01  8.786709E-01  1.213291E-01  0.000000E+00  0.000000E+00  0.000000E+00  0.000000E+00  0.000000E+00  0.000000E+00  7.963023E-02  4.169884E-02
  3.160000E-01  8.779474E-01  1.220526E-01  0.000000E+00  0.000000E+00  0.000000E+00  0.000000E+00  0.000000E+00  0.000000E+00  7.995173E-02  4.210091E-02
  3.180000E-01  8.772276E-01  1.227724E-01  0.000000E+00  0.000000E+00  0.000000E+00  0.000000E+00  0.000000E+00  0.000000E+00  8.027144E-02  4.250096E-02
  3.200000E-01  8.765116E-01  1.234884E-01  0.000000E+00  0.000000E+00  0.000000E+00  0.000000E+00  0.000000E+00  0.000000E+00  8.058938E-02  4.289901E-02
  3.220000E-01  8.757994E-01  1.242006E-01  0.000000E+00  0.000000E+00  0.000000E+00  0.000000E+00  0.000000E+00  0.000000E+00  8.090556E-02  4.329505E-02
  3.240000E-01  8.750909E-01  1.249091E-01  0.000000E+00  0.000000E+00  0.000000E+00  0.000000E+00  0.000000E+00  0.000000E+00  8.121998E-02  4.368910E-02
  3.260000E-01  8.743862E-01  1.256138E-01  0.000000E+00  0.000000E+00  0.000000E+00  0.000000E+00  0.000000E+00  0.000000E+00  8.153266E-02  4.408117E-02
  3.280000E-01  8.736851E-01  1.263149E-01  0.000000E+00  0.000000E+00  0.000000E+00  0.000000E+00  0.000000E+00  0.000000E+00  8.184361E-02  4.447125E-02
  3.300000E-01  8.729878E-01  1.270122E-01  0.000000E+00  0.000000E+00  0.000000E+00  0.000000E+00  0.000000E+00  0.000000E+00  8.215284E-02  4.485937E-02
  3.320000E-01  8.722941E-01  1.277059E-01  0.000000E+00  0.000000E+00  0.000000E+00  0.000000E+00  0.000000E+00  0.000000E+00  8.246035E-02  4.524552E-02
  3.340000E-01  8.716041E-01  1.283959E-01  0.000000E+00  0.000000E+00  0.000000E+00  0.000000E+00  0.000000E+00  0.000000E+00  8.276617E-02  4.562971E-02
  3.360000E-01  8.709177E-01  1.290823E-01  0.000000E+00  0.000000E+00  0.000000E+00  0.000000E+00  0.000000E+00  0.000000E+00  8.307031E-02  4.601196E-02
  3.380000E-01  8.702350E-01  1.297650E-01  0.000000E+00  0.000000E+00  0.000000E+00  0.000000E+00  0.000000E+00  0.000000E+00  8.337276E-02  4.639227E-02
  3.400000E-01  8.695558E-01  1.304442E-01  0.000000E+00  0.000000E+00  0.000000E+00  0.000000E+00  0.000000E+00  0.000000E+00  8.367355E-02  4.677065E-02
  3.420000E-01  8.688802E-01  1.311198E-01  0.000000E+00  0.000000E+00  0.000000E+00  0.000000E+00  0.000000E+00  0.000000E+00  8.397268E-02  4.714710E-02
  3.440000E-01  8.682082E-01  1.317918E-01  0.000000E+00  0.000000E+00  0.000000E+00  0.000000E+00  0.000000E+00  0.000000E+00  8.427016E-02  4.752164E-02
  3.460000E-01  8.675397E-01  1.324603E-01  0.000000E+00  0.000000E+00  0.000000E+00  0.000000E+00  0.000000E+00  0.000000E+00  8.456601E-02  4.789428E-02
  3.480000E-01  8.668747E-01  1.331253E-01  0.000000E+00  0.000000E+00  0.000000E+00  0.000000E+00  0.000000E+00  0.000000E+00  8.486023E-02  4.826502E-02
  3.500000E-01  8.662133E-01  1.337867E-01  0.000000E+00  0.000000E+00  0.000000E+00  0.000000E+00  0.000000E+00  0.000000E+00  8.515284E-02  4.863387E-02
  3.520000E-01  8.655553E-01  1.344447E-01  0.000000E+00  0.000000E+00  0.000000E+00  0.000000E+00  0.000000E+00  0.000000E+00  8.544384E-02  4.900084E-02
  3.540000E-01  8.649008E-01  1.350992E-01  0.000000E+00  0.000000E+00  0.000000E+00  0.000000E+00  0.000000E+00  0.000000E+00  8.573324E-02  4.936594E-02
  3.560000E-01  8.642498E-01  1.357502E-01  0.000000E+00  0.000000E+00  0.000000E+00  0.000000E+00  0.000000E+00  0.000000E+00  8.602106E-02  4.972918E-02
  3.580000E-01  8.636021E-01  1.363979E-01  0.000000E+00  0.000000E+00  0.000000E+00  0.000000E+00  0.000000E+00  0.000000E+00  8.630730E-02  5.009057E-02
  3.600000E-01  8.629579E-01  1.370421E-01  0.000000E+00  0.000000E+00  0.000000E+00  0.000000E+00  0.000000E+00  0.000000E+00  8.659198E-02  5.045011E-02
  3.620000E-01  8.623171E-01  1.376829E-01  0.000000E+00  0.000000E+00  0.000000E+00  0.000000E+00  0.000000E+00  0.000000E+00  8.687510E-02  5.080782E-02
  3.640000E-01  8.616796E-01  1.383204E-01  0.000000E+00  0.000000E+00  0.000000E+00  0.000000E+00  0.000000E+00  0.000000E+00  8.715667E-02  5.116370E-02
  3.660000E-01  8.610455E-01  1.389545E-01  0.000000E+00  0.000000E+00  0.000000E+00  0.000000E+00  0.000000E+00  0.000000E+00  8.743670E-02  5.151777E-02
  3.680000E-01  8.604148E-01  1.395852E-01  0.000000E+00  0.000000E+00  0.000000E+00  0.000000E+00  0.000000E+00  0.000000E+00  8.771520E-02  5.187002E-02
  3.700000E-01  8.597873E-01  1.402127E-01  0.000000E+00  0.000000E+00  0.000000E+00  0.000000E+00  0.000000E+00  0.000000E+00  8.799219E-02  5.222048E-02
  3.720000E-01  8.591632E-01  1.408368E-01  0.000000E+00  0.000000E+00  0.000000E+00  0.000000E+00  0.000000E+00  0.000000E+00  8.826766E-02  5.256915E-02
  3.740000E-01  8.585423E-01  1.414577E-01  0.000000E+00  0.000000E+00  0.000000E+00  0.000000E+00  0.000000E+00  0.000000E+00  8.854164E-02  5.291604E-02
  3.760000E-01  8.579247E-01  1.420753E-01  0.000000E+00  0.000000E+00  0.000000E+00  0.000000E+00  0.000000E+00  0.000000E+00  8.881412E-02  5.326116E-02
  3.780000E-01  8.573104E-01  1.426896E-01  0.000000E+00  0.000000E+00  0.000000E+00  0.000000E+00  0.000000E+00  0.000000E+00  8.908512E-02  5.360451E-02
  3.800000E-01  8.566992E-01  1.433008E-01  0.000000E+00  0.000000E+00  0.000000E+00  0.000000E+00  0.000000E+00  0.000000E+00  8.935465E-02  5.394612E-02
  3.820000E-01  8.560913E-01  1.439087E-01  0.000000E+00  0.000000E+00  0.000000E+00  0.000000E+00  0.000000E+00  0.000000E+00  8.962272E-02  5.428597E-02
  3.840000E-01  8.554866E-01  1.445134E-01  0.000000E+00  0.000000E+00  0.000000E+00  0.000000E+00  0.000000E+00  0.000000E+00  8.988933E-02  5.462410E-02
  3.860000E-01  8.548850E-01  1.451150E-01  0.000000E+00  0.000000E+00  0.000000E+00  0.000000E+00  0.000000E+00  0.000000E+00  9.015449E-02  5.496050E-02
  3.880000E-01  8.542866E-01  1.457134E-01  0.000000E+00  0.000000E+00  0.000000E+00  0.000000E+00  0.000000E+00  0.000000E+00  9.041822E-02  5.529518E-02
  3.900000E-01  8.536913E-01  1.463087E-01  0.000000E+00  0.000000E+00  0.000000E+00  0.000000E+00  0.000000E+00  0.000000E+00  9.068051E-02  5.562815E-02
  3.920000E-01  8.530992E-01  1.469008E-01  0.000000E+00  0.000000E+00  0.000000E+00  0.000000E+00  0.000000E+00  0.000000E+00  9.094139E-02  5.595943E-02
  3.940000E-01  8.525101E-01  1.474899E-01  0.000000E+00  0.000000E+00  0.000000E+00  0.000000E+00  0.000000E+00  0.000000E+00  9.120086E-02  5.628902E-02
  3.960000E-01  8.519242E-01  1.480758E-01  0.000000E+00  0.000000E+00  0.000000E+00  0.000000E+00  0.000000E+00  0.000000E+00  9.145892E-02  5.661693E-02
  3.980000E-01  8.513412E-01  1.486588E-01  0.000000E+00  0.000000E+00  0.000000E+00  0.000000E+00  0.000000E+00  0.000000E+00  9.171559E-02  5.694316E-02
  4.000000E-01  8.507614E-01  1.492386E-01  0.000000E+00  0.000000E+00  0.000000E+00  0.000000E+00  0.000000E+00  0.000000E+00  9.197088E-02  5.726774E-02
  4.020000E-01  8.501845E-01  1.498155E-01  0.000000E+00  0.000000E+00  0.000000E+00  0.000000E+00  0.000000E+00  0.000000E+00  9.222479E-02  5.759066E-02
  4.040000E-01  8.496107E-01  1.503893E-01  0.000000E+00  0.000000E+00  0.000000E+00  0.000000E+00  0.000000E+00  0.000000E+00  9.247733E-02  5.791194E-02
  4.060000E-01  8.490399E-01  1.509601E-01  0.000000E+00  0.000000E+00  0.000000E+00  0.000000E+00  0.000000E+00  0.000000E+00  9.272851E-02  5.823159E-02
  4.080000E-01  8.484720E-01  1.515280E-01  0.000000E+00  0.000000E+00  0.000000E+00  0.000000E+00  0.000000E+00  0.000000E+00  9.297834E-02  5.854961E-02
  4.100000E-01  8.479072E-01  1.520928E-01  0.000000E+00  0.000000E+00  0.000000E+00  0.000000E+00  0.000000E+00  0.000000E+00  9.322682E-02  5.886602E-02
  4.120000E-01  8.473452E-01  1.526548E-01  0.000000E+00  0.000000E+00  0.000000E+00  0.000000E+00  0.000000E+00  0.000000E+00  9.347398E-02  5.918081E-02
  4.140000E-01  8.467862E-01  1.532138E-01  0.000000E+00  0.000000E+00  0.000000E+00  0.000000E+00  0.000000E+00  0.000000E+00  9.371980E-02  5.949401E-02
  4.160000E-01  8.462301E-01  1.537699E-01  0.000000E+00  0.000000E+00  0.000000E+00  0.000000E+00  0.000000E+00  0.000000E+00  9.396430E-02  5.980562E-02
  4.180000E-01  8.456768E-01  1.543232E-01  0.000000E+00  0.000000E+00  0.000000E+00  0.000000E+00  0.000000E+00  0.000000E+00  9.420750E-02  6.011566E-02
  4.200000E-01  8.451265E-01  1.548735E-01  0.000000E+00  0.000000E+00  0.000000E+00  0.000000E+00  0.000000E+00  0.000000E+00  9.444939E-02  6.042411E-02
  4.220000E-01  8.445790E-01  1.554210E-01  0.000000E+00  0.000000E+00  0.000000E+00  0.000000E+00  0.000000E+00  0.000000E+00  9.468999E-02  6.073101E-02
  4.240000E-01  8.440343E-01  1.559657E-01  0.000000E+00  0.000000E+00  0.000000E+00  0.000000E+00  0.000000E+00  0.000000E+00  9.492930E-02  6.103636E-02
  4.260000E-01  8.434925E-01  1.565075E-01  0.000000E+00  0.000000E+00  0.000000E+00  0.000000E+00  0.000000E+00  0.000000E+00  9.516733E-02  6.134015E-02
  4.280000E-01  8.429535E-01  1.570465E-01  0.000000E+00  0.000000E+00  0.000000E+00  0.000000E+00  0.000000E+00  0.000000E+00  9.540409E-02  6.164242E-02
  4.300000E-01  8.424173E-01  1.575827E-01  0.000000E+00  0.000000E+00  0.000000E+00  0.000000E+00  0.000000E+00  0.000000E+00  9.563959E-02  6.194315E-02
  4.320000E-01  8.418838E-01  1.581162E-01  0.000000E+00  0.000000E+00  0.000000E+00  0.000000E+00  0.000000E+00  0.000000E+00  9.587383E-02  6.224237E-02
  4.340000E-01  8.413531E-01  1.586469E-01  0.000000E+00  0.000000E+00  0.000000E+00  0.000000E+00  0.000000E+00  0.000000E+00  9.610683E-02  6.254008E-02
  4.360000E-01  8.408251E-01  1.591749E-01  0.000000E+00  0.000000E+00  0.000000E+00  0.000000E+00  0.000000E+00  0.000000E+00  9.633858E-02  6.283628E-02
  4.380000E-01  8.402999E-01  1.597001E-01  0.000000E+00  0.000000E+00  0.000000E+00  0.000000E+00  0.000000E+00  0.000000E+00  9.656910E-02  6.313100E-02
  4.400000E-01  8.397774E-01  1.602226E-01  0.000000E+00  0.000000E+00  0.000000E+00  0.000000E+00  0.000000E+00  0.000000E+00  9.679840E-02  6.342423E-02
  4.420000E-01  8.392575E-01  1.607425E-01  0.000000E+00  0.000000E+00  0.000000E+00  0.000000E+00  0.000000E+00  0.000000E+00  9.702648E-02  6.371599E-02
  4.440000E-01  8.387404E-01  1.612596E-01  0.000000E+00  0.000000E+00  0.000000E+00  0.000000E+00  0.000000E+00  0.000000E+00  9.725335E-02  6.400627E-02
  4.460000E-01  8.382259E-01  1.617741E-01  0.000000E+00  0.000000E+00  0.000000E+00  0.000000E+00  0.000000E+00  0.000000E+00  9.747902E-02  6.429511E-02
  4.480000E-01  8.377140E-01  1.622860E-01  0.000000E+00  0.000000E+00  0.000000E+00  0.000000E+00  0.000000E+00  0.000000E+00  9.770350E-02  6.458249E-02
  4.500000E-01  8.372048E-01  1.627952E-01  0.000000E+00  0.000000E+00  0.000000E+00  0.000000E+00  0.000000E+00  0.000000E+00  9.792678E-02  6.486843E-02
  4.520000E-01  8.366982E-01  1.633018E-01  0.000000E+00  0.000000E+00  0.000000E+00  0.000000E+00  0.000000E+00  0.000000E+00  9.814889E-02  6.515294E-02
  4.540000E-01  8.361942E-01  1.638058E-01  0.000000E+00  0.000000E+00  0.000000E+00  0.000000E+00  0.000000E+00  0.000000E+00  9.836982E-02  6.543602E-02
  4.560000E-01  8.356927E-01  1.643073E-01  0.000000E+00  0.000000E+00  0.000000E+00  0.000000E+00  0.000000E+00  0.000000E+00  9.858959E-02  6.571769E-02
  4.580000E-01  8.351939E-01  1.648061E-01  0.000000E+00  0.000000E+00  0.000000E+00  0.000000E+00  0.000000E+00  0.000000E+00  9.880820E-02  6.599795E-02
  4.600000E-01  8.346975E-01  1.653025E-01  0.000000E+00  0.000000E+00  0.000000E+00  0.000000E+00  0.000000E+00  0.000000E+00  9.902566E-02  6.627681E-02
  4.620000E-01  8.342038E-01  1.657962E-01  0.000000E+00  0.000000E+00  0.000000E+00  0.000000E+00  0.000000E+00  0.000000E+00  9.924197E-02  6.655428E-02
  4.640000E-01  8.337125E-01  1.662875E-01  0.000000E+00  0.000000E+00  0.000000E+00  0.000000E+00  0.000000E+00  0.000000E+00  9.945715E-02  6.683036E-02
  4.660000E-01  8.332237E-01  1.667763E-01  0.000000E+00  0.000000E+00  0.000000E+00  0.000000E+00  0.000000E+00  0.000000E+00  9.967119E-02  6.710507E-02
  4.680000E-01  8.327375E-01  1.672625E-01  0.000000E+00  0.000000E+00  0.000000E+00  0.000000E+00  0.000000E+00  0.000000E+00  9.988411E-02  6.737842E-02
  4.700000E-01  8.322537E-01  1.677463E-01  0.000000E+00  0.000000E+00  0.000000E+00  0.000000E+00  0.000000E+00  0.000000E+00  1.000959E-01  6.765040E-02
  4.720000E-01  8.317723E-01  1.682277E-01  0.000000E+00  0.000000E+00  0.000000E+00  0.000000E+00  0.000000E+00  0.000000E+00  1.003066E-01  6.792104E-02
  4.740000E-01  8.312935E-01  1.687065E-01  0.000000E+00  0.000000E+00  0.000000E+00  0.000000E+00  0.000000E+00  0.000000E+00  1.005162E-01  6.819033E-02
  4.760000E-01  8.308170E-01  1.691830E-01  0.000000E+00  0.000000E+00  0.000000E+00  0.000000E+00  0.000000E+00  0.000000E+00  1.007247E-01  6.845829E-02
  4.780000E-01  8.303430E-01  1.696570E-01  0.000000E+00  0.000000E+00  0.000000E+00  0.000000E+00  0.000000E+00  0.000000E+00  1.009321E-01  6.872492E-02
  4.800000E-01  8.298713E-01  1.701287E-01  0.000000E+00  0.000000E+00  0.000000E+00  0.000000E+00  0.000000E+00  0.000000E+00  1.011385E-01  6.899023E-02
  4.820000E-01  8.294021E-01  1.705979E-01  0.000000E+00  0.000000E+00  0.000000E+00  0.000000E+00  0.000000E+00  0.000000E+00  1.013437E-01  6.925423E-02
  4.840000E-01  8.289352E-01  1.710648E-01  0.000000E+00  0.000000E+00  0.000000E+00  0.000000E+00  0.000000E+00  0.000000E+00  1.015479E-01  6.951693E-02
  4.860000E-01  8.284707E-01  1.715293E-01  0.000000E+00  0.000000E+00  0.000000E+00  0.000000E+00  0.000000E+00  0.000000E+00  1.017510E-01  6.977834E-02
  4.880000E-01  8.280085E-01  1.719915E-01  0.000000E+00  0.000000E+00  0.000000E+00  0.000000E+00  0.000000E+00  0.000000E+00  1.019531E-01  7.003845E-02
  4.900000E-01  8.275486E-01  1.724514E-01  0.000000E+00  0.000000E+00  0.000000E+00  0.000000E+00  0.000000E+00  0.000000E+00  1.021541E-01  7.029728E-02
  4.920000E-01  8.270911E-01  1.729089E-01  0.000000E+00  0.000000E+00  0.000000E+00  0.000000E+00  0.000000E+00  0.000000E+00  1.023541E-01  7.055485E-02
  4.940000E-01  8.266359E-01  1.733641E-01  0.000000E+00  0.000000E+00  0.000000E+00  0.000000E+00  0.000000E+00  0.000000E+00  1.025530E-01  7.081114E-02
  4.960000E-01  8.261829E-01  1.738171E-01  0.000000E+00  0.000000E+00  0.000000E+00  0.000000E+00  0.000000E+00  0.000000E+00  1.027509E-01  7.106618E-02
  4.980000E-01  8.257322E-01  1.742678E-01  0.000000E+00  0.000000E+00  0.000000E+00  0.000000E+00  0.000000E+00  0.000000E+00  1.029478E-01  7.131997E-02
  5.000000E-01  8.252838E-01  1.747162E-01  0.000000E+00  0.000000E+00  0.000000E+00  0.000000E+00  0.000000E+00  0.000000E+00  1.031437E-01  7.157252E-02
  5.020000E-01  8.248377E-01  1.751623E-01  0.000000E+00  0.000000E+00  0.000000E+00  0.000000E+00  0.000000E+00  0.000000E+00  1.033385E-01  7.182383E-02
  5.040000E-01  8.243937E-01  1.756063E-01  0.000000E+00  0.000000E+00  0.000000E+00  0.000000E+00  0.000000E+00  0.000000E+00  1.035324E-01  7.207392E-02
  5.060000E-01  8.239520E-01  1.760480E-01  0.000000E+00  0.000000E+00  0.000000E+00  0.000000E+00  0.000000E+00  0.000000E+00  1.037252E-01  7.232278E-02
  5.080000E-01  8.235125E-01  1.764875E-01  0.000000E+00  0.000000E+00  0.000000E+00  0.000000E+00  0.000000E+00  0.000000E+00  1.039171E-01  7.257043E-02
  5.100000E-01  8.230752E-01  1.769248E-01  0.000000E+00  0.000000E+00  0.000000E+00  0.000000E+00  0.000000E+00  0.000000E+00  1.041080E-01  7.281688E-02
  5.120000E-01  8.226400E-01  1.773600E-01  0.000000E+00  0.000000E+00  0.000000E+00  0.000000E+00  0.000000E+00  0.000000E+00  1.042979E-01  7.306213E-02
  5.140000E-01  8.222070E-01  1.777930E-01  0.000000E+00  0.000000E+00  0.000000E+00  0.000000E+00  0.000000E+00  0.000000E+00  1.044868E-01  7.330618E-02
  5.160000E-01  8.217762E-01  1.782238E-01  0.000000E+00  0.000000E+00  0.000000E+00  0.000000E+00  0.000000E+00  0.000000E+00  1.046747E-01  7.354905E-02
  5.180000E-01  8.213475E-01  1.786525E-01  0.000000E+00  0.000000E+00  0.000000E+00  0.000000E+00  0.000000E+00  0.000000E+00  1.048617E-01  7.379075E-02
  5.200000E-01  8.209210E-01  1.790790E-01  0.000000E+00  0.000000E+00  0.000000E+00  0.000000E+00  0.000000E+00  0.000000E+00  1.050478E-01  7.403127E-02
  5.220000E-01  8.204965E-01  1.795035E-01  0.000000E+00  0.000000E+00  0.000000E+00  0.000000E+00  0.000000E+00  0.000000E+00  1.052328E-01  7.427064E-02
  5.240000E-01  8.200742E-01  1.799258E-01  0.000000E+00  0.000000E+00  0.000000E+00  0.000000E+00  0.000000E+00  0.000000E+00  1.054170E-01  7.450884E-02
  5.260000E-01  8.196539E-01  1.803461E-01  0.000000E+00  0.000000E+00  0.000000E+00  0.000000E+00  0.000000E+00  0.000000E+00  1.056002E-01  7.474590E-02
  5.280000E-01  8.192357E-01  1.807643E-01  0.000000E+00  0.000000E+00  0.000000E+00  0.000000E+00  0.000000E+00  0.000000E+00  1.057825E-01  7.498182E-02
  5.300000E-01  8.188196E-01  1.811804E-01  0.000000E+00  0.000000E+00  0.000000E+00  0.000000E+00  0.000000E+00  0.000000E+00  1.059638E-01  7.521660E-02
  5.320000E-01  8.184055E-01  1.815945E-01  0.000000E+00  0.000000E+00  0.000000E+00  0.000000E+00  0.000000E+00  0.000000E+00  1.061442E-01  7.545025E-02
  5.340000E-01  8.179935E-01  1.820065E-01  0.000000E+00  0.000000E+00  0.000000E+00  0.000000E+00  0.000000E+00  0.000000E+00  1.063237E-01  7.568278E-02
  5.360000E-01  8.175835E-01  1.824165E-01  0.000000E+00  0.000000E+00  0.000000E+00  0.000000E+00  0.000000E+00  0.000000E+00  1.065023E-01  7.591419E-02
  5.380000E-01  8.171755E-01  1.828245E-01  0.000000E+00  0.000000E+00  0.000000E+00  0.000000E+00  0.000000E+00  0.000000E+00  1.066800E-01  7.614450E-02
  5.400000E-01  8.167695E-01  1.832305E-01  0.000000E+00  0.000000E+00  0.000000E+00  0.000000E+00  0.000000E+00  0.000000E+00  1.068568E-01  7.637370E-02
  5.420000E-01  8.163654E-01  1.836346E-01  0.000000E+00  0.000000E+00  0.000000E+00  0.000000E+00  0.000000E+00  0.000000E+00  1.070327E-01  7.660181E-02
  5.440000E-01  8.159634E-01  1.840366E-01  0.000000E+00  0.000000E+00  0.000000E+00  0.000000E+00  0.000000E+00  0.000000E+00  1.072078E-01  7.682884E-02
  5.460000E-01  8.155633E-01  1.844367E-01  0.000000E+00  0.000000E+00  0.000000E+00  0.000000E+00  0.000000E+00  0.000000E+00  1.073819E-01  7.705478E-02
  5.480000E-01  8.151652E-01  1.848348E-01  0.000000E+00  0.000000E+00  0.000000E+00  0.000000E+00  0.000000E+00  0.000000E+00  1.075552E-01  7.727964E-02
  5.500000E-01  8.147690E-01  1.852310E-01  0.000000E+00  0.000000E+00  0.000000E+00  0.000000E+00  0.000000E+00  0.000000E+00  1.077275E-01  7.750344E-02
  5.520000E-01  8.143748E-01  1.856252E-01  0.000000E+00  0.000000E+00  0.000000E+00  0.000000E+00  0.000000E+00  0.000000E+00  1.078991E-01  7.772617E-02
  5.540000E-01  8.139824E-01  1.860176E-01  0.000000E+00  0.000000E+00  0.000000E+00  0.000000E+00  0.000000E+00  0.000000E+00  1.080697E-01  7.794785E-02
  5.560000E-01  8.135920E-01  1.864080E-01  0.000000E+00  0.000000E+00  0.000000E+00  0.000000E+00  0.000000E+00  0.000000E+00  1.082395E-01  7.816848E-02
  5.580000E-01  8.132034E-01  1.867966E-01  0.000000E+00  0.000000E+00  0.000000E+00  0.000000E+00  0.000000E+00  0.000000E+00  1.084085E-01  7.838806E-02
  5.600000E-01  8.128168E-01  1.871832E-01  0.000000E+00  0.000000E+00  0.000000E+00  0.000000E+00  0.000000E+00  0.000000E+00  1.085766E-01  7.860661E-02
  5.620000E-01  8.124320E-01  1.875680E-01  0.000000E+00  0.000000E+00  0.000000E+00  0.000000E+00  0.000000E+00  0.000000E+00  1.087439E-01  7.882413E-02
  5.640000E-01  8.120491E-01  1.879509E-01  0.000000E+00  0.000000E+00  0.000000E+00  0.000000E+00  0.000000E+00  0.000000E+00  1.089103E-01  7.904062E-02
  5.660000E-01  8.116680E-01  1.883320E-01  0.000000E+00  0.000000E+00  0.000000E+00  0.000000E+00  0.000000E+00  0.000000E+00  1.090759E-01  7.925609E-02
  5.680000E-01  8.112887E-01  1.887113E-01  0.000000E+00  0.000000E+00  0.000000E+00  0.000000E+00  0.000000E+00  0.000000E+00  1.092407E-01  7.947055E-02
  5.700000E-01  8.109113E-01  1.890887E-01  0.000000E+00  0.000000E+00  0.000000E+00  0.000000E+00  0.000000E+00  0.000000E+00  1.094047E-01  7.968401E-02
  5.720000E-01  8.105357E-01  1.894643E-01  0.000000E+00  0.000000E+00  0.000000E+00  0.000000E+00  0.000000E+00  0.000000E+00  1.095678E-01  7.989646E-02
  5.740000E-01  8.101619E-01  1.898381E-01  0.000000E+00  0.000000E+00  0.000000E+00  0.000000E+00  0.000000E+00  0.000000E+00  1.097302E-01  8.010792E-02
  5.760000E-01  8.097899E-01  1.902101E-01  0.000000E+00  0.000000E+00  0.000000E+00  0.000000E+00  0.000000E+00  0.000000E+00  1.098917E-01  8.031839E-02
  5.780000E-01  8.094196E-01  1.905804E-01  0.000000E+00  0.000000E+00  0.000000E+00  0.000000E+00  0.000000E+00  0.000000E+00  1.100525E-01  8.052788E-02
  5.800000E-01  8.090512E-01  1.909488E-01  0.000000E+00  0.000000E+00  0.000000E+00  0.000000E+00  0.000000E+00  0.000000E+00  1.102124E-01  8.073640E-02
  5.820000E-01  8.086845E-01  1.913155E-01  0.000000E+00  0.000000E+00  0.000000E+00  0.000000E+00  0.000000E+00  0.000000E+00  1.103716E-01  8.094394E-02
  5.840000E-01  8.083195E-01  1.916805E-01  0.000000E+00  0.000000E+00  0.000000E+00  0.000000E+00  0.000000E+00  0.000000E+00  1.105300E-01  8.115052E-02
  5.860000E-01  8.079563E-01  1.920437E-01  0.000000E+00  0.000000E+00  0.000000E+00  0.000000E+00  0.000000E+00  0.000000E+00  1.106876E-01  8.135613E-02
  5.880000E-01  8.075948E-01  1.924052E-01  0.000000E+00  0.000000E+00  0.000000E+00  0.000000E+00  0.000000E+00  0.000000E+00  1.108444E-01  8.156080E-02
  5.900000E-01  8.072350E-01  1.927650E-01  0.000000E+00  0.000000E+00  0.000000E+00  0.000000E+00  0.000000E+00  0.000000E+00  1.110005E-01  8.176452E-02
  5.920000E-01  8.068769E-01  1.931231E-01  0.000000E+00  0.000000E+00  0.000000E+00  0.000000E+00  0.000000E+00  0.000000E+00  1.111558E-01  8.196729E-02
  5.940000E-01  8.065206E-01  1.934794E-01  0.000000E+00  0.000000E+00  0.000000E+00  0.000000E+00  0.000000E+00  0.000000E+00  1.113103E-01  8.216913E-02
  5.960000E-01  8.061659E-01  1.938341E-01  0.000000E+00  0.000000E+00  0.000000E+00  0.000000E+00  0.000000E+00  0.000000E+00  1.114641E-01  8.237004E-02
  5.980000E-01  8.058129E-01  1.941871E-01  0.000000E+00  0.000000E+00  0.000000E+00  0.000000E+00  0.000000E+00  0.000000E+00  1.116171E-01  8.257002E-02
  6.000000E-01  8.054615E-01  1.945385E-01  0.000000E+00  0.000000E+00  0.000000E+00  0.000000E+00  0.000000E+00  0.000000E+00  1.117694E-01  8.276909E-02
  6.020000E-01  8.051118E-01  1.948882E-01  0.000000E+00  0.000000E+00  0.000000E+00  0.000000E+00  0.000000E+00  0.000000E+00  1.119209E-01  8.296724E-02
  6.040000E-01  8.047638E-01  1.952362E-01  0.000000E+00  0.000000E+00  0.000000E+00  0.000000E+00  0.000000E+00  0.000000E+00  1.120717E-01  8.316448E-02
  6.060000E-01  8.044174E-01  1.955826E-01  0.000000E+00  0.000000E+00  0.000000E+00  0.000000E+00  0.000000E+00  0.000000E+00  1.122218E-01  8.336082E-02
  6.080000E-01  8.040726E-01  1.959274E-01  0.000000E+00  0.000000E+00  0.000000E+00  0.000000E+00  0.000000E+00  0.000000E+00  1.123711E-01  8.355626E-02
  6.100000E-01  8.037294E-01  1.962706E-01  0.000000E+00  0.000000E+00  0.000000E+00  0.000000E+00  0.000000E+00  0.000000E+00  1.125198E-01  8.375080E-02
  6.120000E-01  8.033879E-01  1.966121E-01  0.000000E+00  0.000000E+00  0.000000E+00  0.000000E+00  0.000000E+00  0.000000E+00  1.126677E-01  8.394446E-02
  6.140000E-01  8.030479E-01  1.969521E-01  0.000000E+00  0.000000E+00  0.000000E+00  0.000000E+00  0.000000E+00  0.000000E+00  1.128148E-01  8.413724E-02
  6.160000E-01  8.027095E-01  1.972905E-01  0.000000E+00  0.000000E+00  0.000000E+00  0.000000E+00  0.000000E+00  0.000000E+00  1.129613E-01  8.432914E-02
  6.180000E-01  8.023727E-01  1.976273E-01  0.000000E+00  0.000000E+00  0.000000E+00  0.000000E+00  0.000000E+00  0.000000E+00  1.131071E-01  8.452017E-02
  6.200000E-01  8.020375E-01  1.979625E-01  0.000000E+00  0.000000E+00  0.000000E+00  0.000000E+00  0.000000E+00  0.000000E+00  1.132521E-01  8.471034E-02
  6.220000E-01  8.017038E-01  1.982962E-01  0.000000E+00  0.000000E+00  0.000000E+00  0.000000E+00  0.000000E+00  0.000000E+00  1.133965E-01  8.489964E-02
  6.240000E-01  8.013717E-01  1.986283E-01  0.000000E+00  0.000000E+00  0.000000E+00  0.000000E+00  0.000000E+00  0.000000E+00  1.135402E-01  8.508809E-02
  6.260000E-01  8.010411E-01  1.989589E-01  0.000000E+00  0.000000E+00  0.000000E+00  0.000000E+00  0.000000E+00  0.000000E+00  1.136832E-01  8.527569E-02
  6.280000E-01  8.007121E-01  1.992879E-01  0.000000E+00  0.000000E+00  0.000000E+00  0.000000E+00  0.000000E+00  0.000000E+00  1.138255E-01  8.546244E-02
  6.300000E-01  8.003846E-01  1.996154E-01  0.000000E+00  0.000000E+00  0.000000E+00  0.000000E+00  0.000000E+00  0.000000E+00  1.139671E-01  8.564835E-02
  6.320000E-01  8.000585E-01  1.999415E-01  0.000000E+00  0.000000E+00  0.000000E+00  0.000000E+00  0.000000E+00  0.000000E+00  1.141081E-01  8.583342E-02
  6.340000E-01  7.997340E-01  2.002660E-01  0.000000E+00  0.000000E+00  0.000000E+00  0.000000E+00  0.000000E+00  0.000000E+00  1.142483E-01  8.601766E-02
  6.360000E-01  7.994110E-01  2.005890E-01  0.000000E+00  0.000000E+00  0.000000E+00  0.000000E+00  0.000000E+00  0.000000E+00  1.143879E-01  8.620108E-02
  6.380000E-01  7.990895E-01  2.009105E-01  0.000000E+00  0.000000E+00  0.000000E+00  0.000000E+00  0.000000E+00  0.000000E+00  1.145269E-01  8.638368E-02
  6.400000E-01  7.987694E-01  2.012306E-01  0.000000E+00  0.000000E+00  0.000000E+00  0.000000E+00  0.000000E+00  0.000000E+00  1.146652E-01  8.656546E-02
  6.420000E-01  7.984508E-01  2.015492E-01  0.000000E+00  0.000000E+00  0.000000E+00  0.000000E+00  0.000000E+00  0.000000E+00  1.148028E-01  8.674642E-02
  6.440000E-01  7.981337E-01  2.018663E-01  0.000000E+00  0.000000E+00  0.000000E+00  0.000000E+00  0.000000E+00  0.000000E+00  1.149398E-01  8.692659E-02
  6.460000E-01  7.978180E-01  2.021820E-01  0.000000E+00  0.000000E+00  0.000000E+00  0.000000E+00  0.000000E+00  0.000000E+00  1.150761E-01  8.710595E-02
  6.480000E-01  7.975037E-01  2.024963E-01  0.000000E+00  0.000000E+00  0.000000E+00  0.000000E+00  0.000000E+00  0.000000E+00  1.152118E-01  8.728451E-02
  6.500000E-01  7.971909E-01  2.028091E-01  0.000000E+00  0.000000E+00  0.000000E+00  0.000000E+00  0.000000E+00  0.000000E+00  1.153468E-01  8.746228E-02
  6.520000E-01  7.968795E-01  2.031205E-01  0.000000E+00  0.000000E+00  0.000000E+00  0.000000E+00  0.000000E+00  0.000000E+00  1.154812E-01  8.763926E-02
  6.540000E-01  7.965695E-01  2.034305E-01  0.000000E+00  0.000000E+00  0.000000E+00  0.000000E+00  0.000000E+00  0.000000E+00  1.156150E-01  8.781546E-02
  6.560000E-01  7.962610E-01  2.037390E-01  0.000000E+00  0.000000E+00  0.000000E+00  0.000000E+00  0.000000E+00  0.000000E+00  1.157481E-01  8.799088E-02
  6.580000E-01  7.959538E-01  2.040462E-01  0.000000E+00  0.000000E+00  0.000000E+00  0.000000E+00  0.000000E+00  0.000000E+00  1.158807E-01  8.816553E-02
  6.600000E-01  7.956480E-01  2.043520E-01  0.000000E+00  0.000000E+00  0.000000E+00  0.000000E+00  0.000000E+00  0.000000E+00  1.160126E-01  8.833941E-02
  6.620000E-01  7.953436E-01  2.046564E-01  0.000000E+00  0.000000E+00  0.000000E+00  0.000000E+00  0.000000E+00  0.000000E+00  1.161438E-01  8.851252E-02
  6.640000E-01  7.950406E-01  2.049594E-01  0.000000E+00  0.000000E+00  0.000000E+00  0.000000E+00  0.000000E+00  0.000000E+00  1.162745E-01  8.868488E-02
  6.660000E-01  7.947390E-01  2.052610E-01  0.000000E+00  0.000000E+00  0.000000E+00  0.000000E+00  0.000000E+00  0.000000E+00  1.164046E-01  8.885647E-02
  6.680000E-01  7.944387E-01  2.055613E-01  0.000000E+00  0.000000E+00  0.000000E+00  0.000000E+00  0.000000E+00  0.000000E+00  1.165340E-01  8.902732E-02
  6.700000E-01  7.941397E-01  2.058603E-01  0.000000E+00  0.000000E+00  0.000000E+00  0.000000E+00  0.000000E+00  0.000000E+00  1.166629E-01  8.919742E-02
  6.720000E-01  7.938421E-01  2.061579E-01  0.000000E+00  0.000000E+00  0.000000E+00  0.000000E+00  0.000000E+00  0.000000E+00  1.167911E-01  8.936678E-02
  6.740000E-01  7.935458E-01  2.064542E-01  0.000000E+00  0.000000E+00  0.000000E+00  0.000000E+00  0.000000E+00  0.000000E+00  1.169188E-01  8.953539E-02
  6.760000E-01  7.932509E-01  2.067491E-01  0.000000E+00  0.000000E+00  0.000000E+00  0.000000E+00  0.000000E+00  0.000000E+00  1.170458E-01  8.970328E-02
  6.780000E-01  7.929572E-01  2.070428E-01  0.000000E+00  0.000000E+00  0.000000E+00  0.000000E+00  0.000000E+00  0.000000E+00  1.171723E-01  8.987043E-02
  6.800000E-01  7.926649E-01  2.073351E-01  0.000000E+00  0.000000E+00  0.000000E+00  0.000000E+00  0.000000E+00  0.000000E+00  1.172982E-01  9.003686E-02
  6.820000E-01  7.923739E-01  2.076261E-01  0.000000E+00  0.000000E+00  0.000000E+00  0.000000E+00  0.000000E+00  0.000000E+00  1.174235E-01  9.020257E-02
  6.840000E-01  7.920842E-01  2.079158E-01  0.000000E+00  0.000000E+00  0.000000E+00  0.000000E+00  0.000000E+00  0.000000E+00  1.175483E-01  9.036756E-02
  6.860000E-01  7.917957E-01  2.082043E-01  0.000000E+00  0.000000E+00  0.000000E+00  0.000000E+00  0.000000E+00  0.000000E+00  1.176724E-01  9.053184E-02
  6.880000E-01  7.915086E-01  2.084914E-01  0.000000E+00  0.000000E+00  0.000000E+00  0.000000E+00  0.000000E+00  0.000000E+00  1.177960E-01  9.069541E-02
  6.900000E-01  7.912227E-01  2.087773E-01  0.000000E+00  0.000000E+00  0.000000E+00  0.000000E+00  0.000000E+00  0.000000E+00  1.179190E-01  9.085827E-02
  6.920000E-01  7.909381E-01  2.090619E-01  0.000000E+00  0.000000E+00  0.000000E+00  0.000000E+00  0.000000E+00  0.000000E+00  1.180415E-01  9.102044E-02
  6.940000E-01  7.906547E-01  2.093453E-01  0.000000E+00  0.000000E+00  0.000000E+00  0.000000E+00  0.000000E+00  0.000000E+00  1.181634E-01  9.118191E-02
  6.960000E-01  7.903726E-01  2.096274E-01  0.000000E+00  0.000000E+00  0.000000E+00  0.000000E+00  0.000000E+00  0.000000E+00  1.182847E-01  9.134268E-02
  6.980000E-01  7.900917E-01  2.099083E-01  0.000000E+00  0.000000E+00  0.000000E+00  0.000000E+00  0.000000E+00  0.000000E+00  1.184055E-01  9.150277E-02
  7.000000E-01  7.898121E-01  2.101879E-01  0.000000E+00  0.000000E+00  0.000000E+00  0.000000E+00  0.000000E+00  0.000000E+00  1.185258E-01  9.166217E-02
  7.020000E-01  7.895337E-01  2.104663E-01  0.000000E+00  0.000000E+00  0.000000E+00  0.000000E+00  0.000000E+00  0.000000E+00  1.186455E-01  9.182090E-02
  7.040000E-01  7.892565E-01  2.107435E-01  0.000000E+00  0.000000E+00  0.000000E+00  0.000000E+00  0.000000E+00  0.000000E+00  1.187646E-01  9.197894E-02
  7.060000E-01  7.889805E-01  2.110195E-01  0.000000E+00  0.000000E+00  0.000000E+00  0.000000E+00  0.000000E+00  0.000000E+00  1.188832E-01  9.213632E-02
  7.080000E-01  7.887057E-01  2.112943E-01  0.000000E+00  0.000000E+00  0.000000E+00  0.000000E+00  0.000000E+00  0.000000E+00  1.190013E-01  9.229302E-02
  7.100000E-01  7.884321E-01  2.115679E-01  0.000000E+00  0.000000E+00  0.000000E+00  0.000000E+00  0.000000E+00  0.000000E+00  1.191188E-01  9.244906E-02
  7.120000E-01  7.881597E-01  2.118403E-01  0.000000E+00  0.000000E+00  0.000000E+00  0.000000E+00  0.000000E+00  0.000000E+00  1.192358E-01  9.260444E-02
  7.140000E-01  7.878885E-01  2.121115E-01  0.000000E+00  0.000000E+00  0.000000E+00  0.000000E+00  0.000000E+00  0.000000E+00  1.193523E-01  9.275917E-02
  7.160000E-01  7.876185E-01  2.123815E-01  0.000000E+00  0.000000E+00  0.000000E+00  0.000000E+00  0.000000E+00  0.000000E+00  1.194682E-01  9.291324E-02
  7.180000E-01  7.873497E-01  2.126503E-01  0.000000E+00  0.000000E+00  0.000000E+00  0.000000E+00  0.000000E+00  0.000000E+00  1.195837E-01  9.306666E-02
  7.200000E-01  7.870820E-01  2.129180E-01  0.000000E+00  0.000000E+00  0.000000E+00  0.000000E+00  0.000000E+00  0.000000E+00  1.196986E-01  9.321943E-02
  7.220000E-01  7.868155E-01  2.131845E-01  0.000000E+00  0.000000E+00  0.000000E+00  0.000000E+00  0.000000E+00  0.000000E+00  1.198130E-01  9.337156E-02
  7.240000E-01  7.865501E-01  2.134499E-01  0.000000E+00  0.000000E+00  0.000000E+00  0.000000E+00  0.000000E+00  0.000000E+00  1.199269E-01  9.352306E-02
  7.260000E-01  7.862858E-01  2.137142E-01  0.000000E+00  0.000000E+00  0.000000E+00  0.000000E+00  0.000000E+00  0.000000E+00  1.200402E-01  9.367391E-02
  7.280000E-01  7.860227E-01  2.139773E-01  0.000000E+00  0.000000E+00  0.000000E+00  0.000000E+00  0.000000E+00  0.000000E+00  1.201531E-01  9.382414E-02
  7.300000E-01  7.857608E-01  2.142392E-01  0.000000E+00  0.000000E+00  0.000000E+00  0.000000E+00  0.000000E+00  0.000000E+00  1.202655E-01  9.397374E-02
  7.320000E-01  7.854999E-01  2.145001E-01  0.000000E+00  0.000000E+00  0.000000E+00  0.000000E+00  0.000000E+00  0.000000E+00  1.203773E-01  9.412272E-02
  7.340000E-01  7.852402E-01  2.147598E-01  0.000000E+00  0.000000E+00  0.000000E+00  0.000000E+00  0.000000E+00  0.000000E+00  1.204887E-01  9.427107E-02
  7.360000E-01  7.849816E-01  2.150184E-01  0.000000E+00  0.000000E+00  0.000000E+00  0.000000E+00  0.000000E+00  0.000000E+00  1.205996E-01  9.441881E-02
  7.380000E-01  7.847241E-01  2.152759E-01  0.000000E+00  0.000000E+00  0.000000E+00  0.000000E+00  0.000000E+00  0.000000E+00  1.207100E-01  9.456594E-02
  7.400000E-01  7.844677E-01  2.155323E-01  0.000000E+00  0.000000E+00  0.000000E+00  0.000000E+00  0.000000E+00  0.000000E+00  1.208199E-01  9.471245E-02
  7.420000E-01  7.842124E-01  2.157876E-01  0.000000E+00  0.000000E+00  0.000000E+00  0.000000E+00  0.000000E+00  0.000000E+00  1.209293E-01  9.485836E-02
  7.440000E-01  7.839581E-01  2.160419E-01  0.000000E+00  0.000000E+00  0.000000E+00  0.000000E+00  0.000000E+00  0.000000E+00  1.210382E-01  9.500367E-02
  7.460000E-01  7.837050E-01  2.162950E-01  0.000000E+00  0.000000E+00  0.000000E+00  0.000000E+00  0.000000E+00  0.000000E+00  1.211466E-01  9.514838E-02
  7.480000E-01  7.834529E-01  2.165471E-01  0.000000E+00  0.000000E+00  0.000000E+00  0.000000E+00  0.000000E+00  0.000000E+00  1.212546E-01  9.529249E-02
  7.500000E-01  7.832019E-01  2.167981E-01  0.000000E+00  0.000000E+00  0.000000E+00  0.000000E+00  0.000000E+00  0.000000E+00  1.213621E-01  9.543601E-02
  7.520000E-01  7.829519E-01  2.170481E-01  0.000000E+00  0.000000E+00  0.000000E+00  0.000000E+00  0.000000E+00  0.000000E+00  1.214691E-01  9.557893E-02
  7.540000E-01  7.827030E-01  2.172970E-01  0.000000E+00  0.000000E+00  0.000000E+00  0.000000E+00  0.000000E+00  0.000000E+00  1.215757E-01  9.572128E-02
  7.560000E-01  7.824552E-01  2.175448E-01  0.000000E+00  0.000000E+00  0.000000E+00  0.000000E+00  0.000000E+00  0.000000E+00  1.216818E-01  9.586304E-02
  7.580000E-01  7.822084E-01  2.177916E-01  0.000000E+00  0.000000E+00  0.000000E+00  0.000000E+00  0.000000E+00  0.000000E+00  1.217874E-01  9.600422E-02
  7.600000E-01  7.819626E-01  2.180374E-01  0.000000E+00  0.000000E+00  0.000000E+00  0.000000E+00  0.000000E+00  0.000000E+00  1.218926E-01  9.614482E-02
  7.620000E-01  7.817179E-01  2.182821E-01  0.000000E+00  0.000000E+00  0.000000E+00  0.000000E+00  0.000000E+00  0.000000E+00  1.219973E-01  9.628485E-02
  7.640000E-01  7.814742E-01  2.185258E-01  0.000000E+00  0.000000E+00  0.000000E+00  0.000000E+00  0.000000E+00  0.000000E+00  1.221015E-01  9.642432E-02
  7.660000E-01  7.812315E-01  2.187685E-01  0.000000E+00  0.000000E+00  0.000000E+00  0.000000E+00  0.000000E+00  0.000000E+00  1.222053E-01  9.656321E-02
  7.680000E-01  7.809898E-01  2.190102E-01  0.000000E+00  0.000000E+00  0.000000E+00  0.000000E+00  0.000000E+00  0.000000E+00  1.223087E-01  9.670154E-02
  7.700000E-01  7.807491E-01  2.192509E-01  0.000000E+00  0.000000E+00  0.000000E+00  0.000000E+00  0.000000E+00  0.000000E+00  1.224116E-01  9.683932E-02
  7.720000E-01  7.805094E-01  2.194906E-01  0.000000E+00  0.000000E+00  0.000000E+00  0.000000E+00  0.000000E+00  0.000000E+00  1.225140E-01  9.697653E-02
  7.740000E-01  7.802708E-01  2.197292E-01  0.000000E+00  0.000000E+00  0.000000E+00  0.000000E+00  0.000000E+00  0.000000E+00  1.226160E-01  9.711319E-02
  7.760000E-01  7.800331E-01  2.199669E-01  0.000000E+00  0.000000E+00  0.000000E+00  0.000000E+00  0.000000E+00  0.000000E+00  1.227176E-01  9.724931E-02
  7.780000E-01  7.797964E-01  2.202036E-01  0.000000E+00  0.000000E+00  0.000000E+00  0.000000E+00  0.000000E+00  0.000000E+00  1.228187E-01  9.738487E-02
  7.800000E-01  7.795607E-01  2.204393E-01  0.000000E+00  0.000000E+00  0.000000E+00  0.000000E+00  0.000000E+00  0.000000E+00  1.229194E-01  9.751989E-02
  7.820000E-01  7.793259E-01  2.206741E-01  0.000000E+00  0.000000E+00  0.000000E+00  0.000000E+00  0.000000E+00  0.000000E+00  1.230197E-01  9.765437E-02
  7.840000E-01  7.790921E-01  2.209079E-01  0.000000E+00  0.000000E+00  0.000000E+00  0.000000E+00  0.000000E+00  0.000000E+00  1.231196E-01  9.778830E-02
  7.860000E-01  7.788593E-01  2.211407E-01  0.000000E+00  0.000000E+00  0.000000E+00  0.000000E+00  0.000000E+00  0.000000E+00  1.232190E-01  9.792171E-02
  7.880000E-01  7.786275E-01  2.213725E-01  0.000000E+00  0.000000E+00  0.000000E+00  0.000000E+00  0.000000E+00  0.000000E+00  1.233180E-01  9.805458E-02
  7.900000E-01  7.783966E-01  2.216034E-01  0.000000E+00  0.000000E+00  0.000000E+00  0.000000E+00  0.000000E+00  0.000000E+00  1.234165E-01  9.818692E-02
  7.920000E-01  7.781666E-01  2.218334E-01  0.000000E+00  0.000000E+00  0.000000E+00  0.000000E+00  0.000000E+00  0.000000E+00  1.235147E-01  9.831874E-02
  7.940000E-01  7.779376E-01  2.220624E-01  0.000000E+00  0.000000E+00  0.000000E+00  0.000000E+00  0.000000E+00  0.000000E+00  1.236124E-01  9.845003E-02
  7.960000E-01  7.777095E-01  2.222905E-01  0.000000E+00  0.000000E+00  0.000000E+00  0.000000E+00  0.000000E+00  0.000000E+00  1.237097E-01  9.858080E-02
  7.980000E-01  7.774823E-01  2.225177E-01  0.000000E+00  0.000000E+00  0.000000E+00  0.000000E+00  0.000000E+00  0.000000E+00  1.238066E-01  9.871105E-02
  8.000000E-01  7.772561E-01  2.227439E-01  0.000000E+00  0.000000E+00  0.000000E+00  0.000000E+00  0.000000E+00  0.000000E+00  1.239031E-01  9.884079E-02
  8.020000E-01  7.770308E-01  2.229692E-01  0.000000E+00  0.000000E+00  0.000000E+00  0.000000E+00  0.000000E+00  0.000000E+00  1.239992E-01  9.897001E-02
  8.040000E-01  7.768064E-01  2.231936E-01  0.000000E+00  0.000000E+00  0.000000E+00  0.000000E+00  0.000000E+00  0.000000E+00  1.240949E-01  9.909873E-02
  8.060000E-01  7.765829E-01  2.234171E-01  0.000000E+00  0.000000E+00  0.000000E+00  0.000000E+00  0.000000E+00  0.000000E+00  1.241902E-01  9.922694E-02
  8.080000E-01  7.763603E-01  2.236397E-01  0.000000E+00  0.000000E+00  0.000000E+00  0.000000E+00  0.000000E+00  0.000000E+00  1.242850E-01  9.935464E-02
  8.100000E-01  7.761386E-01  2.238614E-01  0.000000E+00  0.000000E+00  0.000000E+00  0.000000E+00  0.000000E+00  0.000000E+00  1.243795E-01  9.948185E-02
  8.120000E-01  7.759178E-01  2.240822E-01  0.000000E+00  0.000000E+00  0.000000E+00  0.000000E+00  0.000000E+00  0.000000E+00  1.244736E-01  9.960856E-02
  8.140000E-01  7.756979E-01  2.243021E-01  0.000000E+00  0.000000E+00  0.000000E+00  0.000000E+00  0.000000E+00  0.000000E+00  1.245673E-01  9.973477E-02
  8.160000E-01  7.754789E-01  2.245211E-01  0.000000E+00  0.000000E+00  0.000000E+00  0.000000E+00  0.000000E+00  0.000000E+00  1.246606E-01  9.986049E-02
  8.180000E-01  7.752608E-01  2.247392E-01  0.000000E+00  0.000000E+00  0.000000E+00  0.000000E+00  0.000000E+00  0.000000E+00  1.247535E-01  9.998572E-02
  8.200000E-01  7.750435E-01  2.249565E-01  0.000000E+00  0.000000E+00  0.000000E+00  0.000000E+00  0.000000E+00  0.000000E+00  1.248460E-01  1.001105E-01
  8.220000E-01  7.748271E-01  2.251729E-01  0.000000E+00  0.000000E+00  0.000000E+00  0.000000E+00  0.000000E+00  0.000000E+00  1.249381E-01  1.002347E-01
  8.240000E-01  7.746116E-01  2.253884E-01  0.000000E+00  0.000000E+00  0.000000E+00  0.000000E+00  0.000000E+00  0.000000E+00  1.250299E-01  1.003585E-01
  8.260000E-01  7.743969E-01  2.256031E-01  0.000000E+00  0.000000E+00  0.000000E+00  0.000000E+00  0.000000E+00  0.000000E+00  1.251213E-01  1.004818E-01
  8.280000E-01  7.741831E-01  2.258169E-01  0.000000E+00  0.000000E+00  0.000000E+00  0.000000E+00  0.000000E+00  0.000000E+00  1.252123E-01  1.006046E-01
  8.300000E-01  7.739702E-01  2.260298E-01  0.000000E+00  0.000000E+00  0.000000E+00  0.000000E+00  0.000000E+00  0.000000E+00  1.253029E-01  1.007269E-01
  8.320000E-01  7.737581E-01  2.262419E-01  0.000000E+00  0.000000E+00  0.000000E+00  0.000000E+00  0.000000E+00  0.000000E+00  1.253931E-01  1.008488E-01
  8.340000E-01  7.735468E-01  2.264532E-01  0.000000E+00  0.000000E+00  0.000000E+00  0.000000E+00  0.000000E+00  0.000000E+00  1.254830E-01  1.009702E-01
  8.360000E-01  7.733363E-01  2.266637E-01  0.000000E+00  0.000000E+00  0.000000E+00  0.000000E+00  0.000000E+00  0.000000E+00  1.255725E-01  1.010912E-01
  8.380000E-01  7.731267E-01  2.268733E-01  0.000000E+00  0.000000E+00  0.000000E+00  0.000000E+00  0.000000E+00  0.000000E+00  1.256616E-01  1.012116E-01
  8.400000E-01  7.729180E-01  2.270820E-01  0.000000E+00  0.000000E+00  0.000000E+00  0.000000E+00  0.000000E+00  0.000000E+00  1.257504E-01  1.013317E-01
  8.420000E-01  7.727100E-01  2.272900E-01  0.000000E+00  0.000000E+00  0.000000E+00  0.000000E+00  0.000000E+00  0.000000E+00  1.258388E-01  1.014512E-01
  8.440000E-01  7.725029E-01  2.274971E-01  0.000000E+00  0.000000E+00  0.000000E+00  0.000000E+00  0.000000E+00  0.000000E+00  1.259268E-01  1.015703E-01
  8.460000E-01  7.722965E-01  2.277035E-01  0.000000E+00  0.000000E+00  0.000000E+00  0.000000E+00  0.000000E+00  0.000000E+00  1.260145E-01  1.016889E-01
  8.480000E-01  7.720910E-01  2.279090E-01  0.000000E+00  0.000000E+00  0.000000E+00  0.000000E+00  0.000000E+00  0.000000E+00  1.261018E-01  1.018071E-01
  8.500000E-01  7.718863E-01  2.281137E-01  0.000000E+00  0.000000E+00  0.000000E+00  0.000000E+00  0.000000E+00  0.000000E+00  1.261888E-01  1.019249E-01
  8.520000E-01  7.716824E-01  2.283176E-01  0.000000E+00  0.000000E+00  0.000000E+00  0.000000E+00  0.000000E+00  0.000000E+00  1.262754E-01  1.020422E-01
  8.540000E-01  7.714793E-01  2.285207E-01  0.000000E+00  0.000000E+00  0.000000E+00  0.000000E+00  0.000000E+00  0.000000E+00  1.263617E-01  1.021590E-01
  8.560000E-01  7.712770E-01  2.287230E-01  0.000000E+00  0.000000E+00  0.000000E+00  0.000000E+00  0.000000E+00  0.000000E+00  1.264476E-01  1.022754E-01
  8.580000E-01  7.710754E-01  2.289246E-01  0.000000E+00  0.000000E+00  0.000000E+00  0.000000E+00  0.000000E+00  0.000000E+00  1.265332E-01  1.023914E-01
  8.600000E-01  7.708747E-01  2.291253E-01  0.000000E+00  0.000000E+00  0.000000E+00  0.000000E+00  0.000000E+00  0.000000E+00  1.266184E-01  1.025069E-01
  8.620000E-01  7.706747E-01  2.293253E-01  0.000000E+00  0.000000E+00  0.000000E+00  0.000000E+00  0.000000E+00  0.000000E+00  1.267033E-01  1.026220E-01
  8.640000E-01  7.704755E-01  2.295245E-01  0.000000E+00  0.000000E+00  0.000000E+00  0.000000E+00  0.000000E+00  0.000000E+00  1.267878E-01  1.027367E-01
  8.660000E-01  7.702771E-01  2.297229E-01  0.000000E+00  0.000000E+00  0.000000E+00  0.000000E+00  0.000000E+00  0.000000E+00  1.268720E-01  1.028510E-01
  8.680000E-01  7.700794E-01  2.299206E-01  0.000000E+00  0.000000E+00  0.000000E+00  0.000000E+00  0.000000E+00  0.000000E+00  1.269558E-01  1.029648E-01
  8.700000E-01  7.698825E-01  2.301175E-01  0.000000E+00  0.000000E+00  0.000000E+00  0.000000E+00  0.000000E+00  0.000000E+00  1.270394E-01  1.030781E-01
  8.720000E-01  7.696863E-01  2.303137E-01  0.000000E+00  0.000000E+00  0.000000E+00  0.000000E+00  0.000000E+00  0.000000E+00  1.271225E-01  1.031911E-01
  8.740000E-01  7.694910E-01  2.305090E-01  0.000000E+00  0.000000E+00  0.000000E+00  0.000000E+00  0.000000E+00  0.000000E+00  1.272054E-01  1.033036E-01
  8.760000E-01  7.692963E-01  2.307037E-01  0.000000E+00  0.000000E+00  0.000000E+00  0.000000E+00  0.000000E+00  0.000000E+00  1.272879E-01  1.034158E-01
  8.780000E-01  7.691024E-01  2.308976E-01  0.000000E+00  0.000000E+00  0.000000E+00  0.000000E+00  0.000000E+00  0.000000E+00  1.273701E-01  1.035275E-01
  8.800000E-01  7.689093E-01  2.310907E-01  0.000000E+00  0.000000E+00  0.000000E+00  0.000000E+00  0.000000E+00  0.000000E+00  1.274520E-01  1.036388E-01
  8.820000E-01  7.687168E-01  2.312832E-01  0.000000E+00  0.000000E+00  0.000000E+00  0.000000E+00  0.000000E+00  0.000000E+00  1.275335E-01  1.037496E-01
  8.840000E-01  7.685251E-01  2.314749E-01  0.000000E+00  0.000000E+00  0.000000E+00  0.000000E+00  0.000000E+00  0.000000E+00  1.276147E-01  1.038601E-01
  8.860000E-01  7.683342E-01  2.316658E-01  0.000000E+00  0.000000E+00  0.000000E+00  0.000000E+00  0.000000E+00  0.000000E+00  1.276956E-01  1.039702E-01
  8.880000E-01  7.681440E-01  2.318560E-01  0.000000E+00  0.000000E+00  0.000000E+00  0.000000E+00  0.000000E+00  0.000000E+00  1.277762E-01  1.040798E-01
  8.900000E-01  7.679544E-01  2.320456E-01  0.000000E+00  0.000000E+00  0.000000E+00  0.000000E+00  0.000000E+00  0.000000E+00  1.278565E-01  1.041891E-01
  8.920000E-01  7.677657E-01  2.322343E-01  0.000000E+00  0.000000E+00  0.000000E+00  0.000000E+00  0.000000E+00  0.000000E+00  1.279364E-01  1.042979E-01
  8.940000E-01  7.675776E-01  2.324224E-01  0.000000E+00  0.000000E+00  0.000000E+00  0.000000E+00  0.000000E+00  0.000000E+00  1.280160E-01  1.044064E-01
  8.960000E-01  7.673902E-01  2.326098E-01  0.000000E+00  0.000000E+00  0.000000E+00  0.000000E+00  0.000000E+00  0.000000E+00  1.280954E-01  1.045144E-01
  8.980000E-01  7.672035E-01  2.327965E-01  0.000000E+00  0.000000E+00  0.000000E+00  0.000000E+00  0.000000E+00  0.000000E+00  1.281744E-01  1.046221E-01
  9.000000E-01  7.670176E-01  2.329824E-01  0.000000E+00  0.000000E+00  0.000000E+00  0.000000E+00  0.000000E+00  0.000000E+00  1.282531E-01  1.047294E-01
  9.020000E-01  7.668323E-01  2.331677E-01  0.000000E+00  0.000000E+00  0.000000E+00  0.000000E+00  0.000000E+00  0.000000E+00  1.283314E-01  1.048362E-01
  9.040000E-01  7.666477E-01  2.333523E-01  0.000000E+00  0.000000E+00  0.000000E+00  0.000000E+00  0.000000E+00  0.000000E+00  1.284095E-01  1.049427E-01
  9.060000E-01  7.664639E-01  2.335361E-01  0.000000E+00  0.000000E+00  0.000000E+00  0.000000E+00  0.000000E+00  0.000000E+00  1.284873E-01  1.050488E-01
  9.080000E-01  7.662807E-01  2.337193E-01  0.000000E+00  0.000000E+00  0.000000E+00  0.000000E+00  0.000000E+00  0.000000E+00  1.285648E-01  1.051545E-01
  9.100000E-01  7.660982E-01  2.339018E-01  0.000000E+00  0.000000E+00  0.000000E+00  0.000000E+00  0.000000E+00  0.000000E+00  1.286419E-01  1.052599E-01
  9.120000E-01  7.659164E-01  2.340836E-01  0.000000E+00  0.000000E+00  0.000000E+00  0.000000E+00  0.000000E+00  0.000000E+00  1.287188E-01  1.053648E-01
  9.140000E-01  7.657352E-01  2.342648E-01  0.000000E+00  0.000000E+00  0.000000E+00  0.000000E+00  0.000000E+00  0.000000E+00  1.287954E-01  1.054694E-01
  9.160000E-01  7.655547E-01  2.344453E-01  0.000000E+00  0.000000E+00  0.000000E+00  0.000000E+00  0.000000E+00  0.000000E+00  1.288717E-01  1.055736E-01
  9.180000E-01  7.653749E-01  2.346251E-01  0.000000E+00  0.000000E+00  0.000000E+00  0.000000E+00  0.000000E+00  0.000000E+00  1.289477E-01  1.056774E-01
  9.200000E-01  7.651958E-01  2.348042E-01  0.000000E+00  0.000000E+00  0.000000E+00  0.000000E+00  0.000000E+00  0.000000E+00  1.290234E-01  1.057809E-01
  9.220000E-01  7.650173E-01  2.349827E-01  0.000000E+00  0.000000E+00  0.000000E+00  0.000000E+00  0.000000E+00  0.000000E+00  1.290988E-01  1.058840E-01
  9.240000E-01  7.648395E-01  2.351605E-01  0.000000E+00  0.000000E+00  0.000000E+00  0.000000E+00  0.000000E+00  0.000000E+00  1.291739E-01  1.059867E-01
  9.260000E-01  7.646623E-01  2.353377E-01  0.000000E+00  0.000000E+00  0.000000E+00  0.000000E+00  0.000000E+00  0.000000E+00  1.292487E-01  1.060890E-01
  9.280000E-01  7.644858E-01  2.355142E-01  0.000000E+00  0.000000E+00  0.000000E+00  0.000000E+00  0.000000E+00  0.000000E+00  1.293232E-01  1.061910E-01
  9.300000E-01  7.643099E-01  2.356901E-01  0.000000E+00  0.000000E+00  0.000000E+00  0.000000E+00  0.000000E+00  0.000000E+00  1.293975E-01  1.062926E-01
  9.320000E-01  7.641347E-01  2.358653E-01  0.000000E+00  0.000000E+00  0.000000E+00  0.000000E+00  0.000000E+00  0.000000E+00  1.294714E-01  1.063939E-01
  9.340000E-01  7.639601E-01  2.360399E-01  0.000000E+00  0.000000E+00  0.000000E+00  0.000000E+00  0.000000E+00  0.000000E+00  1.295451E-01  1.064948E-01
  9.360000E-01  7.637862E-01  2.362138E-01  0.000000E+00  0.000000E+00  0.000000E+00  0.000000E+00  0.000000E+00  0.000000E+00  1.296185E-01  1.065953E-01
  9.380000E-01  7.636129E-01  2.363871E-01  0.000000E+00  0.000000E+00  0.000000E+00  0.000000E+00  0.000000E+00  0.000000E+00  1.296917E-01  1.066955E-01
  9.400000E-01  7.634402E-01  2.365598E-01  0.000000E+00  0.000000E+00  0.000000E+00  0.000000E+00  0.000000E+00  0.000000E+00  1.297645E-01  1.067953E-01
  9.420000E-01  7.632681E-01  2.367319E-01  0.000000E+00  0.000000E+00  0.000000E+00  0.000000E+00  0.000000E+00  0.000000E+00  1.298371E-01  1.068948E-01
  9.440000E-01  7.630967E-01  2.369033E-01  0.000000E+00  0.000000E+00  0.000000E+00  0.000000E+00  0.000000E+00  0.000000E+00  1.299094E-01  1.069939E-01
  9.460000E-01  7.629259E-01  2.370741E-01  0.000000E+00  0.000000E+00  0.000000E+00  0.000000E+00  0.000000E+00  0.000000E+00  1.299814E-01  1.070927E-01
  9.480000E-01  7.627557E-01  2.372443E-01  0.000000E+00  0.000000E+00  0.000000E+00  0.000000E+00  0.000000E+00  0.000000E+00  1.300532E-01  1.071911E-01
  9.500000E-01  7.625862E-01  2.374138E-01  0.000000E+00  0.000000E+00  0.000000E+00  0.000000E+00  0.000000E+00  0.000000E+00  1.301246E-01  1.072892E-01
  9.520000E-01  7.624172E-01  2.375828E-01  0.000000E+00  0.000000E+00  0.000000E+00  0.000000E+00  0.000000E+00  0.000000E+00  1.301959E-01  1.073869E-01
  9.540000E-01  7.622489E-01  2.377511E-01  0.000000E+00  0.000000E+00  0.000000E+00  0.000000E+00  0.000000E+00  0.000000E+00  1.302668E-01  1.074843E-01
  9.560000E-01  7.620811E-01  2.379189E-01  0.000000E+00  0.000000E+00  0.000000E+00  0.000000E+00  0.000000E+00  0.000000E+00  1.303375E-01  1.075814E-01
  9.580000E-01  7.619140E-01  2.380860E-01  0.000000E+00  0.000000E+00  0.000000E+00  0.000000E+00  0.000000E+00  0.000000E+00  1.304079E-01  1.076781E-01
  9.600000E-01  7.617474E-01  2.382526E-01  0.000000E+00  0.000000E+00  0.000000E+00  0.000000E+00  0.000000E+00  0.000000E+00  1.304781E-01  1.077745E-01
  9.620000E-01  7.615815E-01  2.384185E-01  0.000000E+00  0.000000E+00  0.000000E+00  0.000000E+00  0.000000E+00  0.000000E+00  1.305480E-01  1.078706E-01
  9.640000E-01  7.614161E-01  2.385839E-01  0.000000E+00  0.000000E+00  0.000000E+00  0.000000E+00  0.000000E+00  0.000000E+00  1.306176E-01  1.079663E-01
  9.660000E-01  7.612514E-01  2.387486E-01  0.000000E+00  0.000000E+00  0.000000E+00  0.000000E+00  0.000000E+00  0.000000E+00  1.306870E-01  1.080617E-01
  9.680000E-01  7.610872E-01  2.389128E-01  0.000000E+00  0.000000E+00  0.000000E+00  0.000000E+00  0.000000E+00  0.000000E+00  1.307561E-01  1.081567E-01
  9.700000E-01  7.609236E-01  2.390764E-01  0.000000E+00  0.000000E+00  0.000000E+00  0.000000E+00  0.000000E+00  0.000000E+00  1.308249E-01  1.082514E-01
  9.720000E-01  7.607606E-01  2.392394E-01  0.000000E+00  0.000000E+00  0.000000E+00  0.000000E+00  0.000000E+00  0.000000E+00  1.308935E-01  1.083459E-01
  9.740000E-01  7.605982E-01  2.394018E-01  0.000000E+00  0.000000E+00  0.000000E+00  0.000000E+00  0.000000E+00  0.000000E+00  1.309619E-01  1.084399E-01
  9.760000E-01  7.604363E-01  2.395637E-01  0.000000E+00  0.000000E+00  0.000000E+00  0.000000E+00  0.000000E+00  0.000000E+00  1.310300E-01  1.085337E-01
  9.780000E-01  7.602750E-01  2.397250E-01  0.000000E+00  0.000000E+00  0.000000E+00  0.000000E+00  0.000000E+00  0.000000E+00  1.310978E-01  1.086271E-01
  9.800000E-01  7.601143E-01  2.398857E-01  0.000000E+00  0.000000E+00  0.000000E+00  0.000000E+00  0.000000E+00  0.000000E+00  1.311654E-01  1.087202E-01
  9.820000E-01  7.599542E-01  2.400458E-01  0.000000E+00  0.000000E+00  0.000000E+00  0.000000E+00  0.000000E+00  0.000000E+00  1.312328E-01  1.088130E-01
  9.840000E-01  7.597946E-01  2.402054E-01  0.000000E+00  0.000000E+00  0.000000E+00  0.000000E+00  0.000000E+00  0.000000E+00  1.312999E-01  1.089055E-01
  9.860000E-01  7.596355E-01  2.403645E-01  0.000000E+00  0.000000E+00  0.000000E+00  0.000000E+00  0.000000E+00  0.000000E+00  1.313668E-01  1.089977E-01
  9.880000E-01  7.594771E-01  2.405229E-01  0.000000E+00  0.000000E+00  0.000000E+00  0.000000E+00  0.000000E+00  0.000000E+00  1.314334E-01  1.090895E-01
  9.900000E-01  7.593192E-01  2.406808E-01  0.000000E+00  0.000000E+00  0.000000E+00  0.000000E+00  0.000000E+00  0.000000E+00  1.314998E-01  1.091811E-01
  9.920000E-01  7.591618E-01  2.408382E-01  0.000000E+00  0.000000E+00  0.000000E+00  0.000000E+00  0.000000E+00  0.000000E+00  1.315659E-01  1.092723E-01
  9.940000E-01  7.590050E-01  2.409950E-01  0.000000E+00  0.000000E+00  0.000000E+00  0.000000E+00  0.000000E+00  0.000000E+00  1.316318E-01  1.093633E-01
  9.960000E-01  7.588487E-01  2.411513E-01  0.000000E+00  0.000000E+00  0.000000E+00  0.000000E+00  0.000000E+00  0.000000E+00  1.316974E-01  1.094539E-01
  9.980000E-01  7.586930E-01  2.413070E-01  0.000000E+00  0.000000E+00  0.000000E+00  0.000000E+00  0.000000E+00  0.000000E+00  1.317628E-01  1.095442E-01
  1.000000E+00  7.585378E-01  2.414622E-01  0.000000E+00  0.000000E+00  0.000000E+00  0.000000E+00  0.000000E+00  0.000000E+00  1.318280E-01  1.096342E-01
  1.002000E+00  7.583831E-01  2.416169E-01  0.000000E+00  0.000000E+00  0.000000E+00  0.000000E+00  0.000000E+00  0.000000E+00  1.318930E-01  1.097239E-01
  1.004000E+00  7.582290E-01  2.417710E-01  0.000000E+00  0.000000E+00  0.000000E+00  0.000000E+00  0.000000E+00  0.000000E+00  1.319577E-01  1.098133E-01
  1.006000E+00  7.580754E-01  2.419246E-01  0.000000E+00  0.000000E+00  0.000000E+00  0.000000E+00  0.000000E+00  0.000000E+00  1.320222E-01  1.099024E-01
  1.008000E+00  7.579224E-01  2.420776E-01  0.000000E+00  0.000000E+00  0.000000E+00  0.000000E+00  0.000000E+00  0.000000E+00  1.320864E-01  1.099912E-01
  1.010000E+00  7.577699E-01  2.422301E-01  0.000000E+00  0.000000E+00  0.000000E+00  0.000000E+00  0.000000E+00  0.000000E+00  1.321504E-01  1.100797E-01
  1.012000E+00  7.576179E-01  2.423821E-01  0.000000E+00  0.000000E+00  0.000000E+00  0.000000E+00  0.000000E+00  0.000000E+00  1.322142E-01  1.101679E-01
  1.014000E+00  7.574664E-01  2.425336E-01  0.000000E+00  0.000000E+00  0.000000E+00  0.000000E+00  0.000000E+00  0.000000E+00  1.322778E-01  1.102559E-01
  1.016000E+00  7.573154E-01  2.426846E-01  0.000000E+00  0.000000E+00  0.000000E+00  0.000000E+00  0.000000E+00  0.000000E+00  1.323411E-01  1.103435E-01
  1.018000E+00  7.571650E-01  2.428350E-01  0.000000E+00  0.000000E+00  0.000000E+00  0.000000E+00  0.000000E+00  0.000000E+00  1.324042E-01  1.104308E-01
  1.020000E+00  7.570150E-01  2.429850E-01  0.000000E+00  0.000000E+00  0.000000E+00  0.000000E+00  0.000000E+00  0.000000E+00  1.324671E-01  1.105179E-01
  1.022000E+00  7.568656E-01  2.431344E-01  0.000000E+00  0.000000E+00  0.000000E+00  0.000000E+00  0.000000E+00  0.000000E+00  1.325297E-01  1.106046E-01
  1.024000E+00  7.567167E-01  2.432833E-01  0.000000E+00  0.000000E+00  0.000000E+00  0.000000E+00  0.000000E+00  0.000000E+00  1.325922E-01  1.106911E-01
  1.026000E+00  7.565683E-01  2.434317E-01  0.000000E+00  0.000000E+00  0.000000E+00  0.000000E+00  0.000000E+00  0.000000E+00  1.326544E-01  1.107773E-01
  1.028000E+00  7.564204E-01  2.435796E-01  0.000000E+00  0.000000E+00  0.000000E+00  0.000000E+00  0.000000E+00  0.000000E+00  1.327164E-01  1.108632E-01
  1.030000E+00  7.562730E-01  2.437270E-01  0.000000E+00  0.000000E+00  0.000000E+00  0.000000E+00  0.000000E+00  0.000000E+00  1.327781E-01  1.109489E-01
  1.032000E+00  7.561261E-01  2.438739E-01  0.000000E+00  0.000000E+00  0.000000E+00  0.000000E+00  0.000000E+00  0.000000E+00  1.328397E-01  1.110342E-01
  1.034000E+00  7.559797E-01  2.440203E-01  0.000000E+00  0.000000E+00  0.000000E+00  0.000000E+00  0.000000E+00  0.000000E+00  1.329010E-01  1.111193E-01
  1.036000E+00  7.558338E-01  2.441662E-01  0.000000E+00  0.000000E+00  0.000000E+00  0.000000E+00  0.000000E+00  0.000000E+00  1.329622E-01  1.112041E-01
  1.038000E+00  7.556884E-01  2.443116E-01  0.000000E+00  0.000000E+00  0.000000E+00  0.000000E+00  0.000000E+00  0.000000E+00  1.330231E-01  1.112886E-01
  1.040000E+00  7.555434E-01  2.444566E-01  0.000000E+00  0.000000E+00  0.000000E+00  0.000000E+00  0.000000E+00  0.000000E+00  1.330838E-01  1.113728E-01
  1.042000E+00  7.553990E-01  2.446010E-01  0.000000E+00  0.000000E+00  0.000000E+00  0.000000E+00  0.000000E+00  0.000000E+00  1.331442E-01  1.114568E-01
  1.044000E+00  7.552550E-01  2.447450E-01  0.000000E+00  0.000000E+00  0.000000E+00  0.000000E+00  0.000000E+00  0.000000E+00  1.332045E-01  1.115404E-01
  1.046000E+00  7.551115E-01  2.448885E-01  0.000000E+00  0.000000E+00  0.000000E+00  0.000000E+00  0.000000E+00  0.000000E+00  1.332646E-01  1.116239E-01
  1.048000E+00  7.549685E-01  2.450315E-01  0.000000E+00  0.000000E+00  0.000000E+00  0.000000E+00  0.000000E+00  0.000000E+00  1.333244E-01  1.117070E-01
  1.050000E+00  7.548260E-01  2.451740E-01  0.000000E+00  0.000000E+00  0.000000E+00  0.000000E+00  0.000000E+00  0.000000E+00  1.333841E-01  1.117899E-01
  1.052000E+00  7.546840E-01  2.453160E-01  0.000000E+00  0.000000E+00  0.000000E+00  0.000000E+00  0.000000E+00  0.000000E+00  1.334435E-01  1.118725E-01
  1.054000E+00  7.545424E-01  2.454576E-01  0.000000E+00  0.000000E+00  0.000000E+00  0.000000E+00  0.000000E+00  0.000000E+00  1.335028E-01  1.119549E-01
  1.056000E+00  7.544013E-01  2.455987E-01  0.000000E+00  0.000000E+00  0.000000E+00  0.000000E+00  0.000000E+00  0.000000E+00  1.335618E-01  1.120369E-01
  1.058000E+00  7.542606E-01  2.457394E-01  0.000000E+00  0.000000E+00  0.000000E+00  0.000000E+00  0.000000E+00  0.000000E+00  1.336206E-01  1.121188E-01
  1.060000E+00  7.541205E-01  2.458795E-01  0.000000E+00  0.000000E+00  0.000000E+00  0.000000E+00  0.000000E+00  0.000000E+00  1.336792E-01  1.122003E-01
  1.062000E+00  7.539807E-01  2.460193E-01  0.000000E+00  0.000000E+00  0.000000E+00  0.000000E+00  0.000000E+00  0.000000E+00  1.337377E-01  1.122816E-01
  1.064000E+00  7.538415E-01  2.461585E-01  0.000000E+00  0.000000E+00  0.000000E+00  0.000000E+00  0.000000E+00  0.000000E+00  1.337959E-01  1.123626E-01
  1.066000E+00  7.537027E-01  2.462973E-01  0.000000E+00  0.000000E+00  0.000000E+00  0.000000E+00  0.000000E+00  0.000000E+00  1.338539E-01  1.124434E-01
  1.068000E+00  7.535643E-01  2.464357E-01  0.000000E+00  0.000000E+00  0.000000E+00  0.000000E+00  0.000000E+00  0.000000E+00  1.339117E-01  1.125239E-01
  1.070000E+00  7.534265E-01  2.465735E-01  0.000000E+00  0.000000E+00  0.000000E+00  0.000000E+00  0.000000E+00  0.000000E+00  1.339693E-01  1.126042E-01
  1.072000E+00  7.532890E-01  2.467110E-01  0.000000E+00  0.000000E+00  0.000000E+00  0.000000E+00  0.000000E+00  0.000000E+00  1.340268E-01  1.126842E-01
  1.074000E+00  7.531520E-01  2.468480E-01  0.000000E+00  0.000000E+00  0.000000E+00  0.000000E+00  0.000000E+00  0.000000E+00  1.340840E-01  1.127640E-01
  1.076000E+00  7.530155E-01  2.469845E-01  0.000000E+00  0.000000E+00  0.000000E+00  0.000000E+00  0.000000E+00  0.000000E+00  1.341410E-01  1.128435E-01
  1.078000E+00  7.528794E-01  2.471206E-01  0.000000E+00  0.000000E+00  0.000000E+00  0.000000E+00  0.000000E+00  0.000000E+00  1.341979E-01  1.129227E-01
  1.080000E+00  7.527437E-01  2.472563E-01  0.000000E+00  0.000000E+00  0.000000E+00  0.000000E+00  0.000000E+00  0.000000E+00  1.342545E-01  1.130017E-01
  1.082000E+00  7.526085E-01  2.473915E-01  0.000000E+00  0.000000E+00  0.000000E+00  0.000000E+00  0.000000E+00  0.000000E+00  1.343110E-01  1.130805E-01
  1.084000E+00  7.524738E-01  2.475262E-01  0.000000E+00  0.000000E+00  0.000000E+00  0.000000E+00  0.000000E+00  0.000000E+00  1.343673E-01  1.131590E-01
  1.086000E+00  7.523394E-01  2.476606E-01  0.000000E+00  0.000000E+00  0.000000E+00  0.000000E+00  0.000000E+00  0.000000E+00  1.344234E-01  1.132372E-01
  1.088000E+00  7.522055E-01  2.477945E-01  0.000000E+00  0.000000E+00  0.000000E+00  0.000000E+00  0.000000E+00  0.000000E+00  1.344792E-01  1.133152E-01
  1.090000E+00  7.520720E-01  2.479280E-01  0.000000E+00  0.000000E+00  0.000000E+00  0.000000E+00  0.000000E+00  0.000000E+00  1.345349E-01  1.133930E-01
  1.092000E+00  7.519390E-01  2.480610E-01  0.000000E+00  0.000000E+00  0.000000E+00  0.000000E+00  0.000000E+00  0.000000E+00  1.345905E-01  1.134705E-01
  1.094000E+00  7.518064E-01  2.481936E-01  0.000000E+00  0.000000E+00  0.000000E+00  0.000000E+00  0.000000E+00  0.000000E+00  1.346458E-01  1.135478E-01
  1.096000E+00  7.516742E-01  2.483258E-01  0.000000E+00  0.000000E+00  0.000000E+00  0.000000E+00  0.000000E+00  0.000000E+00  1.347009E-01  1.136249E-01
  1.098000E+00  7.515424E-01  2.484576E-01  0.000000E+00  0.000000E+00  0.000000E+00  0.000000E+00  0.000000E+00  0.000000E+00  1.347559E-01  1.137017E-01
  1.100000E+00  7.514111E-01  2.485889E-01  0.000000E+00  0.000000E+00  0.000000E+00  0.000000E+00  0.000000E+00  0.000000E+00  1.348107E-01  1.137782E-01
  1.102000E+00  7.512802E-01  2.487198E-01  0.000000E+00  0.000000E+00  0.000000E+00  0.000000E+00  0.000000E+00  0.000000E+00  1.348653E-01  1.138546E-01
  1.104000E+00  7.511497E-01  2.488503E-01  0.000000E+00  0.000000E+00  0.000000E+00  0.000000E+00  0.000000E+00  0.000000E+00  1.349197E-01  1.139306E-01
  1.106000E+00  7.510196E-01  2.489804E-01  0.000000E+00  0.000000E+00  0.000000E+00  0.000000E+00  0.000000E+00  0.000000E+00  1.349739E-01  1.140065E-01
  1.108000E+00  7.508899E-01  2.491101E-01  0.000000E+00  0.000000E+00  0.000000E+00  0.000000E+00  0.000000E+00  0.000000E+00  1.350280E-01  1.140821E-01
  1.110000E+00  7.507606E-01  2.492394E-01  0.000000E+00  0.000000E+00  0.000000E+00  0.000000E+00  0.000000E+00  0.000000E+00  1.350818E-01  1.141575E-01
  1.112000E+00  7.506318E-01  2.493682E-01  0.000000E+00  0.000000E+00  0.000000E+00  0.000000E+00  0.000000E+00  0.000000E+00  1.351355E-01  1.142327E-01
  1.114000E+00  7.505033E-01  2.494967E-01  0.000000E+00  0.000000E+00  0.000000E+00  0.000000E+00  0.000000E+00  0.000000E+00  1.351891E-01  1.143076E-01
  1.116000E+00  7.503753E-01  2.496247E-01  0.000000E+00  0.000000E+00  0.000000E+00  0.000000E+00  0.000000E+00  0.000000E+00  1.352424E-01  1.143823E-01
  1.118000E+00  7.502476E-01  2.497524E-01  0.000000E+00  0.000000E+00  0.000000E+00  0.000000E+00  0.000000E+00  0.000000E+00  1.352956E-01  1.144568E-01
  1.120000E+00  7.501204E-01  2.498796E-01  0.000000E+00  0.000000E+00  0.000000E+00  0.000000E+00  0.000000E+00  0.000000E+00  1.353486E-01  1.145310E-01
  1.122000E+00  7.499936E-01  2.500064E-01  0.000000E+00  0.000000E+00  0.000000E+00  0.000000E+00  0.000000E+00  0.000000E+00  1.354014E-01  1.146050E-01
  1.124000E+00  7.498671E-01  2.501329E-01  0.000000E+00  0.000000E+00  0.000000E+00  0.000000E+00  0.000000E+00  0.000000E+00  1.354540E-01  1.146788E-01
  1.126000E+00  7.497411E-01  2.502589E-01  0.000000E+00  0.000000E+00  0.000000E+00  0.000000E+00  0.000000E+00  0.000000E+00  1.355065E-01  1.147524E-01
  1.128000E+00  7.496154E-01  2.503846E-01  0.000000E+00  0.000000E+00  0.000000E+00  0.000000E+00  0.000000E+00  0.000000E+00  1.355588E-01  1.148257E-01
  1.130000E+00  7.494902E-01  2.505098E-01  0.000000E+00  0.000000E+00  0.000000E+00  0.000000E+00  0.000000E+00  0.000000E+00  1.356110E-01  1.148989E-01
  1.132000E+00  7.493653E-01  2.506347E-01  0.000000E+00  0.000000E+00  0.000000E+00  0.000000E+00  0.000000E+00  0.000000E+00  1.356629E-01  1.149718E-01
  1.134000E+00  7.492409E-01  2.507591E-01  0.000000E+00  0.000000E+00  0.000000E+00  0.000000E+00  0.000000E+00  0.000000E+00  1.357147E-01  1.150444E-01
  1.136000E+00  7.491168E-01  2.508832E-01  0.000000E+00  0.000000E+00  0.000000E+00  0.000000E+00  0.000000E+00  0.000000E+00  1.357663E-01  1.151169E-01
  1.138000E+00  7.489931E-01  2.510069E-01  0.000000E+00  0.000000E+00  0.000000E+00  0.000000E+00  0.000000E+00  0.000000E+00  1.358178E-01  1.151891E-01
  1.140000E+00  7.488697E-01  2.511303E-01  0.000000E+00  0.000000E+00  0.000000E+00  0.000000E+00  0.000000E+00  0.000000E+00  1.358691E-01  1.152612E-01
  1.142000E+00  7.487468E-01  2.512532E-01  0.000000E+00  0.000000E+00  0.000000E+00  0.000000E+00  0.000000E+00  0.000000E+00  1.359202E-01  1.153330E-01
  1.144000E+00  7.486242E-01  2.513758E-01  0.000000E+00  0.000000E+00  0.000000E+00  0.000000E+00  0.000000E+00  0.000000E+00  1.359712E-01  1.154046E-01
  1.146000E+00  7.485021E-01  2.514979E-01  0.000000E+00  0.000000E+00  0.000000E+00  0.000000E+00  0.000000E+00  0.000000E+00  1.360220E-01  1.154759E-01
  1.148000E+00  7.483802E-01  2.516198E-01  0.000000E+00  0.000000E+00  0.000000E+00  0.000000E+00  0.000000E+00  0.000000E+00  1.360726E-01  1.155471E-01
  1.150000E+00  7.482588E-01  2.517412E-01  0.000000E+00  0.000000E+00  0.000000E+00  0.000000E+00  0.000000E+00  0.000000E+00  1.361231E-01  1.156181E-01
  1.152000E+00  7.481378E-01  2.518622E-01  0.000000E+00  0.000000E+00  0.000000E+00  0.000000E+00  0.000000E+00  0.000000E+00  1.361734E-01  1.156888E-01
  1.154000E+00  7.480171E-01  2.519829E-01  0.000000E+00  0.000000E+00  0.000000E+00  0.000000E+00  0.000000E+00  0.000000E+00  1.362236E-01  1.157593E-01
  1.156000E+00  7.478967E-01  2.521033E-01  0.000000E+00  0.000000E+00  0.000000E+00  0.000000E+00  0.000000E+00  0.000000E+00  1.362736E-01  1.158297E-01
  1.158000E+00  7.477768E-01  2.522232E-01  0.000000E+00  0.000000E+00  0.000000E+00  0.000000E+00  0.000000E+00  0.000000E+00  1.363234E-01  1.158998E-01
  1.160000E+00  7.476572E-01  2.523428E-01  0.000000E+00  0.000000E+00  0.000000E+00  0.000000E+00  0.000000E+00  0.000000E+00  1.363731E-01  1.159697E-01
  1.162000E+00  7.475380E-01  2.524620E-01  0.000000E+00  0.000000E+00  0.000000E+00  0.000000E+00  0.000000E+00  0.000000E+00  1.364226E-01  1.160394E-01
  1.164000E+00  7.474191E-01  2.525809E-01  0.000000E+00  0.000000E+00  0.000000E+00  0.000000E+00  0.000000E+00  0.000000E+00  1.364720E-01  1.161089E-01
  1.166000E+00  7.473006E-01  2.526994E-01  0.000000E+00  0.000000E+00  0.000000E+00  0.000000E+00  0.000000E+00  0.000000E+00  1.365212E-01  1.161782E-01
  1.168000E+00  7.471825E-01  2.528175E-01  0.000000E+00  0.000000E+00  0.000000E+00  0.000000E+00  0.000000E+00  0.000000E+00  1.365703E-01  1.162473E-01
  1.170000E+00  7.470647E-01  2.529353E-01  0.000000E+00  0.000000E+00  0.000000E+00  0.000000E+00  0.000000E+00  0.000000E+00  1.366192E-01  1.163162E-01
  1.172000E+00  7.469473E-01  2.530527E-01  0.000000E+00  0.000000E+00  0.000000E+00  0.000000E+00  0.000000E+00  0.000000E+00  1.366679E-01  1.163848E-01
  1.174000E+00  7.468302E-01  2.531698E-01  0.000000E+00  0.000000E+00  0.000000E+00  0.000000E+00  0.000000E+00  0.000000E+00  1.367165E-01  1.164533E-01
  1.176000E+00  7.467135E-01  2.532865E-01  0.000000E+00  0.000000E+00  0.000000E+00  0.000000E+00  0.000000E+00  0.000000E+00  1.367649E-01  1.165216E-01
  1.178000E+00  7.465971E-01  2.534029E-01  0.000000E+00  0.000000E+00  0.000000E+00  0.000000E+00  0.000000E+00  0.000000E+00  1.368132E-01  1.165897E-01
  1.180000E+00  7.464811E-01  2.535189E-01  0.000000E+00  0.000000E+00  0.000000E+00  0.000000E+00  0.000000E+00  0.000000E+00  1.368614E-01  1.166576E-01
  1.182000E+00  7.463654E-01  2.536346E-01  0.000000E+00  0.000000E+00  0.000000E+00  0.000000E+00  0.000000E+00  0.000000E+00  1.369093E-01  1.167253E-01
  1.184000E+00  7.462501E-01  2.537499E-01  0.000000E+00  0.000000E+00  0.000000E+00  0.000000E+00  0.000000E+00  0.000000E+00  1.369572E-01  1.167928E-01
  1.186000E+00  7.461351E-01  2.538649E-01  0.000000E+00  0.000000E+00  0.000000E+00  0.000000E+00  0.000000E+00  0.000000E+00  1.370049E-01  1.168601E-01
  1.188000E+00  7.460204E-01  2.539796E-01  0.000000E+00  0.000000E+00  0.000000E+00  0.000000E+00  0.000000E+00  0.000000E+00  1.370524E-01  1.169272E-01
  1.190000E+00  7.459061E-01  2.540939E-01  0.000000E+00  0.000000E+00  0.000000E+00  0.000000E+00  0.000000E+00  0.000000E+00  1.370998E-01  1.169941E-01
  1.192000E+00  7.457922E-01  2.542078E-01  0.000000E+00  0.000000E+00  0.000000E+00  0.000000E+00  0.000000E+00  0.000000E+00  1.371471E-01  1.170608E-01
  1.194000E+00  7.456785E-01  2.543215E-01  0.000000E+00  0.000000E+00  0.000000E+00  0.000000E+00  0.000000E+00  0.000000E+00  1.371942E-01  1.171273E-01
  1.196000E+00  7.455652E-01  2.544348E-01  0.000000E+00  0.000000E+00  0.000000E+00  0.000000E+00  0.000000E+00  0.000000E+00  1.372411E-01  1.171936E-01
  1.198000E+00  7.454523E-01  2.545477E-01  0.000000E+00  0.000000E+00  0.000000E+00  0.000000E+00  0.000000E+00  0.000000E+00  1.372879E-01  1.172598E-01
  1.200000E+00  7.453397E-01  2.546603E-01  0.000000E+00  0.000000E+00  0.000000E+00  0.000000E+00  0.000000E+00  0.000000E+00  1.373346E-01  1.173257E-01
