  1.000000E-02  1.107037E+03
  1.200000E-02  1.105290E+03
  1.400000E-02  1.103556E+03
  1.600000E-02  1.101837E+03
  1.800000E-02  1.100131E+03
  2.000000E-02  1.098439E+03
  2.200000E-02  1.096760E+03
  2.400000E-02  1.095094E+03
  2.600000E-02  1.093441E+03
  2.800000E-02  1.091801E+03
  3.000000E-02  1.090174E+03
  3.200000E-02  1.088559E+03
  3.400000E-02  1.086956E+03
  3.600000E-02  1.085365E+03
  3.800000E-02  1.083787E+03
  4.000000E-02  1.082220E+03
  4.200000E-02  1.080665E+03
  4.400000E-02  1.079122E+03
  4.600000E-02  1.077591E+03
  4.800000E-02  1.076070E+03
  5.000000E-02  1.074561E+03
  5.200000E-02  1.073063E+03
  5.400000E-02  1.071576E+03
  5.600000E-02  1.070100E+03
  5.800000E-02  1.068634E+03
  6.000000E-02  1.067180E+03
  6.200000E-02  1.065736E+03
  6.400000E-02  1.064302E+03
  6.600000E-02  1.062879E+03
  6.800000E-02  1.061465E+03
  7.000000E-02  1.060062E+03
  7.200000E-02  1.058669E+03
  7.400000E-02  1.057286E+03
  7.600000E-02  1.055913E+03
  7.800000E-02  1.054549E+03
  8.000000E-02  1.053195E+03
  8.200000E-02  1.051851E+03
  8.400000E-02  1.050516E+03
  8.600000E-02  1.049190E+03
  8.800000E-02  1.047874E+03
  9.000000E-02  1.046567E+03
  9.200000E-02  1.045268E+03
  9.400000E-02  1.043979E+03
  9.600000E-02  1.042699E+03
  9.800000E-02  1.041427E+03
  1.000000E-01  1.040164E+03
  1.020000E-01  1.038910E+03
  1.040000E-01  1.037665E+03
  1.060000E-01  1.036427E+03
  1.080000E-01  1.035199E+03
  1.100000E-01  1.033978E+03
  1.120000E-01  1.032766E+03
  1.140000E-01  1.031562E+03
  1.160000E-01  1.030366E+03
  1.180000E-01  1.029178E+03
  1.200000E-01  1.027998E+03
  1.220000E-01  1.026826E+03
  1.240000E-01  1.025662E+03
  1.260000E-01  1.024505E+03
  1.280000E-01  1.023356E+03
  1.300000E-01  1.022214E+03
  1.320000E-01  1.021080E+03
  1.340000E-01  1.019953E+03
  1.360000E-01  1.018833E+03
  1.380000E-01  1.017720E+03
  1.400000E-01  1.016614E+03
  1.420000E-01  1.015515E+03
  1.440000E-01  1.014423E+03
  1.460000E-01  1.013339E+03
  1.480000E-01  1.012260E+03
  1.500000E-01  1.011189E+03
  1.520000E-01  1.010125E+03
  1.540000E-01  1.009067E+03
  1.560000E-01  1.008016E+03
  1.580000E-01  1.006971E+03
  1.600000E-01  1.005933E+03
  1.620000E-01  1.004902E+03
  1.640000E-01  1.003877E+03
  1.660000E-01  1.002858E+03
  1.680000E-01  1.001846E+03
  1.700000E-01  1.000839E+03
  1.720000E-01  9.998396E+02
  1.740000E-01  9.988458E+02
  1.760000E-01  9.978582E+02
  1.780000E-01  9.968766E+02
  1.800000E-01  9.959010E+02
  1.820000E-01  9.949314E+02
  1.840000E-01  9.939677E+02
  1.860000E-01  9.930099E+02
  1.880000E-01  9.920578E+02
  1.900000E-01  9.911115E+02
  1.920000E-01  9.901710E+02
  1.940000E-01  9.892361E+02
  1.960000E-01  9.883068E+02
  1.980000E-01  9.873831E+02
  2.000000E-01  9.864649E+02
  2.020000E-01  9.855522E+02
  2.040000E-01  9.846450E+02
  2.060000E-01  9.837431E+02
  2.080000E-01  9.828466E+02
  2.100000E-01  9.819554E+02
  2.120000E-01  9.810695E+02
  2.140000E-01  9.801887E+02
  2.160000E-01  9.793132E+02
  2.180000E-01  9.784428E+02
  2.200000E-01  9.775775E+02
  2.220000E-01  9.767172E+02
  2.240000E-01  9.758620E+02
  2.260000E-01  9.750117E+02
  2.280000E-01  9.741663E+02
  2.300000E-01  9.733259E+02
  2.320000E-01  9.724903E+02
  2.340000E-01  9.716595E+02
  2.360000E-01  9.708335E+02
  2.380000E-01  9.700122E+02
  2.400000E-01  9.691957E+02
  2.420000E-01  9.683838E+02
  2.440000E-01  9.675765E+02
  2.460000E-01  9.667738E+02
  2.480000E-01  9.659757E+02
  2.500000E-01  9.651821E+02
  2.520000E-01  9.643930E+02
  2.540000E-01  9.636084E+02
  2.560000E-01  9.628281E+02
  2.580000E-01  9.620523E+02
  2.600000E-01  9.612808E+02
  2.620000E-01  9.605136E+02
  2.640000E-01  9.597506E+02
  2.660000E-01  9.589920E+02
  2.680000E-01  9.582375E+02
  2.700000E-01  9.574873E+02
  2.720000E-01  9.567412E+02
  2.740000E-01  9.559992E+02
  2.760000E-01  9.552613E+02
  2.780000E-01  9.545274E+02
  2.800000E-01  9.537976E+02
  2.820000E-01  9.530718E+02
  2.840000E-01  9.523499E+02
  2.860000E-01  9.516320E+02
  2.880000E-01  9.509180E+02
  2.900000E-01  9.502079E+02
  2.920000E-01  9.495016E+02
  2.940000E-01  9.487991E+02
  2.960000E-01  9.481005E+02
  2.980000E-01  9.474056E+02
  3.000000E-01  9.467144E+02
  3.020000E-01  9.460269E+02
  3.040000E-01  9.453431E+02
  3.060000E-01  9.446630E+02
  3.080000E-01  9.439865E+02
  3.100000E-01  9.433136E+02
  3.120000E-01  9.426443E+02
  3.140000E-01  9.419785E+02
  3.160000E-01  9.413162E+02
  3.180000E-01  9.406574E+02
  3.200000E-01  9.400021E+02
  3.220000E-01  9.393503E+02
  3.240000E-01  9.387019E+02
  3.260000E-01  9.380568E+02
  3.280000E-01  9.374151E+02
  3.300000E-01  9.367768E+02
  3.320000E-01  9.361418E+02
  3.340000E-01  9.355101E+02
  3.360000E-01  9.348817E+02
  3.380000E-01  9.342565E+02
  3.400000E-01  9.336345E+02
  3.420000E-01  9.330158E+02
  3.440000E-01  9.324002E+02
  3.460000E-01  9.317878E+02
  3.480000E-01  9.311785E+02
  3.500000E-01  9.305724E+02
  3.520000E-01  9.299693E+02
  3.540000E-01  9.293693E+02
  3.560000E-01  9.287724E+02
  3.580000E-01  9.281784E+02
  3.600000E-01  9.275875E+02
  3.620000E-01  9.269996E+02
  3.640000E-01  9.264146E+02
  3.660000E-01  9.258326E+02
  3.680000E-01  9.252535E+02
  3.700000E-01  9.246773E+02
  3.720000E-01  9.241040E+02
  3.740000E-01  9.235335E+02
  3.760000E-01  9.229659E+02
  3.780000E-01  9.224011E+02
  3.800000E-01  9.218391E+02
  3.820000E-01  9.212799E+02
  3.840000E-01  9.207235E+02
  3.860000E-01  9.201698E+02
  3.880000E-01  9.196188E+02
  3.900000E-01  9.190705E+02
  3.920000E-01  9.185250E+02
  3.940000E-01  9.179821E+02
  3.960000E-01  9.174418E+02
  3.980000E-01  9.169042E+02
  4.000000E-01  9.163692E+02
  4.020000E-01  9.158368E+02
  4.040000E-01  9.153070E+02
  4.060000E-01  9.147797E+02
  4.080000E-01  9.142550E+02
  4.100000E-01  9.137329E+02
  4.120000E-01  9.132132E+02
  4.140000E-01  9.126960E+02
  4.160000E-01  9.121813E+02
  4.180000E-01  9.116691E+02
  4.200000E-01  9.111593E+02
  4.220000E-01  9.106520E+02
  4.240000E-01  9.101470E+02
  4.260000E-01  9.096445E+02
  4.280000E-01  9.091443E+02
  4.300000E-01  9.086465E+02
  4.320000E-01  9.081511E+02
  4.340000E-01  9.076580E+02
  4.360000E-01  9.071672E+02
  4.380000E-01  9.066787E+02
  4.400000E-01  9.061925E+02
  4.420000E-01  9.057086E+02
  4.440000E-01  9.052269E+02
  4.460000E-01  9.047475E+02
  4.480000E-01  9.042703E+02
  4.500000E-01  9.037954E+02
  4.520000E-01  9.033226E+02
  4.540000E-01  9.028520E+02
  4.560000E-01  9.023836E+02
  4.580000E-01  9.019173E+02
  4.600000E-01  9.014532E+02
  4.620000E-01  9.009912E+02
  4.640000E-01  9.006691E+02
  4.660000E-01  9.003091E+02
  4.680000E-01  8.999562E+02
  4.700000E-01  8.996085E+02
  4.720000E-01  8.992651E+02
  4.740000E-01  8.989253E+02
  4.760000E-01  8.985886E+02
  4.780000E-01  8.982547E+02
  4.800000E-01  8.979235E+02
  4.820000E-01  8.975945E+02
  4.840000E-01  8.972678E+02
  4.860000E-01  8.969432E+02
  4.880000E-01  8.966205E+02
  4.900000E-01  8.962997E+02
  4.920000E-01  8.959807E+02
  4.940000E-01  8.956634E+02
  4.960000E-01  8.953477E+02
  4.980000E-01  8.950337E+02
  5.000000E-01  8.947212E+02
  5.020000E-01  8.944102E+02
  5.040000E-01  8.941006E+02
  5.060000E-01  8.937925E+02
  5.080000E-01  8.934858E+02
  5.100000E-01  8.931804E+02
  5.120000E-01  8.928764E+02
  5.140000E-01  8.925736E+02
  5.160000E-01  8.922721E+02
  5.180000E-01  8.919719E+02
  5.200000E-01  8.916729E+02
  5.220000E-01  8.913751E+02
  5.240000E-01  8.910785E+02
  5.260000E-01  8.907831E+02
  5.280000E-01  8.904888E+02
  5.300000E-01  8.901956E+02
  5.320000E-01  8.899036E+02
  5.340000E-01  8.896127E+02
  5.360000E-01  8.893228E+02
  5.380000E-01  8.890341E+02
  5.400000E-01  8.887463E+02
  5.420000E-01  8.884597E+02
  5.440000E-01  8.881741E+02
  5.460000E-01  8.878895E+02
  5.480000E-01  8.876059E+02
  5.500000E-01  8.873233E+02
  5.520000E-01  8.870417E+02
  5.540000E-01  8.867611E+02
  5.560000E-01  8.864814E+02
  5.580000E-01  8.862027E+02
  5.600000E-01  8.859250E+02
  5.620000E-01  8.856482E+02
  5.640000E-01  8.853723E+02
  5.660000E-01  8.850974E+02
  5.680000E-01  8.848234E+02
  5.700000E-01  8.845503E+02
  5.720000E-01  8.842780E+02
  5.740000E-01  8.840067E+02
  5.760000E-01  8.837363E+02
  5.780000E-01  8.834667E+02
  5.800000E-01  8.831980E+02
  5.820000E-01  8.829302E+02
  5.840000E-01  8.826632E+02
  5.860000E-01  8.823971E+02
  5.880000E-01  8.821318E+02
  5.900000E-01  8.818674E+02
  5.920000E-01  8.816037E+02
  5.940000E-01  8.813409E+02
  5.960000E-01  8.810790E+02
  5.980000E-01  8.808178E+02
  6.000000E-01  8.805574E+02
  6.020000E-01  8.802979E+02
  6.040000E-01  8.800391E+02
  6.060000E-01  8.797811E+02
  6.080000E-01  8.795239E+02
  6.100000E-01  8.792675E+02
  6.120000E-01  8.790118E+02
  6.140000E-01  8.787569E+02
  6.160000E-01  8.785028E+02
  6.180000E-01  8.782494E+02
  6.200000E-01  8.779968E+02
  6.220000E-01  8.777450E+02
  6.240000E-01  8.774938E+02
  6.260000E-01  8.772434E+02
  6.280000E-01  8.769938E+02
  6.300000E-01  8.767449E+02
  6.320000E-01  8.764966E+02
  6.340000E-01  8.762492E+02
  6.360000E-01  8.760024E+02
  6.380000E-01  8.757563E+02
  6.400000E-01  8.755110E+02
  6.420000E-01  8.752663E+02
  6.440000E-01  8.750224E+02
  6.460000E-01  8.747791E+02
  6.480000E-01  8.745365E+02
  6.500000E-01  8.742946E+02
  6.520000E-01  8.740534E+02
  6.540000E-01  8.738129E+02
  6.560000E-01  8.735730E+02
  6.580000E-01  8.733338E+02
  6.600000E-01  8.730953E+02
  6.620000E-01  8.728575E+02
  6.640000E-01  8.726203E+02
  6.660000E-01  8.723837E+02
  6.680000E-01  8.721478E+02
  6.700000E-01  8.719126E+02
  6.720000E-01  8.716780E+02
  6.740000E-01  8.714440E+02
  6.760000E-01  8.712107E+02
  6.780000E-01  8.709780E+02
  6.800000E-01  8.707459E+02
  6.820000E-01  8.705145E+02
  6.840000E-01  8.702837E+02
  6.860000E-01  8.700535E+02
  6.880000E-01  8.698239E+02
  6.900000E-01  8.695950E+02
  6.920000E-01  8.693666E+02
  6.940000E-01  8.691389E+02
  6.960000E-01  8.689118E+02
  6.980000E-01  8.686852E+02
  7.000000E-01  8.684593E+02
  7.020000E-01  8.682340E+02
  7.040000E-01  8.680092E+02
  7.060000E-01  8.677851E+02
  7.080000E-01  8.675615E+02
  7.100000E-01  8.673385E+02
  7.120000E-01  8.671161E+02
  7.140000E-01  8.668943E+02
  7.160000E-01  8.666730E+02
  7.180000E-01  8.664524E+02
  7.200000E-01  8.662323E+02
  7.220000E-01  8.660127E+02
  7.240000E-01  8.657937E+02
  7.260000E-01  8.655753E+02
  7.280000E-01  8.653575E+02
  7.300000E-01  8.651402E+02
  7.320000E-01  8.649234E+02
  7.340000E-01  8.647073E+02
  7.360000E-01  8.644916E+02
  7.380000E-01  8.642765E+02
  7.400000E-01  8.640620E+02
  7.420000E-01  8.638480E+02
  7.440000E-01  8.636345E+02
  7.460000E-01  8.634216E+02
  7.480000E-01  8.632092E+02
  7.500000E-01  8.629973E+02
  7.520000E-01  8.627860E+02
  7.540000E-01  8.625751E+02
  7.560000E-01  8.623649E+02
  7.580000E-01  8.621551E+02
  7.600000E-01  8.619458E+02
  7.620000E-01  8.617371E+02
  7.640000E-01  8.615289E+02
  7.660000E-01  8.613212E+02
  7.680000E-01  8.611140E+02
  7.700000E-01  8.609073E+02
  7.720000E-01  8.607012E+02
  7.740000E-01  8.604955E+02
  7.760000E-01  8.602903E+02
  7.780000E-01  8.600857E+02
  7.800000E-01  8.598815E+02
  7.820000E-01  8.596778E+02
  7.840000E-01  8.594746E+02
  7.860000E-01  8.592720E+02
  7.880000E-01  8.590698E+02
  7.900000E-01  8.588680E+02
  7.920000E-01  8.586668E+02
  7.940000E-01  8.584661E+02
  7.960000E-01  8.582658E+02
  7.980000E-01  8.580660E+02
  8.000000E-01  8.578667E+02
  8.020000E-01  8.576679E+02
  8.040000E-01  8.574696E+02
  8.060000E-01  8.572717E+02
  8.080000E-01  8.570743E+02
  8.100000E-01  8.568773E+02
  8.120000E-01  8.566808E+02
  8.140000E-01  8.564848E+02
  8.160000E-01  8.562893E+02
  8.180000E-01  8.560942E+02
  8.200000E-01  8.558995E+02
  8.220000E-01  8.557054E+02
  8.240000E-01  8.555116E+02
  8.260000E-01  8.553184E+02
  8.280000E-01  8.551255E+02
  8.300000E-01  8.549332E+02
  8.320000E-01  8.547412E+02
  8.340000E-01  8.545498E+02
  8.360000E-01  8.543587E+02
  8.380000E-01  8.541682E+02
  8.400000E-01  8.539780E+02
  8.420000E-01  8.537883E+02
  8.440000E-01  8.535990E+02
  8.460000E-01  8.534102E+02
  8.480000E-01  8.532218E+02
  8.500000E-01  8.530338E+02
  8.520000E-01  8.528463E+02
  8.540000E-01  8.526505E+02
  8.560000E-01  8.524614E+02
  8.580000E-01  8.522725E+02
  8.600000E-01  8.520839E+02
  8.620000E-01  8.518956E+02
  8.640000E-01  8.517075E+02
  8.660000E-01  8.515197E+02
  8.680000E-01  8.513322E+02
  8.700000E-01  8.511449E+02
  8.720000E-01  8.509579E+02
  8.740000E-01  8.507712E+02
  8.760000E-01  8.505848E+02
  8.780000E-01  8.503987E+02
  8.800000E-01  8.502128E+02
  8.820000E-01  8.500273E+02
  8.840000E-01  8.498420E+02
  8.860000E-01  8.496571E+02
  8.880000E-01  8.494724E+02
  8.900000E-01  8.492881E+02
  8.920000E-01  8.491040E+02
  8.940000E-01  8.489203E+02
  8.960000E-01  8.487369E+02
  8.980000E-01  8.485537E+02
  9.000000E-01  8.483709E+02
  9.020000E-01  8.481884E+02
  9.040000E-01  8.480062E+02
  9.060000E-01  8.478243E+02
  9.080000E-01  8.476427E+02
  9.100000E-01  8.474614E+02
  9.120000E-01  8.472804E+02
  9.140000E-01  8.470998E+02
  9.160000E-01  8.469194E+02
  9.180000E-01  8.467394E+02
  9.200000E-01  8.465596E+02
  9.220000E-01  8.463802E+02
  9.240000E-01  8.462011E+02
  9.260000E-01  8.460223E+02
  9.280000E-01  8.458438E+02
  9.300000E-01  8.456656E+02
  9.320000E-01  8.454877E+02
  9.340000E-01  8.453102E+02
  9.360000E-01  8.451329E+02
  9.380000E-01  8.449560E+02
  9.400000E-01  8.447794E+02
  9.420000E-01  8.446257E+02
  9.440000E-01  8.444670E+02
  9.460000E-01  8.443109E+02
  9.480000E-01  8.441569E+02
  9.500000E-01  8.440048E+02
  9.520000E-01  8.438542E+02
  9.540000E-01  8.437052E+02
  9.560000E-01  8.435574E+02
  9.580000E-01  8.434108E+02
  9.600000E-01  8.432653E+02
  9.620000E-01  8.431209E+02
  9.640000E-01  8.429774E+02
  9.660000E-01  8.428348E+02
  9.680000E-01  8.426931E+02
  9.700000E-01  8.425521E+02
  9.720000E-01  8.424120E+02
  9.740000E-01  8.422726E+02
  9.760000E-01  8.421339E+02
  9.780000E-01  8.419959E+02
  9.800000E-01  8.418585E+02
  9.820000E-01  8.417217E+02
  9.840000E-01  8.415856E+02
  9.860000E-01  8.414500E+02
  9.880000E-01  8.413150E+02
  9.900000E-01  8.411806E+02
  9.920000E-01  8.410467E+02
  9.940000E-01  8.409133E+02
  9.960000E-01  8.407804E+02
  9.980000E-01  8.406480E+02
  1.000000E+00  8.405160E+02
  1.002000E+00  8.403845E+02
  1.004000E+00  8.402535E+02
  1.006000E+00  8.401230E+02
  1.008000E+00  8.399928E+02
  1.010000E+00  8.398631E+02
  1.012000E+00  8.397338E+02
  1.014000E+00  8.396049E+02
  1.016000E+00  8.394764E+02
  1.018000E+00  8.393482E+02
  1.020000E+00  8.392205E+02
  1.022000E+00  8.390931E+02
  1.024000E+00  8.389661E+02
  1.026000E+00  8.388395E+02
  1.028000E+00  8.387132E+02
  1.030000E+00  8.385872E+02
  1.032000E+00  8.384616E+02
  1.034000E+00  8.383363E+02
  1.036000E+00  8.382113E+02
  1.038000E+00  8.380866E+02
  1.040000E+00  8.379622E+02
  1.042000E+00  8.378381E+02
  1.044000E+00  8.377143E+02
  1.046000E+00  8.375906E+02
  1.048000E+00  8.374672E+02
  1.050000E+00  8.373442E+02
  1.052000E+00  8.372215E+02
  1.054000E+00  8.370992E+02
  1.056000E+00  8.369771E+02
  1.058000E+00  8.368554E+02
  1.060000E+00  8.367340E+02
  1.062000E+00  8.366129E+02
  1.064000E+00  8.364921E+02
  1.066000E+00  8.363717E+02
  1.068000E+00  8.362515E+02
  1.070000E+00  8.361317E+02
  1.072000E+00  8.360121E+02
  1.074000E+00  8.358929E+02
  1.076000E+00  8.357739E+02
  1.078000E+00  8.356553E+02
  1.080000E+00  8.355369E+02
  1.082000E+00  8.354188E+02
  1.084000E+00  8.353010E+02
  1.086000E+00  8.351835E+02
  1.088000E+00  8.350662E+02
  1.090000E+00  8.349492E+02
  1.092000E+00  8.348325E+02
  1.094000E+00  8.347161E+02
  1.096000E+00  8.346000E+02
  1.098000E+00  8.344841E+02
  1.100000E+00  8.343685E+02
  1.102000E+00  8.342531E+02
  1.104000E+00  8.341380E+02
  1.106000E+00  8.340232E+02
  1.108000E+00  8.339086E+02
  1.110000E+00  8.337943E+02
  1.112000E+00  8.336803E+02
  1.114000E+00  8.335665E+02
  1.116000E+00  8.334529E+02
  1.118000E+00  8.333396E+02
  1.120000E+00  8.332265E+02
  1.122000E+00  8.331137E+02
  1.124000E+00  8.330012E+02
  1.126000E+00  8.328888E+02
  1.128000E+00  8.327768E+02
  1.130000E+00  8.326649E+02
  1.132000E+00  8.325533E+02
  1.134000E+00  8.324420E+02
  1.136000E+00  8.323308E+02
  1.138000E+00  8.322199E+02
  1.140000E+00  8.321093E+02
  1.142000E+00  8.319989E+02
  1.144000E+00  8.318887E+02
  1.146000E+00  8.317787E+02
  1.148000E+00  8.316689E+02
  1.150000E+00  8.315594E+02
  1.152000E+00  8.314501E+02
  1.154000E+00  8.313411E+02
  1.156000E+00  8.312322E+02
  1.158000E+00  8.311236E+02
  1.160000E+00  8.310152E+02
  1.162000E+00  8.309070E+02
  1.164000E+00  8.307991E+02
  1.166000E+00  8.306913E+02
  1.168000E+00  8.305838E+02
  1.170000E+00  8.304765E+02
  1.172000E+00  8.303694E+02
  1.174000E+00  8.302625E+02
  1.176000E+00  8.301558E+02
  1.178000E+00  8.300494E+02
  1.180000E+00  8.299431E+02
  1.182000E+00  8.298371E+02
  1.184000E+00  8.297312E+02
  1.186000E+00  8.296256E+02
  1.188000E+00  8.295202E+02
  1.190000E+00  8.294149E+02
  1.192000E+00  8.293099E+02
  1.194000E+00  8.292051E+02
  1.196000E+00  8.291005E+02
  1.198000E+00  8.289961E+02
  1.200000E+00  8.288919E+02
