  1.000000E-02  1.185641E+03
  1.200000E-02  1.184208E+03
  1.400000E-02  1.182787E+03
  1.600000E-02  1.181379E+03
  1.800000E-02  1.179982E+03
  2.000000E-02  1.178597E+03
  2.200000E-02  1.177224E+03
  2.400000E-02  1.175862E+03
  2.600000E-02  1.174511E+03
  2.800000E-02  1.173171E+03
  3.000000E-02  1.171842E+03
  3.200000E-02  1.170524E+03
  3.400000E-02  1.169217E+03
  3.600000E-02  1.167920E+03
  3.800000E-02  1.166633E+03
  4.000000E-02  1.165357E+03
  4.200000E-02  1.164091E+03
  4.400000E-02  1.162835E+03
  4.600000E-02  1.161589E+03
  4.800000E-02  1.160352E+03
  5.000000E-02  1.159126E+03
  5.200000E-02  1.157909E+03
  5.400000E-02  1.156701E+03
  5.600000E-02  1.155503E+03
  5.800000E-02  1.154314E+03
  6.000000E-02  1.153135E+03
  6.200000E-02  1.151964E+03
  6.400000E-02  1.150803E+03
  6.600000E-02  1.149650E+03
  6.800000E-02  1.148506E+03
  7.000000E-02  1.147371E+03
  7.200000E-02  1.146244E+03
  7.400000E-02  1.145126E+03
  7.600000E-02  1.144017E+03
  7.800000E-02  1.142915E+03
  8.000000E-02  1.141823E+03
  8.200000E-02  1.140738E+03
  8.400000E-02  1.139661E+03
  8.600000E-02  1.138592E+03
  8.800000E-02  1.137532E+03
  9.000000E-02  1.136479E+03
  9.200000E-02  1.135434E+03
  9.400000E-02  1.134396E+03
  9.600000E-02  1.133366E+03
  9.800000E-02  1.132344E+03
  1.000000E-01  1.131329E+03
  1.020000E-01  1.130322E+03
  1.040000E-01  1.129322E+03
  1.060000E-01  1.128329E+03
  1.080000E-01  1.127344E+03
  1.100000E-01  1.126365E+03
  1.120000E-01  1.125394E+03
  1.140000E-01  1.124429E+03
  1.160000E-01  1.123471E+03
  1.180000E-01  1.122521E+03
  1.200000E-01  1.121577E+03
  1.220000E-01  1.120639E+03
  1.240000E-01  1.119709E+03
  1.260000E-01  1.118785E+03
  1.280000E-01  1.117867E+03
  1.300000E-01  1.116956E+03
  1.320000E-01  1.116051E+03
  1.340000E-01  1.115152E+03
  1.360000E-01  1.114259E+03
  1.380000E-01  1.113373E+03
  1.400000E-01  1.112492E+03
  1.420000E-01  1.111617E+03
  1.440000E-01  1.110748E+03
  1.460000E-01  1.109885E+03
  1.480000E-01  1.109028E+03
  1.500000E-01  1.108177E+03
  1.520000E-01  1.107332E+03
  1.540000E-01  1.106492E+03
  1.560000E-01  1.105658E+03
  1.580000E-01  1.104829E+03
  1.600000E-01  1.104006E+03
  1.620000E-01  1.103188E+03
  1.640000E-01  1.102376E+03
  1.660000E-01  1.101570E+03
  1.680000E-01  1.100769E+03
  1.700000E-01  1.099973E+03
  1.720000E-01  1.099182E+03
  1.740000E-01  1.098396E+03
  1.760000E-01  1.097616E+03
  1.780000E-01  1.096841E+03
  1.800000E-01  1.096071E+03
  1.820000E-01  1.095306E+03
  1.840000E-01  1.094546E+03
  1.860000E-01  1.093790E+03
  1.880000E-01  1.093040E+03
  1.900000E-01  1.092295E+03
  1.920000E-01  1.091554E+03
  1.940000E-01  1.090819E+03
  1.960000E-01  1.090088E+03
  1.980000E-01  1.089361E+03
  2.000000E-01  1.088640E+03
  2.020000E-01  1.087923E+03
  2.040000E-01  1.087210E+03
  2.060000E-01  1.086503E+03
  2.080000E-01  1.085799E+03
  2.100000E-01  1.085100E+03
  2.120000E-01  1.084406E+03
  2.140000E-01  1.083716E+03
  2.160000E-01  1.083030E+03
  2.180000E-01  1.082349E+03
  2.200000E-01  1.081672E+03
  2.220000E-01  1.080999E+03
  2.240000E-01  1.080330E+03
  2.260000E-01  1.079666E+03
  2.280000E-01  1.079005E+03
  2.300000E-01  1.078349E+03
  2.320000E-01  1.077697E+03
  2.340000E-01  1.077049E+03
  2.360000E-01  1.076405E+03
  2.380000E-01  1.075765E+03
  2.400000E-01  1.075129E+03
  2.420000E-01  1.074496E+03
  2.440000E-01  1.073868E+03
  2.460000E-01  1.073243E+03
  2.480000E-01  1.072623E+03
  2.500000E-01  1.072006E+03
  2.520000E-01  1.071393E+03
  2.540000E-01  1.070783E+03
  2.560000E-01  1.070177E+03
  2.580000E-01  1.069575E+03
  2.600000E-01  1.068977E+03
  2.620000E-01  1.068382E+03
  2.640000E-01  1.067791E+03
  2.660000E-01  1.067203E+03
  2.680000E-01  1.066619E+03
  2.700000E-01  1.066038E+03
  2.720000E-01  1.065461E+03
  2.740000E-01  1.064887E+03
  2.760000E-01  1.064316E+03
  2.780000E-01  1.063749E+03
  2.800000E-01  1.063186E+03
  2.820000E-01  1.062625E+03
  2.840000E-01  1.062068E+03
  2.860000E-01  1.061514E+03
  2.880000E-01  1.060964E+03
  2.900000E-01  1.060417E+03
  2.920000E-01  1.059872E+03
  2.940000E-01  1.059331E+03
  2.960000E-01  1.058794E+03
  2.980000E-01  1.058259E+03
  3.000000E-01  1.057727E+03
  3.020000E-01  1.057199E+03
  3.040000E-01  1.056674E+03
  3.060000E-01  1.056151E+03
  3.080000E-01  1.055632E+03
  3.100000E-01  1.055115E+03
  3.120000E-01  1.054602E+03
  3.140000E-01  1.054091E+03
  3.160000E-01  1.053584E+03
  3.180000E-01  1.053079E+03
  3.200000E-01  1.052577E+03
  3.220000E-01  1.052078E+03
  3.240000E-01  1.051582E+03
  3.260000E-01  1.051089E+03
  3.280000E-01  1.050598E+03
  3.300000E-01  1.050110E+03
  3.320000E-01  1.049625E+03
  3.340000E-01  1.049143E+03
  3.360000E-01  1.048663E+03
  3.380000E-01  1.048186E+03
  3.400000E-01  1.047712E+03
  3.420000E-01  1.047240E+03
  3.440000E-01  1.046771E+03
  3.460000E-01  1.046305E+03
  3.480000E-01  1.045841E+03
  3.500000E-01  1.045380E+03
  3.520000E-01  1.044921E+03
  3.540000E-01  1.044465E+03
  3.560000E-01  1.044011E+03
  3.580000E-01  1.043560E+03
  3.600000E-01  1.043111E+03
  3.620000E-01  1.042665E+03
  3.640000E-01  1.042221E+03
  3.660000E-01  1.041780E+03
  3.680000E-01  1.041341E+03
  3.700000E-01  1.040904E+03
  3.720000E-01  1.040470E+03
  3.740000E-01  1.040038E+03
  3.760000E-01  1.039609E+03
  3.780000E-01  1.039181E+03
  3.800000E-01  1.038756E+03
  3.820000E-01  1.038334E+03
  3.840000E-01  1.037913E+03
  3.860000E-01  1.037495E+03
  3.880000E-01  1.037079E+03
  3.900000E-01  1.036665E+03
  3.920000E-01  1.036254E+03
  3.940000E-01  1.035845E+03
  3.960000E-01  1.035437E+03
  3.980000E-01  1.035032E+03
  4.000000E-01  1.034630E+03
  4.020000E-01  1.034229E+03
  4.040000E-01  1.033830E+03
  4.060000E-01  1.033434E+03
  4.080000E-01  1.033039E+03
  4.100000E-01  1.032647E+03
  4.120000E-01  1.032256E+03
  4.140000E-01  1.031868E+03
  4.160000E-01  1.031482E+03
  4.180000E-01  1.031098E+03
  4.200000E-01  1.030715E+03
  4.220000E-01  1.030335E+03
  4.240000E-01  1.029957E+03
  4.260000E-01  1.029580E+03
  4.280000E-01  1.029206E+03
  4.300000E-01  1.028833E+03
  4.320000E-01  1.028463E+03
  4.340000E-01  1.028094E+03
  4.360000E-01  1.027727E+03
  4.380000E-01  1.027362E+03
  4.400000E-01  1.026999E+03
  4.420000E-01  1.026638E+03
  4.440000E-01  1.026278E+03
  4.460000E-01  1.025921E+03
  4.480000E-01  1.025565E+03
  4.500000E-01  1.025211E+03
  4.520000E-01  1.024859E+03
  4.540000E-01  1.024508E+03
  4.560000E-01  1.024160E+03
  4.580000E-01  1.023813E+03
  4.600000E-01  1.023468E+03
  4.620000E-01  1.023124E+03
  4.640000E-01  1.022885E+03
  4.660000E-01  1.022617E+03
  4.680000E-01  1.022355E+03
  4.700000E-01  1.022097E+03
  4.720000E-01  1.021842E+03
  4.740000E-01  1.021590E+03
  4.760000E-01  1.021340E+03
  4.780000E-01  1.021093E+03
  4.800000E-01  1.020847E+03
  4.820000E-01  1.020603E+03
  4.840000E-01  1.020361E+03
  4.860000E-01  1.020121E+03
  4.880000E-01  1.019882E+03
  4.900000E-01  1.019644E+03
  4.920000E-01  1.019408E+03
  4.940000E-01  1.019173E+03
  4.960000E-01  1.018940E+03
  4.980000E-01  1.018708E+03
  5.000000E-01  1.018477E+03
  5.020000E-01  1.018247E+03
  5.040000E-01  1.018018E+03
  5.060000E-01  1.017791E+03
  5.080000E-01  1.017564E+03
  5.100000E-01  1.017339E+03
  5.120000E-01  1.017115E+03
  5.140000E-01  1.016891E+03
  5.160000E-01  1.016669E+03
  5.180000E-01  1.016448E+03
  5.200000E-01  1.016227E+03
  5.220000E-01  1.016008E+03
  5.240000E-01  1.015789E+03
  5.260000E-01  1.015572E+03
  5.280000E-01  1.015355E+03
  5.300000E-01  1.015139E+03
  5.320000E-01  1.014925E+03
  5.340000E-01  1.014711E+03
  5.360000E-01  1.014497E+03
  5.380000E-01  1.014285E+03
  5.400000E-01  1.014074E+03
  5.420000E-01  1.013863E+03
  5.440000E-01  1.013653E+03
  5.460000E-01  1.013444E+03
  5.480000E-01  1.013236E+03
  5.500000E-01  1.013029E+03
  5.520000E-01  1.012822E+03
  5.540000E-01  1.012616E+03
  5.560000E-01  1.012411E+03
  5.580000E-01  1.012207E+03
  5.600000E-01  1.012004E+03
  5.620000E-01  1.011801E+03
  5.640000E-01  1.011599E+03
  5.660000E-01  1.011397E+03
  5.680000E-01  1.011197E+03
  5.700000E-01  1.010997E+03
  5.720000E-01  1.010798E+03
  5.740000E-01  1.010599E+03
  5.760000E-01  1.010402E+03
  5.780000E-01  1.010205E+03
  5.800000E-01  1.010008E+03
  5.820000E-01  1.009813E+03
  5.840000E-01  1.009618E+03
  5.860000E-01  1.009423E+03
  5.880000E-01  1.009230E+03
  5.900000E-01  1.009037E+03
  5.920000E-01  1.008844E+03
  5.940000E-01  1.008653E+03
  5.960000E-01  1.008462E+03
  5.980000E-01  1.008271E+03
  6.000000E-01  1.008082E+03
  6.020000E-01  1.007893E+03
  6.040000E-01  1.007704E+03
  6.060000E-01  1.007516E+03
  6.080000E-01  1.007329E+03
  6.100000E-01  1.007143E+03
  6.120000E-01  1.006957E+03
  6.140000E-01  1.006771E+03
  6.160000E-01  1.006586E+03
  6.180000E-01  1.006402E+03
  6.200000E-01  1.006219E+03
  6.220000E-01  1.006036E+03
  6.240000E-01  1.005853E+03
  6.260000E-01  1.005672E+03
  6.280000E-01  1.005490E+03
  6.300000E-01  1.005310E+03
  6.320000E-01  1.005130E+03
  6.340000E-01  1.004950E+03
  6.360000E-01  1.004771E+03
  6.380000E-01  1.004593E+03
  6.400000E-01  1.004415E+03
  6.420000E-01  1.004238E+03
  6.440000E-01  1.004061E+03
  6.460000E-01  1.003885E+03
  6.480000E-01  1.003709E+03
  6.500000E-01  1.003534E+03
  6.520000E-01  1.003360E+03
  6.540000E-01  1.003186E+03
  6.560000E-01  1.003013E+03
  6.580000E-01  1.002840E+03
  6.600000E-01  1.002667E+03
  6.620000E-01  1.002495E+03
  6.640000E-01  1.002324E+03
  6.660000E-01  1.002153E+03
  6.680000E-01  1.001983E+03
  6.700000E-01  1.001813E+03
  6.720000E-01  1.001644E+03
  6.740000E-01  1.001475E+03
  6.760000E-01  1.001307E+03
  6.780000E-01  1.001139E+03
  6.800000E-01  1.000972E+03
  6.820000E-01  1.000805E+03
  6.840000E-01  1.000639E+03
  6.860000E-01  1.000473E+03
  6.880000E-01  1.000308E+03
  6.900000E-01  1.000143E+03
  6.920000E-01  9.999791E+02
  6.940000E-01  9.998154E+02
  6.960000E-01  9.996520E+02
  6.980000E-01  9.994892E+02
  7.000000E-01  9.993268E+02
  7.020000E-01  9.991649E+02
  7.040000E-01  9.990035E+02
  7.060000E-01  9.988426E+02
  7.080000E-01  9.986821E+02
  7.100000E-01  9.985221E+02
  7.120000E-01  9.983625E+02
  7.140000E-01  9.982034E+02
  7.160000E-01  9.980447E+02
  7.180000E-01  9.978866E+02
  7.200000E-01  9.977288E+02
  7.220000E-01  9.975715E+02
  7.240000E-01  9.974147E+02
  7.260000E-01  9.972583E+02
  7.280000E-01  9.971023E+02
  7.300000E-01  9.969468E+02
  7.320000E-01  9.967917E+02
  7.340000E-01  9.966371E+02
  7.360000E-01  9.964829E+02
  7.380000E-01  9.963291E+02
  7.400000E-01  9.961758E+02
  7.420000E-01  9.960229E+02
  7.440000E-01  9.958704E+02
  7.460000E-01  9.957184E+02
  7.480000E-01  9.955667E+02
  7.500000E-01  9.954155E+02
  7.520000E-01  9.952647E+02
  7.540000E-01  9.951144E+02
  7.560000E-01  9.949644E+02
  7.580000E-01  9.948148E+02
  7.600000E-01  9.946657E+02
  7.620000E-01  9.945170E+02
  7.640000E-01  9.943687E+02
  7.660000E-01  9.942208E+02
  7.680000E-01  9.940732E+02
  7.700000E-01  9.939261E+02
  7.720000E-01  9.937794E+02
  7.740000E-01  9.936331E+02
  7.760000E-01  9.934872E+02
  7.780000E-01  9.933417E+02
  7.800000E-01  9.931966E+02
  7.820000E-01  9.930519E+02
  7.840000E-01  9.929075E+02
  7.860000E-01  9.927636E+02
  7.880000E-01  9.926200E+02
  7.900000E-01  9.924769E+02
  7.920000E-01  9.923341E+02
  7.940000E-01  9.921917E+02
  7.960000E-01  9.920496E+02
  7.980000E-01  9.919080E+02
  8.000000E-01  9.917667E+02
  8.020000E-01  9.916258E+02
  8.040000E-01  9.914853E+02
  8.060000E-01  9.913451E+02
  8.080000E-01  9.912054E+02
  8.100000E-01  9.910660E+02
  8.120000E-01  9.909269E+02
  8.140000E-01  9.907882E+02
  8.160000E-01  9.906499E+02
  8.180000E-01  9.905120E+02
  8.200000E-01  9.903744E+02
  8.220000E-01  9.902372E+02
  8.240000E-01  9.901003E+02
  8.260000E-01  9.899638E+02
  8.280000E-01  9.898276E+02
  8.300000E-01  9.896919E+02
  8.320000E-01  9.895564E+02
  8.340000E-01  9.894213E+02
  8.360000E-01  9.892866E+02
  8.380000E-01  9.891522E+02
  8.400000E-01  9.890181E+02
  8.420000E-01  9.888844E+02
  8.440000E-01  9.887511E+02
  8.460000E-01  9.886181E+02
  8.480000E-01  9.884854E+02
  8.500000E-01  9.883531E+02
  8.520000E-01  9.882211E+02
  8.540000E-01  9.880833E+02
  8.560000E-01  9.879503E+02
  8.580000E-01  9.878175E+02
  8.600000E-01  9.876849E+02
  8.620000E-01  9.875526E+02
  8.640000E-01  9.874204E+02
  8.660000E-01  9.872885E+02
  8.680000E-01  9.871568E+02
  8.700000E-01  9.870253E+02
  8.720000E-01  9.868941E+02
  8.740000E-01  9.867631E+02
  8.760000E-01  9.866323E+02
  8.780000E-01  9.865018E+02
  8.800000E-01  9.863715E+02
  8.820000E-01  9.862415E+02
  8.840000E-01  9.861117E+02
  8.860000E-01  9.859822E+02
  8.880000E-01  9.858529E+02
  8.900000E-01  9.857238E+02
  8.920000E-01  9.855950E+02
  8.940000E-01  9.854665E+02
  8.960000E-01  9.853381E+02
  8.980000E-01  9.852101E+02
  9.000000E-01  9.850823E+02
  9.020000E-01  9.849547E+02
  9.040000E-01  9.848274E+02
  9.060000E-01  9.847004E+02
  9.080000E-01  9.845736E+02
  9.100000E-01  9.844470E+02
  9.120000E-01  9.843207E+02
  9.140000E-01  9.841946E+02
  9.160000E-01  9.840689E+02
  9.180000E-01  9.839433E+02
  9.200000E-01  9.838180E+02
  9.220000E-01  9.836930E+02
  9.240000E-01  9.835682E+02
  9.260000E-01  9.834436E+02
  9.280000E-01  9.833194E+02
  9.300000E-01  9.831953E+02
  9.320000E-01  9.830715E+02
  9.340000E-01  9.829480E+02
  9.360000E-01  9.828247E+02
  9.380000E-01  9.827017E+02
  9.400000E-01  9.825789E+02
  9.420000E-01  9.824722E+02
  9.440000E-01  9.823619E+02
  9.460000E-01  9.822534E+02
  9.480000E-01  9.821465E+02
  9.500000E-01  9.820409E+02
  9.520000E-01  9.819365E+02
  9.540000E-01  9.818330E+02
  9.560000E-01  9.817305E+02
  9.580000E-01  9.816288E+02
  9.600000E-01  9.815280E+02
  9.620000E-01  9.814278E+02
  9.640000E-01  9.813284E+02
  9.660000E-01  9.812296E+02
  9.680000E-01  9.811314E+02
  9.700000E-01  9.810338E+02
  9.720000E-01  9.809368E+02
  9.740000E-01  9.808403E+02
  9.760000E-01  9.807443E+02
  9.780000E-01  9.806488E+02
  9.800000E-01  9.805538E+02
  9.820000E-01  9.804592E+02
  9.840000E-01  9.803650E+02
  9.860000E-01  9.802713E+02
  9.880000E-01  9.801780E+02
  9.900000E-01  9.800851E+02
  9.920000E-01  9.799926E+02
  9.940000E-01  9.799005E+02
  9.960000E-01  9.798087E+02
  9.980000E-01  9.797173E+02
  1.000000E+00  9.796263E+02
  1.002000E+00  9.795355E+02
  1.004000E+00  9.794452E+02
  1.006000E+00  9.793551E+02
  1.008000E+00  9.792654E+02
  1.010000E+00  9.791759E+02
  1.012000E+00  9.790868E+02
  1.014000E+00  9.789980E+02
  1.016000E+00  9.789094E+02
  1.018000E+00  9.788212E+02
  1.020000E+00  9.787332E+02
  1.022000E+00  9.786455E+02
  1.024000E+00  9.785581E+02
  1.026000E+00  9.784710E+02
  1.028000E+00  9.783841E+02
  1.030000E+00  9.782974E+02
  1.032000E+00  9.782110E+02
  1.034000E+00  9.781249E+02
  1.036000E+00  9.780389E+02
  1.038000E+00  9.779533E+02
  1.040000E+00  9.778678E+02
  1.042000E+00  9.777825E+02
  1.044000E+00  9.776975E+02
  1.046000E+00  9.776126E+02
  1.048000E+00  9.775279E+02
  1.050000E+00  9.774434E+02
  1.052000E+00  9.773593E+02
  1.054000E+00  9.772753E+02
  1.056000E+00  9.771916E+02
  1.058000E+00  9.771081E+02
  1.060000E+00  9.770249E+02
  1.062000E+00  9.769419E+02
  1.064000E+00  9.768591E+02
  1.066000E+00  9.767766E+02
  1.068000E+00  9.766943E+02
  1.070000E+00  9.766122E+02
  1.072000E+00  9.765304E+02
  1.074000E+00  9.764487E+02
  1.076000E+00  9.763673E+02
  1.078000E+00  9.762861E+02
  1.080000E+00  9.762051E+02
  1.082000E+00  9.761244E+02
  1.084000E+00  9.760438E+02
  1.086000E+00  9.759635E+02
  1.088000E+00  9.758833E+02
  1.090000E+00  9.758034E+02
  1.092000E+00  9.757237E+02
  1.094000E+00  9.756441E+02
  1.096000E+00  9.755648E+02
  1.098000E+00  9.754857E+02
  1.100000E+00  9.754068E+02
  1.102000E+00  9.753281E+02
  1.104000E+00  9.752495E+02
  1.106000E+00  9.751712E+02
  1.108000E+00  9.750931E+02
  1.110000E+00  9.750151E+02
  1.112000E+00  9.749373E+02
  1.114000E+00  9.748598E+02
  1.116000E+00  9.747824E+02
  1.118000E+00  9.747052E+02
  1.120000E+00  9.746282E+02
  1.122000E+00  9.745514E+02
  1.124000E+00  9.744747E+02
  1.126000E+00  9.743983E+02
  1.128000E+00  9.743220E+02
  1.130000E+00  9.742459E+02
  1.132000E+00  9.741700E+02
  1.134000E+00  9.740942E+02
  1.136000E+00  9.740187E+02
  1.138000E+00  9.739433E+02
  1.140000E+00  9.738680E+02
  1.142000E+00  9.737930E+02
  1.144000E+00  9.737181E+02
  1.146000E+00  9.736434E+02
  1.148000E+00  9.735689E+02
  1.150000E+00  9.734945E+02
  1.152000E+00  9.734204E+02
  1.154000E+00  9.733463E+02
  1.156000E+00  9.732725E+02
  1.158000E+00  9.731988E+02
  1.160000E+00  9.731253E+02
  1.162000E+00  9.730519E+02
  1.164000E+00  9.729787E+02
  1.166000E+00  9.729057E+02
  1.168000E+00  9.728328E+02
  1.170000E+00  9.727601E+02
  1.172000E+00  9.726875E+02
  1.174000E+00  9.726152E+02
  1.176000E+00  9.725429E+02
  1.178000E+00  9.724709E+02
  1.180000E+00  9.723989E+02
  1.182000E+00  9.723272E+02
  1.184000E+00  9.722556E+02
  1.186000E+00  9.721841E+02
  1.188000E+00  9.721128E+02
  1.190000E+00  9.720417E+02
  1.192000E+00  9.719707E+02
  1.194000E+00  9.718999E+02
  1.196000E+00  9.718292E+02
  1.198000E+00  9.717587E+02
  1.200000E+00  9.716883E+02
