  1.000000E-02  1.313718E+03
  1.200000E-02  1.312884E+03
  1.400000E-02  1.312057E+03
  1.600000E-02  1.311236E+03
  1.800000E-02  1.310423E+03
  2.000000E-02  1.309616E+03
  2.200000E-02  1.308815E+03
  2.400000E-02  1.308021E+03
  2.600000E-02  1.307234E+03
  2.800000E-02  1.306453E+03
  3.000000E-02  1.305678E+03
  3.200000E-02  1.304909E+03
  3.400000E-02  1.304146E+03
  3.600000E-02  1.303389E+03
  3.800000E-02  1.302638E+03
  4.000000E-02  1.301893E+03
  4.200000E-02  1.301153E+03
  4.400000E-02  1.300420E+03
  4.600000E-02  1.299692E+03
  4.800000E-02  1.298970E+03
  5.000000E-02  1.298253E+03
  5.200000E-02  1.297541E+03
  5.400000E-02  1.296835E+03
  5.600000E-02  1.296135E+03
  5.800000E-02  1.295439E+03
  6.000000E-02  1.294749E+03
  6.200000E-02  1.294064E+03
  6.400000E-02  1.293385E+03
  6.600000E-02  1.292710E+03
  6.800000E-02  1.292040E+03
  7.000000E-02  1.291376E+03
  7.200000E-02  1.290716E+03
  7.400000E-02  1.290061E+03
  7.600000E-02  1.289411E+03
  7.800000E-02  1.288765E+03
  8.000000E-02  1.288125E+03
  8.200000E-02  1.287489E+03
  8.400000E-02  1.286857E+03
  8.600000E-02  1.286231E+03
  8.800000E-02  1.285608E+03
  9.000000E-02  1.284991E+03
  9.200000E-02  1.284377E+03
  9.400000E-02  1.283768E+03
  9.600000E-02  1.283164E+03
  9.800000E-02  1.282563E+03
  1.000000E-01  1.281967E+03
  1.020000E-01  1.281376E+03
  1.040000E-01  1.280788E+03
  1.060000E-01  1.280205E+03
  1.080000E-01  1.279625E+03
  1.100000E-01  1.279050E+03
  1.120000E-01  1.278479E+03
  1.140000E-01  1.277911E+03
  1.160000E-01  1.277348E+03
  1.180000E-01  1.276789E+03
  1.200000E-01  1.276233E+03
  1.220000E-01  1.275682E+03
  1.240000E-01  1.275134E+03
  1.260000E-01  1.274590E+03
  1.280000E-01  1.274049E+03
  1.300000E-01  1.273512E+03
  1.320000E-01  1.272979E+03
  1.340000E-01  1.272450E+03
  1.360000E-01  1.271923E+03
  1.380000E-01  1.271401E+03
  1.400000E-01  1.270881E+03
  1.420000E-01  1.270365E+03
  1.440000E-01  1.269853E+03
  1.460000E-01  1.269344E+03
  1.480000E-01  1.268838E+03
  1.500000E-01  1.268336E+03
  1.520000E-01  1.267837E+03
  1.540000E-01  1.267341E+03
  1.560000E-01  1.266848E+03
  1.580000E-01  1.266359E+03
  1.600000E-01  1.265872E+03
  1.620000E-01  1.265389E+03
  1.640000E-01  1.264909E+03
  1.660000E-01  1.264433E+03
  1.680000E-01  1.263959E+03
  1.700000E-01  1.263488E+03
  1.720000E-01  1.263020E+03
  1.740000E-01  1.262556E+03
  1.760000E-01  1.262094E+03
  1.780000E-01  1.261635E+03
  1.800000E-01  1.261179E+03
  1.820000E-01  1.260726E+03
  1.840000E-01  1.260276E+03
  1.860000E-01  1.259829E+03
  1.880000E-01  1.259385E+03
  1.900000E-01  1.258943E+03
  1.920000E-01  1.258504E+03
  1.940000E-01  1.258068E+03
  1.960000E-01  1.257635E+03
  1.980000E-01  1.257204E+03
  2.000000E-01  1.256776E+03
  2.020000E-01  1.256351E+03
  2.040000E-01  1.255928E+03
  2.060000E-01  1.255508E+03
  2.080000E-01  1.255090E+03
  2.100000E-01  1.254675E+03
  2.120000E-01  1.254263E+03
  2.140000E-01  1.253853E+03
  2.160000E-01  1.253446E+03
  2.180000E-01  1.253041E+03
  2.200000E-01  1.252639E+03
  2.220000E-01  1.252239E+03
  2.240000E-01  1.251841E+03
  2.260000E-01  1.251446E+03
  2.280000E-01  1.251053E+03
  2.300000E-01  1.250663E+03
  2.320000E-01  1.250275E+03
  2.340000E-01  1.249889E+03
  2.360000E-01  1.249506E+03
  2.380000E-01  1.249125E+03
  2.400000E-01  1.248746E+03
  2.420000E-01  1.248370E+03
  2.440000E-01  1.247995E+03
  2.460000E-01  1.247623E+03
  2.480000E-01  1.247253E+03
  2.500000E-01  1.246886E+03
  2.520000E-01  1.246520E+03
  2.540000E-01  1.246157E+03
  2.560000E-01  1.245796E+03
  2.580000E-01  1.245437E+03
  2.600000E-01  1.245080E+03
  2.620000E-01  1.244725E+03
  2.640000E-01  1.244372E+03
  2.660000E-01  1.244021E+03
  2.680000E-01  1.243672E+03
  2.700000E-01  1.243325E+03
  2.720000E-01  1.242980E+03
  2.740000E-01  1.242638E+03
  2.760000E-01  1.242297E+03
  2.780000E-01  1.241958E+03
  2.800000E-01  1.241621E+03
  2.820000E-01  1.241286E+03
  2.840000E-01  1.240953E+03
  2.860000E-01  1.240622E+03
  2.880000E-01  1.240292E+03
  2.900000E-01  1.239965E+03
  2.920000E-01  1.239639E+03
  2.940000E-01  1.239316E+03
  2.960000E-01  1.238994E+03
  2.980000E-01  1.238674E+03
  3.000000E-01  1.238355E+03
  3.020000E-01  1.238039E+03
  3.040000E-01  1.237724E+03
  3.060000E-01  1.237411E+03
  3.080000E-01  1.237100E+03
  3.100000E-01  1.236790E+03
  3.120000E-01  1.236482E+03
  3.140000E-01  1.236176E+03
  3.160000E-01  1.235872E+03
  3.180000E-01  1.235569E+03
  3.200000E-01  1.235268E+03
  3.220000E-01  1.234968E+03
  3.240000E-01  1.234670E+03
  3.260000E-01  1.234374E+03
  3.280000E-01  1.234080E+03
  3.300000E-01  1.233787E+03
  3.320000E-01  1.233495E+03
  3.340000E-01  1.233205E+03
  3.360000E-01  1.232917E+03
  3.380000E-01  1.232631E+03
  3.400000E-01  1.232345E+03
  3.420000E-01  1.232062E+03
  3.440000E-01  1.231780E+03
  3.460000E-01  1.231499E+03
  3.480000E-01  1.231220E+03
  3.500000E-01  1.230943E+03
  3.520000E-01  1.230667E+03
  3.540000E-01  1.230392E+03
  3.560000E-01  1.230119E+03
  3.580000E-01  1.229847E+03
  3.600000E-01  1.229577E+03
  3.620000E-01  1.229308E+03
  3.640000E-01  1.229041E+03
  3.660000E-01  1.228775E+03
  3.680000E-01  1.228510E+03
  3.700000E-01  1.228247E+03
  3.720000E-01  1.227985E+03
  3.740000E-01  1.227724E+03
  3.760000E-01  1.227465E+03
  3.780000E-01  1.227207E+03
  3.800000E-01  1.226951E+03
  3.820000E-01  1.226696E+03
  3.840000E-01  1.226442E+03
  3.860000E-01  1.226190E+03
  3.880000E-01  1.225938E+03
  3.900000E-01  1.225689E+03
  3.920000E-01  1.225440E+03
  3.940000E-01  1.225193E+03
  3.960000E-01  1.224947E+03
  3.980000E-01  1.224702E+03
  4.000000E-01  1.224458E+03
  4.020000E-01  1.224216E+03
  4.040000E-01  1.223975E+03
  4.060000E-01  1.223735E+03
  4.080000E-01  1.223496E+03
  4.100000E-01  1.223259E+03
  4.120000E-01  1.223022E+03
  4.140000E-01  1.222787E+03
  4.160000E-01  1.222553E+03
  4.180000E-01  1.222321E+03
  4.200000E-01  1.222089E+03
  4.220000E-01  1.221859E+03
  4.240000E-01  1.221629E+03
  4.260000E-01  1.221401E+03
  4.280000E-01  1.221174E+03
  4.300000E-01  1.220948E+03
  4.320000E-01  1.220724E+03
  4.340000E-01  1.220500E+03
  4.360000E-01  1.220278E+03
  4.380000E-01  1.220056E+03
  4.400000E-01  1.219836E+03
  4.420000E-01  1.219616E+03
  4.440000E-01  1.219398E+03
  4.460000E-01  1.219181E+03
  4.480000E-01  1.218965E+03
  4.500000E-01  1.218750E+03
  4.520000E-01  1.218536E+03
  4.540000E-01  1.218323E+03
  4.560000E-01  1.218111E+03
  4.580000E-01  1.217900E+03
  4.600000E-01  1.217690E+03
  4.620000E-01  1.217481E+03
  4.640000E-01  1.217336E+03
  4.660000E-01  1.217173E+03
  4.680000E-01  1.217014E+03
  4.700000E-01  1.216857E+03
  4.720000E-01  1.216701E+03
  4.740000E-01  1.216548E+03
  4.760000E-01  1.216396E+03
  4.780000E-01  1.216245E+03
  4.800000E-01  1.216096E+03
  4.820000E-01  1.215947E+03
  4.840000E-01  1.215800E+03
  4.860000E-01  1.215653E+03
  4.880000E-01  1.215508E+03
  4.900000E-01  1.215363E+03
  4.920000E-01  1.215219E+03
  4.940000E-01  1.215076E+03
  4.960000E-01  1.214934E+03
  4.980000E-01  1.214792E+03
  5.000000E-01  1.214651E+03
  5.020000E-01  1.214511E+03
  5.040000E-01  1.214372E+03
  5.060000E-01  1.214233E+03
  5.080000E-01  1.214095E+03
  5.100000E-01  1.213957E+03
  5.120000E-01  1.213820E+03
  5.140000E-01  1.213684E+03
  5.160000E-01  1.213548E+03
  5.180000E-01  1.213413E+03
  5.200000E-01  1.213279E+03
  5.220000E-01  1.213145E+03
  5.240000E-01  1.213011E+03
  5.260000E-01  1.212878E+03
  5.280000E-01  1.212746E+03
  5.300000E-01  1.212614E+03
  5.320000E-01  1.212483E+03
  5.340000E-01  1.212352E+03
  5.360000E-01  1.212222E+03
  5.380000E-01  1.212092E+03
  5.400000E-01  1.211963E+03
  5.420000E-01  1.211834E+03
  5.440000E-01  1.211706E+03
  5.460000E-01  1.211578E+03
  5.480000E-01  1.211451E+03
  5.500000E-01  1.211324E+03
  5.520000E-01  1.211197E+03
  5.540000E-01  1.211071E+03
  5.560000E-01  1.210946E+03
  5.580000E-01  1.210821E+03
  5.600000E-01  1.210696E+03
  5.620000E-01  1.210572E+03
  5.640000E-01  1.210448E+03
  5.660000E-01  1.210325E+03
  5.680000E-01  1.210202E+03
  5.700000E-01  1.210080E+03
  5.720000E-01  1.209958E+03
  5.740000E-01  1.209836E+03
  5.760000E-01  1.209715E+03
  5.780000E-01  1.209594E+03
  5.800000E-01  1.209474E+03
  5.820000E-01  1.209354E+03
  5.840000E-01  1.209235E+03
  5.860000E-01  1.209115E+03
  5.880000E-01  1.208997E+03
  5.900000E-01  1.208878E+03
  5.920000E-01  1.208760E+03
  5.940000E-01  1.208643E+03
  5.960000E-01  1.208525E+03
  5.980000E-01  1.208409E+03
  6.000000E-01  1.208292E+03
  6.020000E-01  1.208176E+03
  6.040000E-01  1.208060E+03
  6.060000E-01  1.207945E+03
  6.080000E-01  1.207830E+03
  6.100000E-01  1.207716E+03
  6.120000E-01  1.207601E+03
  6.140000E-01  1.207487E+03
  6.160000E-01  1.207374E+03
  6.180000E-01  1.207261E+03
  6.200000E-01  1.207148E+03
  6.220000E-01  1.207035E+03
  6.240000E-01  1.206923E+03
  6.260000E-01  1.206812E+03
  6.280000E-01  1.206700E+03
  6.300000E-01  1.206589E+03
  6.320000E-01  1.206478E+03
  6.340000E-01  1.206368E+03
  6.360000E-01  1.206258E+03
  6.380000E-01  1.206148E+03
  6.400000E-01  1.206039E+03
  6.420000E-01  1.205930E+03
  6.440000E-01  1.205821E+03
  6.460000E-01  1.205712E+03
  6.480000E-01  1.205604E+03
  6.500000E-01  1.205497E+03
  6.520000E-01  1.205389E+03
  6.540000E-01  1.205282E+03
  6.560000E-01  1.205175E+03
  6.580000E-01  1.205069E+03
  6.600000E-01  1.204962E+03
  6.620000E-01  1.204857E+03
  6.640000E-01  1.204751E+03
  6.660000E-01  1.204646E+03
  6.680000E-01  1.204541E+03
  6.700000E-01  1.204436E+03
  6.720000E-01  1.204332E+03
  6.740000E-01  1.204228E+03
  6.760000E-01  1.204124E+03
  6.780000E-01  1.204020E+03
  6.800000E-01  1.203917E+03
  6.820000E-01  1.203814E+03
  6.840000E-01  1.203712E+03
  6.860000E-01  1.203609E+03
  6.880000E-01  1.203507E+03
  6.900000E-01  1.203406E+03
  6.920000E-01  1.203304E+03
  6.940000E-01  1.203203E+03
  6.960000E-01  1.203102E+03
  6.980000E-01  1.203002E+03
  7.000000E-01  1.202901E+03
  7.020000E-01  1.202801E+03
  7.040000E-01  1.202702E+03
  7.060000E-01  1.202602E+03
  7.080000E-01  1.202503E+03
  7.100000E-01  1.202404E+03
  7.120000E-01  1.202305E+03
  7.140000E-01  1.202207E+03
  7.160000E-01  1.202109E+03
  7.180000E-01  1.202011E+03
  7.200000E-01  1.201914E+03
  7.220000E-01  1.201816E+03
  7.240000E-01  1.201719E+03
  7.260000E-01  1.201623E+03
  7.280000E-01  1.201526E+03
  7.300000E-01  1.201430E+03
  7.320000E-01  1.201334E+03
  7.340000E-01  1.201238E+03
  7.360000E-01  1.201143E+03
  7.380000E-01  1.201047E+03
  7.400000E-01  1.200952E+03
  7.420000E-01  1.200858E+03
  7.440000E-01  1.200763E+03
  7.460000E-01  1.200669E+03
  7.480000E-01  1.200575E+03
  7.500000E-01  1.200481E+03
  7.520000E-01  1.200388E+03
  7.540000E-01  1.200295E+03
  7.560000E-01  1.200202E+03
  7.580000E-01  1.200109E+03
  7.600000E-01  1.200016E+03
  7.620000E-01  1.199924E+03
  7.640000E-01  1.199832E+03
  7.660000E-01  1.199740E+03
  7.680000E-01  1.199649E+03
  7.700000E-01  1.199558E+03
  7.720000E-01  1.199467E+03
  7.740000E-01  1.199376E+03
  7.760000E-01  1.199285E+03
  7.780000E-01  1.199195E+03
  7.800000E-01  1.199105E+03
  7.820000E-01  1.199015E+03
  7.840000E-01  1.198925E+03
  7.860000E-01  1.198836E+03
  7.880000E-01  1.198747E+03
  7.900000E-01  1.198658E+03
  7.920000E-01  1.198569E+03
  7.940000E-01  1.198480E+03
  7.960000E-01  1.198392E+03
  7.980000E-01  1.198304E+03
  8.000000E-01  1.198216E+03
  8.020000E-01  1.198129E+03
  8.040000E-01  1.198041E+03
  8.060000E-01  1.197954E+03
  8.080000E-01  1.197867E+03
  8.100000E-01  1.197780E+03
  8.120000E-01  1.197694E+03
  8.140000E-01  1.197608E+03
  8.160000E-01  1.197522E+03
  8.180000E-01  1.197436E+03
  8.200000E-01  1.197350E+03
  8.220000E-01  1.197265E+03
  8.240000E-01  1.197179E+03
  8.260000E-01  1.197094E+03
  8.280000E-01  1.197010E+03
  8.300000E-01  1.196925E+03
  8.320000E-01  1.196841E+03
  8.340000E-01  1.196756E+03
  8.360000E-01  1.196672E+03
  8.380000E-01  1.196589E+03
  8.400000E-01  1.196505E+03
  8.420000E-01  1.196422E+03
  8.440000E-01  1.196339E+03
  8.460000E-01  1.196256E+03
  8.480000E-01  1.196173E+03
  8.500000E-01  1.196090E+03
  8.520000E-01  1.196008E+03
  8.540000E-01  1.195922E+03
  8.560000E-01  1.195839E+03
  8.580000E-01  1.195756E+03
  8.600000E-01  1.195674E+03
  8.620000E-01  1.195591E+03
  8.640000E-01  1.195508E+03
  8.660000E-01  1.195426E+03
  8.680000E-01  1.195344E+03
  8.700000E-01  1.195262E+03
  8.720000E-01  1.195180E+03
  8.740000E-01  1.195098E+03
  8.760000E-01  1.195016E+03
  8.780000E-01  1.194935E+03
  8.800000E-01  1.194853E+03
  8.820000E-01  1.194772E+03
  8.840000E-01  1.194691E+03
  8.860000E-01  1.194610E+03
  8.880000E-01  1.194529E+03
  8.900000E-01  1.194448E+03
  8.920000E-01  1.194368E+03
  8.940000E-01  1.194287E+03
  8.960000E-01  1.194207E+03
  8.980000E-01  1.194127E+03
  9.000000E-01  1.194047E+03
  9.020000E-01  1.193967E+03
  9.040000E-01  1.193887E+03
  9.060000E-01  1.193808E+03
  9.080000E-01  1.193728E+03
  9.100000E-01  1.193649E+03
  9.120000E-01  1.193570E+03
  9.140000E-01  1.193491E+03
  9.160000E-01  1.193412E+03
  9.180000E-01  1.193334E+03
  9.200000E-01  1.193255E+03
  9.220000E-01  1.193177E+03
  9.240000E-01  1.193099E+03
  9.260000E-01  1.193021E+03
  9.280000E-01  1.192943E+03
  9.300000E-01  1.192865E+03
  9.320000E-01  1.192787E+03
  9.340000E-01  1.192710E+03
  9.360000E-01  1.192632E+03
  9.380000E-01  1.192555E+03
  9.400000E-01  1.192478E+03
  9.420000E-01  1.192411E+03
  9.440000E-01  1.192342E+03
  9.460000E-01  1.192274E+03
  9.480000E-01  1.192207E+03
  9.500000E-01  1.192140E+03
  9.520000E-01  1.192075E+03
  9.540000E-01  1.192010E+03
  9.560000E-01  1.191945E+03
  9.580000E-01  1.191882E+03
  9.600000E-01  1.191818E+03
  9.620000E-01  1.191755E+03
  9.640000E-01  1.191693E+03
  9.660000E-01  1.191631E+03
  9.680000E-01  1.191569E+03
  9.700000E-01  1.191508E+03
  9.720000E-01  1.191447E+03
  9.740000E-01  1.191386E+03
  9.760000E-01  1.191326E+03
  9.780000E-01  1.191266E+03
  9.800000E-01  1.191206E+03
  9.820000E-01  1.191146E+03
  9.840000E-01  1.191087E+03
  9.860000E-01  1.191028E+03
  9.880000E-01  1.190970E+03
  9.900000E-01  1.190911E+03
  9.920000E-01  1.190853E+03
  9.940000E-01  1.190795E+03
  9.960000E-01  1.190737E+03
  9.980000E-01  1.190680E+03
  1.000000E+00  1.190622E+03
  1.002000E+00  1.190565E+03
  1.004000E+00  1.190508E+03
  1.006000E+00  1.190451E+03
  1.008000E+00  1.190395E+03
  1.010000E+00  1.190339E+03
  1.012000E+00  1.190282E+03
  1.014000E+00  1.190226E+03
  1.016000E+00  1.190171E+03
  1.018000E+00  1.190115E+03
  1.020000E+00  1.190060E+03
  1.022000E+00  1.190004E+03
  1.024000E+00  1.189949E+03
  1.026000E+00  1.189894E+03
  1.028000E+00  1.189839E+03
  1.030000E+00  1.189785E+03
  1.032000E+00  1.189730E+03
  1.034000E+00  1.189676E+03
  1.036000E+00  1.189622E+03
  1.038000E+00  1.189568E+03
  1.040000E+00  1.189514E+03
  1.042000E+00  1.189460E+03
  1.044000E+00  1.189406E+03
  1.046000E+00  1.189353E+03
  1.048000E+00  1.189299E+03
  1.050000E+00  1.189246E+03
  1.052000E+00  1.189193E+03
  1.054000E+00  1.189140E+03
  1.056000E+00  1.189087E+03
  1.058000E+00  1.189034E+03
  1.060000E+00  1.188982E+03
  1.062000E+00  1.188929E+03
  1.064000E+00  1.188877E+03
  1.066000E+00  1.188825E+03
  1.068000E+00  1.188773E+03
  1.070000E+00  1.188721E+03
  1.072000E+00  1.188669E+03
  1.074000E+00  1.188618E+03
  1.076000E+00  1.188566E+03
  1.078000E+00  1.188515E+03
  1.080000E+00  1.188464E+03
  1.082000E+00  1.188413E+03
  1.084000E+00  1.188362E+03
  1.086000E+00  1.188311E+03
  1.088000E+00  1.188260E+03
  1.090000E+00  1.188210E+03
  1.092000E+00  1.188159E+03
  1.094000E+00  1.188109E+03
  1.096000E+00  1.188059E+03
  1.098000E+00  1.188009E+03
  1.100000E+00  1.187959E+03
  1.102000E+00  1.187909E+03
  1.104000E+00  1.187859E+03
  1.106000E+00  1.187809E+03
  1.108000E+00  1.187760E+03
  1.110000E+00  1.187711E+03
  1.112000E+00  1.187661E+03
  1.114000E+00  1.187612E+03
  1.116000E+00  1.187563E+03
  1.118000E+00  1.187514E+03
  1.120000E+00  1.187466E+03
  1.122000E+00  1.187417E+03
  1.124000E+00  1.187368E+03
  1.126000E+00  1.187320E+03
  1.128000E+00  1.187271E+03
  1.130000E+00  1.187223E+03
  1.132000E+00  1.187175E+03
  1.134000E+00  1.187127E+03
  1.136000E+00  1.187079E+03
  1.138000E+00  1.187031E+03
  1.140000E+00  1.186984E+03
  1.142000E+00  1.186936E+03
  1.144000E+00  1.186889E+03
  1.146000E+00  1.186841E+03
  1.148000E+00  1.186794E+03
  1.150000E+00  1.186747E+03
  1.152000E+00  1.186700E+03
  1.154000E+00  1.186653E+03
  1.156000E+00  1.186606E+03
  1.158000E+00  1.186559E+03
  1.160000E+00  1.186512E+03
  1.162000E+00  1.186466E+03
  1.164000E+00  1.186419E+03
  1.166000E+00  1.186373E+03
  1.168000E+00  1.186327E+03
  1.170000E+00  1.186280E+03
  1.172000E+00  1.186234E+03
  1.174000E+00  1.186188E+03
  1.176000E+00  1.186142E+03
  1.178000E+00  1.186097E+03
  1.180000E+00  1.186051E+03
  1.182000E+00  1.186005E+03
  1.184000E+00  1.185960E+03
  1.186000E+00  1.185914E+03
  1.188000E+00  1.185869E+03
  1.190000E+00  1.185824E+03
  1.192000E+00  1.185779E+03
  1.194000E+00  1.185734E+03
  1.196000E+00  1.185689E+03
  1.198000E+00  1.185644E+03
  1.200000E+00  1.185599E+03
