  1.000000E-02  0.000000E+00
  1.200000E-02  0.000000E+00
  1.400000E-02  0.000000E+00
  1.600000E-02  0.000000E+00
  1.800000E-02  0.000000E+00
  2.000000E-02  0.000000E+00
  2.200000E-02  0.000000E+00
  2.400000E-02  0.000000E+00
  2.600000E-02  0.000000E+00
  2.800000E-02  0.000000E+00
  3.000000E-02  0.000000E+00
  3.200000E-02  0.000000E+00
  3.400000E-02  0.000000E+00
  3.600000E-02  0.000000E+00
  3.800000E-02  0.000000E+00
  4.000000E-02  0.000000E+00
  4.200000E-02  0.000000E+00
  4.400000E-02  0.000000E+00
  4.600000E-02  0.000000E+00
  4.800000E-02  0.000000E+00
  5.000000E-02  0.000000E+00
  5.200000E-02  0.000000E+00
  5.400000E-02  0.000000E+00
  5.600000E-02  0.000000E+00
  5.800000E-02  0.000000E+00
  6.000000E-02  0.000000E+00
  6.200000E-02  0.000000E+00
  6.400000E-02  0.000000E+00
  6.600000E-02  0.000000E+00
  6.800000E-02  0.000000E+00
  7.000000E-02  0.000000E+00
  7.200000E-02  0.000000E+00
  7.400000E-02  0.000000E+00
  7.600000E-02  0.000000E+00
  7.800000E-02  0.000000E+00
  8.000000E-02  0.000000E+00
  8.200000E-02  0.000000E+00
  8.400000E-02  0.000000E+00
  8.600000E-02  0.000000E+00
  8.800000E-02  0.000000E+00
  9.000000E-02  0.000000E+00
  9.200000E-02  0.000000E+00
  9.400000E-02  0.000000E+00
  9.600000E-02  0.000000E+00
  9.800000E-02  0.000000E+00
  1.000000E-01  0.000000E+00
  1.020000E-01  0.000000E+00
  1.040000E-01  0.000000E+00
  1.060000E-01  0.000000E+00
  1.080000E-01  0.000000E+00
  1.100000E-01  0.000000E+00
  1.120000E-01  0.000000E+00
  1.140000E-01  0.000000E+00
  1.160000E-01  0.000000E+00
  1.180000E-01  0.000000E+00
  1.200000E-01  0.000000E+00
  1.220000E-01  0.000000E+00
  1.240000E-01  0.000000E+00
  1.260000E-01  0.000000E+00
  1.280000E-01  0.000000E+00
  1.300000E-01  0.000000E+00
  1.320000E-01  0.000000E+00
  1.340000E-01  0.000000E+00
  1.360000E-01  0.000000E+00
  1.380000E-01  0.000000E+00
  1.400000E-01  0.000000E+00
  1.420000E-01  0.000000E+00
  1.440000E-01  0.000000E+00
  1.460000E-01  0.000000E+00
  1.480000E-01  0.000000E+00
  1.500000E-01  0.000000E+00
  1.520000E-01  0.000000E+00
  1.540000E-01  0.000000E+00
  1.560000E-01  0.000000E+00
  1.580000E-01  0.000000E+00
  1.600000E-01  0.000000E+00
  1.620000E-01  0.000000E+00
  1.640000E-01  0.000000E+00
  1.660000E-01  0.000000E+00
  1.680000E-01  0.000000E+00
  1.700000E-01  0.000000E+00
  1.720000E-01  0.000000E+00
  1.740000E-01  0.000000E+00
  1.760000E-01  0.000000E+00
  1.780000E-01  0.000000E+00
  1.800000E-01  0.000000E+00
  1.820000E-01  0.000000E+00
  1.840000E-01  0.000000E+00
  1.860000E-01  0.000000E+00
  1.880000E-01  0.000000E+00
  1.900000E-01  0.000000E+00
  1.920000E-01  0.000000E+00
  1.940000E-01  0.000000E+00
  1.960000E-01  0.000000E+00
  1.980000E-01  0.000000E+00
  2.000000E-01  0.000000E+00
  2.020000E-01  0.000000E+00
  2.040000E-01  0.000000E+00
  2.060000E-01  0.000000E+00
  2.080000E-01  0.000000E+00
  2.100000E-01  0.000000E+00
  2.120000E-01  0.000000E+00
  2.140000E-01  0.000000E+00
  2.160000E-01  0.000000E+00
  2.180000E-01  0.000000E+00
  2.200000E-01  0.000000E+00
  2.220000E-01  0.000000E+00
  2.240000E-01  0.000000E+00
  2.260000E-01  0.000000E+00
  2.280000E-01  0.000000E+00
  2.300000E-01  0.000000E+00
  2.320000E-01  0.000000E+00
  2.340000E-01  0.000000E+00
  2.360000E-01  0.000000E+00
  2.380000E-01  0.000000E+00
  2.400000E-01  0.000000E+00
  2.420000E-01  0.000000E+00
  2.440000E-01  0.000000E+00
  2.460000E-01  0.000000E+00
  2.480000E-01  0.000000E+00
  2.500000E-01  0.000000E+00
  2.520000E-01  0.000000E+00
  2.540000E-01  0.000000E+00
  2.560000E-01  0.000000E+00
  2.580000E-01  0.000000E+00
  2.600000E-01  0.000000E+00
  2.620000E-01  0.000000E+00
  2.640000E-01  0.000000E+00
  2.660000E-01  0.000000E+00
  2.680000E-01  0.000000E+00
  2.700000E-01  0.000000E+00
  2.720000E-01  0.000000E+00
  2.740000E-01  0.000000E+00
  2.760000E-01  0.000000E+00
  2.780000E-01  0.000000E+00
  2.800000E-01  0.000000E+00
  2.820000E-01  0.000000E+00
  2.840000E-01  0.000000E+00
  2.860000E-01  0.000000E+00
  2.880000E-01  0.000000E+00
  2.900000E-01  0.000000E+00
  2.920000E-01  0.000000E+00
  2.940000E-01  0.000000E+00
  2.960000E-01  0.000000E+00
  2.980000E-01  0.000000E+00
  3.000000E-01  0.000000E+00
  3.020000E-01  0.000000E+00
  3.040000E-01  0.000000E+00
  3.060000E-01  0.000000E+00
  3.080000E-01  0.000000E+00
  3.100000E-01  0.000000E+00
  3.120000E-01  0.000000E+00
  3.140000E-01  0.000000E+00
  3.160000E-01  0.000000E+00
  3.180000E-01  0.000000E+00
  3.200000E-01  0.000000E+00
  3.220000E-01  0.000000E+00
  3.240000E-01  0.000000E+00
  3.260000E-01  0.000000E+00
  3.280000E-01  0.000000E+00
  3.300000E-01  0.000000E+00
  3.320000E-01  0.000000E+00
  3.340000E-01  0.000000E+00
  3.360000E-01  0.000000E+00
  3.380000E-01  0.000000E+00
  3.400000E-01  0.000000E+00
  3.420000E-01  0.000000E+00
  3.440000E-01  0.000000E+00
  3.460000E-01  0.000000E+00
  3.480000E-01  0.000000E+00
  3.500000E-01  0.000000E+00
  3.520000E-01  0.000000E+00
  3.540000E-01  0.000000E+00
  3.560000E-01  0.000000E+00
  3.580000E-01  0.000000E+00
  3.600000E-01  0.000000E+00
  3.620000E-01  0.000000E+00
  3.640000E-01  0.000000E+00
  3.660000E-01  0.000000E+00
  3.680000E-01  0.000000E+00
  3.700000E-01  0.000000E+00
  3.720000E-01  0.000000E+00
  3.740000E-01  0.000000E+00
  3.760000E-01  0.000000E+00
  3.780000E-01  0.000000E+00
  3.800000E-01  0.000000E+00
  3.820000E-01  0.000000E+00
  3.840000E-01  0.000000E+00
  3.860000E-01  0.000000E+00
  3.880000E-01  0.000000E+00
  3.900000E-01  0.000000E+00
  3.920000E-01  0.000000E+00
  3.940000E-01  0.000000E+00
  3.960000E-01  0.000000E+00
  3.980000E-01  0.000000E+00
  4.000000E-01  0.000000E+00
  4.020000E-01  0.000000E+00
  4.040000E-01  0.000000E+00
  4.060000E-01  0.000000E+00
  4.080000E-01  0.000000E+00
  4.100000E-01  0.000000E+00
  4.120000E-01  0.000000E+00
  4.140000E-01  0.000000E+00
  4.160000E-01  0.000000E+00
  4.180000E-01  0.000000E+00
  4.200000E-01  0.000000E+00
  4.220000E-01  0.000000E+00
  4.240000E-01  0.000000E+00
  4.260000E-01  0.000000E+00
  4.280000E-01  0.000000E+00
  4.300000E-01  0.000000E+00
  4.320000E-01  0.000000E+00
  4.340000E-01  0.000000E+00
  4.360000E-01  0.000000E+00
  4.380000E-01  0.000000E+00
  4.400000E-01  0.000000E+00
  4.420000E-01  0.000000E+00
  4.440000E-01  0.000000E+00
  4.460000E-01  0.000000E+00
  4.480000E-01  0.000000E+00
  4.500000E-01  0.000000E+00
  4.520000E-01  0.000000E+00
  4.540000E-01  0.000000E+00
  4.560000E-01  0.000000E+00
  4.580000E-01  0.000000E+00
  4.600000E-01  0.000000E+00
  4.620000E-01  0.000000E+00
  4.640000E-01  4.745096E-03
  4.660000E-01  8.108808E-03
  4.680000E-01  1.164443E-02
  4.700000E-01  1.528915E-02
  4.720000E-01  1.900817E-02
  4.740000E-01  2.277956E-02
  4.760000E-01  2.658833E-02
  4.780000E-01  3.042365E-02
  4.800000E-01  3.427741E-02
  4.820000E-01  3.814329E-02
  4.840000E-01  4.201634E-02
  4.860000E-01  4.589251E-02
  4.880000E-01  4.976851E-02
  4.900000E-01  5.364160E-02
  4.920000E-01  5.750949E-02
  4.940000E-01  6.137024E-02
  4.960000E-01  6.522219E-02
  4.980000E-01  6.906393E-02
  5.000000E-01  7.289423E-02
  5.020000E-01  7.671204E-02
  5.040000E-01  8.051644E-02
  5.060000E-01  8.430663E-02
  5.080000E-01  8.808193E-02
  5.100000E-01  9.184171E-02
  5.120000E-01  9.558546E-02
  5.140000E-01  9.931270E-02
  5.160000E-01  1.030230E-01
  5.180000E-01  1.067161E-01
  5.200000E-01  1.103916E-01
  5.220000E-01  1.140493E-01
  5.240000E-01  1.176889E-01
  5.260000E-01  1.213102E-01
  5.280000E-01  1.249131E-01
  5.300000E-01  1.284974E-01
  5.320000E-01  1.320631E-01
  5.340000E-01  1.356099E-01
  5.360000E-01  1.391378E-01
  5.380000E-01  1.426468E-01
  5.400000E-01  1.461368E-01
  5.420000E-01  1.496078E-01
  5.440000E-01  1.530597E-01
  5.460000E-01  1.564926E-01
  5.480000E-01  1.599064E-01
  5.500000E-01  1.633012E-01
  5.520000E-01  1.666769E-01
  5.540000E-01  1.700337E-01
  5.560000E-01  1.733714E-01
  5.580000E-01  1.766903E-01
  5.600000E-01  1.799902E-01
  5.620000E-01  1.832714E-01
  5.640000E-01  1.865337E-01
  5.660000E-01  1.897774E-01
  5.680000E-01  1.930024E-01
  5.700000E-01  1.962088E-01
  5.720000E-01  1.993968E-01
  5.740000E-01  2.025663E-01
  5.760000E-01  2.057175E-01
  5.780000E-01  2.088504E-01
  5.800000E-01  2.119651E-01
  5.820000E-01  2.150617E-01
  5.840000E-01  2.181404E-01
  5.860000E-01  2.212011E-01
  5.880000E-01  2.242440E-01
  5.900000E-01  2.272692E-01
  5.920000E-01  2.302767E-01
  5.940000E-01  2.332668E-01
  5.960000E-01  2.362393E-01
  5.980000E-01  2.391946E-01
  6.000000E-01  2.421326E-01
  6.020000E-01  2.450534E-01
  6.040000E-01  2.479572E-01
  6.060000E-01  2.508441E-01
  6.080000E-01  2.537141E-01
  6.100000E-01  2.565673E-01
  6.120000E-01  2.594040E-01
  6.140000E-01  2.622240E-01
  6.160000E-01  2.650277E-01
  6.180000E-01  2.678150E-01
  6.200000E-01  2.705860E-01
  6.220000E-01  2.733410E-01
  6.240000E-01  2.760798E-01
  6.260000E-01  2.788028E-01
  6.280000E-01  2.815099E-01
  6.300000E-01  2.842013E-01
  6.320000E-01  2.868770E-01
  6.340000E-01  2.895372E-01
  6.360000E-01  2.921820E-01
  6.380000E-01  2.948115E-01
  6.400000E-01  2.974257E-01
  6.420000E-01  3.000247E-01
  6.440000E-01  3.026088E-01
  6.460000E-01  3.051779E-01
  6.480000E-01  3.077321E-01
  6.500000E-01  3.102716E-01
  6.520000E-01  3.127964E-01
  6.540000E-01  3.153067E-01
  6.560000E-01  3.178025E-01
  6.580000E-01  3.202840E-01
  6.600000E-01  3.227512E-01
  6.620000E-01  3.252042E-01
  6.640000E-01  3.276431E-01
  6.660000E-01  3.300680E-01
  6.680000E-01  3.324791E-01
  6.700000E-01  3.348763E-01
  6.720000E-01  3.372598E-01
  6.740000E-01  3.396297E-01
  6.760000E-01  3.419860E-01
  6.780000E-01  3.443289E-01
  6.800000E-01  3.466584E-01
  6.820000E-01  3.489747E-01
  6.840000E-01  3.512777E-01
  6.860000E-01  3.535677E-01
  6.880000E-01  3.558446E-01
  6.900000E-01  3.581087E-01
  6.920000E-01  3.603599E-01
  6.940000E-01  3.625983E-01
  6.960000E-01  3.648240E-01
  6.980000E-01  3.670372E-01
  7.000000E-01  3.692378E-01
  7.020000E-01  3.714261E-01
  7.040000E-01  3.736019E-01
  7.060000E-01  3.757655E-01
  7.080000E-01  3.779170E-01
  7.100000E-01  3.800563E-01
  7.120000E-01  3.821836E-01
  7.140000E-01  3.842989E-01
  7.160000E-01  3.864024E-01
  7.180000E-01  3.884941E-01
  7.200000E-01  3.905740E-01
  7.220000E-01  3.926423E-01
  7.240000E-01  3.946991E-01
  7.260000E-01  3.967443E-01
  7.280000E-01  3.987782E-01
  7.300000E-01  4.008006E-01
  7.320000E-01  4.028119E-01
  7.340000E-01  4.048119E-01
  7.360000E-01  4.068008E-01
  7.380000E-01  4.087786E-01
  7.400000E-01  4.107455E-01
  7.420000E-01  4.127014E-01
  7.440000E-01  4.146465E-01
  7.460000E-01  4.165808E-01
  7.480000E-01  4.185044E-01
  7.500000E-01  4.204174E-01
  7.520000E-01  4.223198E-01
  7.540000E-01  4.242117E-01
  7.560000E-01  4.260931E-01
  7.580000E-01  4.279642E-01
  7.600000E-01  4.298250E-01
  7.620000E-01  4.316755E-01
  7.640000E-01  4.335158E-01
  7.660000E-01  4.353461E-01
  7.680000E-01  4.371663E-01
  7.700000E-01  4.389764E-01
  7.720000E-01  4.407767E-01
  7.740000E-01  4.425671E-01
  7.760000E-01  4.443477E-01
  7.780000E-01  4.461186E-01
  7.800000E-01  4.478798E-01
  7.820000E-01  4.496313E-01
  7.840000E-01  4.513733E-01
  7.860000E-01  4.531058E-01
  7.880000E-01  4.548289E-01
  7.900000E-01  4.565426E-01
  7.920000E-01  4.582469E-01
  7.940000E-01  4.599420E-01
  7.960000E-01  4.616278E-01
  7.980000E-01  4.633045E-01
  8.000000E-01  4.649721E-01
  8.020000E-01  4.666307E-01
  8.040000E-01  4.682802E-01
  8.060000E-01  4.699209E-01
  8.080000E-01  4.715526E-01
  8.100000E-01  4.731755E-01
  8.120000E-01  4.747897E-01
  8.140000E-01  4.763951E-01
  8.160000E-01  4.779918E-01
  8.180000E-01  4.795799E-01
  8.200000E-01  4.811595E-01
  8.220000E-01  4.827306E-01
  8.240000E-01  4.842932E-01
  8.260000E-01  4.858473E-01
  8.280000E-01  4.873932E-01
  8.300000E-01  4.889307E-01
  8.320000E-01  4.904599E-01
  8.340000E-01  4.919809E-01
  8.360000E-01  4.934938E-01
  8.380000E-01  4.949985E-01
  8.400000E-01  4.964952E-01
  8.420000E-01  4.979839E-01
  8.440000E-01  4.994645E-01
  8.460000E-01  5.009373E-01
  8.480000E-01  5.024022E-01
  8.500000E-01  5.038592E-01
  8.520000E-01  5.053084E-01
  8.540000E-01  5.069393E-01
  8.560000E-01  5.084246E-01
  8.580000E-01  5.099061E-01
  8.600000E-01  5.113835E-01
  8.620000E-01  5.128568E-01
  8.640000E-01  5.143256E-01
  8.660000E-01  5.157898E-01
  8.680000E-01  5.172494E-01
  8.700000E-01  5.187042E-01
  8.720000E-01  5.201541E-01
  8.740000E-01  5.215991E-01
  8.760000E-01  5.230390E-01
  8.780000E-01  5.244739E-01
  8.800000E-01  5.259036E-01
  8.820000E-01  5.273282E-01
  8.840000E-01  5.287475E-01
  8.860000E-01  5.301616E-01
  8.880000E-01  5.315704E-01
  8.900000E-01  5.329738E-01
  8.920000E-01  5.343720E-01
  8.940000E-01  5.357647E-01
  8.960000E-01  5.371521E-01
  8.980000E-01  5.385341E-01
  9.000000E-01  5.399106E-01
  9.020000E-01  5.412818E-01
  9.040000E-01  5.426475E-01
  9.060000E-01  5.440077E-01
  9.080000E-01  5.453625E-01
  9.100000E-01  5.467118E-01
  9.120000E-01  5.480557E-01
  9.140000E-01  5.493940E-01
  9.160000E-01  5.507270E-01
  9.180000E-01  5.520544E-01
  9.200000E-01  5.533764E-01
  9.220000E-01  5.546929E-01
  9.240000E-01  5.560039E-01
  9.260000E-01  5.573095E-01
  9.280000E-01  5.586096E-01
  9.300000E-01  5.599042E-01
  9.320000E-01  5.611934E-01
  9.340000E-01  5.624771E-01
  9.360000E-01  5.637554E-01
  9.380000E-01  5.650283E-01
  9.400000E-01  5.662957E-01
  9.420000E-01  5.681479E-01
  9.440000E-01  5.698529E-01
  9.460000E-01  5.716118E-01
  9.480000E-01  5.734121E-01
  9.500000E-01  5.752455E-01
  9.520000E-01  5.771061E-01
  9.540000E-01  5.789895E-01
  9.560000E-01  5.808921E-01
  9.580000E-01  5.828111E-01
  9.600000E-01  5.847441E-01
  9.620000E-01  5.866892E-01
  9.640000E-01  5.886446E-01
  9.660000E-01  5.906090E-01
  9.680000E-01  5.925810E-01
  9.700000E-01  5.945596E-01
  9.720000E-01  5.965438E-01
  9.740000E-01  5.985327E-01
  9.760000E-01  6.005255E-01
  9.780000E-01  6.025215E-01
  9.800000E-01  6.045200E-01
  9.820000E-01  6.065205E-01
  9.840000E-01  6.085225E-01
  9.860000E-01  6.105255E-01
  9.880000E-01  6.125290E-01
  9.900000E-01  6.145326E-01
  9.920000E-01  6.165360E-01
  9.940000E-01  6.185387E-01
  9.960000E-01  6.205405E-01
  9.980000E-01  6.225411E-01
  1.000000E+00  6.245402E-01
  1.002000E+00  6.265375E-01
  1.004000E+00  6.285328E-01
  1.006000E+00  6.305259E-01
  1.008000E+00  6.325165E-01
  1.010000E+00  6.345045E-01
  1.012000E+00  6.364896E-01
  1.014000E+00  6.384717E-01
  1.016000E+00  6.404505E-01
  1.018000E+00  6.424261E-01
  1.020000E+00  6.443981E-01
  1.022000E+00  6.463664E-01
  1.024000E+00  6.483309E-01
  1.026000E+00  6.502914E-01
  1.028000E+00  6.522479E-01
  1.030000E+00  6.542000E-01
  1.032000E+00  6.561478E-01
  1.034000E+00  6.580910E-01
  1.036000E+00  6.600295E-01
  1.038000E+00  6.619630E-01
  1.040000E+00  6.638913E-01
  1.042000E+00  6.658141E-01
  1.044000E+00  6.677306E-01
  1.046000E+00  6.696388E-01
  1.048000E+00  6.715421E-01
  1.050000E+00  6.734417E-01
  1.052000E+00  6.753375E-01
  1.054000E+00  6.772294E-01
  1.056000E+00  6.791174E-01
  1.058000E+00  6.810015E-01
  1.060000E+00  6.828815E-01
  1.062000E+00  6.847576E-01
  1.064000E+00  6.866295E-01
  1.066000E+00  6.884973E-01
  1.068000E+00  6.903610E-01
  1.070000E+00  6.922205E-01
  1.072000E+00  6.940758E-01
  1.074000E+00  6.959269E-01
  1.076000E+00  6.977737E-01
  1.078000E+00  6.996163E-01
  1.080000E+00  7.014546E-01
  1.082000E+00  7.032885E-01
  1.084000E+00  7.051181E-01
  1.086000E+00  7.069434E-01
  1.088000E+00  7.087642E-01
  1.090000E+00  7.105808E-01
  1.092000E+00  7.123929E-01
  1.094000E+00  7.142006E-01
  1.096000E+00  7.160038E-01
  1.098000E+00  7.178027E-01
  1.100000E+00  7.195971E-01
  1.102000E+00  7.213871E-01
  1.104000E+00  7.231726E-01
  1.106000E+00  7.249537E-01
  1.108000E+00  7.267303E-01
  1.110000E+00  7.285024E-01
  1.112000E+00  7.302701E-01
  1.114000E+00  7.320333E-01
  1.116000E+00  7.337920E-01
  1.118000E+00  7.355462E-01
  1.120000E+00  7.372960E-01
  1.122000E+00  7.390413E-01
  1.124000E+00  7.407821E-01
  1.126000E+00  7.425185E-01
  1.128000E+00  7.442503E-01
  1.130000E+00  7.459777E-01
  1.132000E+00  7.477007E-01
  1.134000E+00  7.494191E-01
  1.136000E+00  7.511331E-01
  1.138000E+00  7.528427E-01
  1.140000E+00  7.545478E-01
  1.142000E+00  7.562484E-01
  1.144000E+00  7.579446E-01
  1.146000E+00  7.596364E-01
  1.148000E+00  7.613238E-01
  1.150000E+00  7.630067E-01
  1.152000E+00  7.646852E-01
  1.154000E+00  7.663593E-01
  1.156000E+00  7.680290E-01
  1.158000E+00  7.696943E-01
  1.160000E+00  7.713552E-01
  1.162000E+00  7.730117E-01
  1.164000E+00  7.746639E-01
  1.166000E+00  7.763117E-01
  1.168000E+00  7.779552E-01
  1.170000E+00  7.795943E-01
  1.172000E+00  7.812291E-01
  1.174000E+00  7.828595E-01
  1.176000E+00  7.844857E-01
  1.178000E+00  7.861075E-01
  1.180000E+00  7.877251E-01
  1.182000E+00  7.893383E-01
  1.184000E+00  7.909473E-01
  1.186000E+00  7.925521E-01
  1.188000E+00  7.941526E-01
  1.190000E+00  7.957488E-01
  1.192000E+00  7.973408E-01
  1.194000E+00  7.989286E-01
  1.196000E+00  8.005123E-01
  1.198000E+00  8.020917E-01
  1.200000E+00  8.036669E-01
