  1.000000E-02  6.662176E-01  7.307219E-02  0.000000E+00  0.000000E+00  0.000000E+00  0.000000E+00  0.000000E+00  0.000000E+00
  1.200000E-02  7.078787E-01  8.402170E-02  0.000000E+00  0.000000E+00  0.000000E+00  0.000000E+00  0.000000E+00  0.000000E+00
  1.400000E-02  7.451109E-01  9.454250E-02  0.000000E+00  0.000000E+00  0.000000E+00  0.000000E+00  0.000000E+00  0.000000E+00
  1.600000E-02  7.789253E-01  1.047043E-01  0.000000E+00  0.000000E+00  0.000000E+00  0.000000E+00  0.000000E+00  0.000000E+00
  1.800000E-02  8.100072E-01  1.145578E-01  0.000000E+00  0.000000E+00  0.000000E+00  0.000000E+00  0.000000E+00  0.000000E+00
  2.000000E-02  8.388453E-01  1.241412E-01  0.000000E+00  0.000000E+00  0.000000E+00  0.000000E+00  0.000000E+00  0.000000E+00
  2.200000E-02  8.658015E-01  1.334844E-01  0.000000E+00  0.000000E+00  0.000000E+00  0.000000E+00  0.000000E+00  0.000000E+00
  2.400000E-02  8.911524E-01  1.426116E-01  0.000000E+00  0.000000E+00  0.000000E+00  0.000000E+00  0.000000E+00  0.000000E+00
  2.600000E-02  9.151147E-01  1.515426E-01  0.000000E+00  0.000000E+00  0.000000E+00  0.000000E+00  0.000000E+00  0.000000E+00
  2.800000E-02  9.378615E-01  1.602938E-01  0.000000E+00  0.000000E+00  0.000000E+00  0.000000E+00  0.000000E+00  0.000000E+00
  3.000000E-02  9.595339E-01  1.688793E-01  0.000000E+00  0.000000E+00  0.000000E+00  0.000000E+00  0.000000E+00  0.000000E+00
  3.200000E-02  9.802483E-01  1.773111E-01  0.000000E+00  0.000000E+00  0.000000E+00  0.000000E+00  0.000000E+00  0.000000E+00
  3.400000E-02  1.000102E+00  1.855997E-01  0.000000E+00  0.000000E+00  0.000000E+00  0.000000E+00  0.000000E+00  0.000000E+00
  3.600000E-02  1.019178E+00  1.937542E-01  0.000000E+00  0.000000E+00  0.000000E+00  0.000000E+00  0.000000E+00  0.000000E+00
  3.800000E-02  1.037546E+00  2.017828E-01  0.000000E+00  0.000000E+00  0.000000E+00  0.000000E+00  0.000000E+00  0.000000E+00
  4.000000E-02  1.055267E+00  2.096926E-01  0.000000E+00  0.000000E+00  0.000000E+00  0.000000E+00  0.000000E+00  0.000000E+00
  4.200000E-02  1.072394E+00  2.174901E-01  0.000000E+00  0.000000E+00  0.000000E+00  0.000000E+00  0.000000E+00  0.000000E+00
  4.400000E-02  1.088972E+00  2.251812E-01  0.000000E+00  0.000000E+00  0.000000E+00  0.000000E+00  0.000000E+00  0.000000E+00
  4.600000E-02  1.105044E+00  2.327712E-01  0.000000E+00  0.000000E+00  0.000000E+00  0.000000E+00  0.000000E+00  0.000000E+00
  4.800000E-02  1.120644E+00  2.402649E-01  0.000000E+00  0.000000E+00  0.000000E+00  0.000000E+00  0.000000E+00  0.000000E+00
  5.000000E-02  1.135805E+00  2.476666E-01  0.000000E+00  0.000000E+00  0.000000E+00  0.000000E+00  0.000000E+00  0.000000E+00
  5.200000E-02  1.150556E+00  2.549805E-01  0.000000E+00  0.000000E+00  0.000000E+00  0.000000E+00  0.000000E+00  0.000000E+00
  5.400000E-02  1.164922E+00  2.622102E-01  0.000000E+00  0.000000E+00  0.000000E+00  0.000000E+00  0.000000E+00  0.000000E+00
  5.600000E-02  1.178926E+00  2.693593E-01  0.000000E+00  0.000000E+00  0.000000E+00  0.000000E+00  0.000000E+00  0.000000E+00
  5.800000E-02  1.192590E+00  2.764309E-01  0.000000E+00  0.000000E+00  0.000000E+00  0.000000E+00  0.000000E+00  0.000000E+00
  6.000000E-02  1.205934E+00  2.834280E-01  0.000000E+00  0.000000E+00  0.000000E+00  0.000000E+00  0.000000E+00  0.000000E+00
  6.200000E-02  1.218973E+00  2.903534E-01  0.000000E+00  0.000000E+00  0.000000E+00  0.000000E+00  0.000000E+00  0.000000E+00
  6.400000E-02  1.231726E+00  2.972097E-01  0.000000E+00  0.000000E+00  0.000000E+00  0.000000E+00  0.000000E+00  0.000000E+00
  6.600000E-02  1.244205E+00  3.039992E-01  0.000000E+00  0.000000E+00  0.000000E+00  0.000000E+00  0.000000E+00  0.000000E+00
  6.800000E-02  1.256425E+00  3.107244E-01  0.000000E+00  0.000000E+00  0.000000E+00  0.000000E+00  0.000000E+00  0.000000E+00
  7.000000E-02  1.268399E+00  3.173872E-01  0.000000E+00  0.000000E+00  0.000000E+00  0.000000E+00  0.000000E+00  0.000000E+00
  7.200000E-02  1.280137E+00  3.239899E-01  0.000000E+00  0.000000E+00  0.000000E+00  0.000000E+00  0.000000E+00  0.000000E+00
  7.400000E-02  1.291651E+00  3.305341E-01  0.000000E+00  0.000000E+00  0.000000E+00  0.000000E+00  0.000000E+00  0.000000E+00
  7.600000E-02  1.302950E+00  3.370219E-01  0.000000E+00  0.000000E+00  0.000000E+00  0.000000E+00  0.000000E+00  0.000000E+00
  7.800000E-02  1.314044E+00  3.434548E-01  0.000000E+00  0.000000E+00  0.000000E+00  0.000000E+00  0.000000E+00  0.000000E+00
  8.000000E-02  1.324941E+00  3.498345E-01  0.000000E+00  0.000000E+00  0.000000E+00  0.000000E+00  0.000000E+00  0.000000E+00
  8.200000E-02  1.335649E+00  3.561625E-01  0.000000E+00  0.000000E+00  0.000000E+00  0.000000E+00  0.000000E+00  0.000000E+00
  8.400000E-02  1.346176E+00  3.624402E-01  0.000000E+00  0.000000E+00  0.000000E+00  0.000000E+00  0.000000E+00  0.000000E+00
  8.600000E-02  1.356530E+00  3.686691E-01  0.000000E+00  0.000000E+00  0.000000E+00  0.000000E+00  0.000000E+00  0.000000E+00
  8.800000E-02  1.366716E+00  3.748505E-01  0.000000E+00  0.000000E+00  0.000000E+00  0.000000E+00  0.000000E+00  0.000000E+00
  9.000000E-02  1.376740E+00  3.809856E-01  0.000000E+00  0.000000E+00  0.000000E+00  0.000000E+00  0.000000E+00  0.000000E+00
  9.200000E-02  1.386610E+00  3.870756E-01  0.000000E+00  0.000000E+00  0.000000E+00  0.000000E+00  0.000000E+00  0.000000E+00
  9.400000E-02  1.396329E+00  3.931216E-01  0.000000E+00  0.000000E+00  0.000000E+00  0.000000E+00  0.000000E+00  0.000000E+00
  9.600000E-02  1.405905E+00  3.991248E-01  0.000000E+00  0.000000E+00  0.000000E+00  0.000000E+00  0.000000E+00  0.000000E+00
  9.800000E-02  1.415340E+00  4.050862E-01  0.000000E+00  0.000000E+00  0.000000E+00  0.000000E+00  0.000000E+00  0.000000E+00
  1.000000E-01  1.424641E+00  4.110068E-01  0.000000E+00  0.000000E+00  0.000000E+00  0.000000E+00  0.000000E+00  0.000000E+00
  1.020000E-01  1.433811E+00  4.168876E-01  0.000000E+00  0.000000E+00  0.000000E+00  0.000000E+00  0.000000E+00  0.000000E+00
  1.040000E-01  1.442854E+00  4.227293E-01  0.000000E+00  0.000000E+00  0.000000E+00  0.000000E+00  0.000000E+00  0.000000E+00
  1.060000E-01  1.451776E+00  4.285331E-01  0.000000E+00  0.000000E+00  0.000000E+00  0.000000E+00  0.000000E+00  0.000000E+00
  1.080000E-01  1.460578E+00  4.342996E-01  0.000000E+00  0.000000E+00  0.000000E+00  0.000000E+00  0.000000E+00  0.000000E+00
  1.100000E-01  1.469266E+00  4.400297E-01  0.000000E+00  0.000000E+00  0.000000E+00  0.000000E+00  0.000000E+00  0.000000E+00
  1.120000E-01  1.477842E+00  4.457242E-01  0.000000E+00  0.000000E+00  0.000000E+00  0.000000E+00  0.000000E+00  0.000000E+00
  1.140000E-01  1.486310E+00  4.513838E-01  0.000000E+00  0.000000E+00  0.000000E+00  0.000000E+00  0.000000E+00  0.000000E+00
  1.160000E-01  1.494673E+00  4.570092E-01  0.000000E+00  0.000000E+00  0.000000E+00  0.000000E+00  0.000000E+00  0.000000E+00
  1.180000E-01  1.502934E+00  4.626012E-01  0.000000E+00  0.000000E+00  0.000000E+00  0.000000E+00  0.000000E+00  0.000000E+00
  1.200000E-01  1.511095E+00  4.681603E-01  0.000000E+00  0.000000E+00  0.000000E+00  0.000000E+00  0.000000E+00  0.000000E+00
  1.220000E-01  1.519160E+00  4.736873E-01  0.000000E+00  0.000000E+00  0.000000E+00  0.000000E+00  0.000000E+00  0.000000E+00
  1.240000E-01  1.527131E+00  4.791827E-01  0.000000E+00  0.000000E+00  0.000000E+00  0.000000E+00  0.000000E+00  0.000000E+00
  1.260000E-01  1.535010E+00  4.846471E-01  0.000000E+00  0.000000E+00  0.000000E+00  0.000000E+00  0.000000E+00  0.000000E+00
  1.280000E-01  1.542800E+00  4.900812E-01  0.000000E+00  0.000000E+00  0.000000E+00  0.000000E+00  0.000000E+00  0.000000E+00
  1.300000E-01  1.550503E+00  4.954854E-01  0.000000E+00  0.000000E+00  0.000000E+00  0.000000E+00  0.000000E+00  0.000000E+00
  1.320000E-01  1.558121E+00  5.008604E-01  0.000000E+00  0.000000E+00  0.000000E+00  0.000000E+00  0.000000E+00  0.000000E+00
  1.340000E-01  1.565657E+00  5.062065E-01  0.000000E+00  0.000000E+00  0.000000E+00  0.000000E+00  0.000000E+00  0.000000E+00
  1.360000E-01  1.573112E+00  5.115243E-01  0.000000E+00  0.000000E+00  0.000000E+00  0.000000E+00  0.000000E+00  0.000000E+00
  1.380000E-01  1.580489E+00  5.168144E-01  0.000000E+00  0.000000E+00  0.000000E+00  0.000000E+00  0.000000E+00  0.000000E+00
  1.400000E-01  1.587789E+00  5.220771E-01  0.000000E+00  0.000000E+00  0.000000E+00  0.000000E+00  0.000000E+00  0.000000E+00
  1.420000E-01  1.595014E+00  5.273129E-01  0.000000E+00  0.000000E+00  0.000000E+00  0.000000E+00  0.000000E+00  0.000000E+00
  1.440000E-01  1.602166E+00  5.325223E-01  0.000000E+00  0.000000E+00  0.000000E+00  0.000000E+00  0.000000E+00  0.000000E+00
  1.460000E-01  1.609234E+00  5.378097E-01  0.000000E+00  0.000000E+00  0.000000E+00  0.000000E+00  0.000000E+00  0.000000E+00
  1.480000E-01  1.616189E+00  5.434612E-01  0.000000E+00  0.000000E+00  0.000000E+00  0.000000E+00  0.000000E+00  0.000000E+00
  1.500000E-01  1.623052E+00  5.492763E-01  0.000000E+00  0.000000E+00  0.000000E+00  0.000000E+00  0.000000E+00  0.000000E+00
  1.520000E-01  1.629832E+00  5.551883E-01  0.000000E+00  0.000000E+00  0.000000E+00  0.000000E+00  0.000000E+00  0.000000E+00
  1.540000E-01  1.636535E+00  5.611637E-01  0.000000E+00  0.000000E+00  0.000000E+00  0.000000E+00  0.000000E+00  0.000000E+00
  1.560000E-01  1.643163E+00  5.671812E-01  0.000000E+00  0.000000E+00  0.000000E+00  0.000000E+00  0.000000E+00  0.000000E+00
  1.580000E-01  1.649720E+00  5.732258E-01  0.000000E+00  0.000000E+00  0.000000E+00  0.000000E+00  0.000000E+00  0.000000E+00
  1.600000E-01  1.656208E+00  5.792863E-01  0.000000E+00  0.000000E+00  0.000000E+00  0.000000E+00  0.000000E+00  0.000000E+00
  1.620000E-01  1.662629E+00  5.853542E-01  0.000000E+00  0.000000E+00  0.000000E+00  0.000000E+00  0.000000E+00  0.000000E+00
  1.640000E-01  1.668985E+00  5.914226E-01  0.000000E+00  0.000000E+00  0.000000E+00  0.000000E+00  0.000000E+00  0.000000E+00
  1.660000E-01  1.675279E+00  5.974862E-01  0.000000E+00  0.000000E+00  0.000000E+00  0.000000E+00  0.000000E+00  0.000000E+00
  1.680000E-01  1.681511E+00  6.035405E-01  0.000000E+00  0.000000E+00  0.000000E+00  0.000000E+00  0.000000E+00  0.000000E+00
  1.700000E-01  1.687683E+00  6.095818E-01  0.000000E+00  0.000000E+00  0.000000E+00  0.000000E+00  0.000000E+00  0.000000E+00
  1.720000E-01  1.693797E+00  6.156071E-01  0.000000E+00  0.000000E+00  0.000000E+00  0.000000E+00  0.000000E+00  0.000000E+00
  1.740000E-01  1.699855E+00  6.216141E-01  0.000000E+00  0.000000E+00  0.000000E+00  0.000000E+00  0.000000E+00  0.000000E+00
  1.760000E-01  1.705856E+00  6.276005E-01  0.000000E+00  0.000000E+00  0.000000E+00  0.000000E+00  0.000000E+00  0.000000E+00
  1.780000E-01  1.711804E+00  6.335647E-01  0.000000E+00  0.000000E+00  0.000000E+00  0.000000E+00  0.000000E+00  0.000000E+00
  1.800000E-01  1.717699E+00  6.395052E-01  0.000000E+00  0.000000E+00  0.000000E+00  0.000000E+00  0.000000E+00  0.000000E+00
  1.820000E-01  1.723541E+00  6.454208E-01  0.000000E+00  0.000000E+00  0.000000E+00  0.000000E+00  0.000000E+00  0.000000E+00
  1.840000E-01  1.729333E+00  6.513107E-01  0.000000E+00  0.000000E+00  0.000000E+00  0.000000E+00  0.000000E+00  0.000000E+00
  1.860000E-01  1.735075E+00  6.571738E-01  0.000000E+00  0.000000E+00  0.000000E+00  0.000000E+00  0.000000E+00  0.000000E+00
  1.880000E-01  1.740769E+00  6.630097E-01  0.000000E+00  0.000000E+00  0.000000E+00  0.000000E+00  0.000000E+00  0.000000E+00
  1.900000E-01  1.746415E+00  6.688177E-01  0.000000E+00  0.000000E+00  0.000000E+00  0.000000E+00  0.000000E+00  0.000000E+00
  1.920000E-01  1.752013E+00  6.745975E-01  0.000000E+00  0.000000E+00  0.000000E+00  0.000000E+00  0.000000E+00  0.000000E+00
  1.940000E-01  1.757567E+00  6.803486E-01  0.000000E+00  0.000000E+00  0.000000E+00  0.000000E+00  0.000000E+00  0.000000E+00
  1.960000E-01  1.763075E+00  6.860709E-01  0.000000E+00  0.000000E+00  0.000000E+00  0.000000E+00  0.000000E+00  0.000000E+00
  1.980000E-01  1.768539E+00  6.917641E-01  0.000000E+00  0.000000E+00  0.000000E+00  0.000000E+00  0.000000E+00  0.000000E+00
  2.000000E-01  1.773959E+00  6.974282E-01  0.000000E+00  0.000000E+00  0.000000E+00  0.000000E+00  0.000000E+00  0.000000E+00
  2.020000E-01  1.779338E+00  7.030631E-01  0.000000E+00  0.000000E+00  0.000000E+00  0.000000E+00  0.000000E+00  0.000000E+00
  2.040000E-01  1.784674E+00  7.086687E-01  0.000000E+00  0.000000E+00  0.000000E+00  0.000000E+00  0.000000E+00  0.000000E+00
  2.060000E-01  1.789970E+00  7.142451E-01  0.000000E+00  0.000000E+00  0.000000E+00  0.000000E+00  0.000000E+00  0.000000E+00
  2.080000E-01  1.795225E+00  7.197923E-01  0.000000E+00  0.000000E+00  0.000000E+00  0.000000E+00  0.000000E+00  0.000000E+00
  2.100000E-01  1.800441E+00  7.253104E-01  0.000000E+00  0.000000E+00  0.000000E+00  0.000000E+00  0.000000E+00  0.000000E+00
  2.120000E-01  1.805617E+00  7.307995E-01  0.000000E+00  0.000000E+00  0.000000E+00  0.000000E+00  0.000000E+00  0.000000E+00
  2.140000E-01  1.810756E+00  7.362597E-01  0.000000E+00  0.000000E+00  0.000000E+00  0.000000E+00  0.000000E+00  0.000000E+00
  2.160000E-01  1.815857E+00  7.416912E-01  0.000000E+00  0.000000E+00  0.000000E+00  0.000000E+00  0.000000E+00  0.000000E+00
  2.180000E-01  1.820922E+00  7.470941E-01  0.000000E+00  0.000000E+00  0.000000E+00  0.000000E+00  0.000000E+00  0.000000E+00
  2.200000E-01  1.825950E+00  7.524686E-01  0.000000E+00  0.000000E+00  0.000000E+00  0.000000E+00  0.000000E+00  0.000000E+00
  2.220000E-01  1.830942E+00  7.578149E-01  0.000000E+00  0.000000E+00  0.000000E+00  0.000000E+00  0.000000E+00  0.000000E+00
  2.240000E-01  1.835899E+00  7.631332E-01  0.000000E+00  0.000000E+00  0.000000E+00  0.000000E+00  0.000000E+00  0.000000E+00
  2.260000E-01  1.840822E+00  7.684237E-01  0.000000E+00  0.000000E+00  0.000000E+00  0.000000E+00  0.000000E+00  0.000000E+00
  2.280000E-01  1.845711E+00  7.736865E-01  0.000000E+00  0.000000E+00  0.000000E+00  0.000000E+00  0.000000E+00  0.000000E+00
  2.300000E-01  1.850566E+00  7.789220E-01  0.000000E+00  0.000000E+00  0.000000E+00  0.000000E+00  0.000000E+00  0.000000E+00
  2.320000E-01  1.855389E+00  7.841303E-01  0.000000E+00  0.000000E+00  0.000000E+00  0.000000E+00  0.000000E+00  0.000000E+00
  2.340000E-01  1.860179E+00  7.893117E-01  0.000000E+00  0.000000E+00  0.000000E+00  0.000000E+00  0.000000E+00  0.000000E+00
  2.360000E-01  1.864937E+00  7.944663E-01  0.000000E+00  0.000000E+00  0.000000E+00  0.000000E+00  0.000000E+00  0.000000E+00
  2.380000E-01  1.869664E+00  7.995945E-01  0.000000E+00  0.000000E+00  0.000000E+00  0.000000E+00  0.000000E+00  0.000000E+00
  2.400000E-01  1.874360E+00  8.046965E-01  0.000000E+00  0.000000E+00  0.000000E+00  0.000000E+00  0.000000E+00  0.000000E+00
  2.420000E-01  1.879025E+00  8.097724E-01  0.000000E+00  0.000000E+00  0.000000E+00  0.000000E+00  0.000000E+00  0.000000E+00
  2.440000E-01  1.883661E+00  8.148225E-01  0.000000E+00  0.000000E+00  0.000000E+00  0.000000E+00  0.000000E+00  0.000000E+00
  2.460000E-01  1.888266E+00  8.198471E-01  0.000000E+00  0.000000E+00  0.000000E+00  0.000000E+00  0.000000E+00  0.000000E+00
  2.480000E-01  1.892843E+00  8.248463E-01  0.000000E+00  0.000000E+00  0.000000E+00  0.000000E+00  0.000000E+00  0.000000E+00
  2.500000E-01  1.897391E+00  8.298205E-01  0.000000E+00  0.000000E+00  0.000000E+00  0.000000E+00  0.000000E+00  0.000000E+00
  2.520000E-01  1.901911E+00  8.347698E-01  0.000000E+00  0.000000E+00  0.000000E+00  0.000000E+00  0.000000E+00  0.000000E+00
  2.540000E-01  1.906403E+00  8.396945E-01  0.000000E+00  0.000000E+00  0.000000E+00  0.000000E+00  0.000000E+00  0.000000E+00
  2.560000E-01  1.910868E+00  8.445948E-01  0.000000E+00  0.000000E+00  0.000000E+00  0.000000E+00  0.000000E+00  0.000000E+00
  2.580000E-01  1.915305E+00  8.494709E-01  0.000000E+00  0.000000E+00  0.000000E+00  0.000000E+00  0.000000E+00  0.000000E+00
  2.600000E-01  1.919716E+00  8.543231E-01  0.000000E+00  0.000000E+00  0.000000E+00  0.000000E+00  0.000000E+00  0.000000E+00
  2.620000E-01  1.924101E+00  8.591515E-01  0.000000E+00  0.000000E+00  0.000000E+00  0.000000E+00  0.000000E+00  0.000000E+00
  2.640000E-01  1.928459E+00  8.639565E-01  0.000000E+00  0.000000E+00  0.000000E+00  0.000000E+00  0.000000E+00  0.000000E+00
  2.660000E-01  1.932792E+00  8.687381E-01  0.000000E+00  0.000000E+00  0.000000E+00  0.000000E+00  0.000000E+00  0.000000E+00
  2.680000E-01  1.937100E+00  8.734967E-01  0.000000E+00  0.000000E+00  0.000000E+00  0.000000E+00  0.000000E+00  0.000000E+00
  2.700000E-01  1.941383E+00  8.782324E-01  0.000000E+00  0.000000E+00  0.000000E+00  0.000000E+00  0.000000E+00  0.000000E+00
  2.720000E-01  1.945641E+00  8.829455E-01  0.000000E+00  0.000000E+00  0.000000E+00  0.000000E+00  0.000000E+00  0.000000E+00
  2.740000E-01  1.949875E+00  8.876362E-01  0.000000E+00  0.000000E+00  0.000000E+00  0.000000E+00  0.000000E+00  0.000000E+00
  2.760000E-01  1.954085E+00  8.923046E-01  0.000000E+00  0.000000E+00  0.000000E+00  0.000000E+00  0.000000E+00  0.000000E+00
  2.780000E-01  1.958272E+00  8.969510E-01  0.000000E+00  0.000000E+00  0.000000E+00  0.000000E+00  0.000000E+00  0.000000E+00
  2.800000E-01  1.962435E+00  9.015756E-01  0.000000E+00  0.000000E+00  0.000000E+00  0.000000E+00  0.000000E+00  0.000000E+00
  2.820000E-01  1.966575E+00  9.061786E-01  0.000000E+00  0.000000E+00  0.000000E+00  0.000000E+00  0.000000E+00  0.000000E+00
  2.840000E-01  1.970693E+00  9.107601E-01  0.000000E+00  0.000000E+00  0.000000E+00  0.000000E+00  0.000000E+00  0.000000E+00
  2.860000E-01  1.974788E+00  9.153204E-01  0.000000E+00  0.000000E+00  0.000000E+00  0.000000E+00  0.000000E+00  0.000000E+00
  2.880000E-01  1.978861E+00  9.198597E-01  0.000000E+00  0.000000E+00  0.000000E+00  0.000000E+00  0.000000E+00  0.000000E+00
  2.900000E-01  1.982913E+00  9.243781E-01  0.000000E+00  0.000000E+00  0.000000E+00  0.000000E+00  0.000000E+00  0.000000E+00
  2.920000E-01  1.986942E+00  9.288758E-01  0.000000E+00  0.000000E+00  0.000000E+00  0.000000E+00  0.000000E+00  0.000000E+00
  2.940000E-01  1.990951E+00  9.333531E-01  0.000000E+00  0.000000E+00  0.000000E+00  0.000000E+00  0.000000E+00  0.000000E+00
  2.960000E-01  1.994939E+00  9.378100E-01  0.000000E+00  0.000000E+00  0.000000E+00  0.000000E+00  0.000000E+00  0.000000E+00
  2.980000E-01  1.998905E+00  9.422469E-01  0.000000E+00  0.000000E+00  0.000000E+00  0.000000E+00  0.000000E+00  0.000000E+00
  3.000000E-01  2.002852E+00  9.466638E-01  0.000000E+00  0.000000E+00  0.000000E+00  0.000000E+00  0.000000E+00  0.000000E+00
  3.020000E-01  2.006778E+00  9.510609E-01  0.000000E+00  0.000000E+00  0.000000E+00  0.000000E+00  0.000000E+00  0.000000E+00
  3.040000E-01  2.010684E+00  9.554385E-01  0.000000E+00  0.000000E+00  0.000000E+00  0.000000E+00  0.000000E+00  0.000000E+00
  3.060000E-01  2.014571E+00  9.597966E-01  0.000000E+00  0.000000E+00  0.000000E+00  0.000000E+00  0.000000E+00  0.000000E+00
  3.080000E-01  2.018437E+00  9.641355E-01  0.000000E+00  0.000000E+00  0.000000E+00  0.000000E+00  0.000000E+00  0.000000E+00
  3.100000E-01  2.022285E+00  9.684552E-01  0.000000E+00  0.000000E+00  0.000000E+00  0.000000E+00  0.000000E+00  0.000000E+00
  3.120000E-01  2.026114E+00  9.727561E-01  0.000000E+00  0.000000E+00  0.000000E+00  0.000000E+00  0.000000E+00  0.000000E+00
  3.140000E-01  2.029924E+00  9.770381E-01  0.000000E+00  0.000000E+00  0.000000E+00  0.000000E+00  0.000000E+00  0.000000E+00
  3.160000E-01  2.033715E+00  9.813016E-01  0.000000E+00  0.000000E+00  0.000000E+00  0.000000E+00  0.000000E+00  0.000000E+00
  3.180000E-01  2.037488E+00  9.855466E-01  0.000000E+00  0.000000E+00  0.000000E+00  0.000000E+00  0.000000E+00  0.000000E+00
  3.200000E-01  2.041243E+00  9.897733E-01  0.000000E+00  0.000000E+00  0.000000E+00  0.000000E+00  0.000000E+00  0.000000E+00
  3.220000E-01  2.044979E+00  9.939819E-01  0.000000E+00  0.000000E+00  0.000000E+00  0.000000E+00  0.000000E+00  0.000000E+00
  3.240000E-01  2.048699E+00  9.981725E-01  0.000000E+00  0.000000E+00  0.000000E+00  0.000000E+00  0.000000E+00  0.000000E+00
  3.260000E-01  2.052400E+00  1.002345E+00  0.000000E+00  0.000000E+00  0.000000E+00  0.000000E+00  0.000000E+00  0.000000E+00
  3.280000E-01  2.056084E+00  1.006500E+00  0.000000E+00  0.000000E+00  0.000000E+00  0.000000E+00  0.000000E+00  0.000000E+00
  3.300000E-01  2.059752E+00  1.010638E+00  0.000000E+00  0.000000E+00  0.000000E+00  0.000000E+00  0.000000E+00  0.000000E+00
  3.320000E-01  2.063402E+00  1.014758E+00  0.000000E+00  0.000000E+00  0.000000E+00  0.000000E+00  0.000000E+00  0.000000E+00
  3.340000E-01  2.067035E+00  1.018861E+00  0.000000E+00  0.000000E+00  0.000000E+00  0.000000E+00  0.000000E+00  0.000000E+00
  3.360000E-01  2.070652E+00  1.022946E+00  0.000000E+00  0.000000E+00  0.000000E+00  0.000000E+00  0.000000E+00  0.000000E+00
  3.380000E-01  2.074253E+00  1.027015E+00  0.000000E+00  0.000000E+00  0.000000E+00  0.000000E+00  0.000000E+00  0.000000E+00
  3.400000E-01  2.077837E+00  1.031067E+00  0.000000E+00  0.000000E+00  0.000000E+00  0.000000E+00  0.000000E+00  0.000000E+00
  3.420000E-01  2.081406E+00  1.035102E+00  0.000000E+00  0.000000E+00  0.000000E+00  0.000000E+00  0.000000E+00  0.000000E+00
  3.440000E-01  2.084958E+00  1.039120E+00  0.000000E+00  0.000000E+00  0.000000E+00  0.000000E+00  0.000000E+00  0.000000E+00
  3.460000E-01  2.088495E+00  1.043122E+00  0.000000E+00  0.000000E+00  0.000000E+00  0.000000E+00  0.000000E+00  0.000000E+00
  3.480000E-01  2.092017E+00  1.047108E+00  0.000000E+00  0.000000E+00  0.000000E+00  0.000000E+00  0.000000E+00  0.000000E+00
  3.500000E-01  2.095523E+00  1.051078E+00  0.000000E+00  0.000000E+00  0.000000E+00  0.000000E+00  0.000000E+00  0.000000E+00
  3.520000E-01  2.099014E+00  1.055031E+00  0.000000E+00  0.000000E+00  0.000000E+00  0.000000E+00  0.000000E+00  0.000000E+00
  3.540000E-01  2.102490E+00  1.058969E+00  0.000000E+00  0.000000E+00  0.000000E+00  0.000000E+00  0.000000E+00  0.000000E+00
  3.560000E-01  2.105951E+00  1.062890E+00  0.000000E+00  0.000000E+00  0.000000E+00  0.000000E+00  0.000000E+00  0.000000E+00
  3.580000E-01  2.109397E+00  1.066796E+00  0.000000E+00  0.000000E+00  0.000000E+00  0.000000E+00  0.000000E+00  0.000000E+00
  3.600000E-01  2.112829E+00  1.070687E+00  0.000000E+00  0.000000E+00  0.000000E+00  0.000000E+00  0.000000E+00  0.000000E+00
  3.620000E-01  2.116247E+00  1.074562E+00  0.000000E+00  0.000000E+00  0.000000E+00  0.000000E+00  0.000000E+00  0.000000E+00
  3.640000E-01  2.119650E+00  1.078421E+00  0.000000E+00  0.000000E+00  0.000000E+00  0.000000E+00  0.000000E+00  0.000000E+00
  3.660000E-01  2.123040E+00  1.082265E+00  0.000000E+00  0.000000E+00  0.000000E+00  0.000000E+00  0.000000E+00  0.000000E+00
  3.680000E-01  2.126415E+00  1.086095E+00  0.000000E+00  0.000000E+00  0.000000E+00  0.000000E+00  0.000000E+00  0.000000E+00
  3.700000E-01  2.129777E+00  1.089909E+00  0.000000E+00  0.000000E+00  0.000000E+00  0.000000E+00  0.000000E+00  0.000000E+00
  3.720000E-01  2.133125E+00  1.093708E+00  0.000000E+00  0.000000E+00  0.000000E+00  0.000000E+00  0.000000E+00  0.000000E+00
  3.740000E-01  2.136459E+00  1.097493E+00  0.000000E+00  0.000000E+00  0.000000E+00  0.000000E+00  0.000000E+00  0.000000E+00
  3.760000E-01  2.139780E+00  1.101263E+00  0.000000E+00  0.000000E+00  0.000000E+00  0.000000E+00  0.000000E+00  0.000000E+00
  3.780000E-01  2.143088E+00  1.105018E+00  0.000000E+00  0.000000E+00  0.000000E+00  0.000000E+00  0.000000E+00  0.000000E+00
  3.800000E-01  2.146383E+00  1.108759E+00  0.000000E+00  0.000000E+00  0.000000E+00  0.000000E+00  0.000000E+00  0.000000E+00
  3.820000E-01  2.149665E+00  1.112485E+00  0.000000E+00  0.000000E+00  0.000000E+00  0.000000E+00  0.000000E+00  0.000000E+00
  3.840000E-01  2.152934E+00  1.116197E+00  0.000000E+00  0.000000E+00  0.000000E+00  0.000000E+00  0.000000E+00  0.000000E+00
  3.860000E-01  2.156190E+00  1.119895E+00  0.000000E+00  0.000000E+00  0.000000E+00  0.000000E+00  0.000000E+00  0.000000E+00
  3.880000E-01  2.159434E+00  1.123580E+00  0.000000E+00  0.000000E+00  0.000000E+00  0.000000E+00  0.000000E+00  0.000000E+00
  3.900000E-01  2.162665E+00  1.127250E+00  0.000000E+00  0.000000E+00  0.000000E+00  0.000000E+00  0.000000E+00  0.000000E+00
  3.920000E-01  2.165884E+00  1.130906E+00  0.000000E+00  0.000000E+00  0.000000E+00  0.000000E+00  0.000000E+00  0.000000E+00
  3.940000E-01  2.169091E+00  1.134548E+00  0.000000E+00  0.000000E+00  0.000000E+00  0.000000E+00  0.000000E+00  0.000000E+00
  3.960000E-01  2.172286E+00  1.138177E+00  0.000000E+00  0.000000E+00  0.000000E+00  0.000000E+00  0.000000E+00  0.000000E+00
  3.980000E-01  2.175469E+00  1.141793E+00  0.000000E+00  0.000000E+00  0.000000E+00  0.000000E+00  0.000000E+00  0.000000E+00
  4.000000E-01  2.178640E+00  1.145394E+00  0.000000E+00  0.000000E+00  0.000000E+00  0.000000E+00  0.000000E+00  0.000000E+00
  4.020000E-01  2.181799E+00  1.148983E+00  0.000000E+00  0.000000E+00  0.000000E+00  0.000000E+00  0.000000E+00  0.000000E+00
  4.040000E-01  2.184946E+00  1.152558E+00  0.000000E+00  0.000000E+00  0.000000E+00  0.000000E+00  0.000000E+00  0.000000E+00
  4.060000E-01  2.188082E+00  1.156120E+00  0.000000E+00  0.000000E+00  0.000000E+00  0.000000E+00  0.000000E+00  0.000000E+00
  4.080000E-01  2.191207E+00  1.159669E+00  0.000000E+00  0.000000E+00  0.000000E+00  0.000000E+00  0.000000E+00  0.000000E+00
  4.100000E-01  2.194320E+00  1.163205E+00  0.000000E+00  0.000000E+00  0.000000E+00  0.000000E+00  0.000000E+00  0.000000E+00
  4.120000E-01  2.197422E+00  1.166729E+00  0.000000E+00  0.000000E+00  0.000000E+00  0.000000E+00  0.000000E+00  0.000000E+00
  4.140000E-01  2.200513E+00  1.170239E+00  0.000000E+00  0.000000E+00  0.000000E+00  0.000000E+00  0.000000E+00  0.000000E+00
  4.160000E-01  2.203593E+00  1.173736E+00  0.000000E+00  0.000000E+00  0.000000E+00  0.000000E+00  0.000000E+00  0.000000E+00
  4.180000E-01  2.206662E+00  1.177221E+00  0.000000E+00  0.000000E+00  0.000000E+00  0.000000E+00  0.000000E+00  0.000000E+00
  4.200000E-01  2.209721E+00  1.180694E+00  0.000000E+00  0.000000E+00  0.000000E+00  0.000000E+00  0.000000E+00  0.000000E+00
  4.220000E-01  2.212768E+00  1.184154E+00  0.000000E+00  0.000000E+00  0.000000E+00  0.000000E+00  0.000000E+00  0.000000E+00
  4.240000E-01  2.215805E+00  1.187601E+00  0.000000E+00  0.000000E+00  0.000000E+00  0.000000E+00  0.000000E+00  0.000000E+00
  4.260000E-01  2.218832E+00  1.191037E+00  0.000000E+00  0.000000E+00  0.000000E+00  0.000000E+00  0.000000E+00  0.000000E+00
  4.280000E-01  2.221848E+00  1.194460E+00  0.000000E+00  0.000000E+00  0.000000E+00  0.000000E+00  0.000000E+00  0.000000E+00
  4.300000E-01  2.224854E+00  1.197871E+00  0.000000E+00  0.000000E+00  0.000000E+00  0.000000E+00  0.000000E+00  0.000000E+00
  4.320000E-01  2.227850E+00  1.201270E+00  0.000000E+00  0.000000E+00  0.000000E+00  0.000000E+00  0.000000E+00  0.000000E+00
  4.340000E-01  2.230835E+00  1.204657E+00  0.000000E+00  0.000000E+00  0.000000E+00  0.000000E+00  0.000000E+00  0.000000E+00
  4.360000E-01  2.233811E+00  1.208032E+00  0.000000E+00  0.000000E+00  0.000000E+00  0.000000E+00  0.000000E+00  0.000000E+00
  4.380000E-01  2.236776E+00  1.211395E+00  0.000000E+00  0.000000E+00  0.000000E+00  0.000000E+00  0.000000E+00  0.000000E+00
  4.400000E-01  2.239732E+00  1.214747E+00  0.000000E+00  0.000000E+00  0.000000E+00  0.000000E+00  0.000000E+00  0.000000E+00
  4.420000E-01  2.242678E+00  1.218086E+00  0.000000E+00  0.000000E+00  0.000000E+00  0.000000E+00  0.000000E+00  0.000000E+00
  4.440000E-01  2.245614E+00  1.221415E+00  0.000000E+00  0.000000E+00  0.000000E+00  0.000000E+00  0.000000E+00  0.000000E+00
  4.460000E-01  2.248541E+00  1.224732E+00  0.000000E+00  0.000000E+00  0.000000E+00  0.000000E+00  0.000000E+00  0.000000E+00
  4.480000E-01  2.251458E+00  1.228037E+00  0.000000E+00  0.000000E+00  0.000000E+00  0.000000E+00  0.000000E+00  0.000000E+00
  4.500000E-01  2.254365E+00  1.231331E+00  0.000000E+00  0.000000E+00  0.000000E+00  0.000000E+00  0.000000E+00  0.000000E+00
  4.520000E-01  2.253214E+00  1.237690E+00  0.000000E+00  3.626255E-01  0.000000E+00  0.000000E+00  0.000000E+00  0.000000E+00
  4.540000E-01  2.254130E+00  1.242434E+00  0.000000E+00  4.142063E-01  0.000000E+00  0.000000E+00  0.000000E+00  0.000000E+00
  4.560000E-01  2.254913E+00  1.247243E+00  0.000000E+00  4.578677E-01  0.000000E+00  0.000000E+00  0.000000E+00  0.000000E+00
  4.580000E-01  2.255599E+00  1.252088E+00  0.000000E+00  4.960205E-01  0.000000E+00  0.000000E+00  0.000000E+00  0.000000E+00
  4.600000E-01  2.256211E+00  1.256952E+00  0.000000E+00  5.300747E-01  0.000000E+00  0.000000E+00  0.000000E+00  0.000000E+00
  4.620000E-01  2.256767E+00  1.261823E+00  0.000000E+00  5.609375E-01  0.000000E+00  0.000000E+00  0.000000E+00  0.000000E+00
  4.640000E-01  2.257277E+00  1.266691E+00  0.000000E+00  5.892329E-01  0.000000E+00  0.000000E+00  0.000000E+00  0.000000E+00
  4.660000E-01  2.257750E+00  1.271551E+00  0.000000E+00  6.154109E-01  0.000000E+00  0.000000E+00  0.000000E+00  0.000000E+00
  4.680000E-01  2.258194E+00  1.276397E+00  0.000000E+00  6.398081E-01  0.000000E+00  0.000000E+00  0.000000E+00  0.000000E+00
  4.700000E-01  2.258613E+00  1.281226E+00  0.000000E+00  6.626839E-01  0.000000E+00  0.000000E+00  0.000000E+00  0.000000E+00
  4.720000E-01  2.259012E+00  1.286036E+00  0.000000E+00  6.842427E-01  0.000000E+00  0.000000E+00  0.000000E+00  0.000000E+00
  4.740000E-01  2.259394E+00  1.290824E+00  0.000000E+00  7.046489E-01  0.000000E+00  0.000000E+00  0.000000E+00  0.000000E+00
  4.760000E-01  2.259762E+00  1.295589E+00  0.000000E+00  7.240369E-01  0.000000E+00  0.000000E+00  0.000000E+00  0.000000E+00
  4.780000E-01  2.260117E+00  1.300329E+00  0.000000E+00  7.425181E-01  0.000000E+00  0.000000E+00  0.000000E+00  0.000000E+00
  4.800000E-01  2.260462E+00  1.305045E+00  0.000000E+00  7.601859E-01  0.000000E+00  0.000000E+00  0.000000E+00  0.000000E+00
  4.820000E-01  2.260798E+00  1.309735E+00  0.000000E+00  7.771195E-01  0.000000E+00  0.000000E+00  0.000000E+00  0.000000E+00
  4.840000E-01  2.261127E+00  1.314398E+00  0.000000E+00  7.933869E-01  0.000000E+00  0.000000E+00  0.000000E+00  0.000000E+00
  4.860000E-01  2.261449E+00  1.319035E+00  0.000000E+00  8.090465E-01  0.000000E+00  0.000000E+00  0.000000E+00  0.000000E+00
  4.880000E-01  2.261765E+00  1.323646E+00  0.000000E+00  8.241492E-01  0.000000E+00  0.000000E+00  0.000000E+00  0.000000E+00
  4.900000E-01  2.262077E+00  1.328229E+00  0.000000E+00  8.387397E-01  0.000000E+00  0.000000E+00  0.000000E+00  0.000000E+00
  4.920000E-01  2.262384E+00  1.332786E+00  0.000000E+00  8.528571E-01  0.000000E+00  0.000000E+00  0.000000E+00  0.000000E+00
  4.940000E-01  2.262992E+00  1.336880E+00  0.000000E+00  8.533809E-01  0.000000E+00  0.000000E+00  2.994335E-01  0.000000E+00
  4.960000E-01  2.263473E+00  1.341131E+00  0.000000E+00  8.593561E-01  0.000000E+00  0.000000E+00  3.494600E-01  0.000000E+00
  4.980000E-01  2.263973E+00  1.345325E+00  0.000000E+00  8.642743E-01  0.000000E+00  0.000000E+00  3.926598E-01  0.000000E+00
  5.000000E-01  2.264490E+00  1.349470E+00  0.000000E+00  8.683118E-01  0.000000E+00  0.000000E+00  4.311486E-01  0.000000E+00
  5.020000E-01  2.265021E+00  1.353568E+00  0.000000E+00  8.715922E-01  0.000000E+00  0.000000E+00  4.661337E-01  0.000000E+00
  5.040000E-01  2.265565E+00  1.357624E+00  0.000000E+00  8.742077E-01  0.000000E+00  0.000000E+00  4.983810E-01  0.000000E+00
  5.060000E-01  2.266120E+00  1.361639E+00  0.000000E+00  8.762293E-01  0.000000E+00  0.000000E+00  5.284128E-01  0.000000E+00
  5.080000E-01  2.266685E+00  1.365616E+00  0.000000E+00  8.777132E-01  0.000000E+00  0.000000E+00  5.566040E-01  0.000000E+00
  5.100000E-01  2.267260E+00  1.369556E+00  0.000000E+00  8.787049E-01  0.000000E+00  0.000000E+00  5.832348E-01  0.000000E+00
  5.120000E-01  2.267843E+00  1.373463E+00  0.000000E+00  8.792415E-01  0.000000E+00  0.000000E+00  6.085208E-01  0.000000E+00
  5.140000E-01  2.268434E+00  1.377336E+00  0.000000E+00  8.793541E-01  0.000000E+00  0.000000E+00  6.326325E-01  0.000000E+00
  5.160000E-01  2.269031E+00  1.381177E+00  0.000000E+00  8.790684E-01  0.000000E+00  0.000000E+00  6.557072E-01  0.000000E+00
  5.180000E-01  2.269636E+00  1.384987E+00  0.000000E+00  8.784060E-01  0.000000E+00  0.000000E+00  6.778575E-01  0.000000E+00
  5.200000E-01  2.270246E+00  1.388768E+00  0.000000E+00  8.773851E-01  0.000000E+00  0.000000E+00  6.991773E-01  0.000000E+00
  5.220000E-01  2.270863E+00  1.392520E+00  0.000000E+00  8.760212E-01  0.000000E+00  0.000000E+00  7.197455E-01  0.000000E+00
  5.240000E-01  2.271485E+00  1.396244E+00  0.000000E+00  8.743273E-01  0.000000E+00  0.000000E+00  7.396297E-01  0.000000E+00
  5.260000E-01  2.272112E+00  1.399942E+00  0.000000E+00  8.723141E-01  0.000000E+00  0.000000E+00  7.588876E-01  0.000000E+00
  5.280000E-01  2.272743E+00  1.403613E+00  0.000000E+00  8.699908E-01  0.000000E+00  0.000000E+00  7.775697E-01  0.000000E+00
  5.300000E-01  2.273380E+00  1.407259E+00  0.000000E+00  8.673646E-01  0.000000E+00  0.000000E+00  7.957198E-01  0.000000E+00
  5.320000E-01  2.274020E+00  1.410880E+00  0.000000E+00  8.644418E-01  0.000000E+00  0.000000E+00  8.133766E-01  0.000000E+00
  5.340000E-01  2.274665E+00  1.414476E+00  0.000000E+00  8.612268E-01  0.000000E+00  0.000000E+00  8.305745E-01  0.000000E+00
  5.360000E-01  2.275314E+00  1.418049E+00  0.000000E+00  8.577232E-01  0.000000E+00  0.000000E+00  8.473437E-01  0.000000E+00
  5.380000E-01  2.275966E+00  1.421600E+00  0.000000E+00  8.539335E-01  0.000000E+00  0.000000E+00  8.637117E-01  0.000000E+00
  5.400000E-01  2.276622E+00  1.425127E+00  0.000000E+00  8.498591E-01  0.000000E+00  0.000000E+00  8.797027E-01  0.000000E+00
  5.420000E-01  2.277281E+00  1.428633E+00  0.000000E+00  8.455003E-01  0.000000E+00  0.000000E+00  8.953390E-01  0.000000E+00
  5.440000E-01  2.277943E+00  1.432117E+00  0.000000E+00  8.408567E-01  0.000000E+00  0.000000E+00  9.106403E-01  0.000000E+00
  5.460000E-01  2.278608E+00  1.435580E+00  0.000000E+00  8.359271E-01  0.000000E+00  0.000000E+00  9.256247E-01  0.000000E+00
  5.480000E-01  2.279276E+00  1.439023E+00  0.000000E+00  8.307092E-01  0.000000E+00  0.000000E+00  9.403088E-01  0.000000E+00
  5.500000E-01  2.279946E+00  1.442446E+00  0.000000E+00  8.252002E-01  0.000000E+00  0.000000E+00  9.547073E-01  0.000000E+00
  5.520000E-01  2.280619E+00  1.445849E+00  0.000000E+00  8.193962E-01  0.000000E+00  0.000000E+00  9.688339E-01  0.000000E+00
  5.540000E-01  2.281294E+00  1.449233E+00  0.000000E+00  8.132927E-01  0.000000E+00  0.000000E+00  9.827010E-01  0.000000E+00
  5.560000E-01  2.281972E+00  1.452598E+00  0.000000E+00  8.068844E-01  0.000000E+00  0.000000E+00  9.963200E-01  0.000000E+00
  5.580000E-01  2.282650E+00  1.455945E+00  0.000000E+00  8.001653E-01  0.000000E+00  0.000000E+00  1.009701E+00  0.000000E+00
  5.600000E-01  2.283331E+00  1.459274E+00  0.000000E+00  7.931285E-01  0.000000E+00  0.000000E+00  1.022854E+00  0.000000E+00
  5.620000E-01  2.284013E+00  1.462586E+00  0.000000E+00  7.857665E-01  0.000000E+00  0.000000E+00  1.035787E+00  0.000000E+00
  5.640000E-01  2.284696E+00  1.465881E+00  0.000000E+00  7.780710E-01  0.000000E+00  0.000000E+00  1.048508E+00  0.000000E+00
  5.660000E-01  2.285380E+00  1.469160E+00  0.000000E+00  7.700329E-01  0.000000E+00  0.000000E+00  1.061024E+00  0.000000E+00
  5.680000E-01  2.286064E+00  1.472422E+00  0.000000E+00  7.616424E-01  0.000000E+00  0.000000E+00  1.073342E+00  0.000000E+00
  5.700000E-01  2.286748E+00  1.475670E+00  0.000000E+00  7.528891E-01  0.000000E+00  0.000000E+00  1.085466E+00  0.000000E+00
  5.720000E-01  2.287432E+00  1.478902E+00  0.000000E+00  7.437618E-01  0.000000E+00  0.000000E+00  1.097402E+00  0.000000E+00
  5.740000E-01  2.288115E+00  1.482120E+00  0.000000E+00  7.342487E-01  0.000000E+00  0.000000E+00  1.109155E+00  0.000000E+00
  5.760000E-01  2.288797E+00  1.485324E+00  0.000000E+00  7.243372E-01  0.000000E+00  0.000000E+00  1.120728E+00  0.000000E+00
  5.780000E-01  2.289477E+00  1.488515E+00  0.000000E+00  7.140146E-01  0.000000E+00  0.000000E+00  1.132124E+00  0.000000E+00
  5.800000E-01  2.290154E+00  1.491694E+00  0.000000E+00  7.032673E-01  0.000000E+00  0.000000E+00  1.143345E+00  0.000000E+00
  5.820000E-01  2.290829E+00  1.494861E+00  0.000000E+00  6.920816E-01  0.000000E+00  0.000000E+00  1.154394E+00  0.000000E+00
  5.840000E-01  2.291500E+00  1.498017E+00  0.000000E+00  6.804432E-01  0.000000E+00  0.000000E+00  1.165271E+00  0.000000E+00
  5.860000E-01  2.292166E+00  1.501162E+00  0.000000E+00  6.683381E-01  0.000000E+00  0.000000E+00  1.175978E+00  0.000000E+00
  5.880000E-01  2.292826E+00  1.504298E+00  0.000000E+00  6.557519E-01  0.000000E+00  0.000000E+00  1.186515E+00  0.000000E+00
  5.900000E-01  2.293480E+00  1.507426E+00  0.000000E+00  6.426707E-01  0.000000E+00  0.000000E+00  1.196881E+00  0.000000E+00
  5.920000E-01  2.294127E+00  1.510547E+00  0.000000E+00  6.290807E-01  0.000000E+00  0.000000E+00  1.207075E+00  0.000000E+00
  5.940000E-01  2.294764E+00  1.513660E+00  0.000000E+00  6.149688E-01  0.000000E+00  0.000000E+00  1.217096E+00  0.000000E+00
  5.960000E-01  2.295392E+00  1.516769E+00  0.000000E+00  6.003225E-01  0.000000E+00  0.000000E+00  1.226943E+00  0.000000E+00
  5.980000E-01  2.296009E+00  1.519873E+00  0.000000E+00  5.851301E-01  0.000000E+00  0.000000E+00  1.236612E+00  0.000000E+00
  6.000000E-01  2.296613E+00  1.522973E+00  0.000000E+00  5.693808E-01  0.000000E+00  0.000000E+00  1.246102E+00  0.000000E+00
  6.020000E-01  2.297204E+00  1.526072E+00  0.000000E+00  5.530645E-01  0.000000E+00  0.000000E+00  1.255410E+00  0.000000E+00
  6.040000E-01  2.297779E+00  1.529169E+00  0.000000E+00  5.361720E-01  0.000000E+00  0.000000E+00  1.264534E+00  0.000000E+00
  6.060000E-01  2.298338E+00  1.532267E+00  0.000000E+00  5.186942E-01  0.000000E+00  0.000000E+00  1.273471E+00  0.000000E+00
  6.080000E-01  2.298879E+00  1.535365E+00  0.000000E+00  5.006218E-01  0.000000E+00  0.000000E+00  1.282219E+00  0.000000E+00
  6.100000E-01  2.299402E+00  1.538466E+00  0.000000E+00  4.819445E-01  0.000000E+00  0.000000E+00  1.290776E+00  0.000000E+00
  6.120000E-01  2.299904E+00  1.541570E+00  0.000000E+00  4.626495E-01  0.000000E+00  0.000000E+00  1.299141E+00  0.000000E+00
  6.140000E-01  2.300384E+00  1.544678E+00  0.000000E+00  4.427201E-01  0.000000E+00  0.000000E+00  1.307313E+00  0.000000E+00
  6.160000E-01  2.300843E+00  1.547791E+00  0.000000E+00  4.221335E-01  0.000000E+00  0.000000E+00  1.315292E+00  0.000000E+00
  6.180000E-01  2.301279E+00  1.550909E+00  0.000000E+00  4.008572E-01  0.000000E+00  0.000000E+00  1.323078E+00  0.000000E+00
  6.200000E-01  2.301691E+00  1.554033E+00  0.000000E+00  3.788458E-01  0.000000E+00  0.000000E+00  1.330673E+00  0.000000E+00
  6.220000E-01  2.302080E+00  1.557163E+00  0.000000E+00  3.560344E-01  0.000000E+00  0.000000E+00  1.338079E+00  0.000000E+00
  6.240000E-01  2.302444E+00  1.560299E+00  0.000000E+00  3.323310E-01  0.000000E+00  0.000000E+00  1.345299E+00  0.000000E+00
  6.260000E-01  2.302784E+00  1.563442E+00  0.000000E+00  3.076030E-01  0.000000E+00  0.000000E+00  1.352336E+00  0.000000E+00
  6.280000E-01  2.303100E+00  1.566591E+00  0.000000E+00  2.816570E-01  0.000000E+00  0.000000E+00  1.359194E+00  0.000000E+00
  6.300000E-01  2.303391E+00  1.569747E+00  0.000000E+00  2.542022E-01  0.000000E+00  0.000000E+00  1.365876E+00  0.000000E+00
  6.320000E-01  2.303658E+00  1.572910E+00  0.000000E+00  2.247801E-01  0.000000E+00  0.000000E+00  1.372386E+00  0.000000E+00
  6.340000E-01  2.303901E+00  1.576079E+00  0.000000E+00  1.926105E-01  0.000000E+00  0.000000E+00  1.378727E+00  0.000000E+00
  6.360000E-01  2.304119E+00  1.579256E+00  0.000000E+00  1.561876E-01  0.000000E+00  0.000000E+00  1.384901E+00  0.000000E+00
  6.380000E-01  2.304311E+00  1.582440E+00  0.000000E+00  1.118096E-01  0.000000E+00  0.000000E+00  1.390906E+00  0.000000E+00
  6.400000E-01  2.304475E+00  1.585633E+00  0.000000E+00  0.000000E+00  0.000000E+00  0.000000E+00  1.396734E+00  0.000000E+00
  6.420000E-01  2.304602E+00  1.588842E+00  0.000000E+00  0.000000E+00  0.000000E+00  0.000000E+00  1.402339E+00  0.000000E+00
  6.440000E-01  2.304726E+00  1.592042E+00  0.000000E+00  0.000000E+00  0.000000E+00  0.000000E+00  1.407902E+00  0.000000E+00
  6.460000E-01  2.304848E+00  1.595233E+00  0.000000E+00  0.000000E+00  0.000000E+00  0.000000E+00  1.413424E+00  0.000000E+00
  6.480000E-01  2.304968E+00  1.598414E+00  0.000000E+00  0.000000E+00  0.000000E+00  0.000000E+00  1.418905E+00  0.000000E+00
  6.500000E-01  2.305086E+00  1.601586E+00  0.000000E+00  0.000000E+00  0.000000E+00  0.000000E+00  1.424345E+00  0.000000E+00
  6.520000E-01  2.305201E+00  1.604748E+00  0.000000E+00  0.000000E+00  0.000000E+00  0.000000E+00  1.429746E+00  0.000000E+00
  6.540000E-01  2.305314E+00  1.607902E+00  0.000000E+00  0.000000E+00  0.000000E+00  0.000000E+00  1.435108E+00  0.000000E+00
  6.560000E-01  2.305424E+00  1.611046E+00  0.000000E+00  0.000000E+00  0.000000E+00  0.000000E+00  1.440432E+00  0.000000E+00
  6.580000E-01  2.305533E+00  1.614182E+00  0.000000E+00  0.000000E+00  0.000000E+00  0.000000E+00  1.445718E+00  0.000000E+00
  6.600000E-01  2.305639E+00  1.617309E+00  0.000000E+00  0.000000E+00  0.000000E+00  0.000000E+00  1.450967E+00  0.000000E+00
  6.620000E-01  2.305462E+00  1.619823E+00  2.421755E-01  0.000000E+00  0.000000E+00  0.000000E+00  1.455400E+00  0.000000E+00
  6.640000E-01  2.305467E+00  1.622727E+00  2.672535E-01  0.000000E+00  0.000000E+00  0.000000E+00  1.460316E+00  0.000000E+00
  6.660000E-01  2.305462E+00  1.625605E+00  2.901719E-01  0.000000E+00  0.000000E+00  0.000000E+00  1.465175E+00  0.000000E+00
  6.680000E-01  2.305446E+00  1.628457E+00  3.114055E-01  0.000000E+00  0.000000E+00  0.000000E+00  1.469979E+00  0.000000E+00
  6.700000E-01  2.305421E+00  1.631286E+00  3.312765E-01  0.000000E+00  0.000000E+00  0.000000E+00  1.474732E+00  0.000000E+00
  6.720000E-01  2.305387E+00  1.634093E+00  3.500157E-01  0.000000E+00  0.000000E+00  0.000000E+00  1.479436E+00  0.000000E+00
  6.740000E-01  2.305345E+00  1.636878E+00  3.677949E-01  0.000000E+00  0.000000E+00  0.000000E+00  1.484093E+00  0.000000E+00
  6.760000E-01  2.305294E+00  1.639644E+00  3.847462E-01  0.000000E+00  0.000000E+00  0.000000E+00  1.488703E+00  0.000000E+00
  6.780000E-01  2.305236E+00  1.642390E+00  4.009739E-01  0.000000E+00  0.000000E+00  0.000000E+00  1.493269E+00  0.000000E+00
  6.800000E-01  2.305170E+00  1.645117E+00  4.165617E-01  0.000000E+00  0.000000E+00  0.000000E+00  1.497793E+00  0.000000E+00
  6.820000E-01  2.305097E+00  1.647825E+00  4.315785E-01  0.000000E+00  0.000000E+00  0.000000E+00  1.502274E+00  0.000000E+00
  6.840000E-01  2.305017E+00  1.650517E+00  4.460814E-01  0.000000E+00  0.000000E+00  0.000000E+00  1.506715E+00  0.000000E+00
  6.860000E-01  2.304930E+00  1.653191E+00  4.601185E-01  0.000000E+00  0.000000E+00  0.000000E+00  1.511116E+00  0.000000E+00
  6.880000E-01  2.304836E+00  1.655849E+00  4.737309E-01  0.000000E+00  0.000000E+00  0.000000E+00  1.515479E+00  0.000000E+00
  6.900000E-01  2.304736E+00  1.658491E+00  4.869537E-01  0.000000E+00  0.000000E+00  0.000000E+00  1.519805E+00  0.000000E+00
  6.920000E-01  2.304630E+00  1.661118E+00  4.998176E-01  0.000000E+00  0.000000E+00  0.000000E+00  1.524094E+00  0.000000E+00
  6.940000E-01  2.304518E+00  1.663729E+00  5.123493E-01  0.000000E+00  0.000000E+00  0.000000E+00  1.528347E+00  0.000000E+00
  6.960000E-01  2.304401E+00  1.666326E+00  5.245724E-01  0.000000E+00  0.000000E+00  0.000000E+00  1.532565E+00  0.000000E+00
  6.980000E-01  2.304277E+00  1.668908E+00  5.365078E-01  0.000000E+00  0.000000E+00  0.000000E+00  1.536749E+00  0.000000E+00
  7.000000E-01  2.304148E+00  1.671476E+00  5.481740E-01  0.000000E+00  0.000000E+00  0.000000E+00  1.540900E+00  0.000000E+00
  7.020000E-01  2.304014E+00  1.674031E+00  5.595876E-01  0.000000E+00  0.000000E+00  0.000000E+00  1.545018E+00  0.000000E+00
  7.040000E-01  2.303874E+00  1.676572E+00  5.707637E-01  0.000000E+00  0.000000E+00  0.000000E+00  1.549104E+00  0.000000E+00
  7.060000E-01  2.303729E+00  1.679100E+00  5.817157E-01  0.000000E+00  0.000000E+00  0.000000E+00  1.553158E+00  0.000000E+00
  7.080000E-01  2.303579E+00  1.681615E+00  5.924560E-01  0.000000E+00  0.000000E+00  0.000000E+00  1.557182E+00  0.000000E+00
  7.100000E-01  2.303424E+00  1.684118E+00  6.029957E-01  0.000000E+00  0.000000E+00  0.000000E+00  1.561176E+00  0.000000E+00
  7.120000E-01  2.303264E+00  1.686608E+00  6.133451E-01  0.000000E+00  0.000000E+00  0.000000E+00  1.565140E+00  0.000000E+00
  7.140000E-01  2.303099E+00  1.689087E+00  6.235136E-01  0.000000E+00  0.000000E+00  0.000000E+00  1.569075E+00  0.000000E+00
  7.160000E-01  2.302930E+00  1.691553E+00  6.335096E-01  0.000000E+00  0.000000E+00  0.000000E+00  1.572981E+00  0.000000E+00
  7.180000E-01  2.302756E+00  1.694008E+00  6.433413E-01  0.000000E+00  0.000000E+00  0.000000E+00  1.576859E+00  0.000000E+00
  7.200000E-01  2.302577E+00  1.696452E+00  6.530158E-01  0.000000E+00  0.000000E+00  0.000000E+00  1.580710E+00  0.000000E+00
  7.220000E-01  2.302394E+00  1.698884E+00  6.625401E-01  0.000000E+00  0.000000E+00  0.000000E+00  1.584534E+00  0.000000E+00
  7.240000E-01  2.302207E+00  1.701306E+00  6.719204E-01  0.000000E+00  0.000000E+00  0.000000E+00  1.588331E+00  0.000000E+00
  7.260000E-01  2.302015E+00  1.703717E+00  6.811627E-01  0.000000E+00  0.000000E+00  0.000000E+00  1.592102E+00  0.000000E+00
  7.280000E-01  2.301820E+00  1.706117E+00  6.902724E-01  0.000000E+00  0.000000E+00  0.000000E+00  1.595848E+00  0.000000E+00
  7.300000E-01  2.301620E+00  1.708507E+00  6.992546E-01  0.000000E+00  0.000000E+00  0.000000E+00  1.599568E+00  0.000000E+00
  7.320000E-01  2.301416E+00  1.710886E+00  7.081142E-01  0.000000E+00  0.000000E+00  0.000000E+00  1.603263E+00  0.000000E+00
  7.340000E-01  2.301208E+00  1.713256E+00  7.168556E-01  0.000000E+00  0.000000E+00  0.000000E+00  1.606934E+00  0.000000E+00
  7.360000E-01  2.300996E+00  1.715615E+00  7.254831E-01  0.000000E+00  0.000000E+00  0.000000E+00  1.610580E+00  0.000000E+00
  7.380000E-01  2.300781E+00  1.717965E+00  7.340007E-01  0.000000E+00  0.000000E+00  0.000000E+00  1.614203E+00  0.000000E+00
  7.400000E-01  2.300561E+00  1.720306E+00  7.424120E-01  0.000000E+00  0.000000E+00  0.000000E+00  1.617803E+00  0.000000E+00
  7.420000E-01  2.300338E+00  1.722637E+00  7.507207E-01  0.000000E+00  0.000000E+00  0.000000E+00  1.621379E+00  0.000000E+00
  7.440000E-01  2.300111E+00  1.724959E+00  7.589302E-01  0.000000E+00  0.000000E+00  0.000000E+00  1.624933E+00  0.000000E+00
  7.460000E-01  2.299880E+00  1.727272E+00  7.670434E-01  0.000000E+00  0.000000E+00  0.000000E+00  1.628464E+00  0.000000E+00
  7.480000E-01  2.299646E+00  1.729575E+00  7.750635E-01  0.000000E+00  0.000000E+00  0.000000E+00  1.631974E+00  0.000000E+00
  7.500000E-01  2.299409E+00  1.731870E+00  7.829934E-01  0.000000E+00  0.000000E+00  0.000000E+00  1.635462E+00  0.000000E+00
  7.520000E-01  2.299168E+00  1.734157E+00  7.908356E-01  0.000000E+00  0.000000E+00  0.000000E+00  1.638928E+00  0.000000E+00
  7.540000E-01  2.298923E+00  1.736434E+00  7.985928E-01  0.000000E+00  0.000000E+00  0.000000E+00  1.642373E+00  0.000000E+00
  7.560000E-01  2.298675E+00  1.738704E+00  8.062674E-01  0.000000E+00  0.000000E+00  0.000000E+00  1.645798E+00  0.000000E+00
  7.580000E-01  2.298424E+00  1.740965E+00  8.138617E-01  0.000000E+00  0.000000E+00  0.000000E+00  1.649202E+00  0.000000E+00
  7.600000E-01  2.298169E+00  1.743217E+00  8.213780E-01  0.000000E+00  0.000000E+00  0.000000E+00  1.652586E+00  0.000000E+00
  7.620000E-01  2.297911E+00  1.745462E+00  8.288184E-01  0.000000E+00  0.000000E+00  0.000000E+00  1.655950E+00  0.000000E+00
  7.640000E-01  2.297650E+00  1.747699E+00  8.361848E-01  0.000000E+00  0.000000E+00  0.000000E+00  1.659294E+00  0.000000E+00
  7.660000E-01  2.297386E+00  1.749928E+00  8.434793E-01  0.000000E+00  0.000000E+00  0.000000E+00  1.662619E+00  0.000000E+00
  7.680000E-01  2.297119E+00  1.752149E+00  8.507036E-01  0.000000E+00  0.000000E+00  0.000000E+00  1.665924E+00  0.000000E+00
  7.700000E-01  2.296848E+00  1.754363E+00  8.578596E-01  0.000000E+00  0.000000E+00  0.000000E+00  1.669211E+00  0.000000E+00
  7.720000E-01  2.296575E+00  1.756569E+00  8.649489E-01  0.000000E+00  0.000000E+00  0.000000E+00  1.672479E+00  0.000000E+00
  7.740000E-01  2.296298E+00  1.758767E+00  8.719732E-01  0.000000E+00  0.000000E+00  0.000000E+00  1.675728E+00  0.000000E+00
  7.760000E-01  2.296019E+00  1.760958E+00  8.789340E-01  0.000000E+00  0.000000E+00  0.000000E+00  1.678959E+00  0.000000E+00
  7.780000E-01  2.295736E+00  1.763142E+00  8.858328E-01  0.000000E+00  0.000000E+00  0.000000E+00  1.682173E+00  0.000000E+00
  7.800000E-01  2.295451E+00  1.765319E+00  8.926711E-01  0.000000E+00  0.000000E+00  0.000000E+00  1.685368E+00  0.000000E+00
  7.820000E-01  2.295163E+00  1.767489E+00  8.994502E-01  0.000000E+00  0.000000E+00  0.000000E+00  1.688546E+00  0.000000E+00
  7.840000E-01  2.294872E+00  1.769652E+00  9.061716E-01  0.000000E+00  0.000000E+00  0.000000E+00  1.691707E+00  0.000000E+00
  7.860000E-01  2.294578E+00  1.771808E+00  9.128363E-01  0.000000E+00  0.000000E+00  0.000000E+00  1.694850E+00  0.000000E+00
  7.880000E-01  2.294282E+00  1.773957E+00  9.194458E-01  0.000000E+00  0.000000E+00  0.000000E+00  1.697977E+00  0.000000E+00
  7.900000E-01  2.293982E+00  1.776100E+00  9.260012E-01  0.000000E+00  0.000000E+00  0.000000E+00  1.701087E+00  0.000000E+00
  7.920000E-01  2.293680E+00  1.778236E+00  9.325037E-01  0.000000E+00  0.000000E+00  0.000000E+00  1.704180E+00  0.000000E+00
  7.940000E-01  2.293376E+00  1.780365E+00  9.389543E-01  0.000000E+00  0.000000E+00  0.000000E+00  1.707257E+00  0.000000E+00
  7.960000E-01  2.293068E+00  1.782488E+00  9.453541E-01  0.000000E+00  0.000000E+00  0.000000E+00  1.710317E+00  0.000000E+00
  7.980000E-01  2.292758E+00  1.784605E+00  9.517042E-01  0.000000E+00  0.000000E+00  0.000000E+00  1.713362E+00  0.000000E+00
  8.000000E-01  2.292446E+00  1.786715E+00  9.580055E-01  0.000000E+00  0.000000E+00  0.000000E+00  1.716391E+00  0.000000E+00
  8.020000E-01  2.292131E+00  1.788819E+00  9.642591E-01  0.000000E+00  0.000000E+00  0.000000E+00  1.719405E+00  0.000000E+00
  8.040000E-01  2.291813E+00  1.790917E+00  9.704659E-01  0.000000E+00  0.000000E+00  0.000000E+00  1.722403E+00  0.000000E+00
  8.060000E-01  2.291493E+00  1.793009E+00  9.766267E-01  0.000000E+00  0.000000E+00  0.000000E+00  1.725385E+00  0.000000E+00
  8.080000E-01  2.291170E+00  1.795095E+00  9.827424E-01  0.000000E+00  0.000000E+00  0.000000E+00  1.728353E+00  0.000000E+00
  8.100000E-01  2.290845E+00  1.797175E+00  9.888139E-01  0.000000E+00  0.000000E+00  0.000000E+00  1.731305E+00  0.000000E+00
  8.120000E-01  2.290518E+00  1.799249E+00  9.948421E-01  0.000000E+00  0.000000E+00  0.000000E+00  1.734243E+00  0.000000E+00
  8.140000E-01  2.290188E+00  1.801318E+00  1.000828E+00  0.000000E+00  0.000000E+00  0.000000E+00  1.737166E+00  0.000000E+00
  8.160000E-01  2.289856E+00  1.803380E+00  1.006771E+00  0.000000E+00  0.000000E+00  0.000000E+00  1.740075E+00  0.000000E+00
  8.180000E-01  2.289521E+00  1.805437E+00  1.012674E+00  0.000000E+00  0.000000E+00  0.000000E+00  1.742969E+00  0.000000E+00
  8.200000E-01  2.289184E+00  1.807488E+00  1.018536E+00  0.000000E+00  0.000000E+00  0.000000E+00  1.745850E+00  0.000000E+00
  8.220000E-01  2.288845E+00  1.809534E+00  1.024359E+00  0.000000E+00  0.000000E+00  0.000000E+00  1.748716E+00  0.000000E+00
  8.240000E-01  2.288503E+00  1.811575E+00  1.030143E+00  0.000000E+00  0.000000E+00  0.000000E+00  1.751568E+00  0.000000E+00
  8.260000E-01  2.288159E+00  1.813610E+00  1.035888E+00  0.000000E+00  0.000000E+00  0.000000E+00  1.754407E+00  0.000000E+00
  8.280000E-01  2.287813E+00  1.815639E+00  1.041596E+00  0.000000E+00  0.000000E+00  0.000000E+00  1.757231E+00  0.000000E+00
  8.300000E-01  2.287465E+00  1.817664E+00  1.047267E+00  0.000000E+00  0.000000E+00  0.000000E+00  1.760043E+00  0.000000E+00
  8.320000E-01  2.287114E+00  1.819683E+00  1.052902E+00  0.000000E+00  0.000000E+00  0.000000E+00  1.762841E+00  0.000000E+00
  8.340000E-01  2.286762E+00  1.821697E+00  1.058500E+00  0.000000E+00  0.000000E+00  0.000000E+00  1.765626E+00  0.000000E+00
  8.360000E-01  2.286407E+00  1.823705E+00  1.064064E+00  0.000000E+00  0.000000E+00  0.000000E+00  1.768398E+00  0.000000E+00
  8.380000E-01  2.286050E+00  1.825709E+00  1.069593E+00  0.000000E+00  0.000000E+00  0.000000E+00  1.771157E+00  0.000000E+00
  8.400000E-01  2.285691E+00  1.827708E+00  1.075087E+00  0.000000E+00  0.000000E+00  0.000000E+00  1.773903E+00  0.000000E+00
  8.420000E-01  2.285330E+00  1.829701E+00  1.080549E+00  0.000000E+00  0.000000E+00  0.000000E+00  1.776636E+00  0.000000E+00
  8.440000E-01  2.284966E+00  1.831690E+00  1.085977E+00  0.000000E+00  0.000000E+00  0.000000E+00  1.779357E+00  0.000000E+00
  8.460000E-01  2.284601E+00  1.833674E+00  1.091372E+00  0.000000E+00  0.000000E+00  0.000000E+00  1.782065E+00  0.000000E+00
  8.480000E-01  2.284233E+00  1.835653E+00  1.096736E+00  0.000000E+00  0.000000E+00  0.000000E+00  1.784761E+00  0.000000E+00
  8.500000E-01  2.283864E+00  1.837628E+00  1.102068E+00  0.000000E+00  0.000000E+00  0.000000E+00  1.787445E+00  0.000000E+00
  8.520000E-01  2.283492E+00  1.839598E+00  1.107369E+00  0.000000E+00  0.000000E+00  0.000000E+00  1.790117E+00  0.000000E+00
  8.540000E-01  2.283119E+00  1.841563E+00  1.112639E+00  0.000000E+00  0.000000E+00  0.000000E+00  1.792776E+00  0.000000E+00
  8.560000E-01  2.282744E+00  1.843523E+00  1.117880E+00  0.000000E+00  0.000000E+00  0.000000E+00  1.795424E+00  0.000000E+00
  8.580000E-01  2.282366E+00  1.845479E+00  1.123090E+00  0.000000E+00  0.000000E+00  0.000000E+00  1.798060E+00  0.000000E+00
  8.600000E-01  2.281987E+00  1.847430E+00  1.128271E+00  0.000000E+00  0.000000E+00  0.000000E+00  1.800684E+00  0.000000E+00
  8.620000E-01  2.281605E+00  1.849377E+00  1.133424E+00  0.000000E+00  0.000000E+00  0.000000E+00  1.803297E+00  0.000000E+00
  8.640000E-01  2.281222E+00  1.851320E+00  1.138547E+00  0.000000E+00  0.000000E+00  0.000000E+00  1.805898E+00  0.000000E+00
  8.660000E-01  2.280837E+00  1.853258E+00  1.143643E+00  0.000000E+00  0.000000E+00  0.000000E+00  1.808488E+00  0.000000E+00
  8.680000E-01  2.280450E+00  1.855192E+00  1.148711E+00  0.000000E+00  0.000000E+00  0.000000E+00  1.811067E+00  0.000000E+00
  8.700000E-01  2.280061E+00  1.857121E+00  1.153752E+00  0.000000E+00  0.000000E+00  0.000000E+00  1.813634E+00  0.000000E+00
  8.720000E-01  2.279671E+00  1.859046E+00  1.158766E+00  0.000000E+00  0.000000E+00  0.000000E+00  1.816190E+00  0.000000E+00
  8.740000E-01  2.279278E+00  1.860967E+00  1.163753E+00  0.000000E+00  0.000000E+00  0.000000E+00  1.818736E+00  0.000000E+00
  8.760000E-01  2.278884E+00  1.862884E+00  1.168714E+00  0.000000E+00  0.000000E+00  0.000000E+00  1.821270E+00  0.000000E+00
  8.780000E-01  2.278487E+00  1.864797E+00  1.173649E+00  0.000000E+00  0.000000E+00  0.000000E+00  1.823794E+00  0.000000E+00
  8.800000E-01  2.278089E+00  1.866705E+00  1.178559E+00  0.000000E+00  0.000000E+00  0.000000E+00  1.826307E+00  0.000000E+00
  8.820000E-01  2.277690E+00  1.868610E+00  1.183444E+00  0.000000E+00  0.000000E+00  0.000000E+00  1.828809E+00  0.000000E+00
  8.840000E-01  2.277288E+00  1.870510E+00  1.188303E+00  0.000000E+00  0.000000E+00  0.000000E+00  1.831301E+00  0.000000E+00
  8.860000E-01  2.276885E+00  1.872407E+00  1.193138E+00  0.000000E+00  0.000000E+00  0.000000E+00  1.833782E+00  0.000000E+00
  8.880000E-01  2.276480E+00  1.874299E+00  1.197949E+00  0.000000E+00  0.000000E+00  0.000000E+00  1.836253E+00  0.000000E+00
  8.900000E-01  2.276073E+00  1.876188E+00  1.202736E+00  0.000000E+00  0.000000E+00  0.000000E+00  1.838714E+00  0.000000E+00
  8.920000E-01  2.275664E+00  1.878073E+00  1.207499E+00  0.000000E+00  0.000000E+00  0.000000E+00  1.841164E+00  0.000000E+00
  8.940000E-01  2.275254E+00  1.879954E+00  1.212239E+00  0.000000E+00  0.000000E+00  0.000000E+00  1.843604E+00  0.000000E+00
  8.960000E-01  2.274842E+00  1.881831E+00  1.216956E+00  0.000000E+00  0.000000E+00  0.000000E+00  1.846035E+00  0.000000E+00
  8.980000E-01  2.274429E+00  1.883705E+00  1.221651E+00  0.000000E+00  0.000000E+00  0.000000E+00  1.848455E+00  0.000000E+00
  9.000000E-01  2.274013E+00  1.885575E+00  1.226322E+00  0.000000E+00  0.000000E+00  0.000000E+00  1.850866E+00  0.000000E+00
  9.020000E-01  2.273596E+00  1.887441E+00  1.230972E+00  0.000000E+00  0.000000E+00  0.000000E+00  1.853266E+00  0.000000E+00
  9.040000E-01  2.273178E+00  1.889303E+00  1.235600E+00  0.000000E+00  0.000000E+00  0.000000E+00  1.855657E+00  0.000000E+00
  9.060000E-01  2.272758E+00  1.891162E+00  1.240206E+00  0.000000E+00  0.000000E+00  0.000000E+00  1.858039E+00  0.000000E+00
  9.080000E-01  2.272336E+00  1.893017E+00  1.244790E+00  0.000000E+00  0.000000E+00  0.000000E+00  1.860410E+00  0.000000E+00
  9.100000E-01  2.271912E+00  1.894869E+00  1.249353E+00  0.000000E+00  0.000000E+00  0.000000E+00  1.862773E+00  0.000000E+00
  9.120000E-01  2.271487E+00  1.896717E+00  1.253896E+00  0.000000E+00  0.000000E+00  0.000000E+00  1.865125E+00  0.000000E+00
  9.140000E-01  2.271061E+00  1.898561E+00  1.258418E+00  0.000000E+00  0.000000E+00  0.000000E+00  1.867469E+00  0.000000E+00
  9.160000E-01  2.270633E+00  1.900403E+00  1.262919E+00  0.000000E+00  0.000000E+00  0.000000E+00  1.869803E+00  0.000000E+00
  9.180000E-01  2.270203E+00  1.902240E+00  1.267400E+00  0.000000E+00  0.000000E+00  0.000000E+00  1.872128E+00  0.000000E+00
  9.200000E-01  2.269771E+00  1.904075E+00  1.271861E+00  0.000000E+00  0.000000E+00  0.000000E+00  1.874444E+00  0.000000E+00
  9.220000E-01  2.269339E+00  1.905906E+00  1.276302E+00  0.000000E+00  0.000000E+00  0.000000E+00  1.876750E+00  0.000000E+00
  9.240000E-01  2.268904E+00  1.907734E+00  1.280724E+00  0.000000E+00  0.000000E+00  0.000000E+00  1.879048E+00  0.000000E+00
  9.260000E-01  2.268468E+00  1.909558E+00  1.285127E+00  0.000000E+00  0.000000E+00  0.000000E+00  1.881337E+00  0.000000E+00
  9.280000E-01  2.268031E+00  1.911379E+00  1.289510E+00  0.000000E+00  0.000000E+00  0.000000E+00  1.883616E+00  0.000000E+00
  9.300000E-01  2.267592E+00  1.913197E+00  1.293875E+00  0.000000E+00  0.000000E+00  0.000000E+00  1.885887E+00  0.000000E+00
  9.320000E-01  2.267151E+00  1.915012E+00  1.298220E+00  0.000000E+00  0.000000E+00  0.000000E+00  1.888150E+00  0.000000E+00
  9.340000E-01  2.266709E+00  1.916823E+00  1.302548E+00  0.000000E+00  0.000000E+00  0.000000E+00  1.890403E+00  0.000000E+00
  9.360000E-01  2.266266E+00  1.918632E+00  1.306857E+00  0.000000E+00  0.000000E+00  0.000000E+00  1.892648E+00  0.000000E+00
  9.380000E-01  2.265821E+00  1.920437E+00  1.311148E+00  0.000000E+00  0.000000E+00  0.000000E+00  1.894884E+00  0.000000E+00
  9.400000E-01  2.265375E+00  1.922239E+00  1.315421E+00  0.000000E+00  0.000000E+00  0.000000E+00  1.897112E+00  0.000000E+00
  9.420000E-01  2.264927E+00  1.924038E+00  1.319676E+00  0.000000E+00  0.000000E+00  0.000000E+00  1.899331E+00  0.000000E+00
  9.440000E-01  2.264478E+00  1.925834E+00  1.323914E+00  0.000000E+00  0.000000E+00  0.000000E+00  1.901541E+00  0.000000E+00
  9.460000E-01  2.264027E+00  1.927627E+00  1.328134E+00  0.000000E+00  0.000000E+00  0.000000E+00  1.903744E+00  0.000000E+00
  9.480000E-01  2.263575E+00  1.929417E+00  1.332338E+00  0.000000E+00  0.000000E+00  0.000000E+00  1.905938E+00  0.000000E+00
  9.500000E-01  2.263121E+00  1.931204E+00  1.336524E+00  0.000000E+00  0.000000E+00  0.000000E+00  1.908123E+00  0.000000E+00
  9.520000E-01  2.262666E+00  1.932989E+00  1.340694E+00  0.000000E+00  0.000000E+00  0.000000E+00  1.910301E+00  0.000000E+00
  9.540000E-01  2.262210E+00  1.934770E+00  1.344847E+00  0.000000E+00  0.000000E+00  0.000000E+00  1.912470E+00  0.000000E+00
  9.560000E-01  2.261752E+00  1.936548E+00  1.348983E+00  0.000000E+00  0.000000E+00  0.000000E+00  1.914631E+00  0.000000E+00
  9.580000E-01  2.261293E+00  1.938324E+00  1.353103E+00  0.000000E+00  0.000000E+00  0.000000E+00  1.916784E+00  0.000000E+00
  9.600000E-01  2.260833E+00  1.940097E+00  1.357207E+00  0.000000E+00  0.000000E+00  0.000000E+00  1.918929E+00  0.000000E+00
  9.620000E-01  2.260371E+00  1.941867E+00  1.361295E+00  0.000000E+00  0.000000E+00  0.000000E+00  1.921067E+00  0.000000E+00
  9.640000E-01  2.259908E+00  1.943634E+00  1.365367E+00  0.000000E+00  0.000000E+00  0.000000E+00  1.923196E+00  0.000000E+00
  9.660000E-01  2.259443E+00  1.945399E+00  1.369424E+00  0.000000E+00  0.000000E+00  0.000000E+00  1.925317E+00  0.000000E+00
  9.680000E-01  2.258977E+00  1.947161E+00  1.373465E+00  0.000000E+00  0.000000E+00  0.000000E+00  1.927430E+00  0.000000E+00
  9.700000E-01  2.258510E+00  1.948920E+00  1.377490E+00  0.000000E+00  0.000000E+00  0.000000E+00  1.929536E+00  0.000000E+00
  9.720000E-01  2.258042E+00  1.950676E+00  1.381501E+00  0.000000E+00  0.000000E+00  0.000000E+00  1.931633E+00  0.000000E+00
  9.740000E-01  2.257572E+00  1.952430E+00  1.385496E+00  0.000000E+00  0.000000E+00  0.000000E+00  1.933723E+00  0.000000E+00
  9.760000E-01  2.257101E+00  1.954182E+00  1.389477E+00  0.000000E+00  0.000000E+00  0.000000E+00  1.935805E+00  0.000000E+00
  9.780000E-01  2.256628E+00  1.955931E+00  1.393443E+00  0.000000E+00  0.000000E+00  0.000000E+00  1.937880E+00  0.000000E+00
  9.800000E-01  2.256154E+00  1.957677E+00  1.397394E+00  0.000000E+00  0.000000E+00  0.000000E+00  1.939947E+00  0.000000E+00
  9.820000E-01  2.255680E+00  1.959421E+00  1.401330E+00  0.000000E+00  0.000000E+00  0.000000E+00  1.942006E+00  0.000000E+00
  9.840000E-01  2.255239E+00  1.960798E+00  1.404440E+00  0.000000E+00  0.000000E+00  0.000000E+00  1.943671E+00  2.343441E-01
  9.860000E-01  2.254792E+00  1.962221E+00  1.407649E+00  0.000000E+00  0.000000E+00  0.000000E+00  1.945381E+00  2.886005E-01
  9.880000E-01  2.254350E+00  1.963594E+00  1.410738E+00  0.000000E+00  0.000000E+00  0.000000E+00  1.947033E+00  3.330851E-01
  9.900000E-01  2.253911E+00  1.964926E+00  1.413732E+00  0.000000E+00  0.000000E+00  0.000000E+00  1.948637E+00  3.715069E-01
  9.920000E-01  2.253474E+00  1.966224E+00  1.416644E+00  0.000000E+00  0.000000E+00  0.000000E+00  1.950201E+00  4.056997E-01
  9.940000E-01  2.253040E+00  1.967492E+00  1.419485E+00  0.000000E+00  0.000000E+00  0.000000E+00  1.951729E+00  4.367290E-01
  9.960000E-01  2.252608E+00  1.968734E+00  1.422264E+00  0.000000E+00  0.000000E+00  0.000000E+00  1.953225E+00  4.652786E-01
  9.980000E-01  2.252178E+00  1.969953E+00  1.424986E+00  0.000000E+00  0.000000E+00  0.000000E+00  1.954692E+00  4.918181E-01
  1.000000E+00  2.251749E+00  1.971150E+00  1.427656E+00  0.000000E+00  0.000000E+00  0.000000E+00  1.956132E+00  5.166865E-01
  1.002000E+00  2.251321E+00  1.972328E+00  1.430279E+00  0.000000E+00  0.000000E+00  0.000000E+00  1.957548E+00  5.401378E-01
  1.004000E+00  2.250895E+00  1.973489E+00  1.432858E+00  0.000000E+00  0.000000E+00  0.000000E+00  1.958940E+00  5.623681E-01
  1.006000E+00  2.250471E+00  1.974633E+00  1.435397E+00  0.000000E+00  0.000000E+00  0.000000E+00  1.960310E+00  5.835328E-01
  1.008000E+00  2.250047E+00  1.975762E+00  1.437898E+00  0.000000E+00  0.000000E+00  0.000000E+00  1.961659E+00  6.037571E-01
  1.010000E+00  2.249625E+00  1.976877E+00  1.440363E+00  0.000000E+00  0.000000E+00  0.000000E+00  1.962989E+00  6.231438E-01
  1.012000E+00  2.249204E+00  1.977980E+00  1.442794E+00  0.000000E+00  0.000000E+00  0.000000E+00  1.964299E+00  6.417789E-01
  1.014000E+00  2.248784E+00  1.979070E+00  1.445195E+00  0.000000E+00  0.000000E+00  0.000000E+00  1.965591E+00  6.597347E-01
  1.016000E+00  2.248365E+00  1.980149E+00  1.447565E+00  0.000000E+00  0.000000E+00  0.000000E+00  1.966864E+00  6.770733E-01
  1.018000E+00  2.247947E+00  1.981219E+00  1.449907E+00  0.000000E+00  0.000000E+00  0.000000E+00  1.968118E+00  6.938499E-01
  1.020000E+00  2.247530E+00  1.982280E+00  1.452223E+00  0.000000E+00  0.000000E+00  0.000000E+00  1.969353E+00  7.101091E-01
  1.022000E+00  2.247114E+00  1.983331E+00  1.454512E+00  0.000000E+00  0.000000E+00  0.000000E+00  1.970575E+00  7.258858E-01
  1.024000E+00  2.246699E+00  1.984370E+00  1.456776E+00  0.000000E+00  0.000000E+00  0.000000E+00  1.971784E+00  7.412155E-01
  1.026000E+00  2.246284E+00  1.985399E+00  1.459016E+00  0.000000E+00  0.000000E+00  0.000000E+00  1.972981E+00  7.561297E-01
  1.028000E+00  2.245870E+00  1.986419E+00  1.461233E+00  0.000000E+00  0.000000E+00  0.000000E+00  1.974167E+00  7.706563E-01
  1.030000E+00  2.245456E+00  1.987429E+00  1.463427E+00  0.000000E+00  0.000000E+00  0.000000E+00  1.975341E+00  7.848203E-01
  1.032000E+00  2.245043E+00  1.988430E+00  1.465600E+00  0.000000E+00  0.000000E+00  0.000000E+00  1.976504E+00  7.986443E-01
  1.034000E+00  2.244630E+00  1.989422E+00  1.467752E+00  0.000000E+00  0.000000E+00  0.000000E+00  1.977657E+00  8.121486E-01
  1.036000E+00  2.244217E+00  1.990406E+00  1.469884E+00  0.000000E+00  0.000000E+00  0.000000E+00  1.978799E+00  8.253515E-01
  1.038000E+00  2.243805E+00  1.991382E+00  1.471997E+00  0.000000E+00  0.000000E+00  0.000000E+00  1.979932E+00  8.382699E-01
  1.040000E+00  2.243393E+00  1.992350E+00  1.474091E+00  0.000000E+00  0.000000E+00  0.000000E+00  1.981055E+00  8.509191E-01
  1.042000E+00  2.242982E+00  1.993310E+00  1.476167E+00  0.000000E+00  0.000000E+00  0.000000E+00  1.982168E+00  8.633129E-01
  1.044000E+00  2.242570E+00  1.994263E+00  1.478226E+00  0.000000E+00  0.000000E+00  0.000000E+00  1.983273E+00  8.754644E-01
  1.046000E+00  2.242160E+00  1.995209E+00  1.480267E+00  0.000000E+00  0.000000E+00  0.000000E+00  1.984369E+00  8.873852E-01
  1.048000E+00  2.241749E+00  1.996148E+00  1.482292E+00  0.000000E+00  0.000000E+00  0.000000E+00  1.985456E+00  8.990864E-01
  1.050000E+00  2.241339E+00  1.997080E+00  1.484301E+00  0.000000E+00  0.000000E+00  0.000000E+00  1.986535E+00  9.105781E-01
  1.052000E+00  2.240929E+00  1.998006E+00  1.486295E+00  0.000000E+00  0.000000E+00  0.000000E+00  1.987605E+00  9.218695E-01
  1.054000E+00  2.240519E+00  1.998925E+00  1.488273E+00  0.000000E+00  0.000000E+00  0.000000E+00  1.988668E+00  9.329696E-01
  1.056000E+00  2.240110E+00  1.999838E+00  1.490237E+00  0.000000E+00  0.000000E+00  0.000000E+00  1.989723E+00  9.438863E-01
  1.058000E+00  2.239701E+00  2.000745E+00  1.492186E+00  0.000000E+00  0.000000E+00  0.000000E+00  1.990770E+00  9.546273E-01
  1.060000E+00  2.239292E+00  2.001647E+00  1.494122E+00  0.000000E+00  0.000000E+00  0.000000E+00  1.991810E+00  9.651996E-01
  1.062000E+00  2.238884E+00  2.002542E+00  1.496043E+00  0.000000E+00  0.000000E+00  0.000000E+00  1.992843E+00  9.756099E-01
  1.064000E+00  2.238475E+00  2.003432E+00  1.497951E+00  0.000000E+00  0.000000E+00  0.000000E+00  1.993869E+00  9.858643E-01
  1.066000E+00  2.238067E+00  2.004317E+00  1.499847E+00  0.000000E+00  0.000000E+00  0.000000E+00  1.994888E+00  9.959688E-01
  1.068000E+00  2.237659E+00  2.005196E+00  1.501729E+00  0.000000E+00  0.000000E+00  0.000000E+00  1.995900E+00  1.005929E+00
  1.070000E+00  2.237251E+00  2.006070E+00  1.503599E+00  0.000000E+00  0.000000E+00  0.000000E+00  1.996905E+00  1.015750E+00
  1.072000E+00  2.236844E+00  2.006939E+00  1.505457E+00  0.000000E+00  0.000000E+00  0.000000E+00  1.997904E+00  1.025436E+00
  1.074000E+00  2.236436E+00  2.007803E+00  1.507303E+00  0.000000E+00  0.000000E+00  0.000000E+00  1.998897E+00  1.034993E+00
  1.076000E+00  2.236029E+00  2.008662E+00  1.509138E+00  0.000000E+00  0.000000E+00  0.000000E+00  1.999883E+00  1.044424E+00
  1.078000E+00  2.235622E+00  2.009516E+00  1.510961E+00  0.000000E+00  0.000000E+00  0.000000E+00  2.000863E+00  1.053734E+00
  1.080000E+00  2.235215E+00  2.010366E+00  1.512773E+00  0.000000E+00  0.000000E+00  0.000000E+00  2.001837E+00  1.062926E+00
  1.082000E+00  2.234809E+00  2.011211E+00  1.514574E+00  0.000000E+00  0.000000E+00  0.000000E+00  2.002805E+00  1.072005E+00
  1.084000E+00  2.234402E+00  2.012052E+00  1.516364E+00  0.000000E+00  0.000000E+00  0.000000E+00  2.003768E+00  1.080974E+00
  1.086000E+00  2.233996E+00  2.012888E+00  1.518144E+00  0.000000E+00  0.000000E+00  0.000000E+00  2.004724E+00  1.089836E+00
  1.088000E+00  2.233590E+00  2.013720E+00  1.519914E+00  0.000000E+00  0.000000E+00  0.000000E+00  2.005675E+00  1.098594E+00
  1.090000E+00  2.233184E+00  2.014548E+00  1.521673E+00  0.000000E+00  0.000000E+00  0.000000E+00  2.006621E+00  1.107252E+00
  1.092000E+00  2.232778E+00  2.015371E+00  1.523423E+00  0.000000E+00  0.000000E+00  0.000000E+00  2.007561E+00  1.115813E+00
  1.094000E+00  2.232372E+00  2.016191E+00  1.525163E+00  0.000000E+00  0.000000E+00  0.000000E+00  2.008496E+00  1.124278E+00
  1.096000E+00  2.231966E+00  2.017006E+00  1.526893E+00  0.000000E+00  0.000000E+00  0.000000E+00  2.009425E+00  1.132652E+00
  1.098000E+00  2.231561E+00  2.017818E+00  1.528614E+00  0.000000E+00  0.000000E+00  0.000000E+00  2.010349E+00  1.140935E+00
  1.100000E+00  2.231156E+00  2.018626E+00  1.530326E+00  0.000000E+00  0.000000E+00  0.000000E+00  2.011269E+00  1.149132E+00
  1.102000E+00  2.230750E+00  2.019430E+00  1.532028E+00  0.000000E+00  0.000000E+00  0.000000E+00  2.012183E+00  1.157243E+00
  1.104000E+00  2.230345E+00  2.020230E+00  1.533722E+00  0.000000E+00  0.000000E+00  0.000000E+00  2.013092E+00  1.165272E+00
  1.106000E+00  2.229940E+00  2.021027E+00  1.535407E+00  0.000000E+00  0.000000E+00  0.000000E+00  2.013996E+00  1.173221E+00
  1.108000E+00  2.229535E+00  2.021820E+00  1.537083E+00  0.000000E+00  0.000000E+00  0.000000E+00  2.014896E+00  1.181090E+00
  1.110000E+00  2.229131E+00  2.022609E+00  1.538751E+00  0.000000E+00  0.000000E+00  0.000000E+00  2.015791E+00  1.188884E+00
  1.112000E+00  2.228726E+00  2.023395E+00  1.540410E+00  0.000000E+00  0.000000E+00  0.000000E+00  2.016681E+00  1.196602E+00
  1.114000E+00  2.228321E+00  2.024178E+00  1.542061E+00  0.000000E+00  0.000000E+00  0.000000E+00  2.017567E+00  1.204248E+00
  1.116000E+00  2.227917E+00  2.024957E+00  1.543704E+00  0.000000E+00  0.000000E+00  0.000000E+00  2.018448E+00  1.211822E+00
  1.118000E+00  2.227512E+00  2.025733E+00  1.545340E+00  0.000000E+00  0.000000E+00  0.000000E+00  2.019324E+00  1.219327E+00
  1.120000E+00  2.227108E+00  2.026506E+00  1.546967E+00  0.000000E+00  0.000000E+00  0.000000E+00  2.020196E+00  1.226765E+00
  1.122000E+00  2.226704E+00  2.027275E+00  1.548586E+00  0.000000E+00  0.000000E+00  0.000000E+00  2.021064E+00  1.234135E+00
  1.124000E+00  2.226300E+00  2.028041E+00  1.550198E+00  0.000000E+00  0.000000E+00  0.000000E+00  2.021928E+00  1.241442E+00
  1.126000E+00  2.225896E+00  2.028804E+00  1.551803E+00  0.000000E+00  0.000000E+00  0.000000E+00  2.022787E+00  1.248684E+00
  1.128000E+00  2.225492E+00  2.029564E+00  1.553400E+00  0.000000E+00  0.000000E+00  0.000000E+00  2.023642E+00  1.255865E+00
  1.130000E+00  2.225088E+00  2.030321E+00  1.554990E+00  0.000000E+00  0.000000E+00  0.000000E+00  2.024493E+00  1.262985E+00
  1.132000E+00  2.224684E+00  2.031075E+00  1.556572E+00  0.000000E+00  0.000000E+00  0.000000E+00  2.025340E+00  1.270046E+00
  1.134000E+00  2.224281E+00  2.031826E+00  1.558147E+00  0.000000E+00  0.000000E+00  0.000000E+00  2.026183E+00  1.277049E+00
  1.136000E+00  2.223877E+00  2.032574E+00  1.559716E+00  0.000000E+00  0.000000E+00  0.000000E+00  2.027021E+00  1.283995E+00
  1.138000E+00  2.223473E+00  2.033320E+00  1.561277E+00  0.000000E+00  0.000000E+00  0.000000E+00  2.027856E+00  1.290885E+00
  1.140000E+00  2.223070E+00  2.034062E+00  1.562832E+00  0.000000E+00  0.000000E+00  0.000000E+00  2.028687E+00  1.297721E+00
  1.142000E+00  2.222667E+00  2.034802E+00  1.564380E+00  0.000000E+00  0.000000E+00  0.000000E+00  2.029514E+00  1.304503E+00
  1.144000E+00  2.222263E+00  2.035538E+00  1.565921E+00  0.000000E+00  0.000000E+00  0.000000E+00  2.030338E+00  1.311233E+00
  1.146000E+00  2.221860E+00  2.036272E+00  1.567456E+00  0.000000E+00  0.000000E+00  0.000000E+00  2.031157E+00  1.317911E+00
  1.148000E+00  2.221457E+00  2.037004E+00  1.568984E+00  0.000000E+00  0.000000E+00  0.000000E+00  2.031973E+00  1.324539E+00
  1.150000E+00  2.221054E+00  2.037732E+00  1.570506E+00  0.000000E+00  0.000000E+00  0.000000E+00  2.032785E+00  1.331118E+00
  1.152000E+00  2.220651E+00  2.038458E+00  1.572021E+00  0.000000E+00  0.000000E+00  0.000000E+00  2.033594E+00  1.337648E+00
  1.154000E+00  2.220247E+00  2.039182E+00  1.573531E+00  0.000000E+00  0.000000E+00  0.000000E+00  2.034399E+00  1.344131E+00
  1.156000E+00  2.219845E+00  2.039903E+00  1.575034E+00  0.000000E+00  0.000000E+00  0.000000E+00  2.035200E+00  1.350567E+00
  1.158000E+00  2.219442E+00  2.040621E+00  1.576531E+00  0.000000E+00  0.000000E+00  0.000000E+00  2.035998E+00  1.356957E+00
  1.160000E+00  2.219039E+00  2.041337E+00  1.578022E+00  0.000000E+00  0.000000E+00  0.000000E+00  2.036793E+00  1.363302E+00
  1.162000E+00  2.218636E+00  2.042050E+00  1.579507E+00  0.000000E+00  0.000000E+00  0.000000E+00  2.037583E+00  1.369603E+00
  1.164000E+00  2.218233E+00  2.042761E+00  1.580986E+00  0.000000E+00  0.000000E+00  0.000000E+00  2.038371E+00  1.375860E+00
  1.166000E+00  2.217830E+00  2.043469E+00  1.582459E+00  0.000000E+00  0.000000E+00  0.000000E+00  2.039155E+00  1.382075E+00
  1.168000E+00  2.217428E+00  2.044175E+00  1.583927E+00  0.000000E+00  0.000000E+00  0.000000E+00  2.039936E+00  1.388248E+00
  1.170000E+00  2.217025E+00  2.044879E+00  1.585389E+00  0.000000E+00  0.000000E+00  0.000000E+00  2.040714E+00  1.394380E+00
  1.172000E+00  2.216623E+00  2.045580E+00  1.586845E+00  0.000000E+00  0.000000E+00  0.000000E+00  2.041488E+00  1.400471E+00
  1.174000E+00  2.216220E+00  2.046279E+00  1.588296E+00  0.000000E+00  0.000000E+00  0.000000E+00  2.042259E+00  1.406523E+00
  1.176000E+00  2.215818E+00  2.046975E+00  1.589741E+00  0.000000E+00  0.000000E+00  0.000000E+00  2.043027E+00  1.412535E+00
  1.178000E+00  2.215415E+00  2.047670E+00  1.591180E+00  0.000000E+00  0.000000E+00  0.000000E+00  2.043791E+00  1.418509E+00
  1.180000E+00  2.215013E+00  2.048362E+00  1.592615E+00  0.000000E+00  0.000000E+00  0.000000E+00  2.044553E+00  1.424445E+00
  1.182000E+00  2.214610E+00  2.049052E+00  1.594044E+00  0.000000E+00  0.000000E+00  0.000000E+00  2.045311E+00  1.430343E+00
  1.184000E+00  2.214208E+00  2.049739E+00  1.595467E+00  0.000000E+00  0.000000E+00  0.000000E+00  2.046066E+00  1.436206E+00
  1.186000E+00  2.213806E+00  2.050425E+00  1.596886E+00  0.000000E+00  0.000000E+00  0.000000E+00  2.046819E+00  1.442031E+00
  1.188000E+00  2.213404E+00  2.051108E+00  1.598299E+00  0.000000E+00  0.000000E+00  0.000000E+00  2.047568E+00  1.447822E+00
  1.190000E+00  2.213001E+00  2.051789E+00  1.599708E+00  0.000000E+00  0.000000E+00  0.000000E+00  2.048314E+00  1.453577E+00
  1.192000E+00  2.212599E+00  2.052468E+00  1.601111E+00  0.000000E+00  0.000000E+00  0.000000E+00  2.049057E+00  1.459299E+00
  1.194000E+00  2.212197E+00  2.053145E+00  1.602509E+00  0.000000E+00  0.000000E+00  0.000000E+00  2.049798E+00  1.464986E+00
  1.196000E+00  2.211795E+00  2.053820E+00  1.603902E+00  0.000000E+00  0.000000E+00  0.000000E+00  2.050535E+00  1.470640E+00
  1.198000E+00  2.211393E+00  2.054493E+00  1.605290E+00  0.000000E+00  0.000000E+00  0.000000E+00  2.051269E+00  1.476260E+00
  1.200000E+00  2.210991E+00  2.055163E+00  1.606674E+00  0.000000E+00  0.000000E+00  0.000000E+00  2.052001E+00  1.481849E+00
