  1.000000E-02  2.440925E-02 -2.933619E-02 -1.450132E-02 -4.375892E-03
  1.200000E-02  3.428752E-02 -4.153795E-02 -2.056615E-02 -5.943552E-03
  1.400000E-02  4.557795E-02 -5.565265E-02 -2.760189E-02 -7.680820E-03
  1.600000E-02  5.819390E-02 -7.161407E-02 -3.558218E-02 -9.573811E-03
  1.800000E-02  7.205579E-02 -8.936168E-02 -4.448353E-02 -1.161119E-02
  2.000000E-02  8.709006E-02 -1.088397E-01 -5.428481E-02 -1.378349E-02
  2.200000E-02  1.032284E-01 -1.299965E-01 -6.496690E-02 -1.608271E-02
  2.400000E-02  1.204070E-01 -1.527837E-01 -7.651236E-02 -1.850193E-02
  2.600000E-02  1.385662E-01 -1.771561E-01 -8.890520E-02 -2.103515E-02
  2.800000E-02  1.576501E-01 -2.030712E-01 -1.021307E-01 -2.367711E-02
  3.000000E-02  1.776060E-01 -2.304889E-01 -1.161754E-01 -2.642312E-02
  3.200000E-02  1.983842E-01 -2.593711E-01 -1.310266E-01 -2.926901E-02
  3.400000E-02  2.199378E-01 -2.896819E-01 -1.466727E-01 -3.221105E-02
  3.600000E-02  2.422225E-01 -3.213870E-01 -1.631027E-01 -3.524583E-02
  3.800000E-02  2.651963E-01 -3.544538E-01 -1.803065E-01 -3.837029E-02
  4.000000E-02  2.888192E-01 -3.888510E-01 -1.982747E-01 -4.158162E-02
  4.200000E-02  3.130535E-01 -4.245488E-01 -2.169982E-01 -4.487724E-02
  4.400000E-02  3.378633E-01 -4.615188E-01 -2.364686E-01 -4.825480E-02
  4.600000E-02  3.632143E-01 -4.997336E-01 -2.566781E-01 -5.171210E-02
  4.800000E-02  3.890739E-01 -5.391668E-01 -2.776193E-01 -5.524712E-02
  5.000000E-02  4.154113E-01 -5.797933E-01 -2.992850E-01 -5.885799E-02
  5.200000E-02  4.421968E-01 -6.215888E-01 -3.216687E-01 -6.254295E-02
  5.400000E-02  4.694022E-01 -6.645297E-01 -3.447641E-01 -6.630036E-02
  5.600000E-02  4.970006E-01 -7.085936E-01 -3.685651E-01 -7.012870E-02
  5.800000E-02  5.249664E-01 -7.537587E-01 -3.930662E-01 -7.402652E-02
  6.000000E-02  5.532749E-01 -8.000038E-01 -4.182619E-01 -7.799247E-02
  6.200000E-02  5.819028E-01 -8.473087E-01 -4.441471E-01 -8.202529E-02
  6.400000E-02  6.108276E-01 -8.956537E-01 -4.707170E-01 -8.612376E-02
  6.600000E-02  6.400279E-01 -9.450197E-01 -4.979668E-01 -9.028674E-02
  6.800000E-02  6.694831E-01 -9.953883E-01 -5.258922E-01 -9.451316E-02
  7.000000E-02  6.991736E-01 -1.046741E+00 -5.544889E-01 -9.880200E-02
  7.200000E-02  7.290806E-01 -1.099062E+00 -5.837528E-01 -1.031523E-01
  7.400000E-02  7.591862E-01 -1.152333E+00 -6.136802E-01 -1.075631E-01
  7.600000E-02  7.894731E-01 -1.206538E+00 -6.442672E-01 -1.120335E-01
  7.800000E-02  8.199247E-01 -1.261661E+00 -6.755103E-01 -1.165627E-01
  8.000000E-02  8.505254E-01 -1.317687E+00 -7.074060E-01 -1.211498E-01
  8.200000E-02  8.812598E-01 -1.374600E+00 -7.399512E-01 -1.257942E-01
  8.400000E-02  9.121136E-01 -1.432387E+00 -7.731426E-01 -1.304951E-01
  8.600000E-02  9.430728E-01 -1.491032E+00 -8.069772E-01 -1.352517E-01
  8.800000E-02  9.741242E-01 -1.550523E+00 -8.414521E-01 -1.400633E-01
  9.000000E-02  1.005255E+00 -1.610845E+00 -8.765645E-01 -1.449294E-01
  9.200000E-02  1.036452E+00 -1.671985E+00 -9.123116E-01 -1.498493E-01
  9.400000E-02  1.067705E+00 -1.733930E+00 -9.486909E-01 -1.548224E-01
  9.600000E-02  1.099003E+00 -1.796668E+00 -9.856998E-01 -1.598480E-01
  9.800000E-02  1.130333E+00 -1.860187E+00 -1.023336E+00 -1.649257E-01
  1.000000E-01  1.161686E+00 -1.924475E+00 -1.061597E+00 -1.700548E-01
  1.020000E-01  1.193053E+00 -1.989520E+00 -1.100480E+00 -1.752350E-01
  1.040000E-01  1.224423E+00 -2.055311E+00 -1.139984E+00 -1.804655E-01
  1.060000E-01  1.255788E+00 -2.121836E+00 -1.180105E+00 -1.857460E-01
  1.080000E-01  1.287138E+00 -2.189085E+00 -1.220843E+00 -1.910759E-01
  1.100000E-01  1.318466E+00 -2.257048E+00 -1.262195E+00 -1.964548E-01
  1.120000E-01  1.349763E+00 -2.325713E+00 -1.304159E+00 -2.018823E-01
  1.140000E-01  1.381022E+00 -2.395071E+00 -1.346733E+00 -2.073579E-01
  1.160000E-01  1.412235E+00 -2.465111E+00 -1.389915E+00 -2.128811E-01
  1.180000E-01  1.443396E+00 -2.535825E+00 -1.433704E+00 -2.184516E-01
  1.200000E-01  1.474498E+00 -2.607202E+00 -1.478098E+00 -2.240689E-01
  1.220000E-01  1.505533E+00 -2.679233E+00 -1.523094E+00 -2.297326E-01
  1.240000E-01  1.536497E+00 -2.751910E+00 -1.568691E+00 -2.354425E-01
  1.260000E-01  1.567384E+00 -2.825223E+00 -1.614889E+00 -2.411980E-01
  1.280000E-01  1.598187E+00 -2.899164E+00 -1.661684E+00 -2.469988E-01
  1.300000E-01  1.628901E+00 -2.973723E+00 -1.709075E+00 -2.528445E-01
  1.320000E-01  1.659521E+00 -3.048893E+00 -1.757062E+00 -2.587349E-01
  1.340000E-01  1.690042E+00 -3.124666E+00 -1.805641E+00 -2.646695E-01
  1.360000E-01  1.720460E+00 -3.201033E+00 -1.854813E+00 -2.706480E-01
  1.380000E-01  1.750770E+00 -3.277987E+00 -1.904575E+00 -2.766701E-01
  1.400000E-01  1.780968E+00 -3.355520E+00 -1.954925E+00 -2.827354E-01
  1.420000E-01  1.811049E+00 -3.433623E+00 -2.005863E+00 -2.888437E-01
  1.440000E-01  1.841010E+00 -3.512291E+00 -2.057387E+00 -2.949946E-01
  1.460000E-01  1.870788E+00 -3.591401E+00 -2.109630E+00 -3.012124E-01
  1.480000E-01  1.900206E+00 -3.670616E+00 -2.162981E+00 -3.075677E-01
  1.500000E-01  1.929369E+00 -3.750127E+00 -2.217212E+00 -3.140177E-01
  1.520000E-01  1.958308E+00 -3.829990E+00 -2.272253E+00 -3.205488E-01
  1.540000E-01  1.987036E+00 -3.910227E+00 -2.328071E+00 -3.271544E-01
  1.560000E-01  2.015562E+00 -3.990851E+00 -2.384646E+00 -3.338304E-01
  1.580000E-01  2.043890E+00 -4.071867E+00 -2.441964E+00 -3.405736E-01
  1.600000E-01  2.072024E+00 -4.153279E+00 -2.500013E+00 -3.473820E-01
  1.620000E-01  2.099965E+00 -4.235088E+00 -2.558787E+00 -3.542535E-01
  1.640000E-01  2.127717E+00 -4.317294E+00 -2.618277E+00 -3.611868E-01
  1.660000E-01  2.155278E+00 -4.399897E+00 -2.678478E+00 -3.681804E-01
  1.680000E-01  2.182651E+00 -4.482895E+00 -2.739385E+00 -3.752331E-01
  1.700000E-01  2.209837E+00 -4.566287E+00 -2.800993E+00 -3.823440E-01
  1.720000E-01  2.236835E+00 -4.650070E+00 -2.863300E+00 -3.895121E-01
  1.740000E-01  2.263646E+00 -4.734242E+00 -2.926300E+00 -3.967365E-01
  1.760000E-01  2.290270E+00 -4.818800E+00 -2.989991E+00 -4.040163E-01
  1.780000E-01  2.316708E+00 -4.903742E+00 -3.054370E+00 -4.113509E-01
  1.800000E-01  2.342960E+00 -4.989065E+00 -3.119434E+00 -4.187395E-01
  1.820000E-01  2.369027E+00 -5.074766E+00 -3.185179E+00 -4.261815E-01
  1.840000E-01  2.394907E+00 -5.160843E+00 -3.251603E+00 -4.336761E-01
  1.860000E-01  2.420603E+00 -5.247292E+00 -3.318704E+00 -4.412227E-01
  1.880000E-01  2.446113E+00 -5.334110E+00 -3.386479E+00 -4.488208E-01
  1.900000E-01  2.471438E+00 -5.421295E+00 -3.454925E+00 -4.564698E-01
  1.920000E-01  2.496579E+00 -5.508844E+00 -3.524041E+00 -4.641691E-01
  1.940000E-01  2.521536E+00 -5.596754E+00 -3.593824E+00 -4.719182E-01
  1.960000E-01  2.546308E+00 -5.685022E+00 -3.664271E+00 -4.797164E-01
  1.980000E-01  2.570898E+00 -5.773645E+00 -3.735380E+00 -4.875634E-01
  2.000000E-01  2.595304E+00 -5.862620E+00 -3.807149E+00 -4.954586E-01
  2.020000E-01  2.619527E+00 -5.951945E+00 -3.879577E+00 -5.034015E-01
  2.040000E-01  2.643568E+00 -6.041617E+00 -3.952659E+00 -5.113916E-01
  2.060000E-01  2.667428E+00 -6.131634E+00 -4.026395E+00 -5.194284E-01
  2.080000E-01  2.691106E+00 -6.221992E+00 -4.100783E+00 -5.275115E-01
  2.100000E-01  2.714603E+00 -6.312689E+00 -4.175819E+00 -5.356403E-01
  2.120000E-01  2.737921E+00 -6.403723E+00 -4.251502E+00 -5.438145E-01
  2.140000E-01  2.761058E+00 -6.495090E+00 -4.327830E+00 -5.520336E-01
  2.160000E-01  2.784017E+00 -6.586789E+00 -4.404801E+00 -5.602971E-01
  2.180000E-01  2.806797E+00 -6.678817E+00 -4.482411E+00 -5.686047E-01
  2.200000E-01  2.829399E+00 -6.771171E+00 -4.560660E+00 -5.769558E-01
  2.220000E-01  2.851825E+00 -6.863850E+00 -4.639545E+00 -5.853500E-01
  2.240000E-01  2.874073E+00 -6.956850E+00 -4.719064E+00 -5.937869E-01
  2.260000E-01  2.896147E+00 -7.050170E+00 -4.799214E+00 -6.022661E-01
  2.280000E-01  2.918045E+00 -7.143807E+00 -4.879993E+00 -6.107872E-01
  2.300000E-01  2.939769E+00 -7.237760E+00 -4.961400E+00 -6.193497E-01
  2.320000E-01  2.961320E+00 -7.332025E+00 -5.043432E+00 -6.279533E-01
  2.340000E-01  2.982698E+00 -7.426601E+00 -5.126086E+00 -6.365975E-01
  2.360000E-01  3.003904E+00 -7.521486E+00 -5.209361E+00 -6.452819E-01
  2.380000E-01  3.024939E+00 -7.616677E+00 -5.293255E+00 -6.540062E-01
  2.400000E-01  3.045804E+00 -7.712173E+00 -5.377764E+00 -6.627699E-01
  2.420000E-01  3.066499E+00 -7.807971E+00 -5.462887E+00 -6.715727E-01
  2.440000E-01  3.087026E+00 -7.904070E+00 -5.548622E+00 -6.804141E-01
  2.460000E-01  3.107386E+00 -8.000468E+00 -5.634966E+00 -6.892938E-01
  2.480000E-01  3.127579E+00 -8.097163E+00 -5.721917E+00 -6.982114E-01
  2.500000E-01  3.147605E+00 -8.194152E+00 -5.809473E+00 -7.071664E-01
  2.520000E-01  3.167467E+00 -8.291435E+00 -5.897631E+00 -7.161586E-01
  2.540000E-01  3.187165E+00 -8.389009E+00 -5.986389E+00 -7.251876E-01
  2.560000E-01  3.206700E+00 -8.486872E+00 -6.075745E+00 -7.342529E-01
  2.580000E-01  3.226073E+00 -8.585023E+00 -6.165697E+00 -7.433542E-01
  2.600000E-01  3.245284E+00 -8.683460E+00 -6.256242E+00 -7.524911E-01
  2.620000E-01  3.264335E+00 -8.782182E+00 -6.347377E+00 -7.616633E-01
  2.640000E-01  3.283227E+00 -8.881187E+00 -6.439101E+00 -7.708704E-01
  2.660000E-01  3.301961E+00 -8.980472E+00 -6.531411E+00 -7.801120E-01
  2.680000E-01  3.320537E+00 -9.080037E+00 -6.624305E+00 -7.893878E-01
  2.700000E-01  3.338957E+00 -9.179880E+00 -6.717781E+00 -7.986975E-01
  2.720000E-01  3.357221E+00 -9.279999E+00 -6.811835E+00 -8.080405E-01
  2.740000E-01  3.375331E+00 -9.380394E+00 -6.906466E+00 -8.174167E-01
  2.760000E-01  3.393287E+00 -9.481061E+00 -7.001671E+00 -8.268257E-01
  2.780000E-01  3.411091E+00 -9.582001E+00 -7.097448E+00 -8.362670E-01
  2.800000E-01  3.428744E+00 -9.683211E+00 -7.193795E+00 -8.457404E-01
  2.820000E-01  3.446246E+00 -9.784689E+00 -7.290708E+00 -8.552456E-01
  2.840000E-01  3.463598E+00 -9.886436E+00 -7.388186E+00 -8.647821E-01
  2.860000E-01  3.480802E+00 -9.988448E+00 -7.486226E+00 -8.743496E-01
  2.880000E-01  3.497858E+00 -1.009073E+01 -7.584826E+00 -8.839479E-01
  2.900000E-01  3.514768E+00 -1.019327E+01 -7.683983E+00 -8.935765E-01
  2.920000E-01  3.531532E+00 -1.029607E+01 -7.783695E+00 -9.032351E-01
  2.940000E-01  3.548152E+00 -1.039913E+01 -7.883960E+00 -9.129234E-01
  2.960000E-01  3.564628E+00 -1.050246E+01 -7.984774E+00 -9.226411E-01
  2.980000E-01  3.580962E+00 -1.060604E+01 -8.086136E+00 -9.323878E-01
  3.000000E-01  3.597154E+00 -1.070988E+01 -8.188042E+00 -9.421632E-01
  3.020000E-01  3.613206E+00 -1.081397E+01 -8.290492E+00 -9.519670E-01
  3.040000E-01  3.629118E+00 -1.091832E+01 -8.393481E+00 -9.617989E-01
  3.060000E-01  3.644891E+00 -1.102292E+01 -8.497008E+00 -9.716585E-01
  3.080000E-01  3.660527E+00 -1.112777E+01 -8.601070E+00 -9.815456E-01
  3.100000E-01  3.676026E+00 -1.123288E+01 -8.705664E+00 -9.914598E-01
  3.120000E-01  3.691390E+00 -1.133823E+01 -8.810789E+00 -1.001401E+00
  3.140000E-01  3.706619E+00 -1.144384E+01 -8.916441E+00 -1.011368E+00
  3.160000E-01  3.721714E+00 -1.154969E+01 -9.022618E+00 -1.021362E+00
  3.180000E-01  3.736677E+00 -1.165578E+01 -9.129318E+00 -1.031381E+00
  3.200000E-01  3.751508E+00 -1.176212E+01 -9.236538E+00 -1.041426E+00
  3.220000E-01  3.766208E+00 -1.186871E+01 -9.344276E+00 -1.051497E+00
  3.240000E-01  3.780778E+00 -1.197554E+01 -9.452528E+00 -1.061592E+00
  3.260000E-01  3.795220E+00 -1.208261E+01 -9.561294E+00 -1.071712E+00
  3.280000E-01  3.809534E+00 -1.218992E+01 -9.670569E+00 -1.081856E+00
  3.300000E-01  3.823720E+00 -1.229747E+01 -9.780352E+00 -1.092025E+00
  3.320000E-01  3.837781E+00 -1.240526E+01 -9.890640E+00 -1.102217E+00
  3.340000E-01  3.851717E+00 -1.251329E+01 -1.000143E+01 -1.112432E+00
  3.360000E-01  3.865529E+00 -1.262155E+01 -1.011272E+01 -1.122671E+00
  3.380000E-01  3.879217E+00 -1.273005E+01 -1.022451E+01 -1.132933E+00
  3.400000E-01  3.892784E+00 -1.283878E+01 -1.033679E+01 -1.143217E+00
  3.420000E-01  3.906229E+00 -1.294775E+01 -1.044957E+01 -1.153524E+00
  3.440000E-01  3.919554E+00 -1.305695E+01 -1.056284E+01 -1.163853E+00
  3.460000E-01  3.932759E+00 -1.316638E+01 -1.067659E+01 -1.174203E+00
  3.480000E-01  3.945846E+00 -1.327604E+01 -1.079083E+01 -1.184575E+00
  3.500000E-01  3.958815E+00 -1.338593E+01 -1.090555E+01 -1.194969E+00
  3.520000E-01  3.971667E+00 -1.349605E+01 -1.102075E+01 -1.205383E+00
  3.540000E-01  3.984403E+00 -1.360640E+01 -1.113643E+01 -1.215818E+00
  3.560000E-01  3.997025E+00 -1.371698E+01 -1.125258E+01 -1.226273E+00
  3.580000E-01  4.009532E+00 -1.382778E+01 -1.136921E+01 -1.236748E+00
  3.600000E-01  4.021926E+00 -1.393880E+01 -1.148631E+01 -1.247244E+00
  3.620000E-01  4.034208E+00 -1.405005E+01 -1.160387E+01 -1.257759E+00
  3.640000E-01  4.046379E+00 -1.416152E+01 -1.172190E+01 -1.268293E+00
  3.660000E-01  4.058438E+00 -1.427322E+01 -1.184039E+01 -1.278847E+00
  3.680000E-01  4.070389E+00 -1.438513E+01 -1.195934E+01 -1.289419E+00
  3.700000E-01  4.082230E+00 -1.449727E+01 -1.207875E+01 -1.300010E+00
  3.720000E-01  4.093963E+00 -1.460962E+01 -1.219862E+01 -1.310619E+00
  3.740000E-01  4.105589E+00 -1.472220E+01 -1.231893E+01 -1.321246E+00
  3.760000E-01  4.117108E+00 -1.483499E+01 -1.243970E+01 -1.331891E+00
  3.780000E-01  4.128522E+00 -1.494800E+01 -1.256092E+01 -1.342554E+00
  3.800000E-01  4.139832E+00 -1.506122E+01 -1.268258E+01 -1.353234E+00
  3.820000E-01  4.151037E+00 -1.517466E+01 -1.280468E+01 -1.363931E+00
  3.840000E-01  4.162139E+00 -1.528831E+01 -1.292723E+01 -1.374645E+00
  3.860000E-01  4.173139E+00 -1.540218E+01 -1.305021E+01 -1.385376E+00
  3.880000E-01  4.184038E+00 -1.551626E+01 -1.317363E+01 -1.396123E+00
  3.900000E-01  4.194836E+00 -1.563055E+01 -1.329748E+01 -1.406886E+00
  3.920000E-01  4.205534E+00 -1.574505E+01 -1.342176E+01 -1.417665E+00
  3.940000E-01  4.216132E+00 -1.585976E+01 -1.354647E+01 -1.428460E+00
  3.960000E-01  4.226633E+00 -1.597468E+01 -1.367161E+01 -1.439270E+00
  3.980000E-01  4.237036E+00 -1.608980E+01 -1.379716E+01 -1.450096E+00
  4.000000E-01  4.247342E+00 -1.620514E+01 -1.392315E+01 -1.460936E+00
  4.020000E-01  4.257552E+00 -1.632068E+01 -1.404954E+01 -1.471791E+00
  4.040000E-01  4.267666E+00 -1.643643E+01 -1.417636E+01 -1.482661E+00
  4.060000E-01  4.277686E+00 -1.655238E+01 -1.430359E+01 -1.493545E+00
  4.080000E-01  4.287612E+00 -1.666854E+01 -1.443123E+01 -1.504443E+00
  4.100000E-01  4.297446E+00 -1.678490E+01 -1.455928E+01 -1.515355E+00
  4.120000E-01  4.307186E+00 -1.690146E+01 -1.468774E+01 -1.526281E+00
  4.140000E-01  4.316836E+00 -1.701822E+01 -1.481660E+01 -1.537221E+00
  4.160000E-01  4.326394E+00 -1.713518E+01 -1.494586E+01 -1.548173E+00
  4.180000E-01  4.335862E+00 -1.725235E+01 -1.507553E+01 -1.559139E+00
  4.200000E-01  4.345240E+00 -1.736971E+01 -1.520559E+01 -1.570117E+00
  4.220000E-01  4.354530E+00 -1.748727E+01 -1.533604E+01 -1.581108E+00
  4.240000E-01  4.363732E+00 -1.760503E+01 -1.546689E+01 -1.592112E+00
  4.260000E-01  4.372846E+00 -1.772299E+01 -1.559813E+01 -1.603128E+00
  4.280000E-01  4.381874E+00 -1.784114E+01 -1.572976E+01 -1.614155E+00
  4.300000E-01  4.390815E+00 -1.795949E+01 -1.586177E+01 -1.625195E+00
  4.320000E-01  4.399671E+00 -1.807803E+01 -1.599417E+01 -1.636246E+00
  4.340000E-01  4.408443E+00 -1.819676E+01 -1.612695E+01 -1.647309E+00
  4.360000E-01  4.417130E+00 -1.831569E+01 -1.626011E+01 -1.658383E+00
  4.380000E-01  4.425734E+00 -1.843481E+01 -1.639364E+01 -1.669468E+00
  4.400000E-01  4.434255E+00 -1.855412E+01 -1.652755E+01 -1.680564E+00
  4.420000E-01  4.442695E+00 -1.867362E+01 -1.666183E+01 -1.691670E+00
  4.440000E-01  4.451052E+00 -1.879331E+01 -1.679648E+01 -1.702788E+00
  4.460000E-01  4.459329E+00 -1.891319E+01 -1.693150E+01 -1.713915E+00
  4.480000E-01  4.467526E+00 -1.903326E+01 -1.706688E+01 -1.725053E+00
  4.500000E-01  4.475644E+00 -1.915352E+01 -1.720263E+01 -1.736200E+00
  4.520000E-01  4.460157E+00 -1.915137E+01 -1.730717E+01 -1.747068E+00
  4.540000E-01  4.456819E+00 -1.921233E+01 -1.742805E+01 -1.758131E+00
  4.560000E-01  4.452807E+00 -1.926983E+01 -1.754820E+01 -1.769218E+00
  4.580000E-01  4.448338E+00 -1.932499E+01 -1.766789E+01 -1.780330E+00
  4.600000E-01  4.443555E+00 -1.937852E+01 -1.778731E+01 -1.791468E+00
  4.620000E-01  4.438556E+00 -1.943094E+01 -1.790657E+01 -1.802631E+00
  4.640000E-01  4.433410E+00 -1.948260E+01 -1.802576E+01 -1.813816E+00
  4.660000E-01  4.428171E+00 -1.953377E+01 -1.814496E+01 -1.825023E+00
  4.680000E-01  4.422876E+00 -1.958466E+01 -1.826420E+01 -1.836250E+00
  4.700000E-01  4.417555E+00 -1.963541E+01 -1.838351E+01 -1.847496E+00
  4.720000E-01  4.412232E+00 -1.968614E+01 -1.850294E+01 -1.858758E+00
  4.740000E-01  4.406923E+00 -1.973697E+01 -1.862250E+01 -1.870037E+00
  4.760000E-01  4.401644E+00 -1.978795E+01 -1.874220E+01 -1.881330E+00
  4.780000E-01  4.396404E+00 -1.983915E+01 -1.886206E+01 -1.892636E+00
  4.800000E-01  4.391214E+00 -1.989062E+01 -1.898208E+01 -1.903953E+00
  4.820000E-01  4.386078E+00 -1.994239E+01 -1.910227E+01 -1.915282E+00
  4.840000E-01  4.381004E+00 -1.999451E+01 -1.922265E+01 -1.926620E+00
  4.860000E-01  4.375995E+00 -2.004698E+01 -1.934320E+01 -1.937967E+00
  4.880000E-01  4.371055E+00 -2.009984E+01 -1.946395E+01 -1.949322E+00
  4.900000E-01  4.366185E+00 -2.015311E+01 -1.958487E+01 -1.960684E+00
  4.920000E-01  4.361389E+00 -2.020678E+01 -1.970599E+01 -1.972052E+00
  4.940000E-01  4.358685E+00 -2.025972E+01 -1.981946E+01 -1.982290E+00
  4.960000E-01  4.355175E+00 -2.031323E+01 -1.993618E+01 -1.992984E+00
  4.980000E-01  4.351854E+00 -2.036681E+01 -2.005239E+01 -2.003587E+00
  5.000000E-01  4.348698E+00 -2.042046E+01 -2.016815E+01 -2.014110E+00
  5.020000E-01  4.345689E+00 -2.047419E+01 -2.028353E+01 -2.024562E+00
  5.040000E-01  4.342816E+00 -2.052798E+01 -2.039857E+01 -2.034949E+00
  5.060000E-01  4.340068E+00 -2.058184E+01 -2.051331E+01 -2.045276E+00
  5.080000E-01  4.337437E+00 -2.063577E+01 -2.062778E+01 -2.055549E+00
  5.100000E-01  4.334918E+00 -2.068978E+01 -2.074201E+01 -2.065770E+00
  5.120000E-01  4.332505E+00 -2.074386E+01 -2.085601E+01 -2.075943E+00
  5.140000E-01  4.330194E+00 -2.079802E+01 -2.096981E+01 -2.086071E+00
  5.160000E-01  4.327982E+00 -2.085226E+01 -2.108343E+01 -2.096156E+00
  5.180000E-01  4.325866E+00 -2.090659E+01 -2.119688E+01 -2.106200E+00
  5.200000E-01  4.323842E+00 -2.096102E+01 -2.131018E+01 -2.116206E+00
  5.220000E-01  4.321910E+00 -2.101554E+01 -2.142334E+01 -2.126176E+00
  5.240000E-01  4.320066E+00 -2.107018E+01 -2.153639E+01 -2.136111E+00
  5.260000E-01  4.318310E+00 -2.112492E+01 -2.164932E+01 -2.146013E+00
  5.280000E-01  4.316639E+00 -2.117978E+01 -2.176215E+01 -2.155883E+00
  5.300000E-01  4.315053E+00 -2.123476E+01 -2.187490E+01 -2.165723E+00
  5.320000E-01  4.313550E+00 -2.128987E+01 -2.198757E+01 -2.175534E+00
  5.340000E-01  4.312129E+00 -2.134512E+01 -2.210017E+01 -2.185318E+00
  5.360000E-01  4.310790E+00 -2.140050E+01 -2.221272E+01 -2.195075E+00
  5.380000E-01  4.309531E+00 -2.145604E+01 -2.232522E+01 -2.204807E+00
  5.400000E-01  4.308352E+00 -2.151172E+01 -2.243768E+01 -2.214516E+00
  5.420000E-01  4.307252E+00 -2.156757E+01 -2.255011E+01 -2.224201E+00
  5.440000E-01  4.306230E+00 -2.162357E+01 -2.266251E+01 -2.233864E+00
  5.460000E-01  4.305285E+00 -2.167975E+01 -2.277491E+01 -2.243507E+00
  5.480000E-01  4.304417E+00 -2.173610E+01 -2.288729E+01 -2.253129E+00
  5.500000E-01  4.303625E+00 -2.179263E+01 -2.299968E+01 -2.262733E+00
  5.520000E-01  4.302909E+00 -2.184935E+01 -2.311207E+01 -2.272319E+00
  5.540000E-01  4.302266E+00 -2.190626E+01 -2.322448E+01 -2.281888E+00
  5.560000E-01  4.301698E+00 -2.196336E+01 -2.333691E+01 -2.291440E+00
  5.580000E-01  4.301202E+00 -2.202066E+01 -2.344937E+01 -2.300978E+00
  5.600000E-01  4.300778E+00 -2.207816E+01 -2.356186E+01 -2.310502E+00
  5.620000E-01  4.300424E+00 -2.213586E+01 -2.367440E+01 -2.320013E+00
  5.640000E-01  4.300139E+00 -2.219377E+01 -2.378698E+01 -2.329512E+00
  5.660000E-01  4.299922E+00 -2.225188E+01 -2.389961E+01 -2.338999E+00
  5.680000E-01  4.299770E+00 -2.231021E+01 -2.401230E+01 -2.348477E+00
  5.700000E-01  4.299683E+00 -2.236874E+01 -2.412505E+01 -2.357945E+00
  5.720000E-01  4.299657E+00 -2.242747E+01 -2.423787E+01 -2.367405E+00
  5.740000E-01  4.299691E+00 -2.248641E+01 -2.435076E+01 -2.376859E+00
  5.760000E-01  4.299780E+00 -2.254555E+01 -2.446372E+01 -2.386306E+00
  5.780000E-01  4.299923E+00 -2.260488E+01 -2.457676E+01 -2.395749E+00
  5.800000E-01  4.300116E+00 -2.266440E+01 -2.468988E+01 -2.405188E+00
  5.820000E-01  4.300353E+00 -2.272408E+01 -2.480309E+01 -2.414624E+00
  5.840000E-01  4.300631E+00 -2.278393E+01 -2.491638E+01 -2.424058E+00
  5.860000E-01  4.300943E+00 -2.284393E+01 -2.502975E+01 -2.433492E+00
  5.880000E-01  4.301285E+00 -2.290405E+01 -2.514320E+01 -2.442927E+00
  5.900000E-01  4.301649E+00 -2.296428E+01 -2.525673E+01 -2.452364E+00
  5.920000E-01  4.302029E+00 -2.302459E+01 -2.537035E+01 -2.461803E+00
  5.940000E-01  4.302416E+00 -2.308496E+01 -2.548403E+01 -2.471245E+00
  5.960000E-01  4.302802E+00 -2.314535E+01 -2.559779E+01 -2.480692E+00
  5.980000E-01  4.303178E+00 -2.320573E+01 -2.571160E+01 -2.490145E+00
  6.000000E-01  4.303534E+00 -2.326607E+01 -2.582547E+01 -2.499603E+00
  6.020000E-01  4.303859E+00 -2.332633E+01 -2.593938E+01 -2.509067E+00
  6.040000E-01  4.304144E+00 -2.338646E+01 -2.605332E+01 -2.518538E+00
  6.060000E-01  4.304379E+00 -2.344643E+01 -2.616728E+01 -2.528016E+00
  6.080000E-01  4.304552E+00 -2.350619E+01 -2.628125E+01 -2.537501E+00
  6.100000E-01  4.304653E+00 -2.356569E+01 -2.639521E+01 -2.546992E+00
  6.120000E-01  4.304673E+00 -2.362490E+01 -2.650914E+01 -2.556489E+00
  6.140000E-01  4.304602E+00 -2.368379E+01 -2.662304E+01 -2.565991E+00
  6.160000E-01  4.304432E+00 -2.374230E+01 -2.673688E+01 -2.575497E+00
  6.180000E-01  4.304156E+00 -2.380041E+01 -2.685066E+01 -2.585006E+00
  6.200000E-01  4.303768E+00 -2.385809E+01 -2.696436E+01 -2.594518E+00
  6.220000E-01  4.303263E+00 -2.391532E+01 -2.707796E+01 -2.604030E+00
  6.240000E-01  4.302636E+00 -2.397207E+01 -2.719146E+01 -2.613541E+00
  6.260000E-01  4.301884E+00 -2.402834E+01 -2.730484E+01 -2.623050E+00
  6.280000E-01  4.301007E+00 -2.408411E+01 -2.741810E+01 -2.632555E+00
  6.300000E-01  4.300002E+00 -2.413936E+01 -2.753122E+01 -2.642055E+00
  6.320000E-01  4.298867E+00 -2.419410E+01 -2.764420E+01 -2.651548E+00
  6.340000E-01  4.297603E+00 -2.424832E+01 -2.775703E+01 -2.661033E+00
  6.360000E-01  4.296204E+00 -2.430199E+01 -2.786970E+01 -2.670509E+00
  6.380000E-01  4.294665E+00 -2.435510E+01 -2.798219E+01 -2.679973E+00
  6.400000E-01  4.292968E+00 -2.440756E+01 -2.809449E+01 -2.689426E+00
  6.420000E-01  4.291049E+00 -2.445911E+01 -2.820650E+01 -2.698865E+00
  6.440000E-01  4.289149E+00 -2.451076E+01 -2.831851E+01 -2.708293E+00
  6.460000E-01  4.287269E+00 -2.456250E+01 -2.843050E+01 -2.717710E+00
  6.480000E-01  4.285408E+00 -2.461434E+01 -2.854249E+01 -2.727115E+00
  6.500000E-01  4.283566E+00 -2.466627E+01 -2.865446E+01 -2.736509E+00
  6.520000E-01  4.281743E+00 -2.471831E+01 -2.876642E+01 -2.745892E+00
  6.540000E-01  4.279939E+00 -2.477044E+01 -2.887837E+01 -2.755263E+00
  6.560000E-01  4.278154E+00 -2.482267E+01 -2.899031E+01 -2.764623E+00
  6.580000E-01  4.276387E+00 -2.487499E+01 -2.910224E+01 -2.773972E+00
  6.600000E-01  4.274639E+00 -2.492742E+01 -2.921416E+01 -2.783309E+00
  6.620000E-01  4.269437E+00 -2.496196E+01 -2.929749E+01 -2.790134E+00
  6.640000E-01  4.266542E+00 -2.500838E+01 -2.939955E+01 -2.798590E+00
  6.660000E-01  4.263560E+00 -2.505432E+01 -2.950067E+01 -2.806955E+00
  6.680000E-01  4.260501E+00 -2.509983E+01 -2.960092E+01 -2.815236E+00
  6.700000E-01  4.257373E+00 -2.514493E+01 -2.970037E+01 -2.823438E+00
  6.720000E-01  4.254182E+00 -2.518966E+01 -2.979905E+01 -2.831564E+00
  6.740000E-01  4.250935E+00 -2.523405E+01 -2.989702E+01 -2.839621E+00
  6.760000E-01  4.247637E+00 -2.527812E+01 -2.999431E+01 -2.847609E+00
  6.780000E-01  4.244293E+00 -2.532189E+01 -3.009095E+01 -2.855532E+00
  6.800000E-01  4.240905E+00 -2.536538E+01 -3.018697E+01 -2.863393E+00
  6.820000E-01  4.237479E+00 -2.540860E+01 -3.028238E+01 -2.871194E+00
  6.840000E-01  4.234017E+00 -2.545157E+01 -3.037722E+01 -2.878937E+00
  6.860000E-01  4.230522E+00 -2.549431E+01 -3.047150E+01 -2.886623E+00
  6.880000E-01  4.226998E+00 -2.553682E+01 -3.056525E+01 -2.894255E+00
  6.900000E-01  4.223446E+00 -2.557911E+01 -3.065846E+01 -2.901833E+00
  6.920000E-01  4.219870E+00 -2.562120E+01 -3.075117E+01 -2.909360E+00
  6.940000E-01  4.216271E+00 -2.566310E+01 -3.084339E+01 -2.916836E+00
  6.960000E-01  4.212652E+00 -2.570481E+01 -3.093512E+01 -2.924263E+00
  6.980000E-01  4.209014E+00 -2.574635E+01 -3.102639E+01 -2.931642E+00
  7.000000E-01  4.205360E+00 -2.578772E+01 -3.111720E+01 -2.938974E+00
  7.020000E-01  4.201691E+00 -2.582892E+01 -3.120756E+01 -2.946260E+00
  7.040000E-01  4.198009E+00 -2.586997E+01 -3.129749E+01 -2.953502E+00
  7.060000E-01  4.194315E+00 -2.591088E+01 -3.138699E+01 -2.960699E+00
  7.080000E-01  4.190612E+00 -2.595164E+01 -3.147608E+01 -2.967853E+00
  7.100000E-01  4.186900E+00 -2.599227E+01 -3.156475E+01 -2.974964E+00
  7.120000E-01  4.183181E+00 -2.603277E+01 -3.165303E+01 -2.982034E+00
  7.140000E-01  4.179456E+00 -2.607315E+01 -3.174091E+01 -2.989063E+00
  7.160000E-01  4.175726E+00 -2.611341E+01 -3.182841E+01 -2.996052E+00
  7.180000E-01  4.171994E+00 -2.615356E+01 -3.191553E+01 -3.003002E+00
  7.200000E-01  4.168258E+00 -2.619360E+01 -3.200228E+01 -3.009913E+00
  7.220000E-01  4.164522E+00 -2.623354E+01 -3.208866E+01 -3.016785E+00
  7.240000E-01  4.160785E+00 -2.627337E+01 -3.217469E+01 -3.023620E+00
  7.260000E-01  4.157049E+00 -2.631312E+01 -3.226036E+01 -3.030418E+00
  7.280000E-01  4.153315E+00 -2.635277E+01 -3.234569E+01 -3.037180E+00
  7.300000E-01  4.149584E+00 -2.639234E+01 -3.243068E+01 -3.043905E+00
  7.320000E-01  4.145856E+00 -2.643183E+01 -3.251533E+01 -3.050596E+00
  7.340000E-01  4.142133E+00 -2.647123E+01 -3.259965E+01 -3.057251E+00
  7.360000E-01  4.138415E+00 -2.651057E+01 -3.268365E+01 -3.063872E+00
  7.380000E-01  4.134702E+00 -2.654983E+01 -3.276733E+01 -3.070459E+00
  7.400000E-01  4.130997E+00 -2.658902E+01 -3.285069E+01 -3.077013E+00
  7.420000E-01  4.127299E+00 -2.662815E+01 -3.293374E+01 -3.083533E+00
  7.440000E-01  4.123609E+00 -2.666722E+01 -3.301648E+01 -3.090021E+00
  7.460000E-01  4.119928E+00 -2.670623E+01 -3.309892E+01 -3.096477E+00
  7.480000E-01  4.116256E+00 -2.674519E+01 -3.318107E+01 -3.102901E+00
  7.500000E-01  4.112594E+00 -2.678409E+01 -3.326292E+01 -3.109294E+00
  7.520000E-01  4.108943E+00 -2.682295E+01 -3.334447E+01 -3.115655E+00
  7.540000E-01  4.105303E+00 -2.686175E+01 -3.342575E+01 -3.121986E+00
  7.560000E-01  4.101674E+00 -2.690052E+01 -3.350673E+01 -3.128287E+00
  7.580000E-01  4.098058E+00 -2.693924E+01 -3.358744E+01 -3.134557E+00
  7.600000E-01  4.094454E+00 -2.697792E+01 -3.366788E+01 -3.140798E+00
  7.620000E-01  4.090864E+00 -2.701657E+01 -3.374804E+01 -3.147010E+00
  7.640000E-01  4.087287E+00 -2.705519E+01 -3.382793E+01 -3.153192E+00
  7.660000E-01  4.083724E+00 -2.709377E+01 -3.390755E+01 -3.159346E+00
  7.680000E-01  4.080176E+00 -2.713232E+01 -3.398692E+01 -3.165472E+00
  7.700000E-01  4.076642E+00 -2.717085E+01 -3.406602E+01 -3.171570E+00
  7.720000E-01  4.073124E+00 -2.720935E+01 -3.414487E+01 -3.177640E+00
  7.740000E-01  4.069621E+00 -2.724782E+01 -3.422346E+01 -3.183682E+00
  7.760000E-01  4.066135E+00 -2.728628E+01 -3.430180E+01 -3.189697E+00
  7.780000E-01  4.062664E+00 -2.732472E+01 -3.437989E+01 -3.195685E+00
  7.800000E-01  4.059211E+00 -2.736314E+01 -3.445773E+01 -3.201647E+00
  7.820000E-01  4.055774E+00 -2.740155E+01 -3.453534E+01 -3.207582E+00
  7.840000E-01  4.052355E+00 -2.743994E+01 -3.461270E+01 -3.213491E+00
  7.860000E-01  4.048953E+00 -2.747832E+01 -3.468982E+01 -3.219373E+00
  7.880000E-01  4.045569E+00 -2.751669E+01 -3.476671E+01 -3.225231E+00
  7.900000E-01  4.042203E+00 -2.755506E+01 -3.484336E+01 -3.231062E+00
  7.920000E-01  4.038855E+00 -2.759341E+01 -3.491979E+01 -3.236869E+00
  7.940000E-01  4.035527E+00 -2.763177E+01 -3.499598E+01 -3.242651E+00
  7.960000E-01  4.032216E+00 -2.767012E+01 -3.507195E+01 -3.248407E+00
  7.980000E-01  4.028925E+00 -2.770847E+01 -3.514769E+01 -3.254140E+00
  8.000000E-01  4.025654E+00 -2.774682E+01 -3.522321E+01 -3.259847E+00
  8.020000E-01  4.022401E+00 -2.778517E+01 -3.529852E+01 -3.265531E+00
  8.040000E-01  4.019169E+00 -2.782352E+01 -3.537360E+01 -3.271191E+00
  8.060000E-01  4.015956E+00 -2.786188E+01 -3.544847E+01 -3.276827E+00
  8.080000E-01  4.012763E+00 -2.790024E+01 -3.552312E+01 -3.282439E+00
  8.100000E-01  4.009591E+00 -2.793861E+01 -3.559756E+01 -3.288028E+00
  8.120000E-01  4.006438E+00 -2.797699E+01 -3.567179E+01 -3.293594E+00
  8.140000E-01  4.003307E+00 -2.801538E+01 -3.574581E+01 -3.299137E+00
  8.160000E-01  4.000195E+00 -2.805378E+01 -3.581963E+01 -3.304657E+00
  8.180000E-01  3.997105E+00 -2.809220E+01 -3.589324E+01 -3.310155E+00
  8.200000E-01  3.994036E+00 -2.813062E+01 -3.596665E+01 -3.315630E+00
  8.220000E-01  3.990987E+00 -2.816907E+01 -3.603985E+01 -3.321082E+00
  8.240000E-01  3.987960E+00 -2.820752E+01 -3.611286E+01 -3.326513E+00
  8.260000E-01  3.984953E+00 -2.824600E+01 -3.618567E+01 -3.331922E+00
  8.280000E-01  3.981969E+00 -2.828449E+01 -3.625828E+01 -3.337308E+00
  8.300000E-01  3.979005E+00 -2.832300E+01 -3.633070E+01 -3.342673E+00
  8.320000E-01  3.976063E+00 -2.836153E+01 -3.640293E+01 -3.348017E+00
  8.340000E-01  3.973143E+00 -2.840009E+01 -3.647496E+01 -3.353339E+00
  8.360000E-01  3.970244E+00 -2.843866E+01 -3.654680E+01 -3.358641E+00
  8.380000E-01  3.967367E+00 -2.847726E+01 -3.661845E+01 -3.363921E+00
  8.400000E-01  3.964512E+00 -2.851589E+01 -3.668992E+01 -3.369180E+00
  8.420000E-01  3.961678E+00 -2.855454E+01 -3.676120E+01 -3.374418E+00
  8.440000E-01  3.958867E+00 -2.859321E+01 -3.683230E+01 -3.379636E+00
  8.460000E-01  3.956077E+00 -2.863192E+01 -3.690321E+01 -3.384833E+00
  8.480000E-01  3.953310E+00 -2.867065E+01 -3.697394E+01 -3.390010E+00
  8.500000E-01  3.950564E+00 -2.870941E+01 -3.704449E+01 -3.395167E+00
  8.520000E-01  3.947840E+00 -2.874820E+01 -3.711486E+01 -3.400303E+00
  8.540000E-01  3.945139E+00 -2.878702E+01 -3.718506E+01 -3.405420E+00
  8.560000E-01  3.942460E+00 -2.882587E+01 -3.725508E+01 -3.410517E+00
  8.580000E-01  3.939802E+00 -2.886475E+01 -3.732492E+01 -3.415594E+00
  8.600000E-01  3.937167E+00 -2.890367E+01 -3.739459E+01 -3.420652E+00
  8.620000E-01  3.934554E+00 -2.894262E+01 -3.746408E+01 -3.425690E+00
  8.640000E-01  3.931964E+00 -2.898161E+01 -3.753341E+01 -3.430708E+00
  8.660000E-01  3.929395E+00 -2.902063E+01 -3.760256E+01 -3.435708E+00
  8.680000E-01  3.926849E+00 -2.905969E+01 -3.767154E+01 -3.440688E+00
  8.700000E-01  3.924325E+00 -2.909879E+01 -3.774036E+01 -3.445649E+00
  8.720000E-01  3.921822E+00 -2.913792E+01 -3.780901E+01 -3.450592E+00
  8.740000E-01  3.919343E+00 -2.917709E+01 -3.787749E+01 -3.455515E+00
  8.760000E-01  3.916885E+00 -2.921630E+01 -3.794580E+01 -3.460420E+00
  8.780000E-01  3.914449E+00 -2.925555E+01 -3.801396E+01 -3.465307E+00
  8.800000E-01  3.912036E+00 -2.929485E+01 -3.808195E+01 -3.470175E+00
  8.820000E-01  3.909644E+00 -2.933418E+01 -3.814978E+01 -3.475024E+00
  8.840000E-01  3.907275E+00 -2.937355E+01 -3.821745E+01 -3.479855E+00
  8.860000E-01  3.904928E+00 -2.941297E+01 -3.828495E+01 -3.484669E+00
  8.880000E-01  3.902603E+00 -2.945243E+01 -3.835230E+01 -3.489464E+00
  8.900000E-01  3.900299E+00 -2.949193E+01 -3.841949E+01 -3.494241E+00
  8.920000E-01  3.898018E+00 -2.953148E+01 -3.848653E+01 -3.499000E+00
  8.940000E-01  3.895759E+00 -2.957107E+01 -3.855341E+01 -3.503741E+00
  8.960000E-01  3.893521E+00 -2.961071E+01 -3.862013E+01 -3.508465E+00
  8.980000E-01  3.891306E+00 -2.965039E+01 -3.868670E+01 -3.513171E+00
  9.000000E-01  3.889112E+00 -2.969012E+01 -3.875312E+01 -3.517859E+00
  9.020000E-01  3.886940E+00 -2.972990E+01 -3.881938E+01 -3.522531E+00
  9.040000E-01  3.884790E+00 -2.976972E+01 -3.888549E+01 -3.527184E+00
  9.060000E-01  3.882661E+00 -2.980960E+01 -3.895146E+01 -3.531821E+00
  9.080000E-01  3.880554E+00 -2.984952E+01 -3.901727E+01 -3.536440E+00
  9.100000E-01  3.878469E+00 -2.988949E+01 -3.908293E+01 -3.541043E+00
  9.120000E-01  3.876405E+00 -2.992951E+01 -3.914845E+01 -3.545628E+00
  9.140000E-01  3.874363E+00 -2.996958E+01 -3.921382E+01 -3.550197E+00
  9.160000E-01  3.872342E+00 -3.000970E+01 -3.927904E+01 -3.554748E+00
  9.180000E-01  3.870342E+00 -3.004987E+01 -3.934412E+01 -3.559283E+00
  9.200000E-01  3.868364E+00 -3.009010E+01 -3.940905E+01 -3.563802E+00
  9.220000E-01  3.866407E+00 -3.013037E+01 -3.947384E+01 -3.568303E+00
  9.240000E-01  3.864471E+00 -3.017070E+01 -3.953849E+01 -3.572788E+00
  9.260000E-01  3.862556E+00 -3.021109E+01 -3.960299E+01 -3.577257E+00
  9.280000E-01  3.860662E+00 -3.025152E+01 -3.966736E+01 -3.581710E+00
  9.300000E-01  3.858790E+00 -3.029201E+01 -3.973158E+01 -3.586146E+00
  9.320000E-01  3.856938E+00 -3.033255E+01 -3.979566E+01 -3.590566E+00
  9.340000E-01  3.855107E+00 -3.037315E+01 -3.985961E+01 -3.594970E+00
  9.360000E-01  3.853297E+00 -3.041381E+01 -3.992341E+01 -3.599357E+00
  9.380000E-01  3.851507E+00 -3.045452E+01 -3.998708E+01 -3.603729E+00
  9.400000E-01  3.849738E+00 -3.049529E+01 -4.005061E+01 -3.608085E+00
  9.420000E-01  3.847990E+00 -3.053611E+01 -4.011401E+01 -3.612426E+00
  9.440000E-01  3.846262E+00 -3.057699E+01 -4.017727E+01 -3.616750E+00
  9.460000E-01  3.844555E+00 -3.061793E+01 -4.024040E+01 -3.621059E+00
  9.480000E-01  3.842868E+00 -3.065892E+01 -4.030339E+01 -3.625352E+00
  9.500000E-01  3.841201E+00 -3.069998E+01 -4.036625E+01 -3.629630E+00
  9.520000E-01  3.839555E+00 -3.074109E+01 -4.042898E+01 -3.633892E+00
  9.540000E-01  3.837929E+00 -3.078227E+01 -4.049158E+01 -3.638139E+00
  9.560000E-01  3.836322E+00 -3.082350E+01 -4.055405E+01 -3.642371E+00
  9.580000E-01  3.834736E+00 -3.086480E+01 -4.061639E+01 -3.646588E+00
  9.600000E-01  3.833170E+00 -3.090615E+01 -4.067860E+01 -3.650789E+00
  9.620000E-01  3.831623E+00 -3.094757E+01 -4.074068E+01 -3.654976E+00
  9.640000E-01  3.830096E+00 -3.098905E+01 -4.080263E+01 -3.659147E+00
  9.660000E-01  3.828589E+00 -3.103059E+01 -4.086446E+01 -3.663304E+00
  9.680000E-01  3.827101E+00 -3.107219E+01 -4.092617E+01 -3.667445E+00
  9.700000E-01  3.825633E+00 -3.111386E+01 -4.098775E+01 -3.671572E+00
  9.720000E-01  3.824185E+00 -3.115559E+01 -4.104921E+01 -3.675685E+00
  9.740000E-01  3.822756E+00 -3.119739E+01 -4.111055E+01 -3.679783E+00
  9.760000E-01  3.821346E+00 -3.123925E+01 -4.117176E+01 -3.683866E+00
  9.780000E-01  3.819955E+00 -3.128117E+01 -4.123286E+01 -3.687935E+00
  9.800000E-01  3.818583E+00 -3.132317E+01 -4.129383E+01 -3.691990E+00
  9.820000E-01  3.817231E+00 -3.136523E+01 -4.135469E+01 -3.696031E+00
  9.840000E-01  3.815043E+00 -3.139711E+01 -4.140413E+01 -3.699201E+00
  9.860000E-01  3.812987E+00 -3.143040E+01 -4.145499E+01 -3.702476E+00
  9.880000E-01  3.810834E+00 -3.146237E+01 -4.150425E+01 -3.705627E+00
  9.900000E-01  3.808609E+00 -3.149328E+01 -4.155223E+01 -3.708678E+00
  9.920000E-01  3.806327E+00 -3.152333E+01 -4.159913E+01 -3.711645E+00
  9.940000E-01  3.803998E+00 -3.155262E+01 -4.164509E+01 -3.714538E+00
  9.960000E-01  3.801630E+00 -3.158126E+01 -4.169022E+01 -3.717367E+00
  9.980000E-01  3.799231E+00 -3.160933E+01 -4.173462E+01 -3.720138E+00
  1.000000E+00  3.796806E+00 -3.163689E+01 -4.177834E+01 -3.722856E+00
  1.002000E+00  3.794359E+00 -3.166398E+01 -4.182146E+01 -3.725526E+00
  1.004000E+00  3.791894E+00 -3.169066E+01 -4.186403E+01 -3.728153E+00
  1.006000E+00  3.789414E+00 -3.171695E+01 -4.190608E+01 -3.730738E+00
  1.008000E+00  3.786922E+00 -3.174290E+01 -4.194765E+01 -3.733286E+00
  1.010000E+00  3.784420E+00 -3.176853E+01 -4.198880E+01 -3.735800E+00
  1.012000E+00  3.781911E+00 -3.179388E+01 -4.202954E+01 -3.738281E+00
  1.014000E+00  3.779396E+00 -3.181896E+01 -4.206991E+01 -3.740733E+00
  1.016000E+00  3.776878E+00 -3.184382E+01 -4.210997E+01 -3.743159E+00
  1.018000E+00  3.774359E+00 -3.186850E+01 -4.214978E+01 -3.745565E+00
  1.020000E+00  3.771840E+00 -3.189301E+01 -4.218935E+01 -3.747950E+00
  1.022000E+00  3.769320E+00 -3.191728E+01 -4.222855E+01 -3.750306E+00
  1.024000E+00  3.766801E+00 -3.194131E+01 -4.226740E+01 -3.752634E+00
  1.026000E+00  3.764282E+00 -3.196513E+01 -4.230591E+01 -3.754935E+00
  1.028000E+00  3.761766E+00 -3.198874E+01 -4.234409E+01 -3.757209E+00
  1.030000E+00  3.759253E+00 -3.201216E+01 -4.238197E+01 -3.759458E+00
  1.032000E+00  3.756743E+00 -3.203538E+01 -4.241954E+01 -3.761683E+00
  1.034000E+00  3.754238E+00 -3.205843E+01 -4.245682E+01 -3.763885E+00
  1.036000E+00  3.751738E+00 -3.208130E+01 -4.249382E+01 -3.766063E+00
  1.038000E+00  3.749243E+00 -3.210402E+01 -4.253056E+01 -3.768220E+00
  1.040000E+00  3.746755E+00 -3.212657E+01 -4.256702E+01 -3.770355E+00
  1.042000E+00  3.744273E+00 -3.214898E+01 -4.260324E+01 -3.772469E+00
  1.044000E+00  3.741799E+00 -3.217124E+01 -4.263921E+01 -3.774563E+00
  1.046000E+00  3.739332E+00 -3.219336E+01 -4.267494E+01 -3.776637E+00
  1.048000E+00  3.736873E+00 -3.221536E+01 -4.271043E+01 -3.778693E+00
  1.050000E+00  3.734423E+00 -3.223722E+01 -4.274570E+01 -3.780729E+00
  1.052000E+00  3.731981E+00 -3.225897E+01 -4.278075E+01 -3.782748E+00
  1.054000E+00  3.729549E+00 -3.228060E+01 -4.281559E+01 -3.784749E+00
  1.056000E+00  3.727125E+00 -3.230211E+01 -4.285022E+01 -3.786732E+00
  1.058000E+00  3.724711E+00 -3.232351E+01 -4.288464E+01 -3.788699E+00
  1.060000E+00  3.722307E+00 -3.234482E+01 -4.291886E+01 -3.790649E+00
  1.062000E+00  3.719913E+00 -3.236601E+01 -4.295290E+01 -3.792583E+00
  1.064000E+00  3.717529E+00 -3.238712E+01 -4.298674E+01 -3.794501E+00
  1.066000E+00  3.715156E+00 -3.240812E+01 -4.302039E+01 -3.796403E+00
  1.068000E+00  3.712793E+00 -3.242904E+01 -4.305387E+01 -3.798290E+00
  1.070000E+00  3.710441E+00 -3.244987E+01 -4.308717E+01 -3.800163E+00
  1.072000E+00  3.708100E+00 -3.247061E+01 -4.312029E+01 -3.802021E+00
  1.074000E+00  3.705770E+00 -3.249127E+01 -4.315325E+01 -3.803864E+00
  1.076000E+00  3.703451E+00 -3.251185E+01 -4.318603E+01 -3.805694E+00
  1.078000E+00  3.701144E+00 -3.253235E+01 -4.321866E+01 -3.807509E+00
  1.080000E+00  3.698848E+00 -3.255278E+01 -4.325112E+01 -3.809311E+00
  1.082000E+00  3.696563E+00 -3.257314E+01 -4.328343E+01 -3.811100E+00
  1.084000E+00  3.694290E+00 -3.259342E+01 -4.331559E+01 -3.812876E+00
  1.086000E+00  3.692029E+00 -3.261364E+01 -4.334759E+01 -3.814639E+00
  1.088000E+00  3.689779E+00 -3.263379E+01 -4.337944E+01 -3.816389E+00
  1.090000E+00  3.687541E+00 -3.265387E+01 -4.341115E+01 -3.818126E+00
  1.092000E+00  3.685315E+00 -3.267390E+01 -4.344271E+01 -3.819851E+00
  1.094000E+00  3.683101E+00 -3.269386E+01 -4.347414E+01 -3.821565E+00
  1.096000E+00  3.680900E+00 -3.271376E+01 -4.350542E+01 -3.823266E+00
  1.098000E+00  3.678710E+00 -3.273361E+01 -4.353657E+01 -3.824956E+00
  1.100000E+00  3.676532E+00 -3.275340E+01 -4.356758E+01 -3.826634E+00
  1.102000E+00  3.674366E+00 -3.277314E+01 -4.359846E+01 -3.828300E+00
  1.104000E+00  3.672212E+00 -3.279282E+01 -4.362921E+01 -3.829955E+00
  1.106000E+00  3.670070E+00 -3.281245E+01 -4.365983E+01 -3.831600E+00
  1.108000E+00  3.667941E+00 -3.283204E+01 -4.369033E+01 -3.833233E+00
  1.110000E+00  3.665824E+00 -3.285157E+01 -4.372070E+01 -3.834855E+00
  1.112000E+00  3.663718E+00 -3.287106E+01 -4.375094E+01 -3.836467E+00
  1.114000E+00  3.661625E+00 -3.289049E+01 -4.378107E+01 -3.838068E+00
  1.116000E+00  3.659544E+00 -3.290989E+01 -4.381107E+01 -3.839659E+00
  1.118000E+00  3.657476E+00 -3.292924E+01 -4.384096E+01 -3.841240E+00
  1.120000E+00  3.655419E+00 -3.294855E+01 -4.387073E+01 -3.842810E+00
  1.122000E+00  3.653375E+00 -3.296782E+01 -4.390039E+01 -3.844370E+00
  1.124000E+00  3.651343E+00 -3.298704E+01 -4.392993E+01 -3.845921E+00
  1.126000E+00  3.649323E+00 -3.300623E+01 -4.395937E+01 -3.847461E+00
  1.128000E+00  3.647315E+00 -3.302537E+01 -4.398869E+01 -3.848992E+00
  1.130000E+00  3.645319E+00 -3.304448E+01 -4.401790E+01 -3.850513E+00
  1.132000E+00  3.643335E+00 -3.306356E+01 -4.404700E+01 -3.852025E+00
  1.134000E+00  3.641363E+00 -3.308259E+01 -4.407600E+01 -3.853528E+00
  1.136000E+00  3.639404E+00 -3.310159E+01 -4.410489E+01 -3.855021E+00
  1.138000E+00  3.637456E+00 -3.312056E+01 -4.413368E+01 -3.856505E+00
  1.140000E+00  3.635520E+00 -3.313949E+01 -4.416236E+01 -3.857980E+00
  1.142000E+00  3.633597E+00 -3.315839E+01 -4.419094E+01 -3.859445E+00
  1.144000E+00  3.631685E+00 -3.317726E+01 -4.421942E+01 -3.860902E+00
  1.146000E+00  3.629785E+00 -3.319609E+01 -4.424780E+01 -3.862350E+00
  1.148000E+00  3.627897E+00 -3.321490E+01 -4.427608E+01 -3.863790E+00
  1.150000E+00  3.626021E+00 -3.323367E+01 -4.430427E+01 -3.865220E+00
  1.152000E+00  3.624156E+00 -3.325242E+01 -4.433235E+01 -3.866643E+00
  1.154000E+00  3.622304E+00 -3.327113E+01 -4.436034E+01 -3.868056E+00
  1.156000E+00  3.620463E+00 -3.328982E+01 -4.438824E+01 -3.869461E+00
  1.158000E+00  3.618634E+00 -3.330848E+01 -4.441604E+01 -3.870858E+00
  1.160000E+00  3.616816E+00 -3.332712E+01 -4.444375E+01 -3.872247E+00
  1.162000E+00  3.615010E+00 -3.334572E+01 -4.447137E+01 -3.873627E+00
  1.164000E+00  3.613216E+00 -3.336430E+01 -4.449890E+01 -3.874999E+00
  1.166000E+00  3.611433E+00 -3.338286E+01 -4.452633E+01 -3.876363E+00
  1.168000E+00  3.609662E+00 -3.340139E+01 -4.455368E+01 -3.877720E+00
  1.170000E+00  3.607902E+00 -3.341989E+01 -4.458093E+01 -3.879068E+00
  1.172000E+00  3.606153E+00 -3.343837E+01 -4.460810E+01 -3.880408E+00
  1.174000E+00  3.604416E+00 -3.345683E+01 -4.463518E+01 -3.881741E+00
  1.176000E+00  3.602690E+00 -3.347527E+01 -4.466218E+01 -3.883065E+00
  1.178000E+00  3.600976E+00 -3.349368E+01 -4.468909E+01 -3.884383E+00
  1.180000E+00  3.599272E+00 -3.351207E+01 -4.471591E+01 -3.885692E+00
  1.182000E+00  3.597580E+00 -3.353043E+01 -4.474265E+01 -3.886994E+00
  1.184000E+00  3.595899E+00 -3.354878E+01 -4.476930E+01 -3.888288E+00
  1.186000E+00  3.594229E+00 -3.356710E+01 -4.479588E+01 -3.889575E+00
  1.188000E+00  3.592571E+00 -3.358541E+01 -4.482237E+01 -3.890855E+00
  1.190000E+00  3.590923E+00 -3.360369E+01 -4.484877E+01 -3.892127E+00
  1.192000E+00  3.589286E+00 -3.362196E+01 -4.487510E+01 -3.893392E+00
  1.194000E+00  3.587660E+00 -3.364020E+01 -4.490135E+01 -3.894650E+00
  1.196000E+00  3.586044E+00 -3.365843E+01 -4.492751E+01 -3.895900E+00
  1.198000E+00  3.584440E+00 -3.367663E+01 -4.495360E+01 -3.897144E+00
  1.200000E+00  3.582846E+00 -3.369482E+01 -4.497961E+01 -3.898380E+00
