  1.000000E-02  0.000000E+00
  1.200000E-02  0.000000E+00
  1.400000E-02  0.000000E+00
  1.600000E-02  0.000000E+00
  1.800000E-02  0.000000E+00
  2.000000E-02  0.000000E+00
  2.200000E-02  0.000000E+00
  2.400000E-02  0.000000E+00
  2.600000E-02  0.000000E+00
  2.800000E-02  0.000000E+00
  3.000000E-02  0.000000E+00
  3.200000E-02  0.000000E+00
  3.400000E-02  0.000000E+00
  3.600000E-02  0.000000E+00
  3.800000E-02  0.000000E+00
  4.000000E-02  0.000000E+00
  4.200000E-02  0.000000E+00
  4.400000E-02  0.000000E+00
  4.600000E-02  0.000000E+00
  4.800000E-02  0.000000E+00
  5.000000E-02  0.000000E+00
  5.200000E-02  0.000000E+00
  5.400000E-02  0.000000E+00
  5.600000E-02  0.000000E+00
  5.800000E-02  0.000000E+00
  6.000000E-02  0.000000E+00
  6.200000E-02  0.000000E+00
  6.400000E-02  0.000000E+00
  6.600000E-02  0.000000E+00
  6.800000E-02  0.000000E+00
  7.000000E-02  0.000000E+00
  7.200000E-02  0.000000E+00
  7.400000E-02  0.000000E+00
  7.600000E-02  0.000000E+00
  7.800000E-02  0.000000E+00
  8.000000E-02  0.000000E+00
  8.200000E-02  0.000000E+00
  8.400000E-02  0.000000E+00
  8.600000E-02  0.000000E+00
  8.800000E-02  0.000000E+00
  9.000000E-02  0.000000E+00
  9.200000E-02  0.000000E+00
  9.400000E-02  0.000000E+00
  9.600000E-02  0.000000E+00
  9.800000E-02  0.000000E+00
  1.000000E-01  0.000000E+00
  1.020000E-01  0.000000E+00
  1.040000E-01  0.000000E+00
  1.060000E-01  0.000000E+00
  1.080000E-01  0.000000E+00
  1.100000E-01  0.000000E+00
  1.120000E-01  0.000000E+00
  1.140000E-01  0.000000E+00
  1.160000E-01  0.000000E+00
  1.180000E-01  0.000000E+00
  1.200000E-01  0.000000E+00
  1.220000E-01  0.000000E+00
  1.240000E-01  0.000000E+00
  1.260000E-01  0.000000E+00
  1.280000E-01  0.000000E+00
  1.300000E-01  0.000000E+00
  1.320000E-01  0.000000E+00
  1.340000E-01  0.000000E+00
  1.360000E-01  0.000000E+00
  1.380000E-01  0.000000E+00
  1.400000E-01  0.000000E+00
  1.420000E-01  0.000000E+00
  1.440000E-01  0.000000E+00
  1.460000E-01  0.000000E+00
  1.480000E-01  0.000000E+00
  1.500000E-01  0.000000E+00
  1.520000E-01  0.000000E+00
  1.540000E-01  0.000000E+00
  1.560000E-01  0.000000E+00
  1.580000E-01  0.000000E+00
  1.600000E-01  0.000000E+00
  1.620000E-01  0.000000E+00
  1.640000E-01  0.000000E+00
  1.660000E-01  0.000000E+00
  1.680000E-01  0.000000E+00
  1.700000E-01  0.000000E+00
  1.720000E-01  0.000000E+00
  1.740000E-01  0.000000E+00
  1.760000E-01  0.000000E+00
  1.780000E-01  0.000000E+00
  1.800000E-01  0.000000E+00
  1.820000E-01  0.000000E+00
  1.840000E-01  0.000000E+00
  1.860000E-01  0.000000E+00
  1.880000E-01  0.000000E+00
  1.900000E-01  0.000000E+00
  1.920000E-01  0.000000E+00
  1.940000E-01  0.000000E+00
  1.960000E-01  0.000000E+00
  1.980000E-01  0.000000E+00
  2.000000E-01  0.000000E+00
  2.020000E-01  0.000000E+00
  2.040000E-01  0.000000E+00
  2.060000E-01  0.000000E+00
  2.080000E-01  0.000000E+00
  2.100000E-01  0.000000E+00
  2.120000E-01  0.000000E+00
  2.140000E-01  0.000000E+00
  2.160000E-01  0.000000E+00
  2.180000E-01  0.000000E+00
  2.200000E-01  0.000000E+00
  2.220000E-01  0.000000E+00
  2.240000E-01  0.000000E+00
  2.260000E-01  0.000000E+00
  2.280000E-01  0.000000E+00
  2.300000E-01  0.000000E+00
  2.320000E-01  0.000000E+00
  2.340000E-01  0.000000E+00
  2.360000E-01  0.000000E+00
  2.380000E-01  0.000000E+00
  2.400000E-01  0.000000E+00
  2.420000E-01  0.000000E+00
  2.440000E-01  0.000000E+00
  2.460000E-01  0.000000E+00
  2.480000E-01  0.000000E+00
  2.500000E-01  0.000000E+00
  2.520000E-01  0.000000E+00
  2.540000E-01  0.000000E+00
  2.560000E-01  0.000000E+00
  2.580000E-01  0.000000E+00
  2.600000E-01  0.000000E+00
  2.620000E-01  0.000000E+00
  2.640000E-01  0.000000E+00
  2.660000E-01  0.000000E+00
  2.680000E-01  0.000000E+00
  2.700000E-01  0.000000E+00
  2.720000E-01  0.000000E+00
  2.740000E-01  0.000000E+00
  2.760000E-01  0.000000E+00
  2.780000E-01  0.000000E+00
  2.800000E-01  0.000000E+00
  2.820000E-01  0.000000E+00
  2.840000E-01  0.000000E+00
  2.860000E-01  0.000000E+00
  2.880000E-01  0.000000E+00
  2.900000E-01  0.000000E+00
  2.920000E-01  0.000000E+00
  2.940000E-01  0.000000E+00
  2.960000E-01  0.000000E+00
  2.980000E-01  0.000000E+00
  3.000000E-01  0.000000E+00
  3.020000E-01  0.000000E+00
  3.040000E-01  0.000000E+00
  3.060000E-01  0.000000E+00
  3.080000E-01  0.000000E+00
  3.100000E-01  0.000000E+00
  3.120000E-01  0.000000E+00
  3.140000E-01  0.000000E+00
  3.160000E-01  0.000000E+00
  3.180000E-01  0.000000E+00
  3.200000E-01  0.000000E+00
  3.220000E-01  0.000000E+00
  3.240000E-01  0.000000E+00
  3.260000E-01  0.000000E+00
  3.280000E-01  0.000000E+00
  3.300000E-01  0.000000E+00
  3.320000E-01  0.000000E+00
  3.340000E-01  0.000000E+00
  3.360000E-01  0.000000E+00
  3.380000E-01  0.000000E+00
  3.400000E-01  0.000000E+00
  3.420000E-01  0.000000E+00
  3.440000E-01  0.000000E+00
  3.460000E-01  0.000000E+00
  3.480000E-01  0.000000E+00
  3.500000E-01  0.000000E+00
  3.520000E-01  0.000000E+00
  3.540000E-01  0.000000E+00
  3.560000E-01  0.000000E+00
  3.580000E-01  0.000000E+00
  3.600000E-01  0.000000E+00
  3.620000E-01  0.000000E+00
  3.640000E-01  0.000000E+00
  3.660000E-01  0.000000E+00
  3.680000E-01  0.000000E+00
  3.700000E-01  0.000000E+00
  3.720000E-01  0.000000E+00
  3.740000E-01  0.000000E+00
  3.760000E-01  0.000000E+00
  3.780000E-01  0.000000E+00
  3.800000E-01  0.000000E+00
  3.820000E-01  0.000000E+00
  3.840000E-01  0.000000E+00
  3.860000E-01  0.000000E+00
  3.880000E-01  0.000000E+00
  3.900000E-01  0.000000E+00
  3.920000E-01  0.000000E+00
  3.940000E-01  0.000000E+00
  3.960000E-01  0.000000E+00
  3.980000E-01  0.000000E+00
  4.000000E-01  0.000000E+00
  4.020000E-01  0.000000E+00
  4.040000E-01  0.000000E+00
  4.060000E-01  0.000000E+00
  4.080000E-01  0.000000E+00
  4.100000E-01  0.000000E+00
  4.120000E-01  0.000000E+00
  4.140000E-01  0.000000E+00
  4.160000E-01  0.000000E+00
  4.180000E-01  0.000000E+00
  4.200000E-01  0.000000E+00
  4.220000E-01  0.000000E+00
  4.240000E-01  0.000000E+00
  4.260000E-01  0.000000E+00
  4.280000E-01  0.000000E+00
  4.300000E-01  0.000000E+00
  4.320000E-01  0.000000E+00
  4.340000E-01  0.000000E+00
  4.360000E-01  0.000000E+00
  4.380000E-01  0.000000E+00
  4.400000E-01  0.000000E+00
  4.420000E-01  0.000000E+00
  4.440000E-01  0.000000E+00
  4.460000E-01  0.000000E+00
  4.480000E-01  0.000000E+00
  4.500000E-01  0.000000E+00
  4.520000E-01  3.562997E-03
  4.540000E-01  5.286559E-03
  4.560000E-01  7.109418E-03
  4.580000E-01  8.999379E-03
  4.600000E-01  1.093534E-02
  4.620000E-01  1.290269E-02
  4.640000E-01  1.489094E-02
  4.660000E-01  1.689229E-02
  4.680000E-01  1.890090E-02
  4.700000E-01  2.091223E-02
  4.720000E-01  2.292279E-02
  4.740000E-01  2.492981E-02
  4.760000E-01  2.693111E-02
  4.780000E-01  2.892492E-02
  4.800000E-01  3.090987E-02
  4.820000E-01  3.288482E-02
  4.840000E-01  3.484887E-02
  4.860000E-01  3.680130E-02
  4.880000E-01  3.874153E-02
  4.900000E-01  4.066909E-02
  4.920000E-01  4.258364E-02
  4.940000E-01  4.616042E-02
  4.960000E-01  4.902516E-02
  4.980000E-01  5.199452E-02
  5.000000E-01  5.504906E-02
  5.020000E-01  5.817482E-02
  5.040000E-01  6.136117E-02
  5.060000E-01  6.459968E-02
  5.080000E-01  6.788346E-02
  5.100000E-01  7.120675E-02
  5.120000E-01  7.456468E-02
  5.140000E-01  7.795304E-02
  5.160000E-01  8.136818E-02
  5.180000E-01  8.480687E-02
  5.200000E-01  8.826628E-02
  5.220000E-01  9.174388E-02
  5.240000E-01  9.523739E-02
  5.260000E-01  9.874476E-02
  5.280000E-01  1.022642E-01
  5.300000E-01  1.057939E-01
  5.320000E-01  1.093324E-01
  5.340000E-01  1.128784E-01
  5.360000E-01  1.164304E-01
  5.380000E-01  1.199874E-01
  5.400000E-01  1.235482E-01
  5.420000E-01  1.271118E-01
  5.440000E-01  1.306773E-01
  5.460000E-01  1.342438E-01
  5.480000E-01  1.378103E-01
  5.500000E-01  1.413763E-01
  5.520000E-01  1.449408E-01
  5.540000E-01  1.485032E-01
  5.560000E-01  1.520628E-01
  5.580000E-01  1.556189E-01
  5.600000E-01  1.591708E-01
  5.620000E-01  1.627181E-01
  5.640000E-01  1.662599E-01
  5.660000E-01  1.697956E-01
  5.680000E-01  1.733247E-01
  5.700000E-01  1.768464E-01
  5.720000E-01  1.803601E-01
  5.740000E-01  1.838650E-01
  5.760000E-01  1.873605E-01
  5.780000E-01  1.908456E-01
  5.800000E-01  1.943197E-01
  5.820000E-01  1.977817E-01
  5.840000E-01  2.012308E-01
  5.860000E-01  2.046660E-01
  5.880000E-01  2.080861E-01
  5.900000E-01  2.114900E-01
  5.920000E-01  2.148765E-01
  5.940000E-01  2.182442E-01
  5.960000E-01  2.215918E-01
  5.980000E-01  2.249179E-01
  6.000000E-01  2.282209E-01
  6.020000E-01  2.314994E-01
  6.040000E-01  2.347518E-01
  6.060000E-01  2.379767E-01
  6.080000E-01  2.411724E-01
  6.100000E-01  2.443377E-01
  6.120000E-01  2.474712E-01
  6.140000E-01  2.505716E-01
  6.160000E-01  2.536380E-01
  6.180000E-01  2.566694E-01
  6.200000E-01  2.596652E-01
  6.220000E-01  2.626246E-01
  6.240000E-01  2.655474E-01
  6.260000E-01  2.684333E-01
  6.280000E-01  2.712822E-01
  6.300000E-01  2.740939E-01
  6.320000E-01  2.768686E-01
  6.340000E-01  2.796060E-01
  6.360000E-01  2.823058E-01
  6.380000E-01  2.849670E-01
  6.400000E-01  2.875873E-01
  6.420000E-01  2.901571E-01
  6.440000E-01  2.927122E-01
  6.460000E-01  2.952527E-01
  6.480000E-01  2.977787E-01
  6.500000E-01  3.002903E-01
  6.520000E-01  3.027875E-01
  6.540000E-01  3.052706E-01
  6.560000E-01  3.077395E-01
  6.580000E-01  3.101943E-01
  6.600000E-01  3.126353E-01
  6.620000E-01  3.152810E-01
  6.640000E-01  3.177681E-01
  6.660000E-01  3.202479E-01
  6.680000E-01  3.227199E-01
  6.700000E-01  3.251834E-01
  6.720000E-01  3.276383E-01
  6.740000E-01  3.300843E-01
  6.760000E-01  3.325210E-01
  6.780000E-01  3.349483E-01
  6.800000E-01  3.373661E-01
  6.820000E-01  3.397742E-01
  6.840000E-01  3.421724E-01
  6.860000E-01  3.445608E-01
  6.880000E-01  3.469391E-01
  6.900000E-01  3.493074E-01
  6.920000E-01  3.516655E-01
  6.940000E-01  3.540135E-01
  6.960000E-01  3.563512E-01
  6.980000E-01  3.586787E-01
  7.000000E-01  3.609960E-01
  7.020000E-01  3.633029E-01
  7.040000E-01  3.655995E-01
  7.060000E-01  3.678858E-01
  7.080000E-01  3.701617E-01
  7.100000E-01  3.724273E-01
  7.120000E-01  3.746826E-01
  7.140000E-01  3.769276E-01
  7.160000E-01  3.791623E-01
  7.180000E-01  3.813866E-01
  7.200000E-01  3.836007E-01
  7.220000E-01  3.858044E-01
  7.240000E-01  3.879980E-01
  7.260000E-01  3.901813E-01
  7.280000E-01  3.923543E-01
  7.300000E-01  3.945172E-01
  7.320000E-01  3.966700E-01
  7.340000E-01  3.988126E-01
  7.360000E-01  4.009450E-01
  7.380000E-01  4.030675E-01
  7.400000E-01  4.051798E-01
  7.420000E-01  4.072822E-01
  7.440000E-01  4.093745E-01
  7.460000E-01  4.114569E-01
  7.480000E-01  4.135294E-01
  7.500000E-01  4.155920E-01
  7.520000E-01  4.176448E-01
  7.540000E-01  4.196878E-01
  7.560000E-01  4.217210E-01
  7.580000E-01  4.237445E-01
  7.600000E-01  4.257582E-01
  7.620000E-01  4.277623E-01
  7.640000E-01  4.297568E-01
  7.660000E-01  4.317418E-01
  7.680000E-01  4.337171E-01
  7.700000E-01  4.356830E-01
  7.720000E-01  4.376395E-01
  7.740000E-01  4.395865E-01
  7.760000E-01  4.415241E-01
  7.780000E-01  4.434524E-01
  7.800000E-01  4.453714E-01
  7.820000E-01  4.472812E-01
  7.840000E-01  4.491818E-01
  7.860000E-01  4.510731E-01
  7.880000E-01  4.529554E-01
  7.900000E-01  4.548286E-01
  7.920000E-01  4.566927E-01
  7.940000E-01  4.585479E-01
  7.960000E-01  4.603941E-01
  7.980000E-01  4.622313E-01
  8.000000E-01  4.640597E-01
  8.020000E-01  4.658793E-01
  8.040000E-01  4.676901E-01
  8.060000E-01  4.694921E-01
  8.080000E-01  4.712855E-01
  8.100000E-01  4.730702E-01
  8.120000E-01  4.748462E-01
  8.140000E-01  4.766137E-01
  8.160000E-01  4.783726E-01
  8.180000E-01  4.801231E-01
  8.200000E-01  4.818651E-01
  8.220000E-01  4.835987E-01
  8.240000E-01  4.853239E-01
  8.260000E-01  4.870408E-01
  8.280000E-01  4.887495E-01
  8.300000E-01  4.904498E-01
  8.320000E-01  4.921420E-01
  8.340000E-01  4.938260E-01
  8.360000E-01  4.955019E-01
  8.380000E-01  4.971697E-01
  8.400000E-01  4.988295E-01
  8.420000E-01  5.004813E-01
  8.440000E-01  5.021251E-01
  8.460000E-01  5.037610E-01
  8.480000E-01  5.053891E-01
  8.500000E-01  5.070093E-01
  8.520000E-01  5.086217E-01
  8.540000E-01  5.102263E-01
  8.560000E-01  5.118232E-01
  8.580000E-01  5.134125E-01
  8.600000E-01  5.149941E-01
  8.620000E-01  5.165681E-01
  8.640000E-01  5.181345E-01
  8.660000E-01  5.196935E-01
  8.680000E-01  5.212449E-01
  8.700000E-01  5.227889E-01
  8.720000E-01  5.243254E-01
  8.740000E-01  5.258546E-01
  8.760000E-01  5.273765E-01
  8.780000E-01  5.288911E-01
  8.800000E-01  5.303984E-01
  8.820000E-01  5.318985E-01
  8.840000E-01  5.333914E-01
  8.860000E-01  5.348771E-01
  8.880000E-01  5.363558E-01
  8.900000E-01  5.378273E-01
  8.920000E-01  5.392918E-01
  8.940000E-01  5.407493E-01
  8.960000E-01  5.421999E-01
  8.980000E-01  5.436435E-01
  9.000000E-01  5.450802E-01
  9.020000E-01  5.465100E-01
  9.040000E-01  5.479330E-01
  9.060000E-01  5.493492E-01
  9.080000E-01  5.507586E-01
  9.100000E-01  5.521613E-01
  9.120000E-01  5.535573E-01
  9.140000E-01  5.549467E-01
  9.160000E-01  5.563294E-01
  9.180000E-01  5.577055E-01
  9.200000E-01  5.590750E-01
  9.220000E-01  5.604380E-01
  9.240000E-01  5.617945E-01
  9.260000E-01  5.631445E-01
  9.280000E-01  5.644881E-01
  9.300000E-01  5.658253E-01
  9.320000E-01  5.671561E-01
  9.340000E-01  5.684805E-01
  9.360000E-01  5.697987E-01
  9.380000E-01  5.711105E-01
  9.400000E-01  5.724161E-01
  9.420000E-01  5.737154E-01
  9.440000E-01  5.750085E-01
  9.460000E-01  5.762955E-01
  9.480000E-01  5.775763E-01
  9.500000E-01  5.788509E-01
  9.520000E-01  5.801195E-01
  9.540000E-01  5.813820E-01
  9.560000E-01  5.826385E-01
  9.580000E-01  5.838889E-01
  9.600000E-01  5.851334E-01
  9.620000E-01  5.863718E-01
  9.640000E-01  5.876044E-01
  9.660000E-01  5.888310E-01
  9.680000E-01  5.900516E-01
  9.700000E-01  5.912664E-01
  9.720000E-01  5.924754E-01
  9.740000E-01  5.936785E-01
  9.760000E-01  5.948757E-01
  9.780000E-01  5.960672E-01
  9.800000E-01  5.972528E-01
  9.820000E-01  5.984326E-01
  9.840000E-01  6.000240E-01
  9.860000E-01  6.015528E-01
  9.880000E-01  6.031308E-01
  9.900000E-01  6.047464E-01
  9.920000E-01  6.063923E-01
  9.940000E-01  6.080632E-01
  9.960000E-01  6.097551E-01
  9.980000E-01  6.114648E-01
  1.000000E+00  6.131898E-01
  1.002000E+00  6.149280E-01
  1.004000E+00  6.166776E-01
  1.006000E+00  6.184370E-01
  1.008000E+00  6.202049E-01
  1.010000E+00  6.219800E-01
  1.012000E+00  6.237613E-01
  1.014000E+00  6.255475E-01
  1.016000E+00  6.273376E-01
  1.018000E+00  6.291296E-01
  1.020000E+00  6.309233E-01
  1.022000E+00  6.327209E-01
  1.024000E+00  6.345221E-01
  1.026000E+00  6.363263E-01
  1.028000E+00  6.381331E-01
  1.030000E+00  6.399419E-01
  1.032000E+00  6.417526E-01
  1.034000E+00  6.435647E-01
  1.036000E+00  6.453779E-01
  1.038000E+00  6.471919E-01
  1.040000E+00  6.490064E-01
  1.042000E+00  6.508211E-01
  1.044000E+00  6.526359E-01
  1.046000E+00  6.544504E-01
  1.048000E+00  6.562646E-01
  1.050000E+00  6.580781E-01
  1.052000E+00  6.598908E-01
  1.054000E+00  6.617025E-01
  1.056000E+00  6.635131E-01
  1.058000E+00  6.653224E-01
  1.060000E+00  6.671302E-01
  1.062000E+00  6.689365E-01
  1.064000E+00  6.707411E-01
  1.066000E+00  6.725438E-01
  1.068000E+00  6.743446E-01
  1.070000E+00  6.761434E-01
  1.072000E+00  6.779400E-01
  1.074000E+00  6.797344E-01
  1.076000E+00  6.815264E-01
  1.078000E+00  6.833161E-01
  1.080000E+00  6.851032E-01
  1.082000E+00  6.868878E-01
  1.084000E+00  6.886697E-01
  1.086000E+00  6.904488E-01
  1.088000E+00  6.922253E-01
  1.090000E+00  6.939988E-01
  1.092000E+00  6.957695E-01
  1.094000E+00  6.975372E-01
  1.096000E+00  6.993019E-01
  1.098000E+00  7.010636E-01
  1.100000E+00  7.028221E-01
  1.102000E+00  7.045775E-01
  1.104000E+00  7.063297E-01
  1.106000E+00  7.080787E-01
  1.108000E+00  7.098244E-01
  1.110000E+00  7.115669E-01
  1.112000E+00  7.133060E-01
  1.114000E+00  7.150417E-01
  1.116000E+00  7.167740E-01
  1.118000E+00  7.185029E-01
  1.120000E+00  7.202284E-01
  1.122000E+00  7.219504E-01
  1.124000E+00  7.236689E-01
  1.126000E+00  7.253839E-01
  1.128000E+00  7.270953E-01
  1.130000E+00  7.288032E-01
  1.132000E+00  7.305075E-01
  1.134000E+00  7.322082E-01
  1.136000E+00  7.339053E-01
  1.138000E+00  7.355988E-01
  1.140000E+00  7.372886E-01
  1.142000E+00  7.389748E-01
  1.144000E+00  7.406573E-01
  1.146000E+00  7.423362E-01
  1.148000E+00  7.440114E-01
  1.150000E+00  7.456828E-01
  1.152000E+00  7.473506E-01
  1.154000E+00  7.490147E-01
  1.156000E+00  7.506751E-01
  1.158000E+00  7.523317E-01
  1.160000E+00  7.539846E-01
  1.162000E+00  7.556338E-01
  1.164000E+00  7.572792E-01
  1.166000E+00  7.589209E-01
  1.168000E+00  7.605589E-01
  1.170000E+00  7.621931E-01
  1.172000E+00  7.638235E-01
  1.174000E+00  7.654502E-01
  1.176000E+00  7.670732E-01
  1.178000E+00  7.686924E-01
  1.180000E+00  7.703079E-01
  1.182000E+00  7.719196E-01
  1.184000E+00  7.735275E-01
  1.186000E+00  7.751317E-01
  1.188000E+00  7.767322E-01
  1.190000E+00  7.783289E-01
  1.192000E+00  7.799219E-01
  1.194000E+00  7.815111E-01
  1.196000E+00  7.830966E-01
  1.198000E+00  7.846783E-01
  1.200000E+00  7.862563E-01
