  1.000000E-02  9.257347E+02
  1.200000E-02  9.231519E+02
  1.400000E-02  9.205911E+02
  1.600000E-02  9.180520E+02
  1.800000E-02  9.155342E+02
  2.000000E-02  9.130375E+02
  2.200000E-02  9.105616E+02
  2.400000E-02  9.081060E+02
  2.600000E-02  9.056707E+02
  2.800000E-02  9.032552E+02
  3.000000E-02  9.008594E+02
  3.200000E-02  8.984829E+02
  3.400000E-02  8.961257E+02
  3.600000E-02  8.937873E+02
  3.800000E-02  8.914677E+02
  4.000000E-02  8.891665E+02
  4.200000E-02  8.868836E+02
  4.400000E-02  8.846187E+02
  4.600000E-02  8.823717E+02
  4.800000E-02  8.801424E+02
  5.000000E-02  8.779305E+02
  5.200000E-02  8.757358E+02
  5.400000E-02  8.735582E+02
  5.600000E-02  8.713975E+02
  5.800000E-02  8.692534E+02
  6.000000E-02  8.671259E+02
  6.200000E-02  8.650147E+02
  6.400000E-02  8.629196E+02
  6.600000E-02  8.608405E+02
  6.800000E-02  8.587773E+02
  7.000000E-02  8.567297E+02
  7.200000E-02  8.546975E+02
  7.400000E-02  8.526807E+02
  7.600000E-02  8.506790E+02
  7.800000E-02  8.486924E+02
  8.000000E-02  8.467205E+02
  8.200000E-02  8.447634E+02
  8.400000E-02  8.428208E+02
  8.600000E-02  8.408926E+02
  8.800000E-02  8.389786E+02
  9.000000E-02  8.370788E+02
  9.200000E-02  8.351929E+02
  9.400000E-02  8.333208E+02
  9.600000E-02  8.314624E+02
  9.800000E-02  8.296175E+02
  1.000000E-01  8.277860E+02
  1.020000E-01  8.259678E+02
  1.040000E-01  8.241627E+02
  1.060000E-01  8.223706E+02
  1.080000E-01  8.205914E+02
  1.100000E-01  8.188250E+02
  1.120000E-01  8.170712E+02
  1.140000E-01  8.153299E+02
  1.160000E-01  8.136009E+02
  1.180000E-01  8.118842E+02
  1.200000E-01  8.101797E+02
  1.220000E-01  8.084871E+02
  1.240000E-01  8.068065E+02
  1.260000E-01  8.051377E+02
  1.280000E-01  8.034805E+02
  1.300000E-01  8.018349E+02
  1.320000E-01  8.002007E+02
  1.340000E-01  7.985779E+02
  1.360000E-01  7.969663E+02
  1.380000E-01  7.953658E+02
  1.400000E-01  7.937764E+02
  1.420000E-01  7.921979E+02
  1.440000E-01  7.906301E+02
  1.460000E-01  7.890730E+02
  1.480000E-01  7.875258E+02
  1.500000E-01  7.859888E+02
  1.520000E-01  7.844619E+02
  1.540000E-01  7.829451E+02
  1.560000E-01  7.814384E+02
  1.580000E-01  7.799416E+02
  1.600000E-01  7.784547E+02
  1.620000E-01  7.769776E+02
  1.640000E-01  7.755102E+02
  1.660000E-01  7.740524E+02
  1.680000E-01  7.726042E+02
  1.700000E-01  7.711655E+02
  1.720000E-01  7.697361E+02
  1.740000E-01  7.683160E+02
  1.760000E-01  7.669051E+02
  1.780000E-01  7.655034E+02
  1.800000E-01  7.641107E+02
  1.820000E-01  7.627270E+02
  1.840000E-01  7.613522E+02
  1.860000E-01  7.599863E+02
  1.880000E-01  7.586290E+02
  1.900000E-01  7.572805E+02
  1.920000E-01  7.559405E+02
  1.940000E-01  7.546090E+02
  1.960000E-01  7.532860E+02
  1.980000E-01  7.519713E+02
  2.000000E-01  7.506650E+02
  2.020000E-01  7.493668E+02
  2.040000E-01  7.480769E+02
  2.060000E-01  7.467950E+02
  2.080000E-01  7.455211E+02
  2.100000E-01  7.442551E+02
  2.120000E-01  7.429971E+02
  2.140000E-01  7.417468E+02
  2.160000E-01  7.405043E+02
  2.180000E-01  7.392694E+02
  2.200000E-01  7.380422E+02
  2.220000E-01  7.368225E+02
  2.240000E-01  7.356103E+02
  2.260000E-01  7.344055E+02
  2.280000E-01  7.332081E+02
  2.300000E-01  7.320180E+02
  2.320000E-01  7.308351E+02
  2.340000E-01  7.296594E+02
  2.360000E-01  7.284907E+02
  2.380000E-01  7.273292E+02
  2.400000E-01  7.261746E+02
  2.420000E-01  7.250270E+02
  2.440000E-01  7.238862E+02
  2.460000E-01  7.227523E+02
  2.480000E-01  7.216251E+02
  2.500000E-01  7.205046E+02
  2.520000E-01  7.193908E+02
  2.540000E-01  7.182836E+02
  2.560000E-01  7.171830E+02
  2.580000E-01  7.160888E+02
  2.600000E-01  7.150011E+02
  2.620000E-01  7.139197E+02
  2.640000E-01  7.128447E+02
  2.660000E-01  7.117760E+02
  2.680000E-01  7.107135E+02
  2.700000E-01  7.096572E+02
  2.720000E-01  7.086070E+02
  2.740000E-01  7.075629E+02
  2.760000E-01  7.065249E+02
  2.780000E-01  7.054928E+02
  2.800000E-01  7.044667E+02
  2.820000E-01  7.034464E+02
  2.840000E-01  7.024320E+02
  2.860000E-01  7.014234E+02
  2.880000E-01  7.004206E+02
  2.900000E-01  6.994234E+02
  2.920000E-01  6.984320E+02
  2.940000E-01  6.974461E+02
  2.960000E-01  6.964658E+02
  2.980000E-01  6.954911E+02
  3.000000E-01  6.945218E+02
  3.020000E-01  6.935580E+02
  3.040000E-01  6.925995E+02
  3.060000E-01  6.916465E+02
  3.080000E-01  6.906987E+02
  3.100000E-01  6.897563E+02
  3.120000E-01  6.888190E+02
  3.140000E-01  6.878870E+02
  3.160000E-01  6.869601E+02
  3.180000E-01  6.860383E+02
  3.200000E-01  6.851217E+02
  3.220000E-01  6.842100E+02
  3.240000E-01  6.833034E+02
  3.260000E-01  6.824017E+02
  3.280000E-01  6.815049E+02
  3.300000E-01  6.806130E+02
  3.320000E-01  6.797260E+02
  3.340000E-01  6.788438E+02
  3.360000E-01  6.779663E+02
  3.380000E-01  6.770936E+02
  3.400000E-01  6.762257E+02
  3.420000E-01  6.753623E+02
  3.440000E-01  6.745036E+02
  3.460000E-01  6.736496E+02
  3.480000E-01  6.728000E+02
  3.500000E-01  6.719551E+02
  3.520000E-01  6.711146E+02
  3.540000E-01  6.702786E+02
  3.560000E-01  6.694470E+02
  3.580000E-01  6.686198E+02
  3.600000E-01  6.677970E+02
  3.620000E-01  6.669785E+02
  3.640000E-01  6.661643E+02
  3.660000E-01  6.653544E+02
  3.680000E-01  6.645487E+02
  3.700000E-01  6.637473E+02
  3.720000E-01  6.629500E+02
  3.740000E-01  6.621569E+02
  3.760000E-01  6.613679E+02
  3.780000E-01  6.605829E+02
  3.800000E-01  6.598021E+02
  3.820000E-01  6.590253E+02
  3.840000E-01  6.582524E+02
  3.860000E-01  6.574836E+02
  3.880000E-01  6.567187E+02
  3.900000E-01  6.559577E+02
  3.920000E-01  6.552006E+02
  3.940000E-01  6.544473E+02
  3.960000E-01  6.536979E+02
  3.980000E-01  6.529523E+02
  4.000000E-01  6.522105E+02
  4.020000E-01  6.514724E+02
  4.040000E-01  6.507381E+02
  4.060000E-01  6.500074E+02
  4.080000E-01  6.492805E+02
  4.100000E-01  6.485571E+02
  4.120000E-01  6.478374E+02
  4.140000E-01  6.471213E+02
  4.160000E-01  6.464088E+02
  4.180000E-01  6.456998E+02
  4.200000E-01  6.449943E+02
  4.220000E-01  6.442924E+02
  4.240000E-01  6.435939E+02
  4.260000E-01  6.428988E+02
  4.280000E-01  6.422072E+02
  4.300000E-01  6.415190E+02
  4.320000E-01  6.408342E+02
  4.340000E-01  6.401527E+02
  4.360000E-01  6.394745E+02
  4.380000E-01  6.387997E+02
  4.400000E-01  6.381282E+02
  4.420000E-01  6.374599E+02
  4.440000E-01  6.367948E+02
  4.460000E-01  6.361330E+02
  4.480000E-01  6.354744E+02
  4.500000E-01  6.348189E+02
  4.520000E-01  6.343213E+02
  4.540000E-01  6.337471E+02
  4.560000E-01  6.331803E+02
  4.580000E-01  6.326196E+02
  4.600000E-01  6.320640E+02
  4.620000E-01  6.315130E+02
  4.640000E-01  6.309658E+02
  4.660000E-01  6.304224E+02
  4.680000E-01  6.298822E+02
  4.700000E-01  6.293452E+02
  4.720000E-01  6.288111E+02
  4.740000E-01  6.282799E+02
  4.760000E-01  6.277513E+02
  4.780000E-01  6.272253E+02
  4.800000E-01  6.267017E+02
  4.820000E-01  6.261806E+02
  4.840000E-01  6.256619E+02
  4.860000E-01  6.251455E+02
  4.880000E-01  6.246313E+02
  4.900000E-01  6.241194E+02
  4.920000E-01  6.236096E+02
  4.940000E-01  6.231561E+02
  4.960000E-01  6.226821E+02
  4.980000E-01  6.222139E+02
  5.000000E-01  6.217509E+02
  5.020000E-01  6.212927E+02
  5.040000E-01  6.208389E+02
  5.060000E-01  6.203891E+02
  5.080000E-01  6.199432E+02
  5.100000E-01  6.195009E+02
  5.120000E-01  6.190622E+02
  5.140000E-01  6.186267E+02
  5.160000E-01  6.181944E+02
  5.180000E-01  6.177652E+02
  5.200000E-01  6.173390E+02
  5.220000E-01  6.169157E+02
  5.240000E-01  6.164951E+02
  5.260000E-01  6.160772E+02
  5.280000E-01  6.156619E+02
  5.300000E-01  6.152492E+02
  5.320000E-01  6.148390E+02
  5.340000E-01  6.144313E+02
  5.360000E-01  6.140259E+02
  5.380000E-01  6.136228E+02
  5.400000E-01  6.132220E+02
  5.420000E-01  6.128235E+02
  5.440000E-01  6.124271E+02
  5.460000E-01  6.120329E+02
  5.480000E-01  6.116408E+02
  5.500000E-01  6.112507E+02
  5.520000E-01  6.108627E+02
  5.540000E-01  6.104767E+02
  5.560000E-01  6.100926E+02
  5.580000E-01  6.097105E+02
  5.600000E-01  6.093302E+02
  5.620000E-01  6.089519E+02
  5.640000E-01  6.085753E+02
  5.660000E-01  6.082006E+02
  5.680000E-01  6.078276E+02
  5.700000E-01  6.074563E+02
  5.720000E-01  6.070868E+02
  5.740000E-01  6.067189E+02
  5.760000E-01  6.063527E+02
  5.780000E-01  6.059880E+02
  5.800000E-01  6.056249E+02
  5.820000E-01  6.052634E+02
  5.840000E-01  6.049033E+02
  5.860000E-01  6.045447E+02
  5.880000E-01  6.041874E+02
  5.900000E-01  6.038315E+02
  5.920000E-01  6.034769E+02
  5.940000E-01  6.031235E+02
  5.960000E-01  6.027714E+02
  5.980000E-01  6.024203E+02
  6.000000E-01  6.020704E+02
  6.020000E-01  6.017214E+02
  6.040000E-01  6.013734E+02
  6.060000E-01  6.010263E+02
  6.080000E-01  6.006800E+02
  6.100000E-01  6.003345E+02
  6.120000E-01  5.999897E+02
  6.140000E-01  5.996456E+02
  6.160000E-01  5.993021E+02
  6.180000E-01  5.989591E+02
  6.200000E-01  5.986167E+02
  6.220000E-01  5.982747E+02
  6.240000E-01  5.979333E+02
  6.260000E-01  5.975922E+02
  6.280000E-01  5.972516E+02
  6.300000E-01  5.969114E+02
  6.320000E-01  5.965716E+02
  6.340000E-01  5.962321E+02
  6.360000E-01  5.958930E+02
  6.380000E-01  5.955542E+02
  6.400000E-01  5.952156E+02
  6.420000E-01  5.948769E+02
  6.440000E-01  5.945392E+02
  6.460000E-01  5.942025E+02
  6.480000E-01  5.938668E+02
  6.500000E-01  5.935322E+02
  6.520000E-01  5.931985E+02
  6.540000E-01  5.928658E+02
  6.560000E-01  5.925341E+02
  6.580000E-01  5.922034E+02
  6.600000E-01  5.918737E+02
  6.620000E-01  5.915362E+02
  6.640000E-01  5.912054E+02
  6.660000E-01  5.908752E+02
  6.680000E-01  5.905457E+02
  6.700000E-01  5.902170E+02
  6.720000E-01  5.898889E+02
  6.740000E-01  5.895616E+02
  6.760000E-01  5.892350E+02
  6.780000E-01  5.889091E+02
  6.800000E-01  5.885840E+02
  6.820000E-01  5.882596E+02
  6.840000E-01  5.879359E+02
  6.860000E-01  5.876130E+02
  6.880000E-01  5.872908E+02
  6.900000E-01  5.869693E+02
  6.920000E-01  5.866486E+02
  6.940000E-01  5.863286E+02
  6.960000E-01  5.860094E+02
  6.980000E-01  5.856909E+02
  7.000000E-01  5.853732E+02
  7.020000E-01  5.850562E+02
  7.040000E-01  5.847399E+02
  7.060000E-01  5.844244E+02
  7.080000E-01  5.841096E+02
  7.100000E-01  5.837956E+02
  7.120000E-01  5.834822E+02
  7.140000E-01  5.831697E+02
  7.160000E-01  5.828578E+02
  7.180000E-01  5.825467E+02
  7.200000E-01  5.822363E+02
  7.220000E-01  5.819266E+02
  7.240000E-01  5.816177E+02
  7.260000E-01  5.813095E+02
  7.280000E-01  5.810020E+02
  7.300000E-01  5.806952E+02
  7.320000E-01  5.803892E+02
  7.340000E-01  5.800838E+02
  7.360000E-01  5.797792E+02
  7.380000E-01  5.794753E+02
  7.400000E-01  5.791721E+02
  7.420000E-01  5.788697E+02
  7.440000E-01  5.785679E+02
  7.460000E-01  5.782668E+02
  7.480000E-01  5.779665E+02
  7.500000E-01  5.776668E+02
  7.520000E-01  5.773678E+02
  7.540000E-01  5.770696E+02
  7.560000E-01  5.767720E+02
  7.580000E-01  5.764751E+02
  7.600000E-01  5.761790E+02
  7.620000E-01  5.758835E+02
  7.640000E-01  5.755887E+02
  7.660000E-01  5.752946E+02
  7.680000E-01  5.750011E+02
  7.700000E-01  5.747084E+02
  7.720000E-01  5.744163E+02
  7.740000E-01  5.741249E+02
  7.760000E-01  5.738342E+02
  7.780000E-01  5.735442E+02
  7.800000E-01  5.732548E+02
  7.820000E-01  5.729662E+02
  7.840000E-01  5.726781E+02
  7.860000E-01  5.723908E+02
  7.880000E-01  5.721041E+02
  7.900000E-01  5.718181E+02
  7.920000E-01  5.715327E+02
  7.940000E-01  5.712480E+02
  7.960000E-01  5.709639E+02
  7.980000E-01  5.706805E+02
  8.000000E-01  5.703978E+02
  8.020000E-01  5.701157E+02
  8.040000E-01  5.698343E+02
  8.060000E-01  5.695535E+02
  8.080000E-01  5.692733E+02
  8.100000E-01  5.689938E+02
  8.120000E-01  5.687150E+02
  8.140000E-01  5.684367E+02
  8.160000E-01  5.681592E+02
  8.180000E-01  5.678822E+02
  8.200000E-01  5.676059E+02
  8.220000E-01  5.673302E+02
  8.240000E-01  5.670551E+02
  8.260000E-01  5.667807E+02
  8.280000E-01  5.665069E+02
  8.300000E-01  5.662337E+02
  8.320000E-01  5.659612E+02
  8.340000E-01  5.656892E+02
  8.360000E-01  5.654179E+02
  8.380000E-01  5.651472E+02
  8.400000E-01  5.648771E+02
  8.420000E-01  5.646077E+02
  8.440000E-01  5.643388E+02
  8.460000E-01  5.640706E+02
  8.480000E-01  5.638029E+02
  8.500000E-01  5.635359E+02
  8.520000E-01  5.632695E+02
  8.540000E-01  5.630036E+02
  8.560000E-01  5.627384E+02
  8.580000E-01  5.624738E+02
  8.600000E-01  5.622097E+02
  8.620000E-01  5.619463E+02
  8.640000E-01  5.616834E+02
  8.660000E-01  5.614212E+02
  8.680000E-01  5.611595E+02
  8.700000E-01  5.608984E+02
  8.720000E-01  5.606379E+02
  8.740000E-01  5.603780E+02
  8.760000E-01  5.601187E+02
  8.780000E-01  5.598600E+02
  8.800000E-01  5.596018E+02
  8.820000E-01  5.593442E+02
  8.840000E-01  5.590872E+02
  8.860000E-01  5.588307E+02
  8.880000E-01  5.585749E+02
  8.900000E-01  5.583196E+02
  8.920000E-01  5.580648E+02
  8.940000E-01  5.578107E+02
  8.960000E-01  5.575571E+02
  8.980000E-01  5.573041E+02
  9.000000E-01  5.570516E+02
  9.020000E-01  5.567997E+02
  9.040000E-01  5.565483E+02
  9.060000E-01  5.562975E+02
  9.080000E-01  5.560473E+02
  9.100000E-01  5.557976E+02
  9.120000E-01  5.555484E+02
  9.140000E-01  5.552999E+02
  9.160000E-01  5.550518E+02
  9.180000E-01  5.548043E+02
  9.200000E-01  5.545574E+02
  9.220000E-01  5.543110E+02
  9.240000E-01  5.540651E+02
  9.260000E-01  5.538198E+02
  9.280000E-01  5.535750E+02
  9.300000E-01  5.533308E+02
  9.320000E-01  5.530870E+02
  9.340000E-01  5.528439E+02
  9.360000E-01  5.526012E+02
  9.380000E-01  5.523591E+02
  9.400000E-01  5.521175E+02
  9.420000E-01  5.518764E+02
  9.440000E-01  5.516359E+02
  9.460000E-01  5.513959E+02
  9.480000E-01  5.511564E+02
  9.500000E-01  5.509174E+02
  9.520000E-01  5.506789E+02
  9.540000E-01  5.504410E+02
  9.560000E-01  5.502036E+02
  9.580000E-01  5.499667E+02
  9.600000E-01  5.497303E+02
  9.620000E-01  5.494944E+02
  9.640000E-01  5.492590E+02
  9.660000E-01  5.490241E+02
  9.680000E-01  5.487897E+02
  9.700000E-01  5.485558E+02
  9.720000E-01  5.483225E+02
  9.740000E-01  5.480896E+02
  9.760000E-01  5.478572E+02
  9.780000E-01  5.476253E+02
  9.800000E-01  5.473939E+02
  9.820000E-01  5.471630E+02
  9.840000E-01  5.469551E+02
  9.860000E-01  5.467447E+02
  9.880000E-01  5.465376E+02
  9.900000E-01  5.463334E+02
  9.920000E-01  5.461317E+02
  9.940000E-01  5.459320E+02
  9.960000E-01  5.457343E+02
  9.980000E-01  5.455383E+02
  1.000000E+00  5.453439E+02
  1.002000E+00  5.451510E+02
  1.004000E+00  5.449594E+02
  1.006000E+00  5.447692E+02
  1.008000E+00  5.445801E+02
  1.010000E+00  5.443923E+02
  1.012000E+00  5.442055E+02
  1.014000E+00  5.440197E+02
  1.016000E+00  5.438349E+02
  1.018000E+00  5.436510E+02
  1.020000E+00  5.434679E+02
  1.022000E+00  5.432857E+02
  1.024000E+00  5.431045E+02
  1.026000E+00  5.429242E+02
  1.028000E+00  5.427447E+02
  1.030000E+00  5.425660E+02
  1.032000E+00  5.423882E+02
  1.034000E+00  5.422112E+02
  1.036000E+00  5.420349E+02
  1.038000E+00  5.418594E+02
  1.040000E+00  5.416846E+02
  1.042000E+00  5.415106E+02
  1.044000E+00  5.413372E+02
  1.046000E+00  5.411645E+02
  1.048000E+00  5.409925E+02
  1.050000E+00  5.408212E+02
  1.052000E+00  5.406505E+02
  1.054000E+00  5.404804E+02
  1.056000E+00  5.403110E+02
  1.058000E+00  5.401422E+02
  1.060000E+00  5.399739E+02
  1.062000E+00  5.398063E+02
  1.064000E+00  5.396392E+02
  1.066000E+00  5.394727E+02
  1.068000E+00  5.393068E+02
  1.070000E+00  5.391414E+02
  1.072000E+00  5.389766E+02
  1.074000E+00  5.388123E+02
  1.076000E+00  5.386485E+02
  1.078000E+00  5.384853E+02
  1.080000E+00  5.383226E+02
  1.082000E+00  5.381603E+02
  1.084000E+00  5.379986E+02
  1.086000E+00  5.378374E+02
  1.088000E+00  5.376767E+02
  1.090000E+00  5.375164E+02
  1.092000E+00  5.373567E+02
  1.094000E+00  5.371974E+02
  1.096000E+00  5.370385E+02
  1.098000E+00  5.368802E+02
  1.100000E+00  5.367223E+02
  1.102000E+00  5.365648E+02
  1.104000E+00  5.364078E+02
  1.106000E+00  5.362512E+02
  1.108000E+00  5.360951E+02
  1.110000E+00  5.359394E+02
  1.112000E+00  5.357841E+02
  1.114000E+00  5.356293E+02
  1.116000E+00  5.354749E+02
  1.118000E+00  5.353209E+02
  1.120000E+00  5.351673E+02
  1.122000E+00  5.350141E+02
  1.124000E+00  5.348613E+02
  1.126000E+00  5.347090E+02
  1.128000E+00  5.345570E+02
  1.130000E+00  5.344054E+02
  1.132000E+00  5.342542E+02
  1.134000E+00  5.341034E+02
  1.136000E+00  5.339530E+02
  1.138000E+00  5.338030E+02
  1.140000E+00  5.336534E+02
  1.142000E+00  5.335041E+02
  1.144000E+00  5.333552E+02
  1.146000E+00  5.332067E+02
  1.148000E+00  5.330585E+02
  1.150000E+00  5.329107E+02
  1.152000E+00  5.327633E+02
  1.154000E+00  5.326162E+02
  1.156000E+00  5.324695E+02
  1.158000E+00  5.323232E+02
  1.160000E+00  5.321772E+02
  1.162000E+00  5.320315E+02
  1.164000E+00  5.318862E+02
  1.166000E+00  5.317413E+02
  1.168000E+00  5.315967E+02
  1.170000E+00  5.314524E+02
  1.172000E+00  5.313085E+02
  1.174000E+00  5.311649E+02
  1.176000E+00  5.310216E+02
  1.178000E+00  5.308787E+02
  1.180000E+00  5.307361E+02
  1.182000E+00  5.305938E+02
  1.184000E+00  5.304519E+02
  1.186000E+00  5.303103E+02
  1.188000E+00  5.301690E+02
  1.190000E+00  5.300280E+02
  1.192000E+00  5.298874E+02
  1.194000E+00  5.297470E+02
  1.196000E+00  5.296070E+02
  1.198000E+00  5.294673E+02
  1.200000E+00  5.293279E+02
