  1.000000E-02  1.313491E+03
  1.200000E-02  1.312614E+03
  1.400000E-02  1.311744E+03
  1.600000E-02  1.310882E+03
  1.800000E-02  1.310027E+03
  2.000000E-02  1.309180E+03
  2.200000E-02  1.308339E+03
  2.400000E-02  1.307506E+03
  2.600000E-02  1.306680E+03
  2.800000E-02  1.305861E+03
  3.000000E-02  1.305048E+03
  3.200000E-02  1.304243E+03
  3.400000E-02  1.303444E+03
  3.600000E-02  1.302651E+03
  3.800000E-02  1.301865E+03
  4.000000E-02  1.301086E+03
  4.200000E-02  1.300313E+03
  4.400000E-02  1.299546E+03
  4.600000E-02  1.298785E+03
  4.800000E-02  1.298031E+03
  5.000000E-02  1.297282E+03
  5.200000E-02  1.296539E+03
  5.400000E-02  1.295803E+03
  5.600000E-02  1.295072E+03
  5.800000E-02  1.294347E+03
  6.000000E-02  1.293628E+03
  6.200000E-02  1.292914E+03
  6.400000E-02  1.292206E+03
  6.600000E-02  1.291504E+03
  6.800000E-02  1.290807E+03
  7.000000E-02  1.290115E+03
  7.200000E-02  1.289429E+03
  7.400000E-02  1.288748E+03
  7.600000E-02  1.288072E+03
  7.800000E-02  1.287402E+03
  8.000000E-02  1.286737E+03
  8.200000E-02  1.286076E+03
  8.400000E-02  1.285421E+03
  8.600000E-02  1.284771E+03
  8.800000E-02  1.284126E+03
  9.000000E-02  1.283485E+03
  9.200000E-02  1.282850E+03
  9.400000E-02  1.282219E+03
  9.600000E-02  1.281593E+03
  9.800000E-02  1.280972E+03
  1.000000E-01  1.280355E+03
  1.020000E-01  1.279743E+03
  1.040000E-01  1.279135E+03
  1.060000E-01  1.278532E+03
  1.080000E-01  1.277933E+03
  1.100000E-01  1.277339E+03
  1.120000E-01  1.276749E+03
  1.140000E-01  1.276164E+03
  1.160000E-01  1.275582E+03
  1.180000E-01  1.275005E+03
  1.200000E-01  1.274432E+03
  1.220000E-01  1.273863E+03
  1.240000E-01  1.273299E+03
  1.260000E-01  1.272738E+03
  1.280000E-01  1.272182E+03
  1.300000E-01  1.271629E+03
  1.320000E-01  1.271081E+03
  1.340000E-01  1.270536E+03
  1.360000E-01  1.269995E+03
  1.380000E-01  1.269458E+03
  1.400000E-01  1.268925E+03
  1.420000E-01  1.268395E+03
  1.440000E-01  1.267870E+03
  1.460000E-01  1.267348E+03
  1.480000E-01  1.266829E+03
  1.500000E-01  1.266314E+03
  1.520000E-01  1.265802E+03
  1.540000E-01  1.265294E+03
  1.560000E-01  1.264790E+03
  1.580000E-01  1.264288E+03
  1.600000E-01  1.263791E+03
  1.620000E-01  1.263296E+03
  1.640000E-01  1.262805E+03
  1.660000E-01  1.262317E+03
  1.680000E-01  1.261833E+03
  1.700000E-01  1.261351E+03
  1.720000E-01  1.260873E+03
  1.740000E-01  1.260399E+03
  1.760000E-01  1.259927E+03
  1.780000E-01  1.259458E+03
  1.800000E-01  1.258993E+03
  1.820000E-01  1.258531E+03
  1.840000E-01  1.258071E+03
  1.860000E-01  1.257615E+03
  1.880000E-01  1.257162E+03
  1.900000E-01  1.256712E+03
  1.920000E-01  1.256265E+03
  1.940000E-01  1.255820E+03
  1.960000E-01  1.255379E+03
  1.980000E-01  1.254940E+03
  2.000000E-01  1.254504E+03
  2.020000E-01  1.254071E+03
  2.040000E-01  1.253641E+03
  2.060000E-01  1.253214E+03
  2.080000E-01  1.252789E+03
  2.100000E-01  1.252368E+03
  2.120000E-01  1.251948E+03
  2.140000E-01  1.251532E+03
  2.160000E-01  1.251118E+03
  2.180000E-01  1.250707E+03
  2.200000E-01  1.250298E+03
  2.220000E-01  1.249892E+03
  2.240000E-01  1.249489E+03
  2.260000E-01  1.249088E+03
  2.280000E-01  1.248690E+03
  2.300000E-01  1.248294E+03
  2.320000E-01  1.247900E+03
  2.340000E-01  1.247510E+03
  2.360000E-01  1.247121E+03
  2.380000E-01  1.246735E+03
  2.400000E-01  1.246351E+03
  2.420000E-01  1.245970E+03
  2.440000E-01  1.245591E+03
  2.460000E-01  1.245214E+03
  2.480000E-01  1.244840E+03
  2.500000E-01  1.244468E+03
  2.520000E-01  1.244098E+03
  2.540000E-01  1.243731E+03
  2.560000E-01  1.243366E+03
  2.580000E-01  1.243003E+03
  2.600000E-01  1.242642E+03
  2.620000E-01  1.242283E+03
  2.640000E-01  1.241927E+03
  2.660000E-01  1.241573E+03
  2.680000E-01  1.241220E+03
  2.700000E-01  1.240870E+03
  2.720000E-01  1.240522E+03
  2.740000E-01  1.240177E+03
  2.760000E-01  1.239833E+03
  2.780000E-01  1.239491E+03
  2.800000E-01  1.239151E+03
  2.820000E-01  1.238814E+03
  2.840000E-01  1.238478E+03
  2.860000E-01  1.238144E+03
  2.880000E-01  1.237812E+03
  2.900000E-01  1.237482E+03
  2.920000E-01  1.237155E+03
  2.940000E-01  1.236829E+03
  2.960000E-01  1.236504E+03
  2.980000E-01  1.236182E+03
  3.000000E-01  1.235862E+03
  3.020000E-01  1.235543E+03
  3.040000E-01  1.235227E+03
  3.060000E-01  1.234912E+03
  3.080000E-01  1.234599E+03
  3.100000E-01  1.234288E+03
  3.120000E-01  1.233978E+03
  3.140000E-01  1.233671E+03
  3.160000E-01  1.233365E+03
  3.180000E-01  1.233061E+03
  3.200000E-01  1.232758E+03
  3.220000E-01  1.232458E+03
  3.240000E-01  1.232159E+03
  3.260000E-01  1.231861E+03
  3.280000E-01  1.231566E+03
  3.300000E-01  1.231272E+03
  3.320000E-01  1.230979E+03
  3.340000E-01  1.230689E+03
  3.360000E-01  1.230400E+03
  3.380000E-01  1.230112E+03
  3.400000E-01  1.229826E+03
  3.420000E-01  1.229542E+03
  3.440000E-01  1.229260E+03
  3.460000E-01  1.228978E+03
  3.480000E-01  1.228699E+03
  3.500000E-01  1.228421E+03
  3.520000E-01  1.228144E+03
  3.540000E-01  1.227869E+03
  3.560000E-01  1.227596E+03
  3.580000E-01  1.227324E+03
  3.600000E-01  1.227054E+03
  3.620000E-01  1.226785E+03
  3.640000E-01  1.226517E+03
  3.660000E-01  1.226251E+03
  3.680000E-01  1.225986E+03
  3.700000E-01  1.225723E+03
  3.720000E-01  1.225461E+03
  3.740000E-01  1.225201E+03
  3.760000E-01  1.224942E+03
  3.780000E-01  1.224684E+03
  3.800000E-01  1.224428E+03
  3.820000E-01  1.224173E+03
  3.840000E-01  1.223920E+03
  3.860000E-01  1.223668E+03
  3.880000E-01  1.223417E+03
  3.900000E-01  1.223167E+03
  3.920000E-01  1.222919E+03
  3.940000E-01  1.222672E+03
  3.960000E-01  1.222427E+03
  3.980000E-01  1.222182E+03
  4.000000E-01  1.221939E+03
  4.020000E-01  1.221698E+03
  4.040000E-01  1.221457E+03
  4.060000E-01  1.221218E+03
  4.080000E-01  1.220980E+03
  4.100000E-01  1.220743E+03
  4.120000E-01  1.220508E+03
  4.140000E-01  1.220274E+03
  4.160000E-01  1.220040E+03
  4.180000E-01  1.219809E+03
  4.200000E-01  1.219578E+03
  4.220000E-01  1.219348E+03
  4.240000E-01  1.219120E+03
  4.260000E-01  1.218893E+03
  4.280000E-01  1.218667E+03
  4.300000E-01  1.218442E+03
  4.320000E-01  1.218218E+03
  4.340000E-01  1.217996E+03
  4.360000E-01  1.217774E+03
  4.380000E-01  1.217554E+03
  4.400000E-01  1.217335E+03
  4.420000E-01  1.217117E+03
  4.440000E-01  1.216900E+03
  4.460000E-01  1.216684E+03
  4.480000E-01  1.216469E+03
  4.500000E-01  1.216255E+03
  4.520000E-01  1.216093E+03
  4.540000E-01  1.215906E+03
  4.560000E-01  1.215721E+03
  4.580000E-01  1.215538E+03
  4.600000E-01  1.215357E+03
  4.620000E-01  1.215178E+03
  4.640000E-01  1.214999E+03
  4.660000E-01  1.214822E+03
  4.680000E-01  1.214646E+03
  4.700000E-01  1.214471E+03
  4.720000E-01  1.214298E+03
  4.740000E-01  1.214125E+03
  4.760000E-01  1.213953E+03
  4.780000E-01  1.213781E+03
  4.800000E-01  1.213611E+03
  4.820000E-01  1.213441E+03
  4.840000E-01  1.213273E+03
  4.860000E-01  1.213105E+03
  4.880000E-01  1.212937E+03
  4.900000E-01  1.212771E+03
  4.920000E-01  1.212605E+03
  4.940000E-01  1.212458E+03
  4.960000E-01  1.212304E+03
  4.980000E-01  1.212152E+03
  5.000000E-01  1.212001E+03
  5.020000E-01  1.211852E+03
  5.040000E-01  1.211705E+03
  5.060000E-01  1.211559E+03
  5.080000E-01  1.211414E+03
  5.100000E-01  1.211270E+03
  5.120000E-01  1.211128E+03
  5.140000E-01  1.210986E+03
  5.160000E-01  1.210846E+03
  5.180000E-01  1.210707E+03
  5.200000E-01  1.210568E+03
  5.220000E-01  1.210431E+03
  5.240000E-01  1.210295E+03
  5.260000E-01  1.210159E+03
  5.280000E-01  1.210024E+03
  5.300000E-01  1.209890E+03
  5.320000E-01  1.209757E+03
  5.340000E-01  1.209625E+03
  5.360000E-01  1.209494E+03
  5.380000E-01  1.209363E+03
  5.400000E-01  1.209233E+03
  5.420000E-01  1.209104E+03
  5.440000E-01  1.208975E+03
  5.460000E-01  1.208848E+03
  5.480000E-01  1.208721E+03
  5.500000E-01  1.208594E+03
  5.520000E-01  1.208469E+03
  5.540000E-01  1.208344E+03
  5.560000E-01  1.208219E+03
  5.580000E-01  1.208096E+03
  5.600000E-01  1.207972E+03
  5.620000E-01  1.207850E+03
  5.640000E-01  1.207728E+03
  5.660000E-01  1.207607E+03
  5.680000E-01  1.207486E+03
  5.700000E-01  1.207366E+03
  5.720000E-01  1.207246E+03
  5.740000E-01  1.207127E+03
  5.760000E-01  1.207009E+03
  5.780000E-01  1.206891E+03
  5.800000E-01  1.206774E+03
  5.820000E-01  1.206657E+03
  5.840000E-01  1.206540E+03
  5.860000E-01  1.206424E+03
  5.880000E-01  1.206309E+03
  5.900000E-01  1.206194E+03
  5.920000E-01  1.206079E+03
  5.940000E-01  1.205965E+03
  5.960000E-01  1.205851E+03
  5.980000E-01  1.205738E+03
  6.000000E-01  1.205625E+03
  6.020000E-01  1.205512E+03
  6.040000E-01  1.205400E+03
  6.060000E-01  1.205288E+03
  6.080000E-01  1.205176E+03
  6.100000E-01  1.205064E+03
  6.120000E-01  1.204953E+03
  6.140000E-01  1.204842E+03
  6.160000E-01  1.204731E+03
  6.180000E-01  1.204620E+03
  6.200000E-01  1.204510E+03
  6.220000E-01  1.204400E+03
  6.240000E-01  1.204290E+03
  6.260000E-01  1.204180E+03
  6.280000E-01  1.204070E+03
  6.300000E-01  1.203960E+03
  6.320000E-01  1.203850E+03
  6.340000E-01  1.203741E+03
  6.360000E-01  1.203632E+03
  6.380000E-01  1.203523E+03
  6.400000E-01  1.203413E+03
  6.420000E-01  1.203304E+03
  6.440000E-01  1.203195E+03
  6.460000E-01  1.203087E+03
  6.480000E-01  1.202979E+03
  6.500000E-01  1.202871E+03
  6.520000E-01  1.202764E+03
  6.540000E-01  1.202657E+03
  6.560000E-01  1.202550E+03
  6.580000E-01  1.202443E+03
  6.600000E-01  1.202337E+03
  6.620000E-01  1.202229E+03
  6.640000E-01  1.202122E+03
  6.660000E-01  1.202016E+03
  6.680000E-01  1.201910E+03
  6.700000E-01  1.201804E+03
  6.720000E-01  1.201699E+03
  6.740000E-01  1.201593E+03
  6.760000E-01  1.201488E+03
  6.780000E-01  1.201384E+03
  6.800000E-01  1.201279E+03
  6.820000E-01  1.201175E+03
  6.840000E-01  1.201071E+03
  6.860000E-01  1.200967E+03
  6.880000E-01  1.200863E+03
  6.900000E-01  1.200760E+03
  6.920000E-01  1.200657E+03
  6.940000E-01  1.200554E+03
  6.960000E-01  1.200452E+03
  6.980000E-01  1.200349E+03
  7.000000E-01  1.200247E+03
  7.020000E-01  1.200146E+03
  7.040000E-01  1.200044E+03
  7.060000E-01  1.199943E+03
  7.080000E-01  1.199842E+03
  7.100000E-01  1.199741E+03
  7.120000E-01  1.199640E+03
  7.140000E-01  1.199540E+03
  7.160000E-01  1.199440E+03
  7.180000E-01  1.199340E+03
  7.200000E-01  1.199241E+03
  7.220000E-01  1.199141E+03
  7.240000E-01  1.199042E+03
  7.260000E-01  1.198944E+03
  7.280000E-01  1.198845E+03
  7.300000E-01  1.198747E+03
  7.320000E-01  1.198649E+03
  7.340000E-01  1.198551E+03
  7.360000E-01  1.198453E+03
  7.380000E-01  1.198356E+03
  7.400000E-01  1.198259E+03
  7.420000E-01  1.198162E+03
  7.440000E-01  1.198065E+03
  7.460000E-01  1.197969E+03
  7.480000E-01  1.197873E+03
  7.500000E-01  1.197777E+03
  7.520000E-01  1.197681E+03
  7.540000E-01  1.197585E+03
  7.560000E-01  1.197490E+03
  7.580000E-01  1.197395E+03
  7.600000E-01  1.197300E+03
  7.620000E-01  1.197206E+03
  7.640000E-01  1.197112E+03
  7.660000E-01  1.197017E+03
  7.680000E-01  1.196924E+03
  7.700000E-01  1.196830E+03
  7.720000E-01  1.196737E+03
  7.740000E-01  1.196644E+03
  7.760000E-01  1.196551E+03
  7.780000E-01  1.196458E+03
  7.800000E-01  1.196365E+03
  7.820000E-01  1.196273E+03
  7.840000E-01  1.196181E+03
  7.860000E-01  1.196089E+03
  7.880000E-01  1.195998E+03
  7.900000E-01  1.195906E+03
  7.920000E-01  1.195815E+03
  7.940000E-01  1.195724E+03
  7.960000E-01  1.195634E+03
  7.980000E-01  1.195543E+03
  8.000000E-01  1.195453E+03
  8.020000E-01  1.195363E+03
  8.040000E-01  1.195273E+03
  8.060000E-01  1.195183E+03
  8.080000E-01  1.195094E+03
  8.100000E-01  1.195005E+03
  8.120000E-01  1.194916E+03
  8.140000E-01  1.194827E+03
  8.160000E-01  1.194739E+03
  8.180000E-01  1.194650E+03
  8.200000E-01  1.194562E+03
  8.220000E-01  1.194474E+03
  8.240000E-01  1.194387E+03
  8.260000E-01  1.194299E+03
  8.280000E-01  1.194212E+03
  8.300000E-01  1.194125E+03
  8.320000E-01  1.194038E+03
  8.340000E-01  1.193952E+03
  8.360000E-01  1.193865E+03
  8.380000E-01  1.193779E+03
  8.400000E-01  1.193693E+03
  8.420000E-01  1.193607E+03
  8.440000E-01  1.193522E+03
  8.460000E-01  1.193436E+03
  8.480000E-01  1.193351E+03
  8.500000E-01  1.193266E+03
  8.520000E-01  1.193181E+03
  8.540000E-01  1.193097E+03
  8.560000E-01  1.193012E+03
  8.580000E-01  1.192928E+03
  8.600000E-01  1.192844E+03
  8.620000E-01  1.192760E+03
  8.640000E-01  1.192677E+03
  8.660000E-01  1.192593E+03
  8.680000E-01  1.192510E+03
  8.700000E-01  1.192427E+03
  8.720000E-01  1.192344E+03
  8.740000E-01  1.192262E+03
  8.760000E-01  1.192179E+03
  8.780000E-01  1.192097E+03
  8.800000E-01  1.192015E+03
  8.820000E-01  1.191933E+03
  8.840000E-01  1.191852E+03
  8.860000E-01  1.191770E+03
  8.880000E-01  1.191689E+03
  8.900000E-01  1.191608E+03
  8.920000E-01  1.191527E+03
  8.940000E-01  1.191447E+03
  8.960000E-01  1.191366E+03
  8.980000E-01  1.191286E+03
  9.000000E-01  1.191206E+03
  9.020000E-01  1.191126E+03
  9.040000E-01  1.191046E+03
  9.060000E-01  1.190966E+03
  9.080000E-01  1.190887E+03
  9.100000E-01  1.190808E+03
  9.120000E-01  1.190729E+03
  9.140000E-01  1.190650E+03
  9.160000E-01  1.190572E+03
  9.180000E-01  1.190493E+03
  9.200000E-01  1.190415E+03
  9.220000E-01  1.190337E+03
  9.240000E-01  1.190259E+03
  9.260000E-01  1.190181E+03
  9.280000E-01  1.190104E+03
  9.300000E-01  1.190026E+03
  9.320000E-01  1.189949E+03
  9.340000E-01  1.189872E+03
  9.360000E-01  1.189795E+03
  9.380000E-01  1.189719E+03
  9.400000E-01  1.189642E+03
  9.420000E-01  1.189566E+03
  9.440000E-01  1.189490E+03
  9.460000E-01  1.189414E+03
  9.480000E-01  1.189338E+03
  9.500000E-01  1.189262E+03
  9.520000E-01  1.189187E+03
  9.540000E-01  1.189112E+03
  9.560000E-01  1.189037E+03
  9.580000E-01  1.188962E+03
  9.600000E-01  1.188887E+03
  9.620000E-01  1.188812E+03
  9.640000E-01  1.188738E+03
  9.660000E-01  1.188664E+03
  9.680000E-01  1.188590E+03
  9.700000E-01  1.188516E+03
  9.720000E-01  1.188442E+03
  9.740000E-01  1.188369E+03
  9.760000E-01  1.188295E+03
  9.780000E-01  1.188222E+03
  9.800000E-01  1.188149E+03
  9.820000E-01  1.188076E+03
  9.840000E-01  1.188010E+03
  9.860000E-01  1.187944E+03
  9.880000E-01  1.187879E+03
  9.900000E-01  1.187814E+03
  9.920000E-01  1.187751E+03
  9.940000E-01  1.187688E+03
  9.960000E-01  1.187625E+03
  9.980000E-01  1.187563E+03
  1.000000E+00  1.187502E+03
  1.002000E+00  1.187441E+03
  1.004000E+00  1.187381E+03
  1.006000E+00  1.187321E+03
  1.008000E+00  1.187261E+03
  1.010000E+00  1.187202E+03
  1.012000E+00  1.187143E+03
  1.014000E+00  1.187085E+03
  1.016000E+00  1.187026E+03
  1.018000E+00  1.186968E+03
  1.020000E+00  1.186911E+03
  1.022000E+00  1.186853E+03
  1.024000E+00  1.186796E+03
  1.026000E+00  1.186739E+03
  1.028000E+00  1.186683E+03
  1.030000E+00  1.186627E+03
  1.032000E+00  1.186571E+03
  1.034000E+00  1.186515E+03
  1.036000E+00  1.186459E+03
  1.038000E+00  1.186404E+03
  1.040000E+00  1.186349E+03
  1.042000E+00  1.186294E+03
  1.044000E+00  1.186240E+03
  1.046000E+00  1.186186E+03
  1.048000E+00  1.186131E+03
  1.050000E+00  1.186077E+03
  1.052000E+00  1.186024E+03
  1.054000E+00  1.185970E+03
  1.056000E+00  1.185917E+03
  1.058000E+00  1.185864E+03
  1.060000E+00  1.185811E+03
  1.062000E+00  1.185758E+03
  1.064000E+00  1.185706E+03
  1.066000E+00  1.185653E+03
  1.068000E+00  1.185601E+03
  1.070000E+00  1.185549E+03
  1.072000E+00  1.185497E+03
  1.074000E+00  1.185446E+03
  1.076000E+00  1.185394E+03
  1.078000E+00  1.185343E+03
  1.080000E+00  1.185292E+03
  1.082000E+00  1.185241E+03
  1.084000E+00  1.185190E+03
  1.086000E+00  1.185140E+03
  1.088000E+00  1.185089E+03
  1.090000E+00  1.185039E+03
  1.092000E+00  1.184989E+03
  1.094000E+00  1.184939E+03
  1.096000E+00  1.184889E+03
  1.098000E+00  1.184839E+03
  1.100000E+00  1.184790E+03
  1.102000E+00  1.184740E+03
  1.104000E+00  1.184691E+03
  1.106000E+00  1.184642E+03
  1.108000E+00  1.184593E+03
  1.110000E+00  1.184544E+03
  1.112000E+00  1.184495E+03
  1.114000E+00  1.184447E+03
  1.116000E+00  1.184398E+03
  1.118000E+00  1.184350E+03
  1.120000E+00  1.184302E+03
  1.122000E+00  1.184254E+03
  1.124000E+00  1.184206E+03
  1.126000E+00  1.184158E+03
  1.128000E+00  1.184110E+03
  1.130000E+00  1.184063E+03
  1.132000E+00  1.184015E+03
  1.134000E+00  1.183968E+03
  1.136000E+00  1.183921E+03
  1.138000E+00  1.183874E+03
  1.140000E+00  1.183827E+03
  1.142000E+00  1.183780E+03
  1.144000E+00  1.183734E+03
  1.146000E+00  1.183687E+03
  1.148000E+00  1.183641E+03
  1.150000E+00  1.183595E+03
  1.152000E+00  1.183548E+03
  1.154000E+00  1.183502E+03
  1.156000E+00  1.183456E+03
  1.158000E+00  1.183411E+03
  1.160000E+00  1.183365E+03
  1.162000E+00  1.183319E+03
  1.164000E+00  1.183274E+03
  1.166000E+00  1.183229E+03
  1.168000E+00  1.183183E+03
  1.170000E+00  1.183138E+03
  1.172000E+00  1.183093E+03
  1.174000E+00  1.183048E+03
  1.176000E+00  1.183003E+03
  1.178000E+00  1.182959E+03
  1.180000E+00  1.182914E+03
  1.182000E+00  1.182870E+03
  1.184000E+00  1.182825E+03
  1.186000E+00  1.182781E+03
  1.188000E+00  1.182737E+03
  1.190000E+00  1.182693E+03
  1.192000E+00  1.182649E+03
  1.194000E+00  1.182605E+03
  1.196000E+00  1.182561E+03
  1.198000E+00  1.182518E+03
  1.200000E+00  1.182474E+03
