  1.000000E-02  1.185251E+03
  1.200000E-02  1.183744E+03
  1.400000E-02  1.182250E+03
  1.600000E-02  1.180770E+03
  1.800000E-02  1.179303E+03
  2.000000E-02  1.177848E+03
  2.200000E-02  1.176407E+03
  2.400000E-02  1.174978E+03
  2.600000E-02  1.173561E+03
  2.800000E-02  1.172156E+03
  3.000000E-02  1.170764E+03
  3.200000E-02  1.169383E+03
  3.400000E-02  1.168014E+03
  3.600000E-02  1.166656E+03
  3.800000E-02  1.165310E+03
  4.000000E-02  1.163975E+03
  4.200000E-02  1.162651E+03
  4.400000E-02  1.161339E+03
  4.600000E-02  1.160037E+03
  4.800000E-02  1.158746E+03
  5.000000E-02  1.157465E+03
  5.200000E-02  1.156195E+03
  5.400000E-02  1.154936E+03
  5.600000E-02  1.153686E+03
  5.800000E-02  1.152447E+03
  6.000000E-02  1.151218E+03
  6.200000E-02  1.149999E+03
  6.400000E-02  1.148789E+03
  6.600000E-02  1.147590E+03
  6.800000E-02  1.146400E+03
  7.000000E-02  1.145219E+03
  7.200000E-02  1.144048E+03
  7.400000E-02  1.142886E+03
  7.600000E-02  1.141733E+03
  7.800000E-02  1.140590E+03
  8.000000E-02  1.139455E+03
  8.200000E-02  1.138330E+03
  8.400000E-02  1.137213E+03
  8.600000E-02  1.136105E+03
  8.800000E-02  1.135005E+03
  9.000000E-02  1.133914E+03
  9.200000E-02  1.132832E+03
  9.400000E-02  1.131758E+03
  9.600000E-02  1.130692E+03
  9.800000E-02  1.129634E+03
  1.000000E-01  1.128585E+03
  1.020000E-01  1.127543E+03
  1.040000E-01  1.126510E+03
  1.060000E-01  1.125484E+03
  1.080000E-01  1.124466E+03
  1.100000E-01  1.123456E+03
  1.120000E-01  1.122453E+03
  1.140000E-01  1.121458E+03
  1.160000E-01  1.120471E+03
  1.180000E-01  1.119490E+03
  1.200000E-01  1.118517E+03
  1.220000E-01  1.117552E+03
  1.240000E-01  1.116593E+03
  1.260000E-01  1.115642E+03
  1.280000E-01  1.114698E+03
  1.300000E-01  1.113760E+03
  1.320000E-01  1.112830E+03
  1.340000E-01  1.111906E+03
  1.360000E-01  1.110989E+03
  1.380000E-01  1.110079E+03
  1.400000E-01  1.109175E+03
  1.420000E-01  1.108278E+03
  1.440000E-01  1.107388E+03
  1.460000E-01  1.106504E+03
  1.480000E-01  1.105626E+03
  1.500000E-01  1.104754E+03
  1.520000E-01  1.103888E+03
  1.540000E-01  1.103028E+03
  1.560000E-01  1.102174E+03
  1.580000E-01  1.101326E+03
  1.600000E-01  1.100484E+03
  1.620000E-01  1.099648E+03
  1.640000E-01  1.098818E+03
  1.660000E-01  1.097993E+03
  1.680000E-01  1.097175E+03
  1.700000E-01  1.096362E+03
  1.720000E-01  1.095554E+03
  1.740000E-01  1.094752E+03
  1.760000E-01  1.093956E+03
  1.780000E-01  1.093165E+03
  1.800000E-01  1.092380E+03
  1.820000E-01  1.091599E+03
  1.840000E-01  1.090825E+03
  1.860000E-01  1.090055E+03
  1.880000E-01  1.089291E+03
  1.900000E-01  1.088532E+03
  1.920000E-01  1.087778E+03
  1.940000E-01  1.087029E+03
  1.960000E-01  1.086285E+03
  1.980000E-01  1.085546E+03
  2.000000E-01  1.084812E+03
  2.020000E-01  1.084083E+03
  2.040000E-01  1.083359E+03
  2.060000E-01  1.082640E+03
  2.080000E-01  1.081925E+03
  2.100000E-01  1.081216E+03
  2.120000E-01  1.080511E+03
  2.140000E-01  1.079810E+03
  2.160000E-01  1.079114E+03
  2.180000E-01  1.078423E+03
  2.200000E-01  1.077736E+03
  2.220000E-01  1.077054E+03
  2.240000E-01  1.076376E+03
  2.260000E-01  1.075703E+03
  2.280000E-01  1.075034E+03
  2.300000E-01  1.074369E+03
  2.320000E-01  1.073709E+03
  2.340000E-01  1.073052E+03
  2.360000E-01  1.072401E+03
  2.380000E-01  1.071753E+03
  2.400000E-01  1.071109E+03
  2.420000E-01  1.070470E+03
  2.440000E-01  1.069834E+03
  2.460000E-01  1.069203E+03
  2.480000E-01  1.068576E+03
  2.500000E-01  1.067952E+03
  2.520000E-01  1.067333E+03
  2.540000E-01  1.066717E+03
  2.560000E-01  1.066106E+03
  2.580000E-01  1.065498E+03
  2.600000E-01  1.064894E+03
  2.620000E-01  1.064294E+03
  2.640000E-01  1.063697E+03
  2.660000E-01  1.063105E+03
  2.680000E-01  1.062516E+03
  2.700000E-01  1.061930E+03
  2.720000E-01  1.061348E+03
  2.740000E-01  1.060770E+03
  2.760000E-01  1.060196E+03
  2.780000E-01  1.059625E+03
  2.800000E-01  1.059057E+03
  2.820000E-01  1.058493E+03
  2.840000E-01  1.057932E+03
  2.860000E-01  1.057375E+03
  2.880000E-01  1.056821E+03
  2.900000E-01  1.056271E+03
  2.920000E-01  1.055723E+03
  2.940000E-01  1.055180E+03
  2.960000E-01  1.054639E+03
  2.980000E-01  1.054102E+03
  3.000000E-01  1.053568E+03
  3.020000E-01  1.053037E+03
  3.040000E-01  1.052509E+03
  3.060000E-01  1.051985E+03
  3.080000E-01  1.051463E+03
  3.100000E-01  1.050945E+03
  3.120000E-01  1.050430E+03
  3.140000E-01  1.049917E+03
  3.160000E-01  1.049408E+03
  3.180000E-01  1.048902E+03
  3.200000E-01  1.048399E+03
  3.220000E-01  1.047899E+03
  3.240000E-01  1.047401E+03
  3.260000E-01  1.046907E+03
  3.280000E-01  1.046415E+03
  3.300000E-01  1.045927E+03
  3.320000E-01  1.045441E+03
  3.340000E-01  1.044958E+03
  3.360000E-01  1.044478E+03
  3.380000E-01  1.044000E+03
  3.400000E-01  1.043526E+03
  3.420000E-01  1.043054E+03
  3.440000E-01  1.042585E+03
  3.460000E-01  1.042118E+03
  3.480000E-01  1.041654E+03
  3.500000E-01  1.041193E+03
  3.520000E-01  1.040735E+03
  3.540000E-01  1.040279E+03
  3.560000E-01  1.039825E+03
  3.580000E-01  1.039374E+03
  3.600000E-01  1.038926E+03
  3.620000E-01  1.038481E+03
  3.640000E-01  1.038037E+03
  3.660000E-01  1.037597E+03
  3.680000E-01  1.037158E+03
  3.700000E-01  1.036723E+03
  3.720000E-01  1.036289E+03
  3.740000E-01  1.035858E+03
  3.760000E-01  1.035430E+03
  3.780000E-01  1.035004E+03
  3.800000E-01  1.034580E+03
  3.820000E-01  1.034158E+03
  3.840000E-01  1.033739E+03
  3.860000E-01  1.033322E+03
  3.880000E-01  1.032908E+03
  3.900000E-01  1.032496E+03
  3.920000E-01  1.032086E+03
  3.940000E-01  1.031678E+03
  3.960000E-01  1.031272E+03
  3.980000E-01  1.030869E+03
  4.000000E-01  1.030468E+03
  4.020000E-01  1.030069E+03
  4.040000E-01  1.029672E+03
  4.060000E-01  1.029278E+03
  4.080000E-01  1.028885E+03
  4.100000E-01  1.028495E+03
  4.120000E-01  1.028107E+03
  4.140000E-01  1.027720E+03
  4.160000E-01  1.027336E+03
  4.180000E-01  1.026954E+03
  4.200000E-01  1.026574E+03
  4.220000E-01  1.026196E+03
  4.240000E-01  1.025820E+03
  4.260000E-01  1.025446E+03
  4.280000E-01  1.025074E+03
  4.300000E-01  1.024704E+03
  4.320000E-01  1.024336E+03
  4.340000E-01  1.023970E+03
  4.360000E-01  1.023606E+03
  4.380000E-01  1.023243E+03
  4.400000E-01  1.022883E+03
  4.420000E-01  1.022524E+03
  4.440000E-01  1.022168E+03
  4.460000E-01  1.021813E+03
  4.480000E-01  1.021460E+03
  4.500000E-01  1.021109E+03
  4.520000E-01  1.020842E+03
  4.540000E-01  1.020535E+03
  4.560000E-01  1.020232E+03
  4.580000E-01  1.019932E+03
  4.600000E-01  1.019635E+03
  4.620000E-01  1.019340E+03
  4.640000E-01  1.019047E+03
  4.660000E-01  1.018757E+03
  4.680000E-01  1.018469E+03
  4.700000E-01  1.018182E+03
  4.720000E-01  1.017897E+03
  4.740000E-01  1.017613E+03
  4.760000E-01  1.017331E+03
  4.780000E-01  1.017051E+03
  4.800000E-01  1.016771E+03
  4.820000E-01  1.016494E+03
  4.840000E-01  1.016217E+03
  4.860000E-01  1.015942E+03
  4.880000E-01  1.015668E+03
  4.900000E-01  1.015396E+03
  4.920000E-01  1.015125E+03
  4.940000E-01  1.014883E+03
  4.960000E-01  1.014631E+03
  4.980000E-01  1.014382E+03
  5.000000E-01  1.014136E+03
  5.020000E-01  1.013893E+03
  5.040000E-01  1.013652E+03
  5.060000E-01  1.013413E+03
  5.080000E-01  1.013176E+03
  5.100000E-01  1.012941E+03
  5.120000E-01  1.012708E+03
  5.140000E-01  1.012477E+03
  5.160000E-01  1.012248E+03
  5.180000E-01  1.012021E+03
  5.200000E-01  1.011795E+03
  5.220000E-01  1.011570E+03
  5.240000E-01  1.011347E+03
  5.260000E-01  1.011126E+03
  5.280000E-01  1.010906E+03
  5.300000E-01  1.010688E+03
  5.320000E-01  1.010471E+03
  5.340000E-01  1.010255E+03
  5.360000E-01  1.010040E+03
  5.380000E-01  1.009827E+03
  5.400000E-01  1.009615E+03
  5.420000E-01  1.009405E+03
  5.440000E-01  1.009195E+03
  5.460000E-01  1.008987E+03
  5.480000E-01  1.008780E+03
  5.500000E-01  1.008574E+03
  5.520000E-01  1.008369E+03
  5.540000E-01  1.008166E+03
  5.560000E-01  1.007963E+03
  5.580000E-01  1.007761E+03
  5.600000E-01  1.007561E+03
  5.620000E-01  1.007361E+03
  5.640000E-01  1.007163E+03
  5.660000E-01  1.006965E+03
  5.680000E-01  1.006769E+03
  5.700000E-01  1.006573E+03
  5.720000E-01  1.006379E+03
  5.740000E-01  1.006185E+03
  5.760000E-01  1.005993E+03
  5.780000E-01  1.005801E+03
  5.800000E-01  1.005610E+03
  5.820000E-01  1.005420E+03
  5.840000E-01  1.005230E+03
  5.860000E-01  1.005042E+03
  5.880000E-01  1.004854E+03
  5.900000E-01  1.004667E+03
  5.920000E-01  1.004481E+03
  5.940000E-01  1.004295E+03
  5.960000E-01  1.004111E+03
  5.980000E-01  1.003926E+03
  6.000000E-01  1.003743E+03
  6.020000E-01  1.003560E+03
  6.040000E-01  1.003377E+03
  6.060000E-01  1.003195E+03
  6.080000E-01  1.003014E+03
  6.100000E-01  1.002833E+03
  6.120000E-01  1.002652E+03
  6.140000E-01  1.002472E+03
  6.160000E-01  1.002292E+03
  6.180000E-01  1.002112E+03
  6.200000E-01  1.001933E+03
  6.220000E-01  1.001754E+03
  6.240000E-01  1.001576E+03
  6.260000E-01  1.001397E+03
  6.280000E-01  1.001219E+03
  6.300000E-01  1.001041E+03
  6.320000E-01  1.000864E+03
  6.340000E-01  1.000687E+03
  6.360000E-01  1.000509E+03
  6.380000E-01  1.000333E+03
  6.400000E-01  1.000156E+03
  6.420000E-01  9.999790E+02
  6.440000E-01  9.998029E+02
  6.460000E-01  9.996272E+02
  6.480000E-01  9.994522E+02
  6.500000E-01  9.992777E+02
  6.520000E-01  9.991038E+02
  6.540000E-01  9.989305E+02
  6.560000E-01  9.987577E+02
  6.580000E-01  9.985854E+02
  6.600000E-01  9.984137E+02
  6.620000E-01  9.982380E+02
  6.640000E-01  9.980659E+02
  6.660000E-01  9.978941E+02
  6.680000E-01  9.977227E+02
  6.700000E-01  9.975518E+02
  6.720000E-01  9.973812E+02
  6.740000E-01  9.972111E+02
  6.760000E-01  9.970414E+02
  6.780000E-01  9.968721E+02
  6.800000E-01  9.967033E+02
  6.820000E-01  9.965348E+02
  6.840000E-01  9.963668E+02
  6.860000E-01  9.961992E+02
  6.880000E-01  9.960321E+02
  6.900000E-01  9.958654E+02
  6.920000E-01  9.956991E+02
  6.940000E-01  9.955332E+02
  6.960000E-01  9.953678E+02
  6.980000E-01  9.952027E+02
  7.000000E-01  9.950382E+02
  7.020000E-01  9.948740E+02
  7.040000E-01  9.947103E+02
  7.060000E-01  9.945469E+02
  7.080000E-01  9.943841E+02
  7.100000E-01  9.942216E+02
  7.120000E-01  9.940596E+02
  7.140000E-01  9.938979E+02
  7.160000E-01  9.937367E+02
  7.180000E-01  9.935760E+02
  7.200000E-01  9.934156E+02
  7.220000E-01  9.932557E+02
  7.240000E-01  9.930961E+02
  7.260000E-01  9.929370E+02
  7.280000E-01  9.927783E+02
  7.300000E-01  9.926200E+02
  7.320000E-01  9.924622E+02
  7.340000E-01  9.923047E+02
  7.360000E-01  9.921477E+02
  7.380000E-01  9.919910E+02
  7.400000E-01  9.918348E+02
  7.420000E-01  9.916790E+02
  7.440000E-01  9.915235E+02
  7.460000E-01  9.913685E+02
  7.480000E-01  9.912139E+02
  7.500000E-01  9.910597E+02
  7.520000E-01  9.909059E+02
  7.540000E-01  9.907525E+02
  7.560000E-01  9.905995E+02
  7.580000E-01  9.904468E+02
  7.600000E-01  9.902946E+02
  7.620000E-01  9.901428E+02
  7.640000E-01  9.899914E+02
  7.660000E-01  9.898403E+02
  7.680000E-01  9.896897E+02
  7.700000E-01  9.895394E+02
  7.720000E-01  9.893896E+02
  7.740000E-01  9.892401E+02
  7.760000E-01  9.890910E+02
  7.780000E-01  9.889423E+02
  7.800000E-01  9.887939E+02
  7.820000E-01  9.886460E+02
  7.840000E-01  9.884984E+02
  7.860000E-01  9.883513E+02
  7.880000E-01  9.882045E+02
  7.900000E-01  9.880580E+02
  7.920000E-01  9.879120E+02
  7.940000E-01  9.877663E+02
  7.960000E-01  9.876210E+02
  7.980000E-01  9.874761E+02
  8.000000E-01  9.873315E+02
  8.020000E-01  9.871874E+02
  8.040000E-01  9.870436E+02
  8.060000E-01  9.869001E+02
  8.080000E-01  9.867570E+02
  8.100000E-01  9.866143E+02
  8.120000E-01  9.864720E+02
  8.140000E-01  9.863300E+02
  8.160000E-01  9.861884E+02
  8.180000E-01  9.860471E+02
  8.200000E-01  9.859062E+02
  8.220000E-01  9.857657E+02
  8.240000E-01  9.856255E+02
  8.260000E-01  9.854857E+02
  8.280000E-01  9.853462E+02
  8.300000E-01  9.852071E+02
  8.320000E-01  9.850684E+02
  8.340000E-01  9.849300E+02
  8.360000E-01  9.847919E+02
  8.380000E-01  9.846542E+02
  8.400000E-01  9.845169E+02
  8.420000E-01  9.843799E+02
  8.440000E-01  9.842432E+02
  8.460000E-01  9.841069E+02
  8.480000E-01  9.839710E+02
  8.500000E-01  9.838353E+02
  8.520000E-01  9.837001E+02
  8.540000E-01  9.835651E+02
  8.560000E-01  9.834305E+02
  8.580000E-01  9.832963E+02
  8.600000E-01  9.831623E+02
  8.620000E-01  9.830288E+02
  8.640000E-01  9.828955E+02
  8.660000E-01  9.827626E+02
  8.680000E-01  9.826300E+02
  8.700000E-01  9.824978E+02
  8.720000E-01  9.823659E+02
  8.740000E-01  9.822343E+02
  8.760000E-01  9.821031E+02
  8.780000E-01  9.819721E+02
  8.800000E-01  9.818415E+02
  8.820000E-01  9.817113E+02
  8.840000E-01  9.815813E+02
  8.860000E-01  9.814517E+02
  8.880000E-01  9.813224E+02
  8.900000E-01  9.811935E+02
  8.920000E-01  9.810648E+02
  8.940000E-01  9.809365E+02
  8.960000E-01  9.808085E+02
  8.980000E-01  9.806808E+02
  9.000000E-01  9.805534E+02
  9.020000E-01  9.804264E+02
  9.040000E-01  9.802996E+02
  9.060000E-01  9.801732E+02
  9.080000E-01  9.800471E+02
  9.100000E-01  9.799213E+02
  9.120000E-01  9.797958E+02
  9.140000E-01  9.796706E+02
  9.160000E-01  9.795458E+02
  9.180000E-01  9.794212E+02
  9.200000E-01  9.792970E+02
  9.220000E-01  9.791730E+02
  9.240000E-01  9.790494E+02
  9.260000E-01  9.789261E+02
  9.280000E-01  9.788030E+02
  9.300000E-01  9.786803E+02
  9.320000E-01  9.785579E+02
  9.340000E-01  9.784358E+02
  9.360000E-01  9.783139E+02
  9.380000E-01  9.781924E+02
  9.400000E-01  9.780712E+02
  9.420000E-01  9.779503E+02
  9.440000E-01  9.778296E+02
  9.460000E-01  9.777093E+02
  9.480000E-01  9.775892E+02
  9.500000E-01  9.774695E+02
  9.520000E-01  9.773500E+02
  9.540000E-01  9.772308E+02
  9.560000E-01  9.771120E+02
  9.580000E-01  9.769934E+02
  9.600000E-01  9.768751E+02
  9.620000E-01  9.767571E+02
  9.640000E-01  9.766393E+02
  9.660000E-01  9.765219E+02
  9.680000E-01  9.764047E+02
  9.700000E-01  9.762878E+02
  9.720000E-01  9.761712E+02
  9.740000E-01  9.760549E+02
  9.760000E-01  9.759389E+02
  9.780000E-01  9.758231E+02
  9.800000E-01  9.757076E+02
  9.820000E-01  9.755924E+02
  9.840000E-01  9.754887E+02
  9.860000E-01  9.753838E+02
  9.880000E-01  9.752806E+02
  9.900000E-01  9.751788E+02
  9.920000E-01  9.750782E+02
  9.940000E-01  9.749788E+02
  9.960000E-01  9.748803E+02
  9.980000E-01  9.747827E+02
  1.000000E+00  9.746859E+02
  1.002000E+00  9.745899E+02
  1.004000E+00  9.744945E+02
  1.006000E+00  9.743999E+02
  1.008000E+00  9.743059E+02
  1.010000E+00  9.742125E+02
  1.012000E+00  9.741196E+02
  1.014000E+00  9.740273E+02
  1.016000E+00  9.739354E+02
  1.018000E+00  9.738440E+02
  1.020000E+00  9.737531E+02
  1.022000E+00  9.736626E+02
  1.024000E+00  9.735727E+02
  1.026000E+00  9.734831E+02
  1.028000E+00  9.733941E+02
  1.030000E+00  9.733054E+02
  1.032000E+00  9.732172E+02
  1.034000E+00  9.731294E+02
  1.036000E+00  9.730420E+02
  1.038000E+00  9.729550E+02
  1.040000E+00  9.728684E+02
  1.042000E+00  9.727821E+02
  1.044000E+00  9.726963E+02
  1.046000E+00  9.726107E+02
  1.048000E+00  9.725256E+02
  1.050000E+00  9.724407E+02
  1.052000E+00  9.723562E+02
  1.054000E+00  9.722721E+02
  1.056000E+00  9.721882E+02
  1.058000E+00  9.721047E+02
  1.060000E+00  9.720215E+02
  1.062000E+00  9.719386E+02
  1.064000E+00  9.718561E+02
  1.066000E+00  9.717738E+02
  1.068000E+00  9.716918E+02
  1.070000E+00  9.716101E+02
  1.072000E+00  9.715287E+02
  1.074000E+00  9.714475E+02
  1.076000E+00  9.713667E+02
  1.078000E+00  9.712861E+02
  1.080000E+00  9.712058E+02
  1.082000E+00  9.711258E+02
  1.084000E+00  9.710460E+02
  1.086000E+00  9.709665E+02
  1.088000E+00  9.708872E+02
  1.090000E+00  9.708082E+02
  1.092000E+00  9.707295E+02
  1.094000E+00  9.706510E+02
  1.096000E+00  9.705727E+02
  1.098000E+00  9.704947E+02
  1.100000E+00  9.704170E+02
  1.102000E+00  9.703394E+02
  1.104000E+00  9.702622E+02
  1.106000E+00  9.701851E+02
  1.108000E+00  9.701083E+02
  1.110000E+00  9.700317E+02
  1.112000E+00  9.699553E+02
  1.114000E+00  9.698792E+02
  1.116000E+00  9.698033E+02
  1.118000E+00  9.697276E+02
  1.120000E+00  9.696521E+02
  1.122000E+00  9.695768E+02
  1.124000E+00  9.695018E+02
  1.126000E+00  9.694269E+02
  1.128000E+00  9.693523E+02
  1.130000E+00  9.692779E+02
  1.132000E+00  9.692037E+02
  1.134000E+00  9.691297E+02
  1.136000E+00  9.690559E+02
  1.138000E+00  9.689823E+02
  1.140000E+00  9.689089E+02
  1.142000E+00  9.688357E+02
  1.144000E+00  9.687627E+02
  1.146000E+00  9.686899E+02
  1.148000E+00  9.686173E+02
  1.150000E+00  9.685449E+02
  1.152000E+00  9.684727E+02
  1.154000E+00  9.684007E+02
  1.156000E+00  9.683289E+02
  1.158000E+00  9.682572E+02
  1.160000E+00  9.681858E+02
  1.162000E+00  9.681145E+02
  1.164000E+00  9.680434E+02
  1.166000E+00  9.679725E+02
  1.168000E+00  9.679018E+02
  1.170000E+00  9.678313E+02
  1.172000E+00  9.677609E+02
  1.174000E+00  9.676907E+02
  1.176000E+00  9.676207E+02
  1.178000E+00  9.675509E+02
  1.180000E+00  9.674812E+02
  1.182000E+00  9.674118E+02
  1.184000E+00  9.673425E+02
  1.186000E+00  9.672733E+02
  1.188000E+00  9.672044E+02
  1.190000E+00  9.671356E+02
  1.192000E+00  9.670670E+02
  1.194000E+00  9.669985E+02
  1.196000E+00  9.669303E+02
  1.198000E+00  9.668621E+02
  1.200000E+00  9.667942E+02
