  1.000000E-02  1.433528E+00  1.173137E+00 -2.867397E-01
  1.200000E-02  1.714707E+00  1.407764E+00 -3.438450E-01
  1.400000E-02  1.994154E+00  1.642391E+00 -4.008553E-01
  1.600000E-02  2.271899E+00  1.877018E+00 -4.577667E-01
  1.800000E-02  2.547969E+00  2.111646E+00 -5.145758E-01
  2.000000E-02  2.822386E+00  2.346273E+00 -5.712796E-01
  2.200000E-02  3.095172E+00  2.580900E+00 -6.278754E-01
  2.400000E-02  3.366348E+00  2.815528E+00 -6.843612E-01
  2.600000E-02  3.635933E+00  3.050155E+00 -7.407348E-01
  2.800000E-02  3.903945E+00  3.284782E+00 -7.969945E-01
  3.000000E-02  4.170400E+00  3.519410E+00 -8.531388E-01
  3.200000E-02  4.435316E+00  3.754037E+00 -9.091661E-01
  3.400000E-02  4.698709E+00  3.988664E+00 -9.650754E-01
  3.600000E-02  4.960594E+00  4.223292E+00 -1.020865E+00
  3.800000E-02  5.220985E+00  4.457919E+00 -1.076535E+00
  4.000000E-02  5.479898E+00  4.692546E+00 -1.132084E+00
  4.200000E-02  5.737346E+00  4.927173E+00 -1.187511E+00
  4.400000E-02  5.993344E+00  5.161801E+00 -1.242815E+00
  4.600000E-02  6.247904E+00  5.396428E+00 -1.297996E+00
  4.800000E-02  6.501040E+00  5.631055E+00 -1.353053E+00
  5.000000E-02  6.752765E+00  5.865683E+00 -1.407985E+00
  5.200000E-02  7.003091E+00  6.100310E+00 -1.462793E+00
  5.400000E-02  7.252031E+00  6.334937E+00 -1.517476E+00
  5.600000E-02  7.499596E+00  6.569565E+00 -1.572033E+00
  5.800000E-02  7.745800E+00  6.804192E+00 -1.626464E+00
  6.000000E-02  7.990652E+00  7.038819E+00 -1.680769E+00
  6.200000E-02  8.234166E+00  7.273447E+00 -1.734948E+00
  6.400000E-02  8.476351E+00  7.508074E+00 -1.789000E+00
  6.600000E-02  8.717221E+00  7.742701E+00 -1.842925E+00
  6.800000E-02  8.956785E+00  7.977328E+00 -1.896723E+00
  7.000000E-02  9.195054E+00  8.211956E+00 -1.950393E+00
  7.200000E-02  9.432039E+00  8.446583E+00 -2.003937E+00
  7.400000E-02  9.667751E+00  8.681210E+00 -2.057353E+00
  7.600000E-02  9.902200E+00  8.915838E+00 -2.110641E+00
  7.800000E-02  1.013540E+01  9.150465E+00 -2.163802E+00
  8.000000E-02  1.036735E+01  9.385092E+00 -2.216835E+00
  8.200000E-02  1.059807E+01  9.619720E+00 -2.269741E+00
  8.400000E-02  1.082757E+01  9.854347E+00 -2.322519E+00
  8.600000E-02  1.105586E+01  1.008897E+01 -2.375169E+00
  8.800000E-02  1.128294E+01  1.032360E+01 -2.427691E+00
  9.000000E-02  1.150883E+01  1.055823E+01 -2.480086E+00
  9.200000E-02  1.173353E+01  1.079286E+01 -2.532352E+00
  9.400000E-02  1.195707E+01  1.102748E+01 -2.584492E+00
  9.600000E-02  1.217943E+01  1.126211E+01 -2.636503E+00
  9.800000E-02  1.240064E+01  1.149674E+01 -2.688387E+00
  1.000000E-01  1.262070E+01  1.173137E+01 -2.740143E+00
  1.020000E-01  1.283962E+01  1.196599E+01 -2.791772E+00
  1.040000E-01  1.305742E+01  1.220062E+01 -2.843273E+00
  1.060000E-01  1.327409E+01  1.243525E+01 -2.894647E+00
  1.080000E-01  1.348965E+01  1.266987E+01 -2.945894E+00
  1.100000E-01  1.370411E+01  1.290450E+01 -2.997013E+00
  1.120000E-01  1.391747E+01  1.313913E+01 -3.048005E+00
  1.140000E-01  1.412974E+01  1.337376E+01 -3.098871E+00
  1.160000E-01  1.434094E+01  1.360838E+01 -3.149609E+00
  1.180000E-01  1.455106E+01  1.384301E+01 -3.200221E+00
  1.200000E-01  1.476013E+01  1.407764E+01 -3.250706E+00
  1.220000E-01  1.496814E+01  1.431227E+01 -3.301064E+00
  1.240000E-01  1.517510E+01  1.454689E+01 -3.351297E+00
  1.260000E-01  1.538103E+01  1.478152E+01 -3.401402E+00
  1.280000E-01  1.558592E+01  1.501615E+01 -3.451382E+00
  1.300000E-01  1.578979E+01  1.525078E+01 -3.501236E+00
  1.320000E-01  1.599265E+01  1.548540E+01 -3.550964E+00
  1.340000E-01  1.619450E+01  1.572003E+01 -3.600567E+00
  1.360000E-01  1.639535E+01  1.595466E+01 -3.650043E+00
  1.380000E-01  1.659521E+01  1.618928E+01 -3.699395E+00
  1.400000E-01  1.679408E+01  1.642391E+01 -3.748622E+00
  1.420000E-01  1.699197E+01  1.665854E+01 -3.797723E+00
  1.440000E-01  1.718890E+01  1.689317E+01 -3.846700E+00
  1.460000E-01  1.738488E+01  1.712779E+01 -3.895377E+00
  1.480000E-01  1.757998E+01  1.736242E+01 -3.943253E+00
  1.500000E-01  1.777418E+01  1.759705E+01 -3.990639E+00
  1.520000E-01  1.796746E+01  1.783168E+01 -4.037635E+00
  1.540000E-01  1.815984E+01  1.806630E+01 -4.084288E+00
  1.560000E-01  1.835132E+01  1.830093E+01 -4.130629E+00
  1.580000E-01  1.854189E+01  1.853556E+01 -4.176679E+00
  1.600000E-01  1.873157E+01  1.877018E+01 -4.222454E+00
  1.620000E-01  1.892036E+01  1.900481E+01 -4.267966E+00
  1.640000E-01  1.910827E+01  1.923944E+01 -4.313225E+00
  1.660000E-01  1.929530E+01  1.947407E+01 -4.358241E+00
  1.680000E-01  1.948145E+01  1.970869E+01 -4.403021E+00
  1.700000E-01  1.966674E+01  1.994332E+01 -4.447571E+00
  1.720000E-01  1.985116E+01  2.017795E+01 -4.491897E+00
  1.740000E-01  2.003474E+01  2.041258E+01 -4.536005E+00
  1.760000E-01  2.021746E+01  2.064720E+01 -4.579898E+00
  1.780000E-01  2.039933E+01  2.088183E+01 -4.623580E+00
  1.800000E-01  2.058037E+01  2.111646E+01 -4.667057E+00
  1.820000E-01  2.076058E+01  2.135109E+01 -4.710331E+00
  1.840000E-01  2.093995E+01  2.158571E+01 -4.753406E+00
  1.860000E-01  2.111851E+01  2.182034E+01 -4.796284E+00
  1.880000E-01  2.129625E+01  2.205497E+01 -4.838969E+00
  1.900000E-01  2.147318E+01  2.228959E+01 -4.881464E+00
  1.920000E-01  2.164930E+01  2.252422E+01 -4.923771E+00
  1.940000E-01  2.182463E+01  2.275885E+01 -4.965892E+00
  1.960000E-01  2.199916E+01  2.299348E+01 -5.007830E+00
  1.980000E-01  2.217290E+01  2.322810E+01 -5.049588E+00
  2.000000E-01  2.234586E+01  2.346273E+01 -5.091167E+00
  2.020000E-01  2.251804E+01  2.369736E+01 -5.132569E+00
  2.040000E-01  2.268944E+01  2.393199E+01 -5.173797E+00
  2.060000E-01  2.286008E+01  2.416661E+01 -5.214852E+00
  2.080000E-01  2.302996E+01  2.440124E+01 -5.255736E+00
  2.100000E-01  2.319908E+01  2.463587E+01 -5.296452E+00
  2.120000E-01  2.336744E+01  2.487049E+01 -5.337000E+00
  2.140000E-01  2.353506E+01  2.510512E+01 -5.377383E+00
  2.160000E-01  2.370194E+01  2.533975E+01 -5.417603E+00
  2.180000E-01  2.386808E+01  2.557438E+01 -5.457660E+00
  2.200000E-01  2.403348E+01  2.580900E+01 -5.497557E+00
  2.220000E-01  2.419816E+01  2.604363E+01 -5.537295E+00
  2.240000E-01  2.436212E+01  2.627826E+01 -5.576876E+00
  2.260000E-01  2.452535E+01  2.651289E+01 -5.616301E+00
  2.280000E-01  2.468788E+01  2.674751E+01 -5.655572E+00
  2.300000E-01  2.484969E+01  2.698214E+01 -5.694690E+00
  2.320000E-01  2.501080E+01  2.721677E+01 -5.733656E+00
  2.340000E-01  2.517121E+01  2.745140E+01 -5.772472E+00
  2.360000E-01  2.533093E+01  2.768602E+01 -5.811140E+00
  2.380000E-01  2.548995E+01  2.792065E+01 -5.849660E+00
  2.400000E-01  2.564829E+01  2.815528E+01 -5.888034E+00
  2.420000E-01  2.580595E+01  2.838990E+01 -5.926264E+00
  2.440000E-01  2.596293E+01  2.862453E+01 -5.964350E+00
  2.460000E-01  2.611923E+01  2.885916E+01 -6.002294E+00
  2.480000E-01  2.627487E+01  2.909379E+01 -6.040097E+00
  2.500000E-01  2.642985E+01  2.932841E+01 -6.077761E+00
  2.520000E-01  2.658416E+01  2.956304E+01 -6.115287E+00
  2.540000E-01  2.673782E+01  2.979767E+01 -6.152675E+00
  2.560000E-01  2.689083E+01  3.003230E+01 -6.189928E+00
  2.580000E-01  2.704319E+01  3.026692E+01 -6.227045E+00
  2.600000E-01  2.719491E+01  3.050155E+01 -6.264030E+00
  2.620000E-01  2.734599E+01  3.073618E+01 -6.300882E+00
  2.640000E-01  2.749643E+01  3.097080E+01 -6.337602E+00
  2.660000E-01  2.764625E+01  3.120543E+01 -6.374193E+00
  2.680000E-01  2.779543E+01  3.144006E+01 -6.410655E+00
  2.700000E-01  2.794400E+01  3.167469E+01 -6.446989E+00
  2.720000E-01  2.809194E+01  3.190931E+01 -6.483197E+00
  2.740000E-01  2.823927E+01  3.214394E+01 -6.519278E+00
  2.760000E-01  2.838599E+01  3.237857E+01 -6.555236E+00
  2.780000E-01  2.853210E+01  3.261320E+01 -6.591070E+00
  2.800000E-01  2.867761E+01  3.284782E+01 -6.626782E+00
  2.820000E-01  2.882251E+01  3.308245E+01 -6.662372E+00
  2.840000E-01  2.896682E+01  3.331708E+01 -6.697843E+00
  2.860000E-01  2.911054E+01  3.355171E+01 -6.733194E+00
  2.880000E-01  2.925367E+01  3.378633E+01 -6.768427E+00
  2.900000E-01  2.939622E+01  3.402096E+01 -6.803543E+00
  2.920000E-01  2.953818E+01  3.425559E+01 -6.838543E+00
  2.940000E-01  2.967956E+01  3.449021E+01 -6.873429E+00
  2.960000E-01  2.982037E+01  3.472484E+01 -6.908200E+00
  2.980000E-01  2.996061E+01  3.495947E+01 -6.942858E+00
  3.000000E-01  3.010029E+01  3.519410E+01 -6.977404E+00
  3.020000E-01  3.023939E+01  3.542872E+01 -7.011839E+00
  3.040000E-01  3.037794E+01  3.566335E+01 -7.046164E+00
  3.060000E-01  3.051593E+01  3.589798E+01 -7.080380E+00
  3.080000E-01  3.065337E+01  3.613261E+01 -7.114488E+00
  3.100000E-01  3.079026E+01  3.636723E+01 -7.148489E+00
  3.120000E-01  3.092660E+01  3.660186E+01 -7.182383E+00
  3.140000E-01  3.106239E+01  3.683649E+01 -7.216173E+00
  3.160000E-01  3.119765E+01  3.707111E+01 -7.249857E+00
  3.180000E-01  3.133237E+01  3.730574E+01 -7.283439E+00
  3.200000E-01  3.146655E+01  3.754037E+01 -7.316918E+00
  3.220000E-01  3.160021E+01  3.777500E+01 -7.350295E+00
  3.240000E-01  3.173334E+01  3.800962E+01 -7.383572E+00
  3.260000E-01  3.186594E+01  3.824425E+01 -7.416749E+00
  3.280000E-01  3.199802E+01  3.847888E+01 -7.449827E+00
  3.300000E-01  3.212958E+01  3.871351E+01 -7.482807E+00
  3.320000E-01  3.226063E+01  3.894813E+01 -7.515689E+00
  3.340000E-01  3.239117E+01  3.918276E+01 -7.548476E+00
  3.360000E-01  3.252119E+01  3.941739E+01 -7.581167E+00
  3.380000E-01  3.265072E+01  3.965202E+01 -7.613764E+00
  3.400000E-01  3.277973E+01  3.988664E+01 -7.646267E+00
  3.420000E-01  3.290825E+01  4.012127E+01 -7.678677E+00
  3.440000E-01  3.303627E+01  4.035590E+01 -7.710995E+00
  3.460000E-01  3.316380E+01  4.059052E+01 -7.743222E+00
  3.480000E-01  3.329084E+01  4.082515E+01 -7.775358E+00
  3.500000E-01  3.341738E+01  4.105978E+01 -7.807405E+00
  3.520000E-01  3.354344E+01  4.129441E+01 -7.839363E+00
  3.540000E-01  3.366902E+01  4.152903E+01 -7.871233E+00
  3.560000E-01  3.379412E+01  4.176366E+01 -7.903017E+00
  3.580000E-01  3.391874E+01  4.199829E+01 -7.934713E+00
  3.600000E-01  3.404289E+01  4.223292E+01 -7.966325E+00
  3.620000E-01  3.416657E+01  4.246754E+01 -7.997851E+00
  3.640000E-01  3.428977E+01  4.270217E+01 -8.029294E+00
  3.660000E-01  3.441251E+01  4.293680E+01 -8.060653E+00
  3.680000E-01  3.453479E+01  4.317142E+01 -8.091930E+00
  3.700000E-01  3.465661E+01  4.340605E+01 -8.123125E+00
  3.720000E-01  3.477797E+01  4.364068E+01 -8.154239E+00
  3.740000E-01  3.489887E+01  4.387531E+01 -8.185273E+00
  3.760000E-01  3.501932E+01  4.410993E+01 -8.216227E+00
  3.780000E-01  3.513932E+01  4.434456E+01 -8.247103E+00
  3.800000E-01  3.525887E+01  4.457919E+01 -8.277901E+00
  3.820000E-01  3.537797E+01  4.481382E+01 -8.308621E+00
  3.840000E-01  3.549664E+01  4.504844E+01 -8.339265E+00
  3.860000E-01  3.561486E+01  4.528307E+01 -8.369833E+00
  3.880000E-01  3.573264E+01  4.551770E+01 -8.400326E+00
  3.900000E-01  3.584999E+01  4.575233E+01 -8.430744E+00
  3.920000E-01  3.596691E+01  4.598695E+01 -8.461089E+00
  3.940000E-01  3.608340E+01  4.622158E+01 -8.491360E+00
  3.960000E-01  3.619945E+01  4.645621E+01 -8.521559E+00
  3.980000E-01  3.631509E+01  4.669083E+01 -8.551686E+00
  4.000000E-01  3.643029E+01  4.692546E+01 -8.581742E+00
  4.020000E-01  3.654508E+01  4.716009E+01 -8.611728E+00
  4.040000E-01  3.665945E+01  4.739472E+01 -8.641644E+00
  4.060000E-01  3.677340E+01  4.762934E+01 -8.671491E+00
  4.080000E-01  3.688694E+01  4.786397E+01 -8.701269E+00
  4.100000E-01  3.700007E+01  4.809860E+01 -8.730980E+00
  4.120000E-01  3.711279E+01  4.833323E+01 -8.760623E+00
  4.140000E-01  3.722510E+01  4.856785E+01 -8.790200E+00
  4.160000E-01  3.733701E+01  4.880248E+01 -8.819711E+00
  4.180000E-01  3.744851E+01  4.903711E+01 -8.849157E+00
  4.200000E-01  3.755961E+01  4.927173E+01 -8.878538E+00
  4.220000E-01  3.767032E+01  4.950636E+01 -8.907854E+00
  4.240000E-01  3.778063E+01  4.974099E+01 -8.937108E+00
  4.260000E-01  3.789054E+01  4.997562E+01 -8.966298E+00
  4.280000E-01  3.800006E+01  5.021024E+01 -8.995426E+00
  4.300000E-01  3.810920E+01  5.044487E+01 -9.024493E+00
  4.320000E-01  3.821794E+01  5.067950E+01 -9.053498E+00
  4.340000E-01  3.832630E+01  5.091413E+01 -9.082443E+00
  4.360000E-01  3.843428E+01  5.114875E+01 -9.111327E+00
  4.380000E-01  3.854188E+01  5.138338E+01 -9.140153E+00
  4.400000E-01  3.864910E+01  5.161801E+01 -9.168919E+00
  4.420000E-01  3.875594E+01  5.185264E+01 -9.197627E+00
  4.440000E-01  3.886240E+01  5.208726E+01 -9.226278E+00
  4.460000E-01  3.896849E+01  5.232189E+01 -9.254871E+00
  4.480000E-01  3.907421E+01  5.255652E+01 -9.283407E+00
  4.500000E-01  3.917956E+01  5.279114E+01 -9.311888E+00
  4.520000E-01  3.925964E+01  5.296279E+01 -9.359228E+00
  4.540000E-01  3.935215E+01  5.316654E+01 -9.396929E+00
  4.560000E-01  3.944356E+01  5.336825E+01 -9.435217E+00
  4.580000E-01  3.953410E+01  5.356848E+01 -9.473926E+00
  4.600000E-01  3.962391E+01  5.376757E+01 -9.512946E+00
  4.620000E-01  3.971310E+01  5.396580E+01 -9.552199E+00
  4.640000E-01  3.980175E+01  5.416335E+01 -9.591631E+00
  4.660000E-01  3.988991E+01  5.436034E+01 -9.631199E+00
  4.680000E-01  3.997762E+01  5.455689E+01 -9.670872E+00
  4.700000E-01  4.006493E+01  5.475307E+01 -9.710626E+00
  4.720000E-01  4.015186E+01  5.494895E+01 -9.750442E+00
  4.740000E-01  4.023842E+01  5.514458E+01 -9.790303E+00
  4.760000E-01  4.032465E+01  5.534001E+01 -9.830199E+00
  4.780000E-01  4.041055E+01  5.553526E+01 -9.870118E+00
  4.800000E-01  4.049613E+01  5.573037E+01 -9.910052E+00
  4.820000E-01  4.058142E+01  5.592536E+01 -9.949996E+00
  4.840000E-01  4.066641E+01  5.612024E+01 -9.989943E+00
  4.860000E-01  4.075111E+01  5.631503E+01 -1.002989E+01
  4.880000E-01  4.083554E+01  5.650976E+01 -1.006983E+01
  4.900000E-01  4.091970E+01  5.670442E+01 -1.010976E+01
  4.920000E-01  4.100358E+01  5.689903E+01 -1.014968E+01
  4.940000E-01  4.107829E+01  5.706123E+01 -1.016580E+01
  4.960000E-01  4.115646E+01  5.723669E+01 -1.019166E+01
  4.980000E-01  4.123374E+01  5.740965E+01 -1.021571E+01
  5.000000E-01  4.131024E+01  5.758049E+01 -1.023820E+01
  5.020000E-01  4.138602E+01  5.774945E+01 -1.025932E+01
  5.040000E-01  4.146116E+01  5.791673E+01 -1.027921E+01
  5.060000E-01  4.153569E+01  5.808248E+01 -1.029798E+01
  5.080000E-01  4.160966E+01  5.824682E+01 -1.031572E+01
  5.100000E-01  4.168309E+01  5.840986E+01 -1.033250E+01
  5.120000E-01  4.175602E+01  5.857169E+01 -1.034841E+01
  5.140000E-01  4.182846E+01  5.873238E+01 -1.036347E+01
  5.160000E-01  4.190044E+01  5.889200E+01 -1.037776E+01
  5.180000E-01  4.197197E+01  5.905061E+01 -1.039130E+01
  5.200000E-01  4.204308E+01  5.920826E+01 -1.040414E+01
  5.220000E-01  4.211377E+01  5.936500E+01 -1.041631E+01
  5.240000E-01  4.218407E+01  5.952087E+01 -1.042785E+01
  5.260000E-01  4.225398E+01  5.967590E+01 -1.043877E+01
  5.280000E-01  4.232351E+01  5.983014E+01 -1.044911E+01
  5.300000E-01  4.239268E+01  5.998361E+01 -1.045888E+01
  5.320000E-01  4.246150E+01  6.013635E+01 -1.046811E+01
  5.340000E-01  4.252997E+01  6.028838E+01 -1.047682E+01
  5.360000E-01  4.259810E+01  6.043973E+01 -1.048503E+01
  5.380000E-01  4.266590E+01  6.059042E+01 -1.049275E+01
  5.400000E-01  4.273338E+01  6.074047E+01 -1.050000E+01
  5.420000E-01  4.280054E+01  6.088991E+01 -1.050679E+01
  5.440000E-01  4.286739E+01  6.103875E+01 -1.051314E+01
  5.460000E-01  4.293394E+01  6.118701E+01 -1.051907E+01
  5.480000E-01  4.300020E+01  6.133470E+01 -1.052458E+01
  5.500000E-01  4.306616E+01  6.148186E+01 -1.052968E+01
  5.520000E-01  4.313184E+01  6.162849E+01 -1.053440E+01
  5.540000E-01  4.319723E+01  6.177460E+01 -1.053874E+01
  5.560000E-01  4.326235E+01  6.192022E+01 -1.054272E+01
  5.580000E-01  4.332720E+01  6.206536E+01 -1.054634E+01
  5.600000E-01  4.339179E+01  6.221004E+01 -1.054962E+01
  5.620000E-01  4.345611E+01  6.235426E+01 -1.055258E+01
  5.640000E-01  4.352018E+01  6.249805E+01 -1.055521E+01
  5.660000E-01  4.358400E+01  6.264141E+01 -1.055755E+01
  5.680000E-01  4.364757E+01  6.278437E+01 -1.055960E+01
  5.700000E-01  4.371090E+01  6.292695E+01 -1.056137E+01
  5.720000E-01  4.377399E+01  6.306915E+01 -1.056288E+01
  5.740000E-01  4.383685E+01  6.321100E+01 -1.056415E+01
  5.760000E-01  4.389949E+01  6.335252E+01 -1.056520E+01
  5.780000E-01  4.396190E+01  6.349372E+01 -1.056605E+01
  5.800000E-01  4.402410E+01  6.363462E+01 -1.056671E+01
  5.820000E-01  4.408609E+01  6.377526E+01 -1.056720E+01
  5.840000E-01  4.414788E+01  6.391565E+01 -1.056757E+01
  5.860000E-01  4.420947E+01  6.405583E+01 -1.056782E+01
  5.880000E-01  4.427088E+01  6.419581E+01 -1.056798E+01
  5.900000E-01  4.433210E+01  6.433563E+01 -1.056810E+01
  5.920000E-01  4.439316E+01  6.447532E+01 -1.056820E+01
  5.940000E-01  4.445404E+01  6.461491E+01 -1.056832E+01
  5.960000E-01  4.451478E+01  6.475445E+01 -1.056849E+01
  5.980000E-01  4.457537E+01  6.489397E+01 -1.056875E+01
  6.000000E-01  4.463582E+01  6.503351E+01 -1.056915E+01
  6.020000E-01  4.469615E+01  6.517311E+01 -1.056972E+01
  6.040000E-01  4.475636E+01  6.531281E+01 -1.057051E+01
  6.060000E-01  4.481647E+01  6.545266E+01 -1.057156E+01
  6.080000E-01  4.487648E+01  6.559269E+01 -1.057292E+01
  6.100000E-01  4.493641E+01  6.573295E+01 -1.057461E+01
  6.120000E-01  4.499626E+01  6.587348E+01 -1.057668E+01
  6.140000E-01  4.505605E+01  6.601431E+01 -1.057917E+01
  6.160000E-01  4.511578E+01  6.615548E+01 -1.058209E+01
  6.180000E-01  4.517547E+01  6.629701E+01 -1.058549E+01
  6.200000E-01  4.523510E+01  6.643893E+01 -1.058938E+01
  6.220000E-01  4.529471E+01  6.658127E+01 -1.059378E+01
  6.240000E-01  4.535428E+01  6.672403E+01 -1.059870E+01
  6.260000E-01  4.541382E+01  6.686725E+01 -1.060416E+01
  6.280000E-01  4.547334E+01  6.701092E+01 -1.061015E+01
  6.300000E-01  4.553283E+01  6.715506E+01 -1.061669E+01
  6.320000E-01  4.559231E+01  6.729968E+01 -1.062377E+01
  6.340000E-01  4.565177E+01  6.744478E+01 -1.063141E+01
  6.360000E-01  4.571122E+01  6.759040E+01 -1.063961E+01
  6.380000E-01  4.577067E+01  6.773655E+01 -1.064841E+01
  6.400000E-01  4.583013E+01  6.788332E+01 -1.065788E+01
  6.420000E-01  4.588966E+01  6.803094E+01 -1.066827E+01
  6.440000E-01  4.594905E+01  6.817852E+01 -1.067861E+01
  6.460000E-01  4.600832E+01  6.832608E+01 -1.068891E+01
  6.480000E-01  4.606746E+01  6.847361E+01 -1.069915E+01
  6.500000E-01  4.612647E+01  6.862111E+01 -1.070934E+01
  6.520000E-01  4.618535E+01  6.876858E+01 -1.071949E+01
  6.540000E-01  4.624411E+01  6.891603E+01 -1.072958E+01
  6.560000E-01  4.630274E+01  6.906344E+01 -1.073963E+01
  6.580000E-01  4.636124E+01  6.921084E+01 -1.074962E+01
  6.600000E-01  4.641962E+01  6.935821E+01 -1.075956E+01
  6.620000E-01  4.647943E+01  6.949989E+01 -1.076490E+01
  6.640000E-01  4.653810E+01  6.964528E+01 -1.077318E+01
  6.660000E-01  4.659669E+01  6.979047E+01 -1.078127E+01
  6.680000E-01  4.665522E+01  6.993548E+01 -1.078918E+01
  6.700000E-01  4.671366E+01  7.008033E+01 -1.079691E+01
  6.720000E-01  4.677203E+01  7.022501E+01 -1.080449E+01
  6.740000E-01  4.683032E+01  7.036955E+01 -1.081191E+01
  6.760000E-01  4.688853E+01  7.051395E+01 -1.081918E+01
  6.780000E-01  4.694665E+01  7.065821E+01 -1.082630E+01
  6.800000E-01  4.700470E+01  7.080235E+01 -1.083329E+01
  6.820000E-01  4.706265E+01  7.094637E+01 -1.084013E+01
  6.840000E-01  4.712053E+01  7.109028E+01 -1.084685E+01
  6.860000E-01  4.717831E+01  7.123408E+01 -1.085344E+01
  6.880000E-01  4.723602E+01  7.137777E+01 -1.085990E+01
  6.900000E-01  4.729363E+01  7.152136E+01 -1.086625E+01
  6.920000E-01  4.735116E+01  7.166486E+01 -1.087247E+01
  6.940000E-01  4.740861E+01  7.180826E+01 -1.087857E+01
  6.960000E-01  4.746596E+01  7.195157E+01 -1.088456E+01
  6.980000E-01  4.752324E+01  7.209480E+01 -1.089044E+01
  7.000000E-01  4.758042E+01  7.223795E+01 -1.089620E+01
  7.020000E-01  4.763752E+01  7.238101E+01 -1.090186E+01
  7.040000E-01  4.769453E+01  7.252400E+01 -1.090741E+01
  7.060000E-01  4.775145E+01  7.266692E+01 -1.091285E+01
  7.080000E-01  4.780829E+01  7.280976E+01 -1.091819E+01
  7.100000E-01  4.786504E+01  7.295254E+01 -1.092343E+01
  7.120000E-01  4.792170E+01  7.309524E+01 -1.092857E+01
  7.140000E-01  4.797827E+01  7.323789E+01 -1.093360E+01
  7.160000E-01  4.803476E+01  7.338047E+01 -1.093854E+01
  7.180000E-01  4.809116E+01  7.352299E+01 -1.094339E+01
  7.200000E-01  4.814748E+01  7.366545E+01 -1.094813E+01
  7.220000E-01  4.820371E+01  7.380785E+01 -1.095279E+01
  7.240000E-01  4.825985E+01  7.395021E+01 -1.095735E+01
  7.260000E-01  4.831590E+01  7.409250E+01 -1.096181E+01
  7.280000E-01  4.837187E+01  7.423475E+01 -1.096619E+01
  7.300000E-01  4.842776E+01  7.437695E+01 -1.097048E+01
  7.320000E-01  4.848355E+01  7.451910E+01 -1.097467E+01
  7.340000E-01  4.853926E+01  7.466121E+01 -1.097878E+01
  7.360000E-01  4.859489E+01  7.480327E+01 -1.098280E+01
  7.380000E-01  4.865042E+01  7.494529E+01 -1.098674E+01
  7.400000E-01  4.870588E+01  7.508727E+01 -1.099059E+01
  7.420000E-01  4.876124E+01  7.522920E+01 -1.099435E+01
  7.440000E-01  4.881653E+01  7.537110E+01 -1.099803E+01
  7.460000E-01  4.887172E+01  7.551297E+01 -1.100162E+01
  7.480000E-01  4.892683E+01  7.565479E+01 -1.100514E+01
  7.500000E-01  4.898186E+01  7.579658E+01 -1.100857E+01
  7.520000E-01  4.903680E+01  7.593834E+01 -1.101192E+01
  7.540000E-01  4.909166E+01  7.608007E+01 -1.101519E+01
  7.560000E-01  4.914643E+01  7.622177E+01 -1.101838E+01
  7.580000E-01  4.920112E+01  7.636343E+01 -1.102149E+01
  7.600000E-01  4.925572E+01  7.650507E+01 -1.102452E+01
  7.620000E-01  4.931024E+01  7.664668E+01 -1.102747E+01
  7.640000E-01  4.936468E+01  7.678827E+01 -1.103035E+01
  7.660000E-01  4.941903E+01  7.692983E+01 -1.103314E+01
  7.680000E-01  4.947330E+01  7.707136E+01 -1.103587E+01
  7.700000E-01  4.952748E+01  7.721288E+01 -1.103851E+01
  7.720000E-01  4.958158E+01  7.735437E+01 -1.104108E+01
  7.740000E-01  4.963560E+01  7.749584E+01 -1.104358E+01
  7.760000E-01  4.968954E+01  7.763729E+01 -1.104600E+01
  7.780000E-01  4.974339E+01  7.777872E+01 -1.104835E+01
  7.800000E-01  4.979716E+01  7.792013E+01 -1.105062E+01
  7.820000E-01  4.985085E+01  7.806153E+01 -1.105282E+01
  7.840000E-01  4.990446E+01  7.820290E+01 -1.105495E+01
  7.860000E-01  4.995798E+01  7.834427E+01 -1.105700E+01
  7.880000E-01  5.001143E+01  7.848562E+01 -1.105899E+01
  7.900000E-01  5.006479E+01  7.862695E+01 -1.106090E+01
  7.920000E-01  5.011807E+01  7.876827E+01 -1.106274E+01
  7.940000E-01  5.017126E+01  7.890958E+01 -1.106451E+01
  7.960000E-01  5.022438E+01  7.905088E+01 -1.106621E+01
  7.980000E-01  5.027742E+01  7.919217E+01 -1.106784E+01
  8.000000E-01  5.033037E+01  7.933344E+01 -1.106941E+01
  8.020000E-01  5.038325E+01  7.947471E+01 -1.107090E+01
  8.040000E-01  5.043604E+01  7.961597E+01 -1.107232E+01
  8.060000E-01  5.048876E+01  7.975723E+01 -1.107368E+01
  8.080000E-01  5.054139E+01  7.989847E+01 -1.107496E+01
  8.100000E-01  5.059395E+01  8.003971E+01 -1.107618E+01
  8.120000E-01  5.064642E+01  8.018094E+01 -1.107734E+01
  8.140000E-01  5.069882E+01  8.032217E+01 -1.107842E+01
  8.160000E-01  5.075113E+01  8.046340E+01 -1.107944E+01
  8.180000E-01  5.080337E+01  8.060462E+01 -1.108039E+01
  8.200000E-01  5.085552E+01  8.074584E+01 -1.108128E+01
  8.220000E-01  5.090760E+01  8.088706E+01 -1.108210E+01
  8.240000E-01  5.095960E+01  8.102827E+01 -1.108285E+01
  8.260000E-01  5.101153E+01  8.116948E+01 -1.108354E+01
  8.280000E-01  5.106337E+01  8.131070E+01 -1.108416E+01
  8.300000E-01  5.111513E+01  8.145191E+01 -1.108472E+01
  8.320000E-01  5.116682E+01  8.159313E+01 -1.108522E+01
  8.340000E-01  5.121843E+01  8.173434E+01 -1.108565E+01
  8.360000E-01  5.126996E+01  8.187556E+01 -1.108601E+01
  8.380000E-01  5.132142E+01  8.201678E+01 -1.108632E+01
  8.400000E-01  5.137279E+01  8.215801E+01 -1.108655E+01
  8.420000E-01  5.142409E+01  8.229923E+01 -1.108673E+01
  8.440000E-01  5.147532E+01  8.244046E+01 -1.108684E+01
  8.460000E-01  5.152646E+01  8.258170E+01 -1.108689E+01
  8.480000E-01  5.157753E+01  8.272294E+01 -1.108688E+01
  8.500000E-01  5.162853E+01  8.286419E+01 -1.108680E+01
  8.520000E-01  5.167944E+01  8.300545E+01 -1.108666E+01
  8.540000E-01  5.173029E+01  8.314671E+01 -1.108646E+01
  8.560000E-01  5.178105E+01  8.328797E+01 -1.108620E+01
  8.580000E-01  5.183174E+01  8.342925E+01 -1.108588E+01
  8.600000E-01  5.188236E+01  8.357054E+01 -1.108549E+01
  8.620000E-01  5.193289E+01  8.371183E+01 -1.108505E+01
  8.640000E-01  5.198336E+01  8.385313E+01 -1.108454E+01
  8.660000E-01  5.203375E+01  8.399444E+01 -1.108397E+01
  8.680000E-01  5.208406E+01  8.413577E+01 -1.108334E+01
  8.700000E-01  5.213430E+01  8.427710E+01 -1.108265E+01
  8.720000E-01  5.218446E+01  8.441844E+01 -1.108190E+01
  8.740000E-01  5.223456E+01  8.455980E+01 -1.108109E+01
  8.760000E-01  5.228457E+01  8.470117E+01 -1.108022E+01
  8.780000E-01  5.233451E+01  8.484255E+01 -1.107929E+01
  8.800000E-01  5.238438E+01  8.498394E+01 -1.107830E+01
  8.820000E-01  5.243418E+01  8.512535E+01 -1.107726E+01
  8.840000E-01  5.248390E+01  8.526677E+01 -1.107615E+01
  8.860000E-01  5.253355E+01  8.540821E+01 -1.107498E+01
  8.880000E-01  5.258312E+01  8.554966E+01 -1.107375E+01
  8.900000E-01  5.263262E+01  8.569112E+01 -1.107247E+01
  8.920000E-01  5.268205E+01  8.583260E+01 -1.107112E+01
  8.940000E-01  5.273141E+01  8.597410E+01 -1.106972E+01
  8.960000E-01  5.278069E+01  8.611561E+01 -1.106826E+01
  8.980000E-01  5.282990E+01  8.625714E+01 -1.106674E+01
  9.000000E-01  5.287904E+01  8.639868E+01 -1.106516E+01
  9.020000E-01  5.292811E+01  8.654025E+01 -1.106352E+01
  9.040000E-01  5.297710E+01  8.668183E+01 -1.106183E+01
  9.060000E-01  5.302603E+01  8.682343E+01 -1.106007E+01
  9.080000E-01  5.307488E+01  8.696505E+01 -1.105826E+01
  9.100000E-01  5.312366E+01  8.710669E+01 -1.105639E+01
  9.120000E-01  5.317237E+01  8.724834E+01 -1.105447E+01
  9.140000E-01  5.322101E+01  8.739002E+01 -1.105248E+01
  9.160000E-01  5.326958E+01  8.753172E+01 -1.105044E+01
  9.180000E-01  5.331808E+01  8.767343E+01 -1.104834E+01
  9.200000E-01  5.336650E+01  8.781517E+01 -1.104619E+01
  9.220000E-01  5.341486E+01  8.795693E+01 -1.104397E+01
  9.240000E-01  5.346315E+01  8.809872E+01 -1.104170E+01
  9.260000E-01  5.351136E+01  8.824052E+01 -1.103937E+01
  9.280000E-01  5.355951E+01  8.838235E+01 -1.103699E+01
  9.300000E-01  5.360759E+01  8.852420E+01 -1.103455E+01
  9.320000E-01  5.365560E+01  8.866607E+01 -1.103205E+01
  9.340000E-01  5.370353E+01  8.880797E+01 -1.102949E+01
  9.360000E-01  5.375140E+01  8.894989E+01 -1.102688E+01
  9.380000E-01  5.379920E+01  8.909184E+01 -1.102421E+01
  9.400000E-01  5.384694E+01  8.923381E+01 -1.102148E+01
  9.420000E-01  5.389460E+01  8.937580E+01 -1.101870E+01
  9.440000E-01  5.394219E+01  8.951782E+01 -1.101586E+01
  9.460000E-01  5.398972E+01  8.965987E+01 -1.101296E+01
  9.480000E-01  5.403718E+01  8.980195E+01 -1.101001E+01
  9.500000E-01  5.408457E+01  8.994405E+01 -1.100700E+01
  9.520000E-01  5.413189E+01  9.008618E+01 -1.100393E+01
  9.540000E-01  5.417915E+01  9.022834E+01 -1.100081E+01
  9.560000E-01  5.422634E+01  9.037052E+01 -1.099763E+01
  9.580000E-01  5.427346E+01  9.051274E+01 -1.099439E+01
  9.600000E-01  5.432051E+01  9.065498E+01 -1.099109E+01
  9.620000E-01  5.436750E+01  9.079726E+01 -1.098774E+01
  9.640000E-01  5.441442E+01  9.093957E+01 -1.098433E+01
  9.660000E-01  5.446128E+01  9.108190E+01 -1.098087E+01
  9.680000E-01  5.450807E+01  9.122427E+01 -1.097734E+01
  9.700000E-01  5.455479E+01  9.136667E+01 -1.097376E+01
  9.720000E-01  5.460145E+01  9.150911E+01 -1.097012E+01
  9.740000E-01  5.464805E+01  9.165157E+01 -1.096643E+01
  9.760000E-01  5.469457E+01  9.179407E+01 -1.096267E+01
  9.780000E-01  5.474104E+01  9.193661E+01 -1.095886E+01
  9.800000E-01  5.478744E+01  9.207918E+01 -1.095499E+01
  9.820000E-01  5.483377E+01  9.222179E+01 -1.095106E+01
  9.840000E-01  5.487551E+01  9.234838E+01 -1.093493E+01
  9.860000E-01  5.491780E+01  9.247714E+01 -1.092035E+01
  9.880000E-01  5.495943E+01  9.260375E+01 -1.090408E+01
  9.900000E-01  5.500051E+01  9.272866E+01 -1.088644E+01
  9.920000E-01  5.504114E+01  9.285215E+01 -1.086764E+01
  9.940000E-01  5.508136E+01  9.297440E+01 -1.084782E+01
  9.960000E-01  5.512122E+01  9.309558E+01 -1.082711E+01
  9.980000E-01  5.516076E+01  9.321579E+01 -1.080559E+01
  1.000000E+00  5.520000E+01  9.333514E+01 -1.078333E+01
  1.002000E+00  5.523896E+01  9.345371E+01 -1.076038E+01
  1.004000E+00  5.527767E+01  9.357155E+01 -1.073681E+01
  1.006000E+00  5.531614E+01  9.368873E+01 -1.071264E+01
  1.008000E+00  5.535439E+01  9.380531E+01 -1.068791E+01
  1.010000E+00  5.539243E+01  9.392132E+01 -1.066266E+01
  1.012000E+00  5.543027E+01  9.403681E+01 -1.063690E+01
  1.014000E+00  5.546793E+01  9.415183E+01 -1.061065E+01
  1.016000E+00  5.550541E+01  9.426641E+01 -1.058394E+01
  1.018000E+00  5.554274E+01  9.438064E+01 -1.055673E+01
  1.020000E+00  5.557993E+01  9.449452E+01 -1.052906E+01
  1.022000E+00  5.561694E+01  9.460796E+01 -1.050104E+01
  1.024000E+00  5.565378E+01  9.472097E+01 -1.047267E+01
  1.026000E+00  5.569047E+01  9.483359E+01 -1.044397E+01
  1.028000E+00  5.572701E+01  9.494582E+01 -1.041496E+01
  1.030000E+00  5.576339E+01  9.505768E+01 -1.038564E+01
  1.032000E+00  5.579963E+01  9.516919E+01 -1.035603E+01
  1.034000E+00  5.583573E+01  9.528035E+01 -1.032614E+01
  1.036000E+00  5.587170E+01  9.539119E+01 -1.029598E+01
  1.038000E+00  5.590753E+01  9.550172E+01 -1.026556E+01
  1.040000E+00  5.594323E+01  9.561193E+01 -1.023488E+01
  1.042000E+00  5.597881E+01  9.572186E+01 -1.020395E+01
  1.044000E+00  5.601426E+01  9.583150E+01 -1.017279E+01
  1.046000E+00  5.604959E+01  9.594086E+01 -1.014139E+01
  1.048000E+00  5.608481E+01  9.604996E+01 -1.010977E+01
  1.050000E+00  5.611991E+01  9.615880E+01 -1.007793E+01
  1.052000E+00  5.615490E+01  9.626738E+01 -1.004588E+01
  1.054000E+00  5.618977E+01  9.637573E+01 -1.001362E+01
  1.056000E+00  5.622454E+01  9.648384E+01 -9.981154E+00
  1.058000E+00  5.625921E+01  9.659172E+01 -9.948495E+00
  1.060000E+00  5.629377E+01  9.669937E+01 -9.915643E+00
  1.062000E+00  5.632823E+01  9.680681E+01 -9.882605E+00
  1.064000E+00  5.636259E+01  9.691404E+01 -9.849384E+00
  1.066000E+00  5.639685E+01  9.702106E+01 -9.815984E+00
  1.068000E+00  5.643101E+01  9.712788E+01 -9.782409E+00
  1.070000E+00  5.646508E+01  9.723451E+01 -9.748663E+00
  1.072000E+00  5.649905E+01  9.734094E+01 -9.714750E+00
  1.074000E+00  5.653294E+01  9.744718E+01 -9.680674E+00
  1.076000E+00  5.656673E+01  9.755325E+01 -9.646437E+00
  1.078000E+00  5.660043E+01  9.765913E+01 -9.612043E+00
  1.080000E+00  5.663405E+01  9.776484E+01 -9.577494E+00
  1.082000E+00  5.666758E+01  9.787038E+01 -9.542795E+00
  1.084000E+00  5.670102E+01  9.797575E+01 -9.507948E+00
  1.086000E+00  5.673438E+01  9.808096E+01 -9.472955E+00
  1.088000E+00  5.676765E+01  9.818601E+01 -9.437819E+00
  1.090000E+00  5.680085E+01  9.829090E+01 -9.402543E+00
  1.092000E+00  5.683396E+01  9.839564E+01 -9.367130E+00
  1.094000E+00  5.686699E+01  9.850023E+01 -9.331581E+00
  1.096000E+00  5.689994E+01  9.860467E+01 -9.295899E+00
  1.098000E+00  5.693282E+01  9.870897E+01 -9.260086E+00
  1.100000E+00  5.696562E+01  9.881312E+01 -9.224145E+00
  1.102000E+00  5.699834E+01  9.891714E+01 -9.188077E+00
  1.104000E+00  5.703098E+01  9.902101E+01 -9.151884E+00
  1.106000E+00  5.706355E+01  9.912476E+01 -9.115569E+00
  1.108000E+00  5.709605E+01  9.922837E+01 -9.079133E+00
  1.110000E+00  5.712848E+01  9.933185E+01 -9.042578E+00
  1.112000E+00  5.716083E+01  9.943520E+01 -9.005906E+00
  1.114000E+00  5.719311E+01  9.953843E+01 -8.969118E+00
  1.116000E+00  5.722532E+01  9.964153E+01 -8.932217E+00
  1.118000E+00  5.725746E+01  9.974452E+01 -8.895204E+00
  1.120000E+00  5.728953E+01  9.984738E+01 -8.858080E+00
  1.122000E+00  5.732153E+01  9.995013E+01 -8.820847E+00
  1.124000E+00  5.735347E+01  1.000528E+02 -8.783506E+00
  1.126000E+00  5.738533E+01  1.001553E+02 -8.746060E+00
  1.128000E+00  5.741713E+01  1.002577E+02 -8.708508E+00
  1.130000E+00  5.744887E+01  1.003600E+02 -8.670854E+00
  1.132000E+00  5.748054E+01  1.004622E+02 -8.633097E+00
  1.134000E+00  5.751214E+01  1.005642E+02 -8.595240E+00
  1.136000E+00  5.754368E+01  1.006662E+02 -8.557283E+00
  1.138000E+00  5.757515E+01  1.007681E+02 -8.519228E+00
  1.140000E+00  5.760657E+01  1.008698E+02 -8.481076E+00
  1.142000E+00  5.763791E+01  1.009715E+02 -8.442829E+00
  1.144000E+00  5.766920E+01  1.010731E+02 -8.404487E+00
  1.146000E+00  5.770042E+01  1.011745E+02 -8.366051E+00
  1.148000E+00  5.773159E+01  1.012759E+02 -8.327522E+00
  1.150000E+00  5.776269E+01  1.013772E+02 -8.288903E+00
  1.152000E+00  5.779373E+01  1.014783E+02 -8.250193E+00
  1.154000E+00  5.782471E+01  1.015794E+02 -8.211393E+00
  1.156000E+00  5.785564E+01  1.016804E+02 -8.172506E+00
  1.158000E+00  5.788650E+01  1.017813E+02 -8.133531E+00
  1.160000E+00  5.791731E+01  1.018821E+02 -8.094469E+00
  1.162000E+00  5.794805E+01  1.019829E+02 -8.055322E+00
  1.164000E+00  5.797874E+01  1.020835E+02 -8.016091E+00
  1.166000E+00  5.800937E+01  1.021840E+02 -7.976776E+00
  1.168000E+00  5.803995E+01  1.022845E+02 -7.937378E+00
  1.170000E+00  5.807046E+01  1.023849E+02 -7.897898E+00
  1.172000E+00  5.810093E+01  1.024852E+02 -7.858336E+00
  1.174000E+00  5.813133E+01  1.025854E+02 -7.818695E+00
  1.176000E+00  5.816168E+01  1.026855E+02 -7.778974E+00
  1.178000E+00  5.819198E+01  1.027855E+02 -7.739175E+00
  1.180000E+00  5.822222E+01  1.028855E+02 -7.699297E+00
  1.182000E+00  5.825240E+01  1.029854E+02 -7.659343E+00
  1.184000E+00  5.828254E+01  1.030852E+02 -7.619311E+00
  1.186000E+00  5.831261E+01  1.031849E+02 -7.579205E+00
  1.188000E+00  5.834264E+01  1.032846E+02 -7.539023E+00
  1.190000E+00  5.837261E+01  1.033842E+02 -7.498767E+00
  1.192000E+00  5.840253E+01  1.034837E+02 -7.458437E+00
  1.194000E+00  5.843240E+01  1.035831E+02 -7.418034E+00
  1.196000E+00  5.846221E+01  1.036825E+02 -7.377559E+00
  1.198000E+00  5.849197E+01  1.037817E+02 -7.337013E+00
  1.200000E+00  5.852168E+01  1.038809E+02 -7.296395E+00
