  1.600000E-03  8.569138E-04  1.504083E+00  1.051689E+00  1.000000E-02  9.366568E+02  9.975046E-01  9.405870E+02
  3.200000E-03  2.191029E-03  3.009519E+00  1.474642E+00  2.000000E-02  9.343333E+02  9.950302E-01  9.411590E+02
  4.800000E-03  3.678424E-03  4.515692E+00  1.769117E+00  3.000000E-02  9.320283E+02  9.925754E-01  9.415351E+02
  6.400000E-03  5.231560E-03  6.022381E+00  1.997090E+00  4.000000E-02  9.297411E+02  9.901396E-01  9.418141E+02
  8.000000E-03  6.818787E-03  7.529468E+00  2.183464E+00  5.000000E-02  9.274713E+02  9.877223E-01  9.420354E+02
  9.600000E-03  8.432825E-03  9.036876E+00  2.341266E+00  6.000000E-02  9.252185E+02  9.853232E-01  9.422193E+02
  1.120000E-02  1.007952E-02  1.054456E+01  2.478330E+00  7.000000E-02  9.229824E+02  9.829419E-01  9.423779E+02
  1.280000E-02  1.177272E-02  1.205248E+01  2.599802E+00  8.000000E-02  9.207628E+02  9.805781E-01  9.425192E+02
  1.440000E-02  1.353152E-02  1.356061E+01  2.709274E+00  9.000000E-02  9.185595E+02  9.782316E-01  9.426487E+02
  1.600000E-02  1.537872E-02  1.506895E+01  2.809374E+00  1.000000E-01  9.163721E+02  9.759021E-01  9.427703E+02
  1.760000E-02  1.733983E-02  1.657748E+01  2.902087E+00  1.100000E-01  9.142006E+02  9.735895E-01  9.428872E+02
  1.920000E-02  1.944241E-02  1.808619E+01  2.988960E+00  1.200000E-01  9.120447E+02  9.712936E-01  9.430016E+02
  2.080000E-02  2.171563E-02  1.959508E+01  3.071225E+00  1.300000E-01  9.099042E+02  9.690141E-01  9.431153E+02
  2.240000E-02  2.418995E-02  2.110416E+01  3.149880E+00  1.400000E-01  9.077790E+02  9.667508E-01  9.432300E+02
  2.400000E-02  2.689690E-02  2.261342E+01  3.225747E+00  1.500000E-01  9.056688E+02  9.645036E-01  9.433467E+02
  2.560000E-02  2.986887E-02  2.412287E+01  3.299517E+00  1.600000E-01  9.035736E+02  9.622722E-01  9.434667E+02
  2.720000E-02  3.313902E-02  2.563251E+01  3.371770E+00  1.700000E-01  9.014932E+02  9.600566E-01  9.435907E+02
  2.880000E-02  3.674116E-02  2.714236E+01  3.443005E+00  1.800000E-01  8.994273E+02  9.578565E-01  9.437195E+02
  3.040000E-02  4.070962E-02  2.865241E+01  3.513652E+00  1.900000E-01  8.973759E+02  9.556719E-01  9.438537E+02
  3.200000E-02  4.507925E-02  3.016269E+01  3.584083E+00  2.000000E-01  8.953388E+02  9.535024E-01  9.439939E+02
  3.360000E-02  4.988530E-02  3.167319E+01  3.654627E+00  2.100000E-01  8.933158E+02  9.513481E-01  9.441406E+02
  3.520000E-02  5.516342E-02  3.318394E+01  3.725572E+00  2.200000E-01  8.913069E+02  9.492086E-01  9.442942E+02
  3.680000E-02  6.094959E-02  3.469494E+01  3.797175E+00  2.300000E-01  8.893119E+02  9.470840E-01  9.444551E+02
  3.840000E-02  6.728008E-02  3.620619E+01  3.869665E+00  2.400000E-01  8.873306E+02  9.449740E-01  9.446237E+02
  4.000000E-02  7.419145E-02  3.771773E+01  3.943247E+00  2.500000E-01  8.853629E+02  9.428785E-01  9.448002E+02
  4.160000E-02  8.172047E-02  3.922955E+01  4.018106E+00  2.600000E-01  8.834087E+02  9.407973E-01  9.449849E+02
  4.320000E-02  8.990418E-02  4.074168E+01  4.094410E+00  2.700000E-01  8.814678E+02  9.387304E-01  9.451782E+02
  4.480000E-02  9.877975E-02  4.225412E+01  4.172311E+00  2.800000E-01  8.795402E+02  9.366775E-01  9.453801E+02
  4.640000E-02  1.083846E-01  4.376689E+01  4.251948E+00  2.900000E-01  8.776256E+02  9.346386E-01  9.455910E+02
  4.800000E-02  1.187562E-01  4.528000E+01  4.333446E+00  3.000000E-01  8.757241E+02  9.326135E-01  9.458110E+02
  4.960000E-02  1.299322E-01  4.679348E+01  4.416924E+00  3.100000E-01  8.738354E+02  9.306021E-01  9.460403E+02
  5.120000E-02  1.419506E-01  4.830733E+01  4.502487E+00  3.200000E-01  8.719594E+02  9.286043E-01  9.462791E+02
  5.280000E-02  1.548490E-01  4.982156E+01  4.590235E+00  3.300000E-01  8.700961E+02  9.266199E-01  9.465274E+02
  5.440000E-02  1.686657E-01  5.133620E+01  4.680259E+00  3.400000E-01  8.682452E+02  9.246488E-01  9.467855E+02
  5.600000E-02  1.834385E-01  5.285127E+01  4.772643E+00  3.500000E-01  8.664068E+02  9.226909E-01  9.470534E+02
  5.760000E-02  1.992058E-01  5.436676E+01  4.867466E+00  3.600000E-01  8.645806E+02  9.207461E-01  9.473313E+02
  5.920000E-02  2.160057E-01  5.588272E+01  4.964802E+00  3.700000E-01  8.627666E+02  9.188143E-01  9.476194E+02
  6.080000E-02  2.338765E-01  5.739913E+01  5.064718E+00  3.800000E-01  8.609647E+02  9.168953E-01  9.479175E+02
  6.240000E-02  2.528565E-01  5.891604E+01  5.167278E+00  3.900000E-01  8.591747E+02  9.149890E-01  9.482260E+02
  6.400000E-02  2.729840E-01  6.043344E+01  5.272541E+00  4.000000E-01  8.573965E+02  9.130954E-01  9.485449E+02
  6.560000E-02  2.942974E-01  6.195136E+01  5.380564E+00  4.100000E-01  8.556301E+02  9.112142E-01  9.488742E+02
  6.720000E-02  3.168350E-01  6.346982E+01  5.491399E+00  4.200000E-01  8.538754E+02  9.093454E-01  9.492140E+02
  6.880000E-02  3.406353E-01  6.498883E+01  5.605095E+00  4.300000E-01  8.521321E+02  9.074890E-01  9.495644E+02
  7.040000E-02  3.657366E-01  6.650841E+01  5.721698E+00  4.400000E-01  8.504003E+02  9.056446E-01  9.499255E+02
  7.200000E-02  3.921772E-01  6.802857E+01  5.841251E+00  4.500000E-01  8.486798E+02  9.038124E-01  9.502972E+02
  7.360000E-02  4.199955E-01  6.954933E+01  5.963796E+00  4.600000E-01  8.469706E+02  9.019921E-01  9.506798E+02
  7.520000E-02  4.492298E-01  7.107072E+01  6.089370E+00  4.700000E-01  8.452725E+02  9.001837E-01  9.510732E+02
  7.680000E-02  4.799184E-01  7.259274E+01  6.218012E+00  4.800000E-01  8.435854E+02  8.983870E-01  9.514774E+02
  7.840000E-02  5.120995E-01  7.411542E+01  6.349754E+00  4.900000E-01  8.419092E+02  8.966020E-01  9.518926E+02
  8.000000E-02  5.458113E-01  7.563877E+01  6.484630E+00  5.000000E-01  8.402439E+02  8.948285E-01  9.523187E+02
  8.160000E-02  5.810920E-01  7.716281E+01  6.622669E+00  5.100000E-01  8.385894E+02  8.930664E-01  9.527558E+02
  8.320000E-02  6.179795E-01  7.868755E+01  6.763903E+00  5.200000E-01  8.369455E+02  8.913158E-01  9.532040E+02
  8.480000E-02  6.565121E-01  8.021303E+01  6.908357E+00  5.300000E-01  8.353122E+02  8.895763E-01  9.536632E+02
  8.640000E-02  6.967275E-01  8.173924E+01  7.056058E+00  5.400000E-01  8.336894E+02  8.878481E-01  9.541335E+02
  8.800000E-02  7.386637E-01  8.326622E+01  7.207031E+00  5.500000E-01  8.320769E+02  8.861309E-01  9.546150E+02
  8.960000E-02  7.823585E-01  8.479397E+01  7.361298E+00  5.600000E-01  8.304747E+02  8.844247E-01  9.551076E+02
  9.120000E-02  8.278495E-01  8.632252E+01  7.518883E+00  5.700000E-01  8.288828E+02  8.827293E-01  9.556113E+02
  9.280000E-02  8.751744E-01  8.785188E+01  7.679807E+00  5.800000E-01  8.273010E+02  8.810447E-01  9.561263E+02
  9.440000E-02  9.243707E-01  8.938208E+01  7.844089E+00  5.900000E-01  8.257292E+02  8.793708E-01  9.566524E+02
  9.600000E-02  9.754758E-01  9.091313E+01  8.011747E+00  6.000000E-01  8.241674E+02  8.777076E-01  9.571898E+02
  9.760000E-02  1.028527E+00  9.244504E+01  8.182801E+00  6.100000E-01  8.226154E+02  8.760548E-01  9.577384E+02
  9.920000E-02  1.083562E+00  9.397784E+01  8.357267E+00  6.200000E-01  8.210733E+02  8.744124E-01  9.582983E+02
  1.008000E-01  1.140617E+00  9.551154E+01  8.535161E+00  6.300000E-01  8.195408E+02  8.727804E-01  9.588694E+02
  1.024000E-01  1.199730E+00  9.704617E+01  8.716499E+00  6.400000E-01  8.180180E+02  8.711587E-01  9.594518E+02
  1.040000E-01  1.260936E+00  9.858173E+01  8.901294E+00  6.500000E-01  8.165047E+02  8.695471E-01  9.600455E+02
  1.056000E-01  1.324274E+00  1.001183E+02  9.089562E+00  6.600000E-01  8.150009E+02  8.679456E-01  9.606505E+02
  1.072000E-01  1.389780E+00  1.016558E+02  9.281313E+00  6.700000E-01  8.135065E+02  8.663541E-01  9.612668E+02
  1.088000E-01  1.457490E+00  1.031942E+02  9.476561E+00  6.800000E-01  8.120213E+02  8.647725E-01  9.618944E+02
  1.104000E-01  1.527440E+00  1.047338E+02  9.675318E+00  6.900000E-01  8.105454E+02  8.632007E-01  9.625332E+02
  1.120000E-01  1.599667E+00  1.062743E+02  9.877594E+00  7.000000E-01  8.090787E+02  8.616387E-01  9.631834E+02
  1.136000E-01  1.674207E+00  1.078159E+02  1.008340E+01  7.100000E-01  8.076210E+02  8.600863E-01  9.638448E+02
  1.152000E-01  1.751095E+00  1.093585E+02  1.029274E+01  7.200000E-01  8.061724E+02  8.585435E-01  9.645176E+02
  1.168000E-01  1.830368E+00  1.109023E+02  1.050564E+01  7.300000E-01  8.047327E+02  8.570103E-01  9.652016E+02
  1.184000E-01  1.912062E+00  1.124471E+02  1.072209E+01  7.400000E-01  8.033018E+02  8.554865E-01  9.658970E+02
  1.200000E-01  1.996210E+00  1.139931E+02  1.094211E+01  7.500000E-01  8.018797E+02  8.539720E-01  9.666036E+02
  1.216000E-01  2.082850E+00  1.155401E+02  1.116569E+01  7.600000E-01  8.004663E+02  8.524668E-01  9.673215E+02
  1.232000E-01  2.172016E+00  1.170884E+02  1.139286E+01  7.700000E-01  7.990616E+02  8.509708E-01  9.680507E+02
  1.248000E-01  2.263743E+00  1.186378E+02  1.162362E+01  7.800000E-01  7.976654E+02  8.494840E-01  9.687911E+02
  1.264000E-01  2.358066E+00  1.201884E+02  1.185797E+01  7.900000E-01  7.962778E+02  8.480062E-01  9.695428E+02
  1.280000E-01  2.455020E+00  1.217403E+02  1.209591E+01  8.000000E-01  7.948986E+02  8.465373E-01  9.703057E+02
  1.296000E-01  2.554638E+00  1.232933E+02  1.233746E+01  8.100000E-01  7.935277E+02  8.450774E-01  9.710798E+02
  1.312000E-01  2.656957E+00  1.248476E+02  1.258262E+01  8.200000E-01  7.921651E+02  8.436263E-01  9.718652E+02
  1.328000E-01  2.762009E+00  1.264032E+02  1.283140E+01  8.300000E-01  7.908108E+02  8.421840E-01  9.726618E+02
  1.344000E-01  2.869829E+00  1.279601E+02  1.308379E+01  8.400000E-01  7.894646E+02  8.407504E-01  9.734695E+02
  1.360000E-01  2.980450E+00  1.295182E+02  1.333980E+01  8.500000E-01  7.881266E+02  8.393254E-01  9.742885E+02
  1.376000E-01  3.093907E+00  1.310777E+02  1.359944E+01  8.600000E-01  7.867965E+02  8.379090E-01  9.751186E+02
  1.392000E-01  3.210232E+00  1.326385E+02  1.386270E+01  8.700000E-01  7.854744E+02  8.365010E-01  9.759598E+02
  1.408000E-01  3.329459E+00  1.342006E+02  1.412960E+01  8.800000E-01  7.841603E+02  8.351014E-01  9.768122E+02
  1.424000E-01  3.451622E+00  1.357642E+02  1.440013E+01  8.900000E-01  7.828539E+02  8.337103E-01  9.776756E+02
  1.440000E-01  3.576752E+00  1.373291E+02  1.467430E+01  9.000000E-01  7.815554E+02  8.323273E-01  9.785502E+02
  1.456000E-01  3.704883E+00  1.388954E+02  1.495210E+01  9.100000E-01  7.802645E+02  8.309526E-01  9.794358E+02
  1.472000E-01  3.836048E+00  1.404632E+02  1.523354E+01  9.200000E-01  7.789813E+02  8.295861E-01  9.803325E+02
  1.488000E-01  3.970278E+00  1.420324E+02  1.551862E+01  9.300000E-01  7.777058E+02  8.282276E-01  9.812403E+02
  1.504000E-01  4.107606E+00  1.436030E+02  1.580735E+01  9.400000E-01  7.764377E+02  8.268772E-01  9.821590E+02
  1.520000E-01  4.248064E+00  1.451752E+02  1.609971E+01  9.500000E-01  7.751771E+02  8.255347E-01  9.830887E+02
  1.536000E-01  4.391684E+00  1.467488E+02  1.639572E+01  9.600000E-01  7.739240E+02  8.242002E-01  9.840294E+02
  1.552000E-01  4.538498E+00  1.483239E+02  1.669537E+01  9.700000E-01  7.726781E+02  8.228734E-01  9.849811E+02
  1.568000E-01  4.688536E+00  1.499006E+02  1.699867E+01  9.800000E-01  7.714396E+02  8.215545E-01  9.859436E+02
  1.584000E-01  4.841830E+00  1.514788E+02  1.730561E+01  9.900000E-01  7.702084E+02  8.202432E-01  9.869171E+02
  1.600000E-01  4.998411E+00  1.530586E+02  1.761618E+01  1.000000E+00  7.689843E+02  8.189396E-01  9.879014E+02
  1.616000E-01  5.158309E+00  1.546400E+02  1.793041E+01  1.010000E+00  7.677673E+02  8.176436E-01  9.888966E+02
  1.632000E-01  5.321557E+00  1.562229E+02  1.824827E+01  1.020000E+00  7.665574E+02  8.163551E-01  9.899026E+02
  1.648000E-01  5.488183E+00  1.578075E+02  1.856977E+01  1.030000E+00  7.653546E+02  8.150741E-01  9.909195E+02
  1.664000E-01  5.658219E+00  1.593937E+02  1.889491E+01  1.040000E+00  7.641586E+02  8.138005E-01  9.919470E+02
  1.680000E-01  5.831694E+00  1.609816E+02  1.922369E+01  1.050000E+00  7.629696E+02  8.125342E-01  9.929854E+02
  1.696000E-01  6.008638E+00  1.625711E+02  1.955610E+01  1.060000E+00  7.617875E+02  8.112753E-01  9.940344E+02
  1.712000E-01  6.189081E+00  1.641623E+02  1.989214E+01  1.070000E+00  7.606121E+02  8.100236E-01  9.950942E+02
  1.728000E-01  6.373052E+00  1.657553E+02  2.023182E+01  1.080000E+00  7.594436E+02  8.087791E-01  9.961646E+02
  1.744000E-01  6.560580E+00  1.673499E+02  2.057513E+01  1.090000E+00  7.582816E+02  8.075417E-01  9.972456E+02
  1.760000E-01  6.751695E+00  1.689463E+02  2.092206E+01  1.100000E+00  7.571264E+02  8.063114E-01  9.983373E+02
  1.776000E-01  6.946426E+00  1.705444E+02  2.127262E+01  1.110000E+00  7.559777E+02  8.050881E-01  9.994395E+02
  1.792000E-01  7.144800E+00  1.721443E+02  2.162679E+01  1.120000E+00  7.548356E+02  8.038718E-01  1.000552E+03
  1.808000E-01  7.346847E+00  1.737460E+02  2.198459E+01  1.130000E+00  7.537000E+02  8.026624E-01  1.001676E+03
  1.824000E-01  7.552595E+00  1.753495E+02  2.234600E+01  1.140000E+00  7.525708E+02  8.014598E-01  1.002809E+03
  1.840000E-01  7.762071E+00  1.769548E+02  2.271102E+01  1.150000E+00  7.514480E+02  8.002641E-01  1.003954E+03
  1.856000E-01  7.975304E+00  1.785620E+02  2.307965E+01  1.160000E+00  7.503315E+02  7.990751E-01  1.005108E+03
  1.872000E-01  8.192322E+00  1.801710E+02  2.345189E+01  1.170000E+00  7.492214E+02  7.978928E-01  1.006273E+03
  1.888000E-01  8.413151E+00  1.817819E+02  2.382773E+01  1.180000E+00  7.481174E+02  7.967172E-01  1.007449E+03
  1.904000E-01  8.637819E+00  1.833946E+02  2.420716E+01  1.190000E+00  7.470197E+02  7.955482E-01  1.008635E+03
  1.920000E-01  8.866352E+00  1.850093E+02  2.459019E+01  1.200000E+00  7.459282E+02  7.943857E-01  1.009831E+03
  1.936000E-01  9.098779E+00  1.866259E+02  2.497681E+01  1.210000E+00  7.448427E+02  7.932297E-01  1.011037E+03
  1.952000E-01  9.335125E+00  1.882444E+02  2.536701E+01  1.220000E+00  7.437633E+02  7.920802E-01  1.012254E+03
  1.968000E-01  9.575417E+00  1.898649E+02  2.576080E+01  1.230000E+00  7.426899E+02  7.909371E-01  1.013481E+03
  1.984000E-01  9.819681E+00  1.914874E+02  2.615816E+01  1.240000E+00  7.416225E+02  7.898003E-01  1.014717E+03
  2.000000E-01  1.006794E+01  1.931118E+02  2.655909E+01  1.250000E+00  7.405610E+02  7.886699E-01  1.015965E+03
  2.016000E-01  1.032023E+01  1.947383E+02  2.696359E+01  1.260000E+00  7.395054E+02  7.875457E-01  1.017222E+03
  2.032000E-01  1.057656E+01  1.963667E+02  2.737166E+01  1.270000E+00  7.384556E+02  7.864277E-01  1.018489E+03
  2.048000E-01  1.083697E+01  1.979972E+02  2.778328E+01  1.280000E+00  7.374116E+02  7.853159E-01  1.019767E+03
  2.064000E-01  1.110149E+01  1.996298E+02  2.819845E+01  1.290000E+00  7.363734E+02  7.842102E-01  1.021054E+03
  2.080000E-01  1.137012E+01  2.012644E+02  2.861717E+01  1.300000E+00  7.353408E+02  7.831106E-01  1.022351E+03
  2.096000E-01  1.164291E+01  2.029011E+02  2.903943E+01  1.310000E+00  7.343139E+02  7.820170E-01  1.023658E+03
  2.112000E-01  1.191987E+01  2.045399E+02  2.946523E+01  1.320000E+00  7.332927E+02  7.809293E-01  1.024976E+03
  2.128000E-01  1.220103E+01  2.061808E+02  2.989456E+01  1.330000E+00  7.322770E+02  7.798477E-01  1.026303E+03
  2.144000E-01  1.248641E+01  2.078238E+02  3.032742E+01  1.340000E+00  7.312668E+02  7.787719E-01  1.027640E+03
  2.160000E-01  1.277604E+01  2.094690E+02  3.076380E+01  1.350000E+00  7.302621E+02  7.777020E-01  1.028986E+03
  2.176000E-01  1.306994E+01  2.111163E+02  3.120369E+01  1.360000E+00  7.292629E+02  7.766378E-01  1.030343E+03
  2.192000E-01  1.336813E+01  2.127658E+02  3.164709E+01  1.370000E+00  7.282691E+02  7.755795E-01  1.031709E+03
  2.208000E-01  1.367065E+01  2.144175E+02  3.209400E+01  1.380000E+00  7.272807E+02  7.745268E-01  1.033085E+03
  2.224000E-01  1.397750E+01  2.160715E+02  3.254440E+01  1.390000E+00  7.262976E+02  7.734799E-01  1.034470E+03
  2.240000E-01  1.428872E+01  2.177276E+02  3.299829E+01  1.400000E+00  7.253198E+02  7.724386E-01  1.035866E+03
  2.256000E-01  1.460432E+01  2.193860E+02  3.345567E+01  1.410000E+00  7.243473E+02  7.714028E-01  1.037270E+03
  2.272000E-01  1.492434E+01  2.210466E+02  3.391652E+01  1.420000E+00  7.233799E+02  7.703727E-01  1.038685E+03
  2.288000E-01  1.524879E+01  2.227095E+02  3.438085E+01  1.430000E+00  7.224178E+02  7.693480E-01  1.040108E+03
  2.304000E-01  1.557769E+01  2.243747E+02  3.484864E+01  1.440000E+00  7.214608E+02  7.683288E-01  1.041542E+03
  2.320000E-01  1.591107E+01  2.260422E+02  3.531989E+01  1.450000E+00  7.205089E+02  7.673151E-01  1.042985E+03
  2.336000E-01  1.624894E+01  2.277120E+02  3.579460E+01  1.460000E+00  7.195620E+02  7.663067E-01  1.044437E+03
  2.352000E-01  1.659134E+01  2.293841E+02  3.627275E+01  1.470000E+00  7.186202E+02  7.653037E-01  1.045898E+03
  2.368000E-01  1.693828E+01  2.310586E+02  3.675435E+01  1.480000E+00  7.176834E+02  7.643060E-01  1.047369E+03
  2.384000E-01  1.728978E+01  2.327355E+02  3.723937E+01  1.490000E+00  7.167515E+02  7.633136E-01  1.048849E+03
  2.400000E-01  1.764587E+01  2.344147E+02  3.772782E+01  1.500000E+00  7.158245E+02  7.623264E-01  1.050339E+03
  2.416000E-01  1.800655E+01  2.360963E+02  3.821969E+01  1.510000E+00  7.149024E+02  7.613444E-01  1.051837E+03
  2.432000E-01  1.837187E+01  2.377803E+02  3.871498E+01  1.520000E+00  7.139852E+02  7.603676E-01  1.053345E+03
  2.448000E-01  1.874183E+01  2.394667E+02  3.921367E+01  1.530000E+00  7.130728E+02  7.593959E-01  1.054862E+03
  2.464000E-01  1.911646E+01  2.411556E+02  3.971576E+01  1.540000E+00  7.121651E+02  7.584293E-01  1.056389E+03
  2.480000E-01  1.949577E+01  2.428469E+02  4.022124E+01  1.550000E+00  7.112623E+02  7.574678E-01  1.057924E+03
  2.496000E-01  1.987979E+01  2.445406E+02  4.073010E+01  1.560000E+00  7.103641E+02  7.565112E-01  1.059468E+03
  2.512000E-01  2.026854E+01  2.462369E+02  4.124235E+01  1.570000E+00  7.094705E+02  7.555597E-01  1.061021E+03
  2.528000E-01  2.066203E+01  2.479356E+02  4.175796E+01  1.580000E+00  7.085817E+02  7.546131E-01  1.062584E+03
  2.544000E-01  2.106029E+01  2.496368E+02  4.227694E+01  1.590000E+00  7.076974E+02  7.536714E-01  1.064155E+03
  2.560000E-01  2.146333E+01  2.513406E+02  4.279927E+01  1.600000E+00  7.068177E+02  7.527345E-01  1.065735E+03
  2.576000E-01  2.187118E+01  2.530469E+02  4.332495E+01  1.610000E+00  7.059426E+02  7.518025E-01  1.067324E+03
  2.592000E-01  2.228385E+01  2.547557E+02  4.385397E+01  1.620000E+00  7.050719E+02  7.508753E-01  1.068922E+03
  2.608000E-01  2.270136E+01  2.564671E+02  4.438632E+01  1.630000E+00  7.042058E+02  7.499529E-01  1.070528E+03
  2.624000E-01  2.312373E+01  2.581811E+02  4.492200E+01  1.640000E+00  7.033441E+02  7.490352E-01  1.072144E+03
  2.640000E-01  2.355097E+01  2.598977E+02  4.546100E+01  1.650000E+00  7.024868E+02  7.481222E-01  1.073768E+03
  2.656000E-01  2.398312E+01  2.616169E+02  4.600331E+01  1.660000E+00  7.016338E+02  7.472139E-01  1.075400E+03
  2.672000E-01  2.442018E+01  2.633387E+02  4.654893E+01  1.670000E+00  7.007853E+02  7.463102E-01  1.077042E+03
  2.688000E-01  2.486217E+01  2.650631E+02  4.709784E+01  1.680000E+00  6.999410E+02  7.454111E-01  1.078692E+03
  2.704000E-01  2.530910E+01  2.667902E+02  4.765003E+01  1.690000E+00  6.991011E+02  7.445166E-01  1.080350E+03
  2.720000E-01  2.576101E+01  2.685199E+02  4.820551E+01  1.700000E+00  6.982654E+02  7.436266E-01  1.082017E+03
  2.736000E-01  2.621790E+01  2.702523E+02  4.876426E+01  1.710000E+00  6.974339E+02  7.427411E-01  1.083693E+03
  2.752000E-01  2.667980E+01  2.719874E+02  4.932628E+01  1.720000E+00  6.966067E+02  7.418601E-01  1.085377E+03
  2.768000E-01  2.714671E+01  2.737252E+02  4.989155E+01  1.730000E+00  6.957836E+02  7.409836E-01  1.087070E+03
  2.784000E-01  2.761865E+01  2.754657E+02  5.046007E+01  1.740000E+00  6.949646E+02  7.401114E-01  1.088770E+03
  2.800000E-01  2.809565E+01  2.772089E+02  5.103183E+01  1.750000E+00  6.941498E+02  7.392436E-01  1.090480E+03
  2.816000E-01  2.857772E+01  2.789549E+02  5.160683E+01  1.760000E+00  6.933390E+02  7.383802E-01  1.092197E+03
  2.832000E-01  2.906487E+01  2.807036E+02  5.218505E+01  1.770000E+00  6.925323E+02  7.375211E-01  1.093923E+03
  2.848000E-01  2.955712E+01  2.824551E+02  5.276649E+01  1.780000E+00  6.917297E+02  7.366663E-01  1.095657E+03
  2.864000E-01  3.005449E+01  2.842094E+02  5.335114E+01  1.790000E+00  6.909310E+02  7.358158E-01  1.097399E+03
  2.880000E-01  3.055699E+01  2.859664E+02  5.393899E+01  1.800000E+00  6.901363E+02  7.349694E-01  1.099149E+03
  2.896000E-01  3.106464E+01  2.877263E+02  5.453003E+01  1.810000E+00  6.893456E+02  7.341273E-01  1.100908E+03
  2.912000E-01  3.157746E+01  2.894890E+02  5.512426E+01  1.820000E+00  6.885587E+02  7.332894E-01  1.102675E+03
  2.928000E-01  3.209545E+01  2.912545E+02  5.572167E+01  1.830000E+00  6.877758E+02  7.324556E-01  1.104449E+03
  2.944000E-01  3.261864E+01  2.930229E+02  5.632224E+01  1.840000E+00  6.869967E+02  7.316259E-01  1.106232E+03
  2.960000E-01  3.314703E+01  2.947941E+02  5.692598E+01  1.850000E+00  6.862214E+02  7.308003E-01  1.108023E+03
  2.976000E-01  3.368065E+01  2.965682E+02  5.753287E+01  1.860000E+00  6.854500E+02  7.299787E-01  1.109821E+03
  2.992000E-01  3.421951E+01  2.983452E+02  5.814290E+01  1.870000E+00  6.846824E+02  7.291612E-01  1.111628E+03
  3.008000E-01  3.476363E+01  3.001250E+02  5.875608E+01  1.880000E+00  6.839185E+02  7.283477E-01  1.113442E+03
  3.024000E-01  3.531301E+01  3.019078E+02  5.937238E+01  1.890000E+00  6.831583E+02  7.275381E-01  1.115264E+03
  3.040000E-01  3.586767E+01  3.036935E+02  5.999180E+01  1.900000E+00  6.824018E+02  7.267325E-01  1.117094E+03
  3.056000E-01  3.642763E+01  3.054821E+02  6.061433E+01  1.910000E+00  6.816491E+02  7.259308E-01  1.118932E+03
  3.072000E-01  3.699289E+01  3.072737E+02  6.123996E+01  1.920000E+00  6.808999E+02  7.251331E-01  1.120778E+03
  3.088000E-01  3.756348E+01  3.090682E+02  6.186870E+01  1.930000E+00  6.801545E+02  7.243392E-01  1.122631E+03
  3.104000E-01  3.813941E+01  3.108658E+02  6.250051E+01  1.940000E+00  6.794126E+02  7.235491E-01  1.124492E+03
  3.120000E-01  3.872069E+01  3.126662E+02  6.313541E+01  1.950000E+00  6.786743E+02  7.227628E-01  1.126361E+03
  3.136000E-01  3.930734E+01  3.144697E+02  6.377338E+01  1.960000E+00  6.779395E+02  7.219804E-01  1.128237E+03
  3.152000E-01  3.989936E+01  3.162762E+02  6.441441E+01  1.970000E+00  6.772083E+02  7.212016E-01  1.130120E+03
  3.168000E-01  4.049677E+01  3.180857E+02  6.505850E+01  1.980000E+00  6.764807E+02  7.204267E-01  1.132012E+03
  3.184000E-01  4.109959E+01  3.198983E+02  6.570563E+01  1.990000E+00  6.757564E+02  7.196554E-01  1.133910E+03
  3.200000E-01  4.170782E+01  3.217138E+02  6.635580E+01  2.000000E+00  6.750357E+02  7.188879E-01  1.135816E+03
  3.216000E-01  4.232148E+01  3.235325E+02  6.700900E+01  2.010000E+00  6.743184E+02  7.181240E-01  1.137730E+03
  3.232000E-01  4.294058E+01  3.253542E+02  6.766521E+01  2.020000E+00  6.736045E+02  7.173637E-01  1.139651E+03
  3.248000E-01  4.356513E+01  3.271790E+02  6.832445E+01  2.030000E+00  6.728940E+02  7.166070E-01  1.141579E+03
  3.264000E-01  4.419515E+01  3.290068E+02  6.898668E+01  2.040000E+00  6.721869E+02  7.158540E-01  1.143515E+03
  3.280000E-01  4.483065E+01  3.308378E+02  6.965191E+01  2.050000E+00  6.714831E+02  7.151045E-01  1.145458E+03
  3.296000E-01  4.547164E+01  3.326719E+02  7.032013E+01  2.060000E+00  6.707827E+02  7.143585E-01  1.147408E+03
  3.312000E-01  4.611813E+01  3.345091E+02  7.099133E+01  2.070000E+00  6.700855E+02  7.136161E-01  1.149365E+03
  3.328000E-01  4.677013E+01  3.363495E+02  7.166549E+01  2.080000E+00  6.693917E+02  7.128772E-01  1.151330E+03
  3.344000E-01  4.742766E+01  3.381930E+02  7.234262E+01  2.090000E+00  6.687011E+02  7.121417E-01  1.153301E+03
  3.360000E-01  4.809072E+01  3.400396E+02  7.302271E+01  2.100000E+00  6.680137E+02  7.114097E-01  1.155280E+03
  3.376000E-01  4.875933E+01  3.418894E+02  7.370574E+01  2.110000E+00  6.673295E+02  7.106811E-01  1.157266E+03
  3.392000E-01  4.943350E+01  3.437425E+02  7.439170E+01  2.120000E+00  6.666486E+02  7.099559E-01  1.159258E+03
  3.408000E-01  5.011324E+01  3.455987E+02  7.508060E+01  2.130000E+00  6.659708E+02  7.092341E-01  1.161258E+03
  3.424000E-01  5.079856E+01  3.474581E+02  7.577241E+01  2.140000E+00  6.652962E+02  7.085157E-01  1.163265E+03
  3.440000E-01  5.148948E+01  3.493207E+02  7.646714E+01  2.150000E+00  6.646247E+02  7.078006E-01  1.165279E+03
  3.456000E-01  5.218599E+01  3.511865E+02  7.716477E+01  2.160000E+00  6.639563E+02  7.070888E-01  1.167299E+03
  3.472000E-01  5.288811E+01  3.530556E+02  7.786530E+01  2.170000E+00  6.632911E+02  7.063803E-01  1.169327E+03
  3.488000E-01  5.359586E+01  3.549280E+02  7.856871E+01  2.180000E+00  6.626289E+02  7.056750E-01  1.171361E+03
  3.504000E-01  5.430925E+01  3.568036E+02  7.927500E+01  2.190000E+00  6.619697E+02  7.049731E-01  1.173402E+03
  3.520000E-01  5.502827E+01  3.586824E+02  7.998416E+01  2.200000E+00  6.613136E+02  7.042743E-01  1.175450E+03
  3.536000E-01  5.575295E+01  3.605646E+02  8.069618E+01  2.210000E+00  6.606605E+02  7.035788E-01  1.177505E+03
  3.552000E-01  5.648329E+01  3.624500E+02  8.141106E+01  2.220000E+00  6.600103E+02  7.028864E-01  1.179566E+03
  3.568000E-01  5.721930E+01  3.643387E+02  8.212878E+01  2.230000E+00  6.593632E+02  7.021972E-01  1.181634E+03
  3.584000E-01  5.796100E+01  3.662308E+02  8.284933E+01  2.240000E+00  6.587190E+02  7.015112E-01  1.183709E+03
  3.600000E-01  5.870839E+01  3.681262E+02  8.357271E+01  2.250000E+00  6.580777E+02  7.008283E-01  1.185790E+03
  3.616000E-01  5.946148E+01  3.700249E+02  8.429892E+01  2.260000E+00  6.574394E+02  7.001485E-01  1.187878E+03
  3.632000E-01  6.022028E+01  3.719269E+02  8.502793E+01  2.270000E+00  6.568040E+02  6.994717E-01  1.189972E+03
  3.648000E-01  6.098481E+01  3.738323E+02  8.575975E+01  2.280000E+00  6.561714E+02  6.987981E-01  1.192073E+03
  3.664000E-01  6.175506E+01  3.757411E+02  8.649436E+01  2.290000E+00  6.555417E+02  6.981275E-01  1.194181E+03
  3.680000E-01  6.253105E+01  3.776533E+02  8.723176E+01  2.300000E+00  6.549148E+02  6.974599E-01  1.196295E+03
  3.696000E-01  6.331279E+01  3.795688E+02  8.797194E+01  2.310000E+00  6.542908E+02  6.967953E-01  1.198415E+03
  3.712000E-01  6.410028E+01  3.814878E+02  8.871488E+01  2.320000E+00  6.536696E+02  6.961337E-01  1.200541E+03
  3.728000E-01  6.489354E+01  3.834101E+02  8.946059E+01  2.330000E+00  6.530511E+02  6.954751E-01  1.202674E+03
  3.744000E-01  6.569257E+01  3.853359E+02  9.020905E+01  2.340000E+00  6.524354E+02  6.948194E-01  1.204813E+03
  3.760000E-01  6.649738E+01  3.872650E+02  9.096025E+01  2.350000E+00  6.518225E+02  6.941667E-01  1.206959E+03
  3.776000E-01  6.730798E+01  3.891977E+02  9.171419E+01  2.360000E+00  6.512123E+02  6.935169E-01  1.209111E+03
  3.792000E-01  6.812438E+01  3.911337E+02  9.247086E+01  2.370000E+00  6.506049E+02  6.928699E-01  1.211269E+03
  3.808000E-01  6.894659E+01  3.930733E+02  9.323025E+01  2.380000E+00  6.500001E+02  6.922259E-01  1.213433E+03
  3.824000E-01  6.977461E+01  3.950163E+02  9.399235E+01  2.390000E+00  6.493980E+02  6.915847E-01  1.215603E+03
  3.840000E-01  7.060845E+01  3.969627E+02  9.475715E+01  2.400000E+00  6.487986E+02  6.909463E-01  1.217780E+03
  3.856000E-01  7.144813E+01  3.989127E+02  9.552464E+01  2.410000E+00  6.482018E+02  6.903107E-01  1.219962E+03
  3.872000E-01  7.229364E+01  4.008661E+02  9.629483E+01  2.420000E+00  6.476077E+02  6.896780E-01  1.222151E+03
  3.888000E-01  7.314499E+01  4.028231E+02  9.706769E+01  2.430000E+00  6.470161E+02  6.890481E-01  1.224346E+03
  3.904000E-01  7.400220E+01  4.047836E+02  9.784322E+01  2.440000E+00  6.464272E+02  6.884209E-01  1.226546E+03
  3.920000E-01  7.486527E+01  4.067476E+02  9.862141E+01  2.450000E+00  6.458409E+02  6.877964E-01  1.228753E+03
  3.936000E-01  7.573421E+01  4.087151E+02  9.940226E+01  2.460000E+00  6.452571E+02  6.871747E-01  1.230966E+03
  3.952000E-01  7.660902E+01  4.106862E+02  1.001858E+02  2.470000E+00  6.446759E+02  6.865558E-01  1.233184E+03
  3.968000E-01  7.748972E+01  4.126608E+02  1.009719E+02  2.480000E+00  6.440972E+02  6.859395E-01  1.235409E+03
  3.984000E-01  7.837630E+01  4.146390E+02  1.017606E+02  2.490000E+00  6.435210E+02  6.853259E-01  1.237639E+03
  4.000000E-01  7.926878E+01  4.166208E+02  1.025520E+02  2.500000E+00  6.429473E+02  6.847149E-01  1.239875E+03
  4.016000E-01  8.016716E+01  4.186062E+02  1.033460E+02  2.510000E+00  6.423761E+02  6.841066E-01  1.242117E+03
  4.032000E-01  8.107145E+01  4.205951E+02  1.041426E+02  2.520000E+00  6.418074E+02  6.835010E-01  1.244365E+03
  4.048000E-01  8.198166E+01  4.225876E+02  1.049418E+02  2.530000E+00  6.412412E+02  6.828980E-01  1.246618E+03
  4.064000E-01  8.289779E+01  4.245838E+02  1.057436E+02  2.540000E+00  6.406774E+02  6.822975E-01  1.248877E+03
  4.080000E-01  8.381985E+01  4.265836E+02  1.065480E+02  2.550000E+00  6.401160E+02  6.816997E-01  1.251142E+03
  4.096000E-01  8.474785E+01  4.285870E+02  1.073549E+02  2.560000E+00  6.395570E+02  6.811044E-01  1.253413E+03
  4.112000E-01  8.568179E+01  4.305940E+02  1.081644E+02  2.570000E+00  6.390004E+02  6.805117E-01  1.255689E+03
  4.128000E-01  8.662167E+01  4.326047E+02  1.089764E+02  2.580000E+00  6.384463E+02  6.799215E-01  1.257970E+03
  4.144000E-01  8.756752E+01  4.346190E+02  1.097910E+02  2.590000E+00  6.378944E+02  6.793338E-01  1.260258E+03
  4.160000E-01  8.851932E+01  4.366370E+02  1.106082E+02  2.600000E+00  6.373450E+02  6.787486E-01  1.262550E+03
  4.176000E-01  8.947709E+01  4.386587E+02  1.114279E+02  2.610000E+00  6.367978E+02  6.781660E-01  1.264849E+03
  4.192000E-01  9.044083E+01  4.406840E+02  1.122501E+02  2.620000E+00  6.362530E+02  6.775858E-01  1.267152E+03
  4.208000E-01  9.141055E+01  4.427131E+02  1.130748E+02  2.630000E+00  6.357105E+02  6.770080E-01  1.269462E+03
  4.224000E-01  9.238625E+01  4.447458E+02  1.139020E+02  2.640000E+00  6.351703E+02  6.764327E-01  1.271776E+03
  4.240000E-01  9.336794E+01  4.467822E+02  1.147317E+02  2.650000E+00  6.346324E+02  6.758599E-01  1.274096E+03
  4.256000E-01  9.435563E+01  4.488224E+02  1.155639E+02  2.660000E+00  6.340968E+02  6.752894E-01  1.276422E+03
  4.272000E-01  9.534932E+01  4.508663E+02  1.163986E+02  2.670000E+00  6.335634E+02  6.747214E-01  1.278753E+03
  4.288000E-01  9.634901E+01  4.529139E+02  1.172358E+02  2.680000E+00  6.330322E+02  6.741557E-01  1.281089E+03
  4.304000E-01  9.735472E+01  4.549653E+02  1.180755E+02  2.690000E+00  6.325033E+02  6.735924E-01  1.283430E+03
  4.320000E-01  9.836644E+01  4.570204E+02  1.189176E+02  2.700000E+00  6.319766E+02  6.730315E-01  1.285777E+03
  4.336000E-01  9.938419E+01  4.590793E+02  1.197621E+02  2.710000E+00  6.314521E+02  6.724729E-01  1.288129E+03
  4.352000E-01  1.004080E+02  4.611419E+02  1.206091E+02  2.720000E+00  6.309297E+02  6.719166E-01  1.290486E+03
  4.368000E-01  1.014378E+02  4.632083E+02  1.214586E+02  2.730000E+00  6.304096E+02  6.713627E-01  1.292848E+03
  4.384000E-01  1.024736E+02  4.652785E+02  1.223104E+02  2.740000E+00  6.298916E+02  6.708111E-01  1.295216E+03
  4.400000E-01  1.035155E+02  4.673525E+02  1.231647E+02  2.750000E+00  6.293758E+02  6.702617E-01  1.297588E+03
  4.416000E-01  1.045634E+02  4.694303E+02  1.240214E+02  2.760000E+00  6.288621E+02  6.697146E-01  1.299966E+03
  4.432000E-01  1.056174E+02  4.715119E+02  1.248806E+02  2.770000E+00  6.283505E+02  6.691698E-01  1.302349E+03
  4.448000E-01  1.066774E+02  4.735973E+02  1.257421E+02  2.780000E+00  6.278410E+02  6.686273E-01  1.304736E+03
  4.464000E-01  1.077435E+02  4.756865E+02  1.266060E+02  2.790000E+00  6.273336E+02  6.680869E-01  1.307129E+03
  4.480000E-01  1.088157E+02  4.777796E+02  1.274722E+02  2.800000E+00  6.268283E+02  6.675488E-01  1.309527E+03
  4.496000E-01  1.098939E+02  4.798765E+02  1.283409E+02  2.810000E+00  6.263251E+02  6.670129E-01  1.311930E+03
  4.512000E-01  1.109782E+02  4.819772E+02  1.292119E+02  2.820000E+00  6.258240E+02  6.664792E-01  1.314338E+03
  4.528000E-01  1.120686E+02  4.840818E+02  1.300853E+02  2.830000E+00  6.253249E+02  6.659477E-01  1.316750E+03
  4.544000E-01  1.131651E+02  4.861903E+02  1.309611E+02  2.840000E+00  6.248278E+02  6.654183E-01  1.319168E+03
  4.560000E-01  1.142676E+02  4.883026E+02  1.318391E+02  2.850000E+00  6.243327E+02  6.648911E-01  1.321590E+03
  4.576000E-01  1.153763E+02  4.904189E+02  1.327196E+02  2.860000E+00  6.238397E+02  6.643660E-01  1.324018E+03
  4.592000E-01  1.164910E+02  4.925390E+02  1.336023E+02  2.870000E+00  6.233487E+02  6.638431E-01  1.326450E+03
  4.608000E-01  1.176118E+02  4.946630E+02  1.344874E+02  2.880000E+00  6.228596E+02  6.633223E-01  1.328887E+03
  4.624000E-01  1.187388E+02  4.967909E+02  1.353748E+02  2.890000E+00  6.223726E+02  6.628036E-01  1.331328E+03
  4.640000E-01  1.198718E+02  4.989227E+02  1.362645E+02  2.900000E+00  6.218875E+02  6.622870E-01  1.333775E+03
  4.656000E-01  1.210110E+02  5.010584E+02  1.371564E+02  2.910000E+00  6.214043E+02  6.617724E-01  1.336226E+03
  4.672000E-01  1.221563E+02  5.031981E+02  1.380507E+02  2.920000E+00  6.209231E+02  6.612600E-01  1.338682E+03
  4.688000E-01  1.233077E+02  5.053417E+02  1.389473E+02  2.930000E+00  6.204438E+02  6.607496E-01  1.341142E+03
  4.704000E-01  1.244652E+02  5.074892E+02  1.398461E+02  2.940000E+00  6.199665E+02  6.602412E-01  1.343607E+03
  4.720000E-01  1.256288E+02  5.096407E+02  1.407473E+02  2.950000E+00  6.194910E+02  6.597349E-01  1.346077E+03
  4.736000E-01  1.267986E+02  5.117961E+02  1.416506E+02  2.960000E+00  6.190175E+02  6.592306E-01  1.348551E+03
  4.752000E-01  1.279745E+02  5.139555E+02  1.425563E+02  2.970000E+00  6.185458E+02  6.587283E-01  1.351030E+03
  4.768000E-01  1.291565E+02  5.161189E+02  1.434641E+02  2.980000E+00  6.180760E+02  6.582279E-01  1.353514E+03
  4.784000E-01  1.303447E+02  5.182862E+02  1.443743E+02  2.990000E+00  6.176081E+02  6.577296E-01  1.356002E+03
  4.800000E-01  1.315390E+02  5.204576E+02  1.452866E+02  3.000000E+00  6.171421E+02  6.572333E-01  1.358494E+03
  4.816000E-01  1.327394E+02  5.226329E+02  1.462012E+02  3.010000E+00  6.166778E+02  6.567389E-01  1.360991E+03
  4.832000E-01  1.339460E+02  5.248122E+02  1.471180E+02  3.020000E+00  6.162155E+02  6.562465E-01  1.363493E+03
  4.848000E-01  1.351588E+02  5.269955E+02  1.480370E+02  3.030000E+00  6.157549E+02  6.557560E-01  1.365999E+03
  4.864000E-01  1.363777E+02  5.291829E+02  1.489582E+02  3.040000E+00  6.152961E+02  6.552675E-01  1.368509E+03
  4.880000E-01  1.376028E+02  5.313742E+02  1.498816E+02  3.050000E+00  6.148392E+02  6.547808E-01  1.371024E+03
  4.896000E-01  1.388340E+02  5.335696E+02  1.508072E+02  3.060000E+00  6.143840E+02  6.542961E-01  1.373543E+03
  4.912000E-01  1.400714E+02  5.357690E+02  1.517350E+02  3.070000E+00  6.139307E+02  6.538133E-01  1.376067E+03
  4.928000E-01  1.413149E+02  5.379725E+02  1.526649E+02  3.080000E+00  6.134791E+02  6.533323E-01  1.378594E+03
  4.944000E-01  1.425647E+02  5.401800E+02  1.535970E+02  3.090000E+00  6.130292E+02  6.528533E-01  1.381126E+03
  4.960000E-01  1.438206E+02  5.423915E+02  1.545313E+02  3.100000E+00  6.125811E+02  6.523761E-01  1.383663E+03
  4.976000E-01  1.450826E+02  5.446071E+02  1.554678E+02  3.110000E+00  6.121348E+02  6.519007E-01  1.386203E+03
  4.992000E-01  1.463509E+02  5.468268E+02  1.564063E+02  3.120000E+00  6.116901E+02  6.514272E-01  1.388748E+03
  5.008000E-01  1.476253E+02  5.490506E+02  1.573471E+02  3.130000E+00  6.112473E+02  6.509555E-01  1.391297E+03
  5.024000E-01  1.489059E+02  5.512784E+02  1.582899E+02  3.140000E+00  6.108061E+02  6.504857E-01  1.393851E+03
  5.040000E-01  1.501927E+02  5.535104E+02  1.592349E+02  3.150000E+00  6.103666E+02  6.500177E-01  1.396408E+03
