  1.000000E-02  0.000000E+00
  1.200000E-02  0.000000E+00
  1.400000E-02  0.000000E+00
  1.600000E-02  0.000000E+00
  1.800000E-02  0.000000E+00
  2.000000E-02  0.000000E+00
  2.200000E-02  0.000000E+00
  2.400000E-02  0.000000E+00
  2.600000E-02  0.000000E+00
  2.800000E-02  0.000000E+00
  3.000000E-02  0.000000E+00
  3.200000E-02  0.000000E+00
  3.400000E-02  0.000000E+00
  3.600000E-02  0.000000E+00
  3.800000E-02  0.000000E+00
  4.000000E-02  0.000000E+00
  4.200000E-02  0.000000E+00
  4.400000E-02  0.000000E+00
  4.600000E-02  0.000000E+00
  4.800000E-02  0.000000E+00
  5.000000E-02  0.000000E+00
  5.200000E-02  0.000000E+00
  5.400000E-02  0.000000E+00
  5.600000E-02  0.000000E+00
  5.800000E-02  0.000000E+00
  6.000000E-02  0.000000E+00
  6.200000E-02  0.000000E+00
  6.400000E-02  0.000000E+00
  6.600000E-02  0.000000E+00
  6.800000E-02  0.000000E+00
  7.000000E-02  0.000000E+00
  7.200000E-02  0.000000E+00
  7.400000E-02  0.000000E+00
  7.600000E-02  0.000000E+00
  7.800000E-02  0.000000E+00
  8.000000E-02  0.000000E+00
  8.200000E-02  0.000000E+00
  8.400000E-02  0.000000E+00
  8.600000E-02  0.000000E+00
  8.800000E-02  0.000000E+00
  9.000000E-02  0.000000E+00
  9.200000E-02  0.000000E+00
  9.400000E-02  0.000000E+00
  9.600000E-02  0.000000E+00
  9.800000E-02  0.000000E+00
  1.000000E-01  0.000000E+00
  1.020000E-01  0.000000E+00
  1.040000E-01  0.000000E+00
  1.060000E-01  0.000000E+00
  1.080000E-01  0.000000E+00
  1.100000E-01  0.000000E+00
  1.120000E-01  0.000000E+00
  1.140000E-01  0.000000E+00
  1.160000E-01  0.000000E+00
  1.180000E-01  0.000000E+00
  1.200000E-01  0.000000E+00
  1.220000E-01  0.000000E+00
  1.240000E-01  0.000000E+00
  1.260000E-01  0.000000E+00
  1.280000E-01  0.000000E+00
  1.300000E-01  0.000000E+00
  1.320000E-01  0.000000E+00
  1.340000E-01  0.000000E+00
  1.360000E-01  0.000000E+00
  1.380000E-01  0.000000E+00
  1.400000E-01  0.000000E+00
  1.420000E-01  0.000000E+00
  1.440000E-01  0.000000E+00
  1.460000E-01  0.000000E+00
  1.480000E-01  0.000000E+00
  1.500000E-01  0.000000E+00
  1.520000E-01  0.000000E+00
  1.540000E-01  0.000000E+00
  1.560000E-01  0.000000E+00
  1.580000E-01  0.000000E+00
  1.600000E-01  0.000000E+00
  1.620000E-01  0.000000E+00
  1.640000E-01  0.000000E+00
  1.660000E-01  0.000000E+00
  1.680000E-01  0.000000E+00
  1.700000E-01  0.000000E+00
  1.720000E-01  0.000000E+00
  1.740000E-01  0.000000E+00
  1.760000E-01  0.000000E+00
  1.780000E-01  0.000000E+00
  1.800000E-01  0.000000E+00
  1.820000E-01  0.000000E+00
  1.840000E-01  0.000000E+00
  1.860000E-01  0.000000E+00
  1.880000E-01  0.000000E+00
  1.900000E-01  0.000000E+00
  1.920000E-01  0.000000E+00
  1.940000E-01  0.000000E+00
  1.960000E-01  0.000000E+00
  1.980000E-01  0.000000E+00
  2.000000E-01  0.000000E+00
  2.020000E-01  0.000000E+00
  2.040000E-01  0.000000E+00
  2.060000E-01  0.000000E+00
  2.080000E-01  0.000000E+00
  2.100000E-01  0.000000E+00
  2.120000E-01  0.000000E+00
  2.140000E-01  0.000000E+00
  2.160000E-01  0.000000E+00
  2.180000E-01  0.000000E+00
  2.200000E-01  0.000000E+00
  2.220000E-01  0.000000E+00
  2.240000E-01  0.000000E+00
  2.260000E-01  0.000000E+00
  2.280000E-01  0.000000E+00
  2.300000E-01  0.000000E+00
  2.320000E-01  0.000000E+00
  2.340000E-01  0.000000E+00
  2.360000E-01  0.000000E+00
  2.380000E-01  0.000000E+00
  2.400000E-01  0.000000E+00
  2.420000E-01  0.000000E+00
  2.440000E-01  0.000000E+00
  2.460000E-01  0.000000E+00
  2.480000E-01  0.000000E+00
  2.500000E-01  0.000000E+00
  2.520000E-01  0.000000E+00
  2.540000E-01  0.000000E+00
  2.560000E-01  0.000000E+00
  2.580000E-01  0.000000E+00
  2.600000E-01  0.000000E+00
  2.620000E-01  0.000000E+00
  2.640000E-01  0.000000E+00
  2.660000E-01  0.000000E+00
  2.680000E-01  0.000000E+00
  2.700000E-01  0.000000E+00
  2.720000E-01  0.000000E+00
  2.740000E-01  0.000000E+00
  2.760000E-01  0.000000E+00
  2.780000E-01  0.000000E+00
  2.800000E-01  0.000000E+00
  2.820000E-01  0.000000E+00
  2.840000E-01  0.000000E+00
  2.860000E-01  0.000000E+00
  2.880000E-01  0.000000E+00
  2.900000E-01  0.000000E+00
  2.920000E-01  0.000000E+00
  2.940000E-01  0.000000E+00
  2.960000E-01  0.000000E+00
  2.980000E-01  0.000000E+00
  3.000000E-01  0.000000E+00
  3.020000E-01  0.000000E+00
  3.040000E-01  0.000000E+00
  3.060000E-01  0.000000E+00
  3.080000E-01  0.000000E+00
  3.100000E-01  0.000000E+00
  3.120000E-01  0.000000E+00
  3.140000E-01  0.000000E+00
  3.160000E-01  0.000000E+00
  3.180000E-01  0.000000E+00
  3.200000E-01  0.000000E+00
  3.220000E-01  0.000000E+00
  3.240000E-01  0.000000E+00
  3.260000E-01  0.000000E+00
  3.280000E-01  0.000000E+00
  3.300000E-01  0.000000E+00
  3.320000E-01  0.000000E+00
  3.340000E-01  0.000000E+00
  3.360000E-01  0.000000E+00
  3.380000E-01  0.000000E+00
  3.400000E-01  0.000000E+00
  3.420000E-01  0.000000E+00
  3.440000E-01  0.000000E+00
  3.460000E-01  0.000000E+00
  3.480000E-01  0.000000E+00
  3.500000E-01  0.000000E+00
  3.520000E-01  0.000000E+00
  3.540000E-01  0.000000E+00
  3.560000E-01  0.000000E+00
  3.580000E-01  0.000000E+00
  3.600000E-01  0.000000E+00
  3.620000E-01  0.000000E+00
  3.640000E-01  0.000000E+00
  3.660000E-01  0.000000E+00
  3.680000E-01  0.000000E+00
  3.700000E-01  0.000000E+00
  3.720000E-01  0.000000E+00
  3.740000E-01  0.000000E+00
  3.760000E-01  0.000000E+00
  3.780000E-01  0.000000E+00
  3.800000E-01  0.000000E+00
  3.820000E-01  0.000000E+00
  3.840000E-01  0.000000E+00
  3.860000E-01  0.000000E+00
  3.880000E-01  0.000000E+00
  3.900000E-01  0.000000E+00
  3.920000E-01  0.000000E+00
  3.940000E-01  0.000000E+00
  3.960000E-01  0.000000E+00
  3.980000E-01  0.000000E+00
  4.000000E-01  0.000000E+00
  4.020000E-01  0.000000E+00
  4.040000E-01  0.000000E+00
  4.060000E-01  0.000000E+00
  4.080000E-01  0.000000E+00
  4.100000E-01  0.000000E+00
  4.120000E-01  0.000000E+00
  4.140000E-01  0.000000E+00
  4.160000E-01  0.000000E+00
  4.180000E-01  0.000000E+00
  4.200000E-01  0.000000E+00
  4.220000E-01  0.000000E+00
  4.240000E-01  0.000000E+00
  4.260000E-01  0.000000E+00
  4.280000E-01  0.000000E+00
  4.300000E-01  0.000000E+00
  4.320000E-01  0.000000E+00
  4.340000E-01  0.000000E+00
  4.360000E-01  0.000000E+00
  4.380000E-01  0.000000E+00
  4.400000E-01  0.000000E+00
  4.420000E-01  0.000000E+00
  4.440000E-01  0.000000E+00
  4.460000E-01  0.000000E+00
  4.480000E-01  0.000000E+00
  4.500000E-01  0.000000E+00
  4.520000E-01  0.000000E+00
  4.540000E-01  0.000000E+00
  4.560000E-01  0.000000E+00
  4.580000E-01  0.000000E+00
  4.600000E-01  0.000000E+00
  4.620000E-01  0.000000E+00
  4.640000E-01  0.000000E+00
  4.660000E-01  0.000000E+00
  4.680000E-01  0.000000E+00
  4.700000E-01  0.000000E+00
  4.720000E-01  0.000000E+00
  4.740000E-01  0.000000E+00
  4.760000E-01  0.000000E+00
  4.780000E-01  0.000000E+00
  4.800000E-01  0.000000E+00
  4.820000E-01  0.000000E+00
  4.840000E-01  4.127848E-03
  4.860000E-01  7.255900E-03
  4.880000E-01  1.056433E-02
  4.900000E-01  1.398780E-02
  4.920000E-01  1.749050E-02
  4.940000E-01  2.104993E-02
  4.960000E-01  2.465076E-02
  4.980000E-01  2.828194E-02
  5.000000E-01  3.193516E-02
  5.020000E-01  3.560397E-02
  5.040000E-01  3.928327E-02
  5.060000E-01  4.296894E-02
  5.080000E-01  4.665757E-02
  5.100000E-01  5.034635E-02
  5.120000E-01  5.403290E-02
  5.140000E-01  5.771521E-02
  5.160000E-01  6.139156E-02
  5.180000E-01  6.506045E-02
  5.200000E-01  6.872062E-02
  5.220000E-01  7.237095E-02
  5.240000E-01  7.601046E-02
  5.260000E-01  7.963831E-02
  5.280000E-01  8.325374E-02
  5.300000E-01  8.685610E-02
  5.320000E-01  9.044482E-02
  5.340000E-01  9.401938E-02
  5.360000E-01  9.757933E-02
  5.380000E-01  1.011243E-01
  5.400000E-01  1.046539E-01
  5.420000E-01  1.081678E-01
  5.440000E-01  1.116658E-01
  5.460000E-01  1.151477E-01
  5.480000E-01  1.186132E-01
  5.500000E-01  1.220621E-01
  5.520000E-01  1.254943E-01
  5.540000E-01  1.289097E-01
  5.560000E-01  1.323081E-01
  5.580000E-01  1.356895E-01
  5.600000E-01  1.390537E-01
  5.620000E-01  1.424008E-01
  5.640000E-01  1.457306E-01
  5.660000E-01  1.490431E-01
  5.680000E-01  1.523382E-01
  5.700000E-01  1.556161E-01
  5.720000E-01  1.588766E-01
  5.740000E-01  1.621198E-01
  5.760000E-01  1.653456E-01
  5.780000E-01  1.685541E-01
  5.800000E-01  1.717453E-01
  5.820000E-01  1.749193E-01
  5.840000E-01  1.780760E-01
  5.860000E-01  1.812155E-01
  5.880000E-01  1.843378E-01
  5.900000E-01  1.874431E-01
  5.920000E-01  1.905313E-01
  5.940000E-01  1.936025E-01
  5.960000E-01  1.966567E-01
  5.980000E-01  1.996941E-01
  6.000000E-01  2.027146E-01
  6.020000E-01  2.057184E-01
  6.040000E-01  2.087056E-01
  6.060000E-01  2.116761E-01
  6.080000E-01  2.146301E-01
  6.100000E-01  2.175676E-01
  6.120000E-01  2.204887E-01
  6.140000E-01  2.233936E-01
  6.160000E-01  2.262822E-01
  6.180000E-01  2.291546E-01
  6.200000E-01  2.320110E-01
  6.220000E-01  2.348515E-01
  6.240000E-01  2.376760E-01
  6.260000E-01  2.404847E-01
  6.280000E-01  2.432777E-01
  6.300000E-01  2.460550E-01
  6.320000E-01  2.488168E-01
  6.340000E-01  2.515631E-01
  6.360000E-01  2.542941E-01
  6.380000E-01  2.570097E-01
  6.400000E-01  2.597102E-01
  6.420000E-01  2.623955E-01
  6.440000E-01  2.650658E-01
  6.460000E-01  2.677211E-01
  6.480000E-01  2.703616E-01
  6.500000E-01  2.729874E-01
  6.520000E-01  2.755984E-01
  6.540000E-01  2.781949E-01
  6.560000E-01  2.807768E-01
  6.580000E-01  2.833444E-01
  6.600000E-01  2.858976E-01
  6.620000E-01  2.884366E-01
  6.640000E-01  2.909614E-01
  6.660000E-01  2.934722E-01
  6.680000E-01  2.959689E-01
  6.700000E-01  2.984518E-01
  6.720000E-01  3.009209E-01
  6.740000E-01  3.033763E-01
  6.760000E-01  3.058180E-01
  6.780000E-01  3.082462E-01
  6.800000E-01  3.106609E-01
  6.820000E-01  3.130623E-01
  6.840000E-01  3.154503E-01
  6.860000E-01  3.178251E-01
  6.880000E-01  3.201868E-01
  6.900000E-01  3.225355E-01
  6.920000E-01  3.248712E-01
  6.940000E-01  3.271940E-01
  6.960000E-01  3.295040E-01
  6.980000E-01  3.318013E-01
  7.000000E-01  3.340859E-01
  7.020000E-01  3.363580E-01
  7.040000E-01  3.386176E-01
  7.060000E-01  3.408648E-01
  7.080000E-01  3.430996E-01
  7.100000E-01  3.453223E-01
  7.120000E-01  3.475327E-01
  7.140000E-01  3.497311E-01
  7.160000E-01  3.519175E-01
  7.180000E-01  3.540919E-01
  7.200000E-01  3.562544E-01
  7.220000E-01  3.584052E-01
  7.240000E-01  3.605443E-01
  7.260000E-01  3.626717E-01
  7.280000E-01  3.647875E-01
  7.300000E-01  3.668919E-01
  7.320000E-01  3.689848E-01
  7.340000E-01  3.710664E-01
  7.360000E-01  3.731367E-01
  7.380000E-01  3.751959E-01
  7.400000E-01  3.772438E-01
  7.420000E-01  3.792808E-01
  7.440000E-01  3.813067E-01
  7.460000E-01  3.833217E-01
  7.480000E-01  3.853258E-01
  7.500000E-01  3.873192E-01
  7.520000E-01  3.893018E-01
  7.540000E-01  3.912738E-01
  7.560000E-01  3.932352E-01
  7.580000E-01  3.951860E-01
  7.600000E-01  3.971264E-01
  7.620000E-01  3.990565E-01
  7.640000E-01  4.009762E-01
  7.660000E-01  4.028856E-01
  7.680000E-01  4.047848E-01
  7.700000E-01  4.066739E-01
  7.720000E-01  4.085530E-01
  7.740000E-01  4.104220E-01
  7.760000E-01  4.122811E-01
  7.780000E-01  4.141303E-01
  7.800000E-01  4.159696E-01
  7.820000E-01  4.177992E-01
  7.840000E-01  4.196191E-01
  7.860000E-01  4.214294E-01
  7.880000E-01  4.232300E-01
  7.900000E-01  4.250212E-01
  7.920000E-01  4.268029E-01
  7.940000E-01  4.285751E-01
  7.960000E-01  4.303380E-01
  7.980000E-01  4.320916E-01
  8.000000E-01  4.338360E-01
  8.020000E-01  4.355712E-01
  8.040000E-01  4.372973E-01
  8.060000E-01  4.390143E-01
  8.080000E-01  4.407223E-01
  8.100000E-01  4.424213E-01
  8.120000E-01  4.441114E-01
  8.140000E-01  4.457926E-01
  8.160000E-01  4.474651E-01
  8.180000E-01  4.491288E-01
  8.200000E-01  4.507838E-01
  8.220000E-01  4.524302E-01
  8.240000E-01  4.540679E-01
  8.260000E-01  4.556972E-01
  8.280000E-01  4.573179E-01
  8.300000E-01  4.589302E-01
  8.320000E-01  4.605341E-01
  8.340000E-01  4.621297E-01
  8.360000E-01  4.637170E-01
  8.380000E-01  4.652960E-01
  8.400000E-01  4.668669E-01
  8.420000E-01  4.684296E-01
  8.440000E-01  4.699842E-01
  8.460000E-01  4.715308E-01
  8.480000E-01  4.730694E-01
  8.500000E-01  4.746000E-01
  8.520000E-01  4.761227E-01
  8.540000E-01  4.776375E-01
  8.560000E-01  4.791446E-01
  8.580000E-01  4.806438E-01
  8.600000E-01  4.821354E-01
  8.620000E-01  4.836193E-01
  8.640000E-01  4.850955E-01
  8.660000E-01  4.865641E-01
  8.680000E-01  4.880252E-01
  8.700000E-01  4.894788E-01
  8.720000E-01  4.909249E-01
  8.740000E-01  4.923637E-01
  8.760000E-01  4.937950E-01
  8.780000E-01  4.952190E-01
  8.800000E-01  4.966358E-01
  8.820000E-01  4.980452E-01
  8.840000E-01  4.994475E-01
  8.860000E-01  5.008426E-01
  8.880000E-01  5.022306E-01
  8.900000E-01  5.036115E-01
  8.920000E-01  5.049854E-01
  8.940000E-01  5.063522E-01
  8.960000E-01  5.077121E-01
  8.980000E-01  5.090651E-01
  9.000000E-01  5.104112E-01
  9.020000E-01  5.117504E-01
  9.040000E-01  5.130829E-01
  9.060000E-01  5.144085E-01
  9.080000E-01  5.157275E-01
  9.100000E-01  5.170397E-01
  9.120000E-01  5.183453E-01
  9.140000E-01  5.196443E-01
  9.160000E-01  5.209367E-01
  9.180000E-01  5.222225E-01
  9.200000E-01  5.235019E-01
  9.220000E-01  5.247747E-01
  9.240000E-01  5.260412E-01
  9.260000E-01  5.273012E-01
  9.280000E-01  5.285548E-01
  9.300000E-01  5.298022E-01
  9.320000E-01  5.310432E-01
  9.340000E-01  5.322780E-01
  9.360000E-01  5.335065E-01
  9.380000E-01  5.347289E-01
  9.400000E-01  5.359451E-01
  9.420000E-01  5.371552E-01
  9.440000E-01  5.383592E-01
  9.460000E-01  5.395571E-01
  9.480000E-01  5.407490E-01
  9.500000E-01  5.419349E-01
  9.520000E-01  5.431149E-01
  9.540000E-01  5.442889E-01
  9.560000E-01  5.454570E-01
  9.580000E-01  5.466193E-01
  9.600000E-01  5.477757E-01
  9.620000E-01  5.489263E-01
  9.640000E-01  5.500712E-01
  9.660000E-01  5.512103E-01
  9.680000E-01  5.523437E-01
  9.700000E-01  5.534715E-01
  9.720000E-01  5.545935E-01
  9.740000E-01  5.557100E-01
  9.760000E-01  5.576090E-01
  9.780000E-01  5.592332E-01
  9.800000E-01  5.609130E-01
  9.820000E-01  5.626361E-01
  9.840000E-01  5.643944E-01
  9.860000E-01  5.661819E-01
  9.880000E-01  5.679939E-01
  9.900000E-01  5.698270E-01
  9.920000E-01  5.716782E-01
  9.940000E-01  5.735450E-01
  9.960000E-01  5.754254E-01
  9.980000E-01  5.773176E-01
  1.000000E+00  5.792201E-01
  1.002000E+00  5.811315E-01
  1.004000E+00  5.830508E-01
  1.006000E+00  5.849769E-01
  1.008000E+00  5.869088E-01
  1.010000E+00  5.888457E-01
  1.012000E+00  5.907868E-01
  1.014000E+00  5.927316E-01
  1.016000E+00  5.946793E-01
  1.018000E+00  5.966295E-01
  1.020000E+00  5.985815E-01
  1.022000E+00  6.005350E-01
  1.024000E+00  6.024895E-01
  1.026000E+00  6.044445E-01
  1.028000E+00  6.063998E-01
  1.030000E+00  6.083549E-01
  1.032000E+00  6.103096E-01
  1.034000E+00  6.122636E-01
  1.036000E+00  6.142165E-01
  1.038000E+00  6.161682E-01
  1.040000E+00  6.181183E-01
  1.042000E+00  6.200667E-01
  1.044000E+00  6.220132E-01
  1.046000E+00  6.239575E-01
  1.048000E+00  6.258995E-01
  1.050000E+00  6.278390E-01
  1.052000E+00  6.297758E-01
  1.054000E+00  6.317098E-01
  1.056000E+00  6.336409E-01
  1.058000E+00  6.355688E-01
  1.060000E+00  6.374935E-01
  1.062000E+00  6.394148E-01
  1.064000E+00  6.413327E-01
  1.066000E+00  6.432470E-01
  1.068000E+00  6.451576E-01
  1.070000E+00  6.470645E-01
  1.072000E+00  6.489674E-01
  1.074000E+00  6.508664E-01
  1.076000E+00  6.527613E-01
  1.078000E+00  6.546521E-01
  1.080000E+00  6.565387E-01
  1.082000E+00  6.584210E-01
  1.084000E+00  6.602990E-01
  1.086000E+00  6.621725E-01
  1.088000E+00  6.640415E-01
  1.090000E+00  6.659060E-01
  1.092000E+00  6.677658E-01
  1.094000E+00  6.696209E-01
  1.096000E+00  6.714713E-01
  1.098000E+00  6.733168E-01
  1.100000E+00  6.751575E-01
  1.102000E+00  6.769932E-01
  1.104000E+00  6.788238E-01
  1.106000E+00  6.806494E-01
  1.108000E+00  6.824697E-01
  1.110000E+00  6.842847E-01
  1.112000E+00  6.860943E-01
  1.114000E+00  6.878983E-01
  1.116000E+00  6.896965E-01
  1.118000E+00  6.914885E-01
  1.120000E+00  6.932736E-01
  1.122000E+00  6.950499E-01
  1.124000E+00  6.968215E-01
  1.126000E+00  6.985890E-01
  1.128000E+00  7.003523E-01
  1.130000E+00  7.021115E-01
  1.132000E+00  7.038666E-01
  1.134000E+00  7.056175E-01
  1.136000E+00  7.073642E-01
  1.138000E+00  7.091067E-01
  1.140000E+00  7.108450E-01
  1.142000E+00  7.125791E-01
  1.144000E+00  7.143089E-01
  1.146000E+00  7.160346E-01
  1.148000E+00  7.177560E-01
  1.150000E+00  7.194732E-01
  1.152000E+00  7.211861E-01
  1.154000E+00  7.228948E-01
  1.156000E+00  7.245992E-01
  1.158000E+00  7.262994E-01
  1.160000E+00  7.279953E-01
  1.162000E+00  7.296870E-01
  1.164000E+00  7.313744E-01
  1.166000E+00  7.330576E-01
  1.168000E+00  7.347365E-01
  1.170000E+00  7.364111E-01
  1.172000E+00  7.380815E-01
  1.174000E+00  7.397476E-01
  1.176000E+00  7.414095E-01
  1.178000E+00  7.430671E-01
  1.180000E+00  7.447204E-01
  1.182000E+00  7.463696E-01
  1.184000E+00  7.480145E-01
  1.186000E+00  7.496551E-01
  1.188000E+00  7.512915E-01
  1.190000E+00  7.529237E-01
  1.192000E+00  7.545517E-01
  1.194000E+00  7.561755E-01
  1.196000E+00  7.577950E-01
  1.198000E+00  7.594104E-01
  1.200000E+00  7.610215E-01
