  1.000000E-02  9.288819E+02
  1.200000E-02  9.267307E+02
  1.400000E-02  9.246023E+02
  1.600000E-02  9.224962E+02
  1.800000E-02  9.204120E+02
  2.000000E-02  9.183494E+02
  2.200000E-02  9.163079E+02
  2.400000E-02  9.142872E+02
  2.600000E-02  9.122870E+02
  2.800000E-02  9.103070E+02
  3.000000E-02  9.083469E+02
  3.200000E-02  9.064063E+02
  3.400000E-02  9.044849E+02
  3.600000E-02  9.025825E+02
  3.800000E-02  9.006989E+02
  4.000000E-02  8.988336E+02
  4.200000E-02  8.969865E+02
  4.400000E-02  8.951573E+02
  4.600000E-02  8.933458E+02
  4.800000E-02  8.915517E+02
  5.000000E-02  8.897747E+02
  5.200000E-02  8.880147E+02
  5.400000E-02  8.862714E+02
  5.600000E-02  8.845445E+02
  5.800000E-02  8.828339E+02
  6.000000E-02  8.811394E+02
  6.200000E-02  8.794606E+02
  6.400000E-02  8.777975E+02
  6.600000E-02  8.761497E+02
  6.800000E-02  8.745172E+02
  7.000000E-02  8.728996E+02
  7.200000E-02  8.712969E+02
  7.400000E-02  8.697088E+02
  7.600000E-02  8.681351E+02
  7.800000E-02  8.665756E+02
  8.000000E-02  8.650302E+02
  8.200000E-02  8.634987E+02
  8.400000E-02  8.619809E+02
  8.600000E-02  8.604766E+02
  8.800000E-02  8.589857E+02
  9.000000E-02  8.575080E+02
  9.200000E-02  8.560433E+02
  9.400000E-02  8.545915E+02
  9.600000E-02  8.531524E+02
  9.800000E-02  8.517258E+02
  1.000000E-01  8.503117E+02
  1.020000E-01  8.489098E+02
  1.040000E-01  8.475200E+02
  1.060000E-01  8.461422E+02
  1.080000E-01  8.447761E+02
  1.100000E-01  8.434218E+02
  1.120000E-01  8.420789E+02
  1.140000E-01  8.407475E+02
  1.160000E-01  8.394273E+02
  1.180000E-01  8.381183E+02
  1.200000E-01  8.368202E+02
  1.220000E-01  8.355330E+02
  1.240000E-01  8.342565E+02
  1.260000E-01  8.329907E+02
  1.280000E-01  8.317353E+02
  1.300000E-01  8.304903E+02
  1.320000E-01  8.292550E+02
  1.340000E-01  8.280296E+02
  1.360000E-01  8.268140E+02
  1.380000E-01  8.256081E+02
  1.400000E-01  8.244119E+02
  1.420000E-01  8.232252E+02
  1.440000E-01  8.220479E+02
  1.460000E-01  8.208800E+02
  1.480000E-01  8.197214E+02
  1.500000E-01  8.185719E+02
  1.520000E-01  8.174315E+02
  1.540000E-01  8.163000E+02
  1.560000E-01  8.151774E+02
  1.580000E-01  8.140636E+02
  1.600000E-01  8.129585E+02
  1.620000E-01  8.118619E+02
  1.640000E-01  8.107739E+02
  1.660000E-01  8.096942E+02
  1.680000E-01  8.086229E+02
  1.700000E-01  8.075598E+02
  1.720000E-01  8.065049E+02
  1.740000E-01  8.054580E+02
  1.760000E-01  8.044191E+02
  1.780000E-01  8.033881E+02
  1.800000E-01  8.023648E+02
  1.820000E-01  8.013493E+02
  1.840000E-01  8.003415E+02
  1.860000E-01  7.993412E+02
  1.880000E-01  7.983484E+02
  1.900000E-01  7.973630E+02
  1.920000E-01  7.963849E+02
  1.940000E-01  7.954141E+02
  1.960000E-01  7.944505E+02
  1.980000E-01  7.934940E+02
  2.000000E-01  7.925446E+02
  2.020000E-01  7.916020E+02
  2.040000E-01  7.906664E+02
  2.060000E-01  7.897377E+02
  2.080000E-01  7.888156E+02
  2.100000E-01  7.879003E+02
  2.120000E-01  7.869916E+02
  2.140000E-01  7.860894E+02
  2.160000E-01  7.851938E+02
  2.180000E-01  7.843045E+02
  2.200000E-01  7.834216E+02
  2.220000E-01  7.825451E+02
  2.240000E-01  7.816747E+02
  2.260000E-01  7.808105E+02
  2.280000E-01  7.799525E+02
  2.300000E-01  7.791005E+02
  2.320000E-01  7.782545E+02
  2.340000E-01  7.774144E+02
  2.360000E-01  7.765803E+02
  2.380000E-01  7.757519E+02
  2.400000E-01  7.749293E+02
  2.420000E-01  7.741124E+02
  2.440000E-01  7.733012E+02
  2.460000E-01  7.724956E+02
  2.480000E-01  7.716956E+02
  2.500000E-01  7.709010E+02
  2.520000E-01  7.701119E+02
  2.540000E-01  7.693281E+02
  2.560000E-01  7.685498E+02
  2.580000E-01  7.677767E+02
  2.600000E-01  7.670088E+02
  2.620000E-01  7.662462E+02
  2.640000E-01  7.654886E+02
  2.660000E-01  7.647362E+02
  2.680000E-01  7.639889E+02
  2.700000E-01  7.632465E+02
  2.720000E-01  7.625091E+02
  2.740000E-01  7.617766E+02
  2.760000E-01  7.610490E+02
  2.780000E-01  7.603262E+02
  2.800000E-01  7.596082E+02
  2.820000E-01  7.588949E+02
  2.840000E-01  7.581863E+02
  2.860000E-01  7.574823E+02
  2.880000E-01  7.567829E+02
  2.900000E-01  7.560882E+02
  2.920000E-01  7.553979E+02
  2.940000E-01  7.547121E+02
  2.960000E-01  7.540308E+02
  2.980000E-01  7.533539E+02
  3.000000E-01  7.526813E+02
  3.020000E-01  7.520130E+02
  3.040000E-01  7.513491E+02
  3.060000E-01  7.506894E+02
  3.080000E-01  7.500339E+02
  3.100000E-01  7.493825E+02
  3.120000E-01  7.487353E+02
  3.140000E-01  7.480923E+02
  3.160000E-01  7.474532E+02
  3.180000E-01  7.468182E+02
  3.200000E-01  7.461872E+02
  3.220000E-01  7.455602E+02
  3.240000E-01  7.449371E+02
  3.260000E-01  7.443179E+02
  3.280000E-01  7.437025E+02
  3.300000E-01  7.430909E+02
  3.320000E-01  7.424832E+02
  3.340000E-01  7.418792E+02
  3.360000E-01  7.412789E+02
  3.380000E-01  7.406824E+02
  3.400000E-01  7.400895E+02
  3.420000E-01  7.395002E+02
  3.440000E-01  7.389145E+02
  3.460000E-01  7.383324E+02
  3.480000E-01  7.377539E+02
  3.500000E-01  7.371789E+02
  3.520000E-01  7.366073E+02
  3.540000E-01  7.360392E+02
  3.560000E-01  7.354745E+02
  3.580000E-01  7.349132E+02
  3.600000E-01  7.343553E+02
  3.620000E-01  7.338007E+02
  3.640000E-01  7.332495E+02
  3.660000E-01  7.327015E+02
  3.680000E-01  7.321568E+02
  3.700000E-01  7.316153E+02
  3.720000E-01  7.310770E+02
  3.740000E-01  7.305419E+02
  3.760000E-01  7.300100E+02
  3.780000E-01  7.294811E+02
  3.800000E-01  7.289554E+02
  3.820000E-01  7.284328E+02
  3.840000E-01  7.279132E+02
  3.860000E-01  7.273966E+02
  3.880000E-01  7.268831E+02
  3.900000E-01  7.263725E+02
  3.920000E-01  7.258648E+02
  3.940000E-01  7.253602E+02
  3.960000E-01  7.248584E+02
  3.980000E-01  7.243595E+02
  4.000000E-01  7.238634E+02
  4.020000E-01  7.233702E+02
  4.040000E-01  7.228798E+02
  4.060000E-01  7.223922E+02
  4.080000E-01  7.219074E+02
  4.100000E-01  7.214254E+02
  4.120000E-01  7.209460E+02
  4.140000E-01  7.204694E+02
  4.160000E-01  7.199954E+02
  4.180000E-01  7.195242E+02
  4.200000E-01  7.190555E+02
  4.220000E-01  7.185895E+02
  4.240000E-01  7.181261E+02
  4.260000E-01  7.176653E+02
  4.280000E-01  7.172071E+02
  4.300000E-01  7.167513E+02
  4.320000E-01  7.162982E+02
  4.340000E-01  7.158475E+02
  4.360000E-01  7.153993E+02
  4.380000E-01  7.149536E+02
  4.400000E-01  7.145103E+02
  4.420000E-01  7.140694E+02
  4.440000E-01  7.136310E+02
  4.460000E-01  7.131950E+02
  4.480000E-01  7.127613E+02
  4.500000E-01  7.123300E+02
  4.520000E-01  7.119010E+02
  4.540000E-01  7.114744E+02
  4.560000E-01  7.110501E+02
  4.580000E-01  7.106280E+02
  4.600000E-01  7.102082E+02
  4.620000E-01  7.097907E+02
  4.640000E-01  7.093754E+02
  4.660000E-01  7.089623E+02
  4.680000E-01  7.085515E+02
  4.700000E-01  7.081428E+02
  4.720000E-01  7.077363E+02
  4.740000E-01  7.073319E+02
  4.760000E-01  7.069297E+02
  4.780000E-01  7.065296E+02
  4.800000E-01  7.061317E+02
  4.820000E-01  7.057358E+02
  4.840000E-01  7.054487E+02
  4.860000E-01  7.051378E+02
  4.880000E-01  7.048336E+02
  4.900000E-01  7.045343E+02
  4.920000E-01  7.042390E+02
  4.940000E-01  7.039471E+02
  4.960000E-01  7.036582E+02
  4.980000E-01  7.033720E+02
  5.000000E-01  7.030882E+02
  5.020000E-01  7.028068E+02
  5.040000E-01  7.025274E+02
  5.060000E-01  7.022501E+02
  5.080000E-01  7.019746E+02
  5.100000E-01  7.017010E+02
  5.120000E-01  7.014292E+02
  5.140000E-01  7.011590E+02
  5.160000E-01  7.008904E+02
  5.180000E-01  7.006234E+02
  5.200000E-01  7.003579E+02
  5.220000E-01  7.000938E+02
  5.240000E-01  6.998313E+02
  5.260000E-01  6.995701E+02
  5.280000E-01  6.993102E+02
  5.300000E-01  6.990518E+02
  5.320000E-01  6.987946E+02
  5.340000E-01  6.985387E+02
  5.360000E-01  6.982841E+02
  5.380000E-01  6.980307E+02
  5.400000E-01  6.977785E+02
  5.420000E-01  6.975275E+02
  5.440000E-01  6.972777E+02
  5.460000E-01  6.970290E+02
  5.480000E-01  6.967815E+02
  5.500000E-01  6.965351E+02
  5.520000E-01  6.962899E+02
  5.540000E-01  6.960457E+02
  5.560000E-01  6.958026E+02
  5.580000E-01  6.955605E+02
  5.600000E-01  6.953195E+02
  5.620000E-01  6.950796E+02
  5.640000E-01  6.948406E+02
  5.660000E-01  6.946027E+02
  5.680000E-01  6.943658E+02
  5.700000E-01  6.941299E+02
  5.720000E-01  6.938949E+02
  5.740000E-01  6.936610E+02
  5.760000E-01  6.934280E+02
  5.780000E-01  6.931959E+02
  5.800000E-01  6.929648E+02
  5.820000E-01  6.927346E+02
  5.840000E-01  6.925054E+02
  5.860000E-01  6.922770E+02
  5.880000E-01  6.920496E+02
  5.900000E-01  6.918230E+02
  5.920000E-01  6.915974E+02
  5.940000E-01  6.913726E+02
  5.960000E-01  6.911487E+02
  5.980000E-01  6.909257E+02
  6.000000E-01  6.907035E+02
  6.020000E-01  6.904822E+02
  6.040000E-01  6.902617E+02
  6.060000E-01  6.900421E+02
  6.080000E-01  6.898233E+02
  6.100000E-01  6.896053E+02
  6.120000E-01  6.893882E+02
  6.140000E-01  6.891718E+02
  6.160000E-01  6.889563E+02
  6.180000E-01  6.887415E+02
  6.200000E-01  6.885276E+02
  6.220000E-01  6.883144E+02
  6.240000E-01  6.881020E+02
  6.260000E-01  6.878904E+02
  6.280000E-01  6.876796E+02
  6.300000E-01  6.874695E+02
  6.320000E-01  6.872602E+02
  6.340000E-01  6.870517E+02
  6.360000E-01  6.868438E+02
  6.380000E-01  6.866368E+02
  6.400000E-01  6.864304E+02
  6.420000E-01  6.862249E+02
  6.440000E-01  6.860200E+02
  6.460000E-01  6.858158E+02
  6.480000E-01  6.856124E+02
  6.500000E-01  6.854097E+02
  6.520000E-01  6.852077E+02
  6.540000E-01  6.850064E+02
  6.560000E-01  6.848058E+02
  6.580000E-01  6.846059E+02
  6.600000E-01  6.844066E+02
  6.620000E-01  6.842081E+02
  6.640000E-01  6.840102E+02
  6.660000E-01  6.838131E+02
  6.680000E-01  6.836166E+02
  6.700000E-01  6.834207E+02
  6.720000E-01  6.832255E+02
  6.740000E-01  6.830310E+02
  6.760000E-01  6.828372E+02
  6.780000E-01  6.826440E+02
  6.800000E-01  6.824514E+02
  6.820000E-01  6.822595E+02
  6.840000E-01  6.820682E+02
  6.860000E-01  6.818776E+02
  6.880000E-01  6.816876E+02
  6.900000E-01  6.814982E+02
  6.920000E-01  6.813095E+02
  6.940000E-01  6.811214E+02
  6.960000E-01  6.809338E+02
  6.980000E-01  6.807470E+02
  7.000000E-01  6.805607E+02
  7.020000E-01  6.803750E+02
  7.040000E-01  6.801899E+02
  7.060000E-01  6.800055E+02
  7.080000E-01  6.798216E+02
  7.100000E-01  6.796383E+02
  7.120000E-01  6.794556E+02
  7.140000E-01  6.792735E+02
  7.160000E-01  6.790920E+02
  7.180000E-01  6.789111E+02
  7.200000E-01  6.787307E+02
  7.220000E-01  6.785509E+02
  7.240000E-01  6.783717E+02
  7.260000E-01  6.781930E+02
  7.280000E-01  6.780150E+02
  7.300000E-01  6.778374E+02
  7.320000E-01  6.776605E+02
  7.340000E-01  6.774841E+02
  7.360000E-01  6.773082E+02
  7.380000E-01  6.771329E+02
  7.400000E-01  6.769582E+02
  7.420000E-01  6.767840E+02
  7.440000E-01  6.766103E+02
  7.460000E-01  6.764372E+02
  7.480000E-01  6.762646E+02
  7.500000E-01  6.760925E+02
  7.520000E-01  6.759210E+02
  7.540000E-01  6.757500E+02
  7.560000E-01  6.755795E+02
  7.580000E-01  6.754095E+02
  7.600000E-01  6.752401E+02
  7.620000E-01  6.750712E+02
  7.640000E-01  6.749028E+02
  7.660000E-01  6.747349E+02
  7.680000E-01  6.745675E+02
  7.700000E-01  6.744006E+02
  7.720000E-01  6.742342E+02
  7.740000E-01  6.740683E+02
  7.760000E-01  6.739030E+02
  7.780000E-01  6.737381E+02
  7.800000E-01  6.735737E+02
  7.820000E-01  6.734098E+02
  7.840000E-01  6.732464E+02
  7.860000E-01  6.730835E+02
  7.880000E-01  6.729210E+02
  7.900000E-01  6.727591E+02
  7.920000E-01  6.725976E+02
  7.940000E-01  6.724366E+02
  7.960000E-01  6.722761E+02
  7.980000E-01  6.721160E+02
  8.000000E-01  6.719565E+02
  8.020000E-01  6.717973E+02
  8.040000E-01  6.716387E+02
  8.060000E-01  6.714805E+02
  8.080000E-01  6.713228E+02
  8.100000E-01  6.711655E+02
  8.120000E-01  6.710087E+02
  8.140000E-01  6.708524E+02
  8.160000E-01  6.706965E+02
  8.180000E-01  6.705410E+02
  8.200000E-01  6.703861E+02
  8.220000E-01  6.702315E+02
  8.240000E-01  6.700774E+02
  8.260000E-01  6.699237E+02
  8.280000E-01  6.697705E+02
  8.300000E-01  6.696177E+02
  8.320000E-01  6.694654E+02
  8.340000E-01  6.693135E+02
  8.360000E-01  6.691620E+02
  8.380000E-01  6.690110E+02
  8.400000E-01  6.688603E+02
  8.420000E-01  6.687101E+02
  8.440000E-01  6.685604E+02
  8.460000E-01  6.684110E+02
  8.480000E-01  6.682621E+02
  8.500000E-01  6.681136E+02
  8.520000E-01  6.679655E+02
  8.540000E-01  6.678178E+02
  8.560000E-01  6.676706E+02
  8.580000E-01  6.675237E+02
  8.600000E-01  6.673773E+02
  8.620000E-01  6.672313E+02
  8.640000E-01  6.670856E+02
  8.660000E-01  6.669404E+02
  8.680000E-01  6.667956E+02
  8.700000E-01  6.666512E+02
  8.720000E-01  6.665072E+02
  8.740000E-01  6.663636E+02
  8.760000E-01  6.662203E+02
  8.780000E-01  6.660775E+02
  8.800000E-01  6.659351E+02
  8.820000E-01  6.657930E+02
  8.840000E-01  6.656514E+02
  8.860000E-01  6.655101E+02
  8.880000E-01  6.653692E+02
  8.900000E-01  6.652287E+02
  8.920000E-01  6.650886E+02
  8.940000E-01  6.649489E+02
  8.960000E-01  6.648095E+02
  8.980000E-01  6.646706E+02
  9.000000E-01  6.645320E+02
  9.020000E-01  6.643937E+02
  9.040000E-01  6.642559E+02
  9.060000E-01  6.641184E+02
  9.080000E-01  6.639813E+02
  9.100000E-01  6.638446E+02
  9.120000E-01  6.637082E+02
  9.140000E-01  6.635722E+02
  9.160000E-01  6.634365E+02
  9.180000E-01  6.633013E+02
  9.200000E-01  6.631663E+02
  9.220000E-01  6.630318E+02
  9.240000E-01  6.628976E+02
  9.260000E-01  6.627637E+02
  9.280000E-01  6.626302E+02
  9.300000E-01  6.624971E+02
  9.320000E-01  6.623643E+02
  9.340000E-01  6.622319E+02
  9.360000E-01  6.620998E+02
  9.380000E-01  6.619680E+02
  9.400000E-01  6.618367E+02
  9.420000E-01  6.617056E+02
  9.440000E-01  6.615749E+02
  9.460000E-01  6.614445E+02
  9.480000E-01  6.613145E+02
  9.500000E-01  6.611848E+02
  9.520000E-01  6.610555E+02
  9.540000E-01  6.609265E+02
  9.560000E-01  6.607978E+02
  9.580000E-01  6.606695E+02
  9.600000E-01  6.605415E+02
  9.620000E-01  6.604138E+02
  9.640000E-01  6.602865E+02
  9.660000E-01  6.601595E+02
  9.680000E-01  6.600328E+02
  9.700000E-01  6.599065E+02
  9.720000E-01  6.597804E+02
  9.740000E-01  6.596547E+02
  9.760000E-01  6.595503E+02
  9.780000E-01  6.594391E+02
  9.800000E-01  6.593297E+02
  9.820000E-01  6.592220E+02
  9.840000E-01  6.591157E+02
  9.860000E-01  6.590105E+02
  9.880000E-01  6.589065E+02
  9.900000E-01  6.588035E+02
  9.920000E-01  6.587014E+02
  9.940000E-01  6.586002E+02
  9.960000E-01  6.584998E+02
  9.980000E-01  6.584001E+02
  1.000000E+00  6.583011E+02
  1.002000E+00  6.582028E+02
  1.004000E+00  6.581051E+02
  1.006000E+00  6.580080E+02
  1.008000E+00  6.579115E+02
  1.010000E+00  6.578156E+02
  1.012000E+00  6.577202E+02
  1.014000E+00  6.576253E+02
  1.016000E+00  6.575309E+02
  1.018000E+00  6.574370E+02
  1.020000E+00  6.573435E+02
  1.022000E+00  6.572505E+02
  1.024000E+00  6.571580E+02
  1.026000E+00  6.570658E+02
  1.028000E+00  6.569741E+02
  1.030000E+00  6.568827E+02
  1.032000E+00  6.567918E+02
  1.034000E+00  6.567012E+02
  1.036000E+00  6.566110E+02
  1.038000E+00  6.565212E+02
  1.040000E+00  6.564317E+02
  1.042000E+00  6.563426E+02
  1.044000E+00  6.562538E+02
  1.046000E+00  6.561653E+02
  1.048000E+00  6.560771E+02
  1.050000E+00  6.559893E+02
  1.052000E+00  6.559018E+02
  1.054000E+00  6.558146E+02
  1.056000E+00  6.557277E+02
  1.058000E+00  6.556411E+02
  1.060000E+00  6.555547E+02
  1.062000E+00  6.554687E+02
  1.064000E+00  6.553830E+02
  1.066000E+00  6.552975E+02
  1.068000E+00  6.552123E+02
  1.070000E+00  6.551273E+02
  1.072000E+00  6.550426E+02
  1.074000E+00  6.549582E+02
  1.076000E+00  6.548741E+02
  1.078000E+00  6.547902E+02
  1.080000E+00  6.547065E+02
  1.082000E+00  6.546231E+02
  1.084000E+00  6.545399E+02
  1.086000E+00  6.544570E+02
  1.088000E+00  6.543742E+02
  1.090000E+00  6.542918E+02
  1.092000E+00  6.542095E+02
  1.094000E+00  6.541275E+02
  1.096000E+00  6.540457E+02
  1.098000E+00  6.539641E+02
  1.100000E+00  6.538827E+02
  1.102000E+00  6.538016E+02
  1.104000E+00  6.537206E+02
  1.106000E+00  6.536399E+02
  1.108000E+00  6.535593E+02
  1.110000E+00  6.534790E+02
  1.112000E+00  6.533988E+02
  1.114000E+00  6.533189E+02
  1.116000E+00  6.532391E+02
  1.118000E+00  6.531594E+02
  1.120000E+00  6.530799E+02
  1.122000E+00  6.530005E+02
  1.124000E+00  6.529213E+02
  1.126000E+00  6.528424E+02
  1.128000E+00  6.527636E+02
  1.130000E+00  6.526851E+02
  1.132000E+00  6.526067E+02
  1.134000E+00  6.525286E+02
  1.136000E+00  6.524507E+02
  1.138000E+00  6.523730E+02
  1.140000E+00  6.522955E+02
  1.142000E+00  6.522182E+02
  1.144000E+00  6.521411E+02
  1.146000E+00  6.520642E+02
  1.148000E+00  6.519875E+02
  1.150000E+00  6.519110E+02
  1.152000E+00  6.518347E+02
  1.154000E+00  6.517586E+02
  1.156000E+00  6.516827E+02
  1.158000E+00  6.516070E+02
  1.160000E+00  6.515315E+02
  1.162000E+00  6.514562E+02
  1.164000E+00  6.513811E+02
  1.166000E+00  6.513061E+02
  1.168000E+00  6.512314E+02
  1.170000E+00  6.511568E+02
  1.172000E+00  6.510824E+02
  1.174000E+00  6.510082E+02
  1.176000E+00  6.509342E+02
  1.178000E+00  6.508603E+02
  1.180000E+00  6.507867E+02
  1.182000E+00  6.507132E+02
  1.184000E+00  6.506399E+02
  1.186000E+00  6.505668E+02
  1.188000E+00  6.504938E+02
  1.190000E+00  6.504211E+02
  1.192000E+00  6.503485E+02
  1.194000E+00  6.502760E+02
  1.196000E+00  6.502038E+02
  1.198000E+00  6.501317E+02
  1.200000E+00  6.500598E+02
