  1.000000E-02  1.107682E+03
  1.200000E-02  1.105697E+03
  1.400000E-02  1.103737E+03
  1.600000E-02  1.101801E+03
  1.800000E-02  1.099889E+03
  2.000000E-02  1.097999E+03
  2.200000E-02  1.096133E+03
  2.400000E-02  1.094289E+03
  2.600000E-02  1.092467E+03
  2.800000E-02  1.090666E+03
  3.000000E-02  1.088887E+03
  3.200000E-02  1.087128E+03
  3.400000E-02  1.085390E+03
  3.600000E-02  1.083673E+03
  3.800000E-02  1.081974E+03
  4.000000E-02  1.080296E+03
  4.200000E-02  1.078636E+03
  4.400000E-02  1.076996E+03
  4.600000E-02  1.075374E+03
  4.800000E-02  1.073770E+03
  5.000000E-02  1.072184E+03
  5.200000E-02  1.070616E+03
  5.400000E-02  1.069065E+03
  5.600000E-02  1.067531E+03
  5.800000E-02  1.066014E+03
  6.000000E-02  1.064514E+03
  6.200000E-02  1.063030E+03
  6.400000E-02  1.061563E+03
  6.600000E-02  1.060111E+03
  6.800000E-02  1.058674E+03
  7.000000E-02  1.057253E+03
  7.200000E-02  1.055848E+03
  7.400000E-02  1.054457E+03
  7.600000E-02  1.053081E+03
  7.800000E-02  1.051719E+03
  8.000000E-02  1.050372E+03
  8.200000E-02  1.049038E+03
  8.400000E-02  1.047719E+03
  8.600000E-02  1.046413E+03
  8.800000E-02  1.045121E+03
  9.000000E-02  1.043842E+03
  9.200000E-02  1.042576E+03
  9.400000E-02  1.041323E+03
  9.600000E-02  1.040082E+03
  9.800000E-02  1.038854E+03
  1.000000E-01  1.037639E+03
  1.020000E-01  1.036435E+03
  1.040000E-01  1.035244E+03
  1.060000E-01  1.034065E+03
  1.080000E-01  1.032897E+03
  1.100000E-01  1.031741E+03
  1.120000E-01  1.030596E+03
  1.140000E-01  1.029462E+03
  1.160000E-01  1.028339E+03
  1.180000E-01  1.027228E+03
  1.200000E-01  1.026127E+03
  1.220000E-01  1.025036E+03
  1.240000E-01  1.023956E+03
  1.260000E-01  1.022887E+03
  1.280000E-01  1.021827E+03
  1.300000E-01  1.020778E+03
  1.320000E-01  1.019738E+03
  1.340000E-01  1.018708E+03
  1.360000E-01  1.017687E+03
  1.380000E-01  1.016676E+03
  1.400000E-01  1.015674E+03
  1.420000E-01  1.014681E+03
  1.440000E-01  1.013697E+03
  1.460000E-01  1.012722E+03
  1.480000E-01  1.011756E+03
  1.500000E-01  1.010799E+03
  1.520000E-01  1.009850E+03
  1.540000E-01  1.008910E+03
  1.560000E-01  1.007978E+03
  1.580000E-01  1.007055E+03
  1.600000E-01  1.006140E+03
  1.620000E-01  1.005233E+03
  1.640000E-01  1.004334E+03
  1.660000E-01  1.003443E+03
  1.680000E-01  1.002559E+03
  1.700000E-01  1.001684E+03
  1.720000E-01  1.000816E+03
  1.740000E-01  9.999557E+02
  1.760000E-01  9.991028E+02
  1.780000E-01  9.982573E+02
  1.800000E-01  9.974190E+02
  1.820000E-01  9.965880E+02
  1.840000E-01  9.957640E+02
  1.860000E-01  9.949471E+02
  1.880000E-01  9.941371E+02
  1.900000E-01  9.933340E+02
  1.920000E-01  9.925376E+02
  1.940000E-01  9.917480E+02
  1.960000E-01  9.909649E+02
  1.980000E-01  9.901884E+02
  2.000000E-01  9.894184E+02
  2.020000E-01  9.886548E+02
  2.040000E-01  9.878974E+02
  2.060000E-01  9.871463E+02
  2.080000E-01  9.864014E+02
  2.100000E-01  9.856626E+02
  2.120000E-01  9.849299E+02
  2.140000E-01  9.842031E+02
  2.160000E-01  9.834822E+02
  2.180000E-01  9.827671E+02
  2.200000E-01  9.820578E+02
  2.220000E-01  9.813542E+02
  2.240000E-01  9.806562E+02
  2.260000E-01  9.799638E+02
  2.280000E-01  9.792770E+02
  2.300000E-01  9.785955E+02
  2.320000E-01  9.779195E+02
  2.340000E-01  9.772488E+02
  2.360000E-01  9.765834E+02
  2.380000E-01  9.759232E+02
  2.400000E-01  9.752681E+02
  2.420000E-01  9.746182E+02
  2.440000E-01  9.739733E+02
  2.460000E-01  9.733334E+02
  2.480000E-01  9.726984E+02
  2.500000E-01  9.720683E+02
  2.520000E-01  9.714431E+02
  2.540000E-01  9.708227E+02
  2.560000E-01  9.702069E+02
  2.580000E-01  9.695959E+02
  2.600000E-01  9.689895E+02
  2.620000E-01  9.683877E+02
  2.640000E-01  9.677904E+02
  2.660000E-01  9.671976E+02
  2.680000E-01  9.666093E+02
  2.700000E-01  9.660253E+02
  2.720000E-01  9.654457E+02
  2.740000E-01  9.648704E+02
  2.760000E-01  9.642994E+02
  2.780000E-01  9.637326E+02
  2.800000E-01  9.631700E+02
  2.820000E-01  9.626115E+02
  2.840000E-01  9.620570E+02
  2.860000E-01  9.615067E+02
  2.880000E-01  9.609603E+02
  2.900000E-01  9.604179E+02
  2.920000E-01  9.598795E+02
  2.940000E-01  9.593449E+02
  2.960000E-01  9.588141E+02
  2.980000E-01  9.582872E+02
  3.000000E-01  9.577641E+02
  3.020000E-01  9.572447E+02
  3.040000E-01  9.567289E+02
  3.060000E-01  9.562169E+02
  3.080000E-01  9.557084E+02
  3.100000E-01  9.552036E+02
  3.120000E-01  9.547023E+02
  3.140000E-01  9.542045E+02
  3.160000E-01  9.537103E+02
  3.180000E-01  9.532194E+02
  3.200000E-01  9.527320E+02
  3.220000E-01  9.522480E+02
  3.240000E-01  9.517673E+02
  3.260000E-01  9.512899E+02
  3.280000E-01  9.508159E+02
  3.300000E-01  9.503451E+02
  3.320000E-01  9.498775E+02
  3.340000E-01  9.494131E+02
  3.360000E-01  9.489518E+02
  3.380000E-01  9.484938E+02
  3.400000E-01  9.480388E+02
  3.420000E-01  9.475869E+02
  3.440000E-01  9.471380E+02
  3.460000E-01  9.466921E+02
  3.480000E-01  9.462493E+02
  3.500000E-01  9.458094E+02
  3.520000E-01  9.453724E+02
  3.540000E-01  9.449384E+02
  3.560000E-01  9.445072E+02
  3.580000E-01  9.440789E+02
  3.600000E-01  9.436534E+02
  3.620000E-01  9.432308E+02
  3.640000E-01  9.428108E+02
  3.660000E-01  9.423937E+02
  3.680000E-01  9.419793E+02
  3.700000E-01  9.415675E+02
  3.720000E-01  9.411585E+02
  3.740000E-01  9.407521E+02
  3.760000E-01  9.403483E+02
  3.780000E-01  9.399472E+02
  3.800000E-01  9.395486E+02
  3.820000E-01  9.391526E+02
  3.840000E-01  9.387591E+02
  3.860000E-01  9.383681E+02
  3.880000E-01  9.379797E+02
  3.900000E-01  9.375937E+02
  3.920000E-01  9.372101E+02
  3.940000E-01  9.368290E+02
  3.960000E-01  9.364503E+02
  3.980000E-01  9.360739E+02
  4.000000E-01  9.356999E+02
  4.020000E-01  9.353283E+02
  4.040000E-01  9.349590E+02
  4.060000E-01  9.345920E+02
  4.080000E-01  9.342273E+02
  4.100000E-01  9.338648E+02
  4.120000E-01  9.335046E+02
  4.140000E-01  9.331466E+02
  4.160000E-01  9.327908E+02
  4.180000E-01  9.324372E+02
  4.200000E-01  9.320857E+02
  4.220000E-01  9.317364E+02
  4.240000E-01  9.313893E+02
  4.260000E-01  9.310442E+02
  4.280000E-01  9.307013E+02
  4.300000E-01  9.303771E+02
  4.320000E-01  9.300486E+02
  4.340000E-01  9.297232E+02
  4.360000E-01  9.294009E+02
  4.380000E-01  9.290814E+02
  4.400000E-01  9.287645E+02
  4.420000E-01  9.284502E+02
  4.440000E-01  9.281384E+02
  4.460000E-01  9.278289E+02
  4.480000E-01  9.275217E+02
  4.500000E-01  9.272168E+02
  4.520000E-01  9.269141E+02
  4.540000E-01  9.266134E+02
  4.560000E-01  9.263149E+02
  4.580000E-01  9.260184E+02
  4.600000E-01  9.257239E+02
  4.620000E-01  9.254314E+02
  4.640000E-01  9.251408E+02
  4.660000E-01  9.248521E+02
  4.680000E-01  9.245653E+02
  4.700000E-01  9.242803E+02
  4.720000E-01  9.239971E+02
  4.740000E-01  9.237156E+02
  4.760000E-01  9.234360E+02
  4.780000E-01  9.231580E+02
  4.800000E-01  9.228818E+02
  4.820000E-01  9.226072E+02
  4.840000E-01  9.223343E+02
  4.860000E-01  9.220630E+02
  4.880000E-01  9.217934E+02
  4.900000E-01  9.215253E+02
  4.920000E-01  9.212589E+02
  4.940000E-01  9.209939E+02
  4.960000E-01  9.207306E+02
  4.980000E-01  9.204687E+02
  5.000000E-01  9.202084E+02
  5.020000E-01  9.199496E+02
  5.040000E-01  9.197476E+02
  5.060000E-01  9.195227E+02
  5.080000E-01  9.193014E+02
  5.100000E-01  9.190828E+02
  5.120000E-01  9.188667E+02
  5.140000E-01  9.186527E+02
  5.160000E-01  9.184408E+02
  5.180000E-01  9.182305E+02
  5.200000E-01  9.180220E+02
  5.220000E-01  9.178150E+02
  5.240000E-01  9.176096E+02
  5.260000E-01  9.174055E+02
  5.280000E-01  9.172027E+02
  5.300000E-01  9.170013E+02
  5.320000E-01  9.168011E+02
  5.340000E-01  9.166021E+02
  5.360000E-01  9.164042E+02
  5.380000E-01  9.162075E+02
  5.400000E-01  9.160119E+02
  5.420000E-01  9.158174E+02
  5.440000E-01  9.156239E+02
  5.460000E-01  9.154314E+02
  5.480000E-01  9.152399E+02
  5.500000E-01  9.150494E+02
  5.520000E-01  9.148599E+02
  5.540000E-01  9.146713E+02
  5.560000E-01  9.144837E+02
  5.580000E-01  9.142970E+02
  5.600000E-01  9.141111E+02
  5.620000E-01  9.139262E+02
  5.640000E-01  9.137421E+02
  5.660000E-01  9.135589E+02
  5.680000E-01  9.133765E+02
  5.700000E-01  9.131950E+02
  5.720000E-01  9.130143E+02
  5.740000E-01  9.128344E+02
  5.760000E-01  9.126554E+02
  5.780000E-01  9.124771E+02
  5.800000E-01  9.122996E+02
  5.820000E-01  9.121229E+02
  5.840000E-01  9.119470E+02
  5.860000E-01  9.117718E+02
  5.880000E-01  9.115974E+02
  5.900000E-01  9.114238E+02
  5.920000E-01  9.112508E+02
  5.940000E-01  9.110787E+02
  5.960000E-01  9.109072E+02
  5.980000E-01  9.107365E+02
  6.000000E-01  9.105665E+02
  6.020000E-01  9.103972E+02
  6.040000E-01  9.102285E+02
  6.060000E-01  9.100606E+02
  6.080000E-01  9.098934E+02
  6.100000E-01  9.097269E+02
  6.120000E-01  9.095610E+02
  6.140000E-01  9.093958E+02
  6.160000E-01  9.092313E+02
  6.180000E-01  9.090675E+02
  6.200000E-01  9.089043E+02
  6.220000E-01  9.087417E+02
  6.240000E-01  9.085798E+02
  6.260000E-01  9.084186E+02
  6.280000E-01  9.082579E+02
  6.300000E-01  9.080979E+02
  6.320000E-01  9.079386E+02
  6.340000E-01  9.077799E+02
  6.360000E-01  9.076217E+02
  6.380000E-01  9.074642E+02
  6.400000E-01  9.073073E+02
  6.420000E-01  9.071511E+02
  6.440000E-01  9.069954E+02
  6.460000E-01  9.068403E+02
  6.480000E-01  9.066858E+02
  6.500000E-01  9.065319E+02
  6.520000E-01  9.063786E+02
  6.540000E-01  9.062259E+02
  6.560000E-01  9.060737E+02
  6.580000E-01  9.059221E+02
  6.600000E-01  9.057711E+02
  6.620000E-01  9.056207E+02
  6.640000E-01  9.054708E+02
  6.660000E-01  9.053215E+02
  6.680000E-01  9.051727E+02
  6.700000E-01  9.050245E+02
  6.720000E-01  9.048769E+02
  6.740000E-01  9.047298E+02
  6.760000E-01  9.045832E+02
  6.780000E-01  9.044372E+02
  6.800000E-01  9.042917E+02
  6.820000E-01  9.041467E+02
  6.840000E-01  9.040023E+02
  6.860000E-01  9.038584E+02
  6.880000E-01  9.037150E+02
  6.900000E-01  9.035721E+02
  6.920000E-01  9.034298E+02
  6.940000E-01  9.032880E+02
  6.960000E-01  9.031467E+02
  6.980000E-01  9.030059E+02
  7.000000E-01  9.028656E+02
  7.020000E-01  9.027258E+02
  7.040000E-01  9.025865E+02
  7.060000E-01  9.024477E+02
  7.080000E-01  9.023093E+02
  7.100000E-01  9.021715E+02
  7.120000E-01  9.020342E+02
  7.140000E-01  9.018974E+02
  7.160000E-01  9.017610E+02
  7.180000E-01  9.016251E+02
  7.200000E-01  9.014897E+02
  7.220000E-01  9.013548E+02
  7.240000E-01  9.012203E+02
  7.260000E-01  9.010863E+02
  7.280000E-01  9.009528E+02
  7.300000E-01  9.008198E+02
  7.320000E-01  9.006872E+02
  7.340000E-01  9.005550E+02
  7.360000E-01  9.004234E+02
  7.380000E-01  9.002921E+02
  7.400000E-01  9.001614E+02
  7.420000E-01  9.000311E+02
  7.440000E-01  8.999012E+02
  7.460000E-01  8.997718E+02
  7.480000E-01  8.996428E+02
  7.500000E-01  8.995142E+02
  7.520000E-01  8.993861E+02
  7.540000E-01  8.992585E+02
  7.560000E-01  8.991312E+02
  7.580000E-01  8.990044E+02
  7.600000E-01  8.988781E+02
  7.620000E-01  8.987521E+02
  7.640000E-01  8.986266E+02
  7.660000E-01  8.985015E+02
  7.680000E-01  8.983768E+02
  7.700000E-01  8.982525E+02
  7.720000E-01  8.981287E+02
  7.740000E-01  8.980053E+02
  7.760000E-01  8.978822E+02
  7.780000E-01  8.977596E+02
  7.800000E-01  8.976374E+02
  7.820000E-01  8.975156E+02
  7.840000E-01  8.973942E+02
  7.860000E-01  8.972733E+02
  7.880000E-01  8.971527E+02
  7.900000E-01  8.970325E+02
  7.920000E-01  8.969127E+02
  7.940000E-01  8.967933E+02
  7.960000E-01  8.966742E+02
  7.980000E-01  8.965556E+02
  8.000000E-01  8.964374E+02
  8.020000E-01  8.963195E+02
  8.040000E-01  8.962021E+02
  8.060000E-01  8.960850E+02
  8.080000E-01  8.959683E+02
  8.100000E-01  8.958520E+02
  8.120000E-01  8.957360E+02
  8.140000E-01  8.956204E+02
  8.160000E-01  8.955052E+02
  8.180000E-01  8.953904E+02
  8.200000E-01  8.952759E+02
  8.220000E-01  8.951618E+02
  8.240000E-01  8.950481E+02
  8.260000E-01  8.949348E+02
  8.280000E-01  8.948218E+02
  8.300000E-01  8.947091E+02
  8.320000E-01  8.945968E+02
  8.340000E-01  8.944849E+02
  8.360000E-01  8.943733E+02
  8.380000E-01  8.942621E+02
  8.400000E-01  8.941513E+02
  8.420000E-01  8.940408E+02
  8.440000E-01  8.939306E+02
  8.460000E-01  8.938208E+02
  8.480000E-01  8.937113E+02
  8.500000E-01  8.936022E+02
  8.520000E-01  8.934934E+02
  8.540000E-01  8.933850E+02
  8.560000E-01  8.932769E+02
  8.580000E-01  8.931691E+02
  8.600000E-01  8.930617E+02
  8.620000E-01  8.929546E+02
  8.640000E-01  8.928478E+02
  8.660000E-01  8.927414E+02
  8.680000E-01  8.926353E+02
  8.700000E-01  8.925376E+02
  8.720000E-01  8.924394E+02
  8.740000E-01  8.923428E+02
  8.760000E-01  8.922474E+02
  8.780000E-01  8.921531E+02
  8.800000E-01  8.920597E+02
  8.820000E-01  8.919672E+02
  8.840000E-01  8.918756E+02
  8.860000E-01  8.917846E+02
  8.880000E-01  8.916943E+02
  8.900000E-01  8.916047E+02
  8.920000E-01  8.915157E+02
  8.940000E-01  8.914272E+02
  8.960000E-01  8.913393E+02
  8.980000E-01  8.912519E+02
  9.000000E-01  8.911650E+02
  9.020000E-01  8.910786E+02
  9.040000E-01  8.909927E+02
  9.060000E-01  8.909072E+02
  9.080000E-01  8.908221E+02
  9.100000E-01  8.907374E+02
  9.120000E-01  8.906532E+02
  9.140000E-01  8.905693E+02
  9.160000E-01  8.904858E+02
  9.180000E-01  8.904026E+02
  9.200000E-01  8.903199E+02
  9.220000E-01  8.902374E+02
  9.240000E-01  8.901553E+02
  9.260000E-01  8.900736E+02
  9.280000E-01  8.899921E+02
  9.300000E-01  8.899110E+02
  9.320000E-01  8.898302E+02
  9.340000E-01  8.897497E+02
  9.360000E-01  8.896695E+02
  9.380000E-01  8.895896E+02
  9.400000E-01  8.895099E+02
  9.420000E-01  8.894306E+02
  9.440000E-01  8.893515E+02
  9.460000E-01  8.892727E+02
  9.480000E-01  8.891941E+02
  9.500000E-01  8.891159E+02
  9.520000E-01  8.890378E+02
  9.540000E-01  8.889601E+02
  9.560000E-01  8.888826E+02
  9.580000E-01  8.888053E+02
  9.600000E-01  8.887283E+02
  9.620000E-01  8.886515E+02
  9.640000E-01  8.885750E+02
  9.660000E-01  8.884986E+02
  9.680000E-01  8.884226E+02
  9.700000E-01  8.883467E+02
  9.720000E-01  8.882711E+02
  9.740000E-01  8.881957E+02
  9.760000E-01  8.881205E+02
  9.780000E-01  8.880456E+02
  9.800000E-01  8.879708E+02
  9.820000E-01  8.878963E+02
  9.840000E-01  8.878220E+02
  9.860000E-01  8.877479E+02
  9.880000E-01  8.876740E+02
  9.900000E-01  8.876003E+02
  9.920000E-01  8.875268E+02
  9.940000E-01  8.874535E+02
  9.960000E-01  8.873804E+02
  9.980000E-01  8.873075E+02
  1.000000E+00  8.872348E+02
  1.002000E+00  8.871623E+02
  1.004000E+00  8.870900E+02
  1.006000E+00  8.870179E+02
  1.008000E+00  8.869460E+02
  1.010000E+00  8.868742E+02
  1.012000E+00  8.868027E+02
  1.014000E+00  8.867313E+02
  1.016000E+00  8.866601E+02
  1.018000E+00  8.865891E+02
  1.020000E+00  8.865183E+02
  1.022000E+00  8.864476E+02
  1.024000E+00  8.863772E+02
  1.026000E+00  8.863069E+02
  1.028000E+00  8.862368E+02
  1.030000E+00  8.861668E+02
  1.032000E+00  8.860971E+02
  1.034000E+00  8.860275E+02
  1.036000E+00  8.859581E+02
  1.038000E+00  8.858888E+02
  1.040000E+00  8.858197E+02
  1.042000E+00  8.857508E+02
  1.044000E+00  8.856821E+02
  1.046000E+00  8.856135E+02
  1.048000E+00  8.855451E+02
  1.050000E+00  8.854768E+02
  1.052000E+00  8.854087E+02
  1.054000E+00  8.853408E+02
  1.056000E+00  8.852730E+02
  1.058000E+00  8.852054E+02
  1.060000E+00  8.851380E+02
  1.062000E+00  8.850707E+02
  1.064000E+00  8.850035E+02
  1.066000E+00  8.849366E+02
  1.068000E+00  8.848697E+02
  1.070000E+00  8.848031E+02
  1.072000E+00  8.847365E+02
  1.074000E+00  8.846702E+02
  1.076000E+00  8.846040E+02
  1.078000E+00  8.845379E+02
  1.080000E+00  8.844720E+02
  1.082000E+00  8.844062E+02
  1.084000E+00  8.843406E+02
  1.086000E+00  8.842752E+02
  1.088000E+00  8.842098E+02
  1.090000E+00  8.841447E+02
  1.092000E+00  8.840797E+02
  1.094000E+00  8.840148E+02
  1.096000E+00  8.839500E+02
  1.098000E+00  8.838854E+02
  1.100000E+00  8.838210E+02
  1.102000E+00  8.837567E+02
  1.104000E+00  8.836925E+02
  1.106000E+00  8.836285E+02
  1.108000E+00  8.835646E+02
  1.110000E+00  8.835009E+02
  1.112000E+00  8.834373E+02
  1.114000E+00  8.833738E+02
  1.116000E+00  8.833105E+02
  1.118000E+00  8.832473E+02
  1.120000E+00  8.831842E+02
  1.122000E+00  8.831213E+02
  1.124000E+00  8.830585E+02
  1.126000E+00  8.829959E+02
  1.128000E+00  8.829334E+02
  1.130000E+00  8.828710E+02
  1.132000E+00  8.828087E+02
  1.134000E+00  8.827466E+02
  1.136000E+00  8.826846E+02
  1.138000E+00  8.826227E+02
  1.140000E+00  8.825610E+02
  1.142000E+00  8.824994E+02
  1.144000E+00  8.824379E+02
  1.146000E+00  8.823766E+02
  1.148000E+00  8.823154E+02
  1.150000E+00  8.822543E+02
  1.152000E+00  8.821933E+02
  1.154000E+00  8.821325E+02
  1.156000E+00  8.820718E+02
  1.158000E+00  8.820112E+02
  1.160000E+00  8.819507E+02
  1.162000E+00  8.818904E+02
  1.164000E+00  8.818301E+02
  1.166000E+00  8.817700E+02
  1.168000E+00  8.817100E+02
  1.170000E+00  8.816502E+02
  1.172000E+00  8.815904E+02
  1.174000E+00  8.815308E+02
  1.176000E+00  8.814713E+02
  1.178000E+00  8.814119E+02
  1.180000E+00  8.813526E+02
  1.182000E+00  8.812934E+02
  1.184000E+00  8.812343E+02
  1.186000E+00  8.811754E+02
  1.188000E+00  8.811165E+02
  1.190000E+00  8.810577E+02
  1.192000E+00  8.809991E+02
  1.194000E+00  8.809405E+02
  1.196000E+00  8.808820E+02
  1.198000E+00  8.808236E+02
  1.200000E+00  8.807652E+02
