  1.000000E-02  1.314883E+03
  1.200000E-02  1.313900E+03
  1.400000E-02  1.312930E+03
  1.600000E-02  1.311972E+03
  1.800000E-02  1.311026E+03
  2.000000E-02  1.310091E+03
  2.200000E-02  1.309169E+03
  2.400000E-02  1.308258E+03
  2.600000E-02  1.307358E+03
  2.800000E-02  1.306469E+03
  3.000000E-02  1.305591E+03
  3.200000E-02  1.304724E+03
  3.400000E-02  1.303867E+03
  3.600000E-02  1.303021E+03
  3.800000E-02  1.302184E+03
  4.000000E-02  1.301358E+03
  4.200000E-02  1.300541E+03
  4.400000E-02  1.299734E+03
  4.600000E-02  1.298936E+03
  4.800000E-02  1.298148E+03
  5.000000E-02  1.297369E+03
  5.200000E-02  1.296598E+03
  5.400000E-02  1.295837E+03
  5.600000E-02  1.295084E+03
  5.800000E-02  1.294340E+03
  6.000000E-02  1.293605E+03
  6.200000E-02  1.292877E+03
  6.400000E-02  1.292158E+03
  6.600000E-02  1.291447E+03
  6.800000E-02  1.290744E+03
  7.000000E-02  1.290049E+03
  7.200000E-02  1.289361E+03
  7.400000E-02  1.288681E+03
  7.600000E-02  1.288008E+03
  7.800000E-02  1.287343E+03
  8.000000E-02  1.286685E+03
  8.200000E-02  1.286034E+03
  8.400000E-02  1.285390E+03
  8.600000E-02  1.284754E+03
  8.800000E-02  1.284123E+03
  9.000000E-02  1.283500E+03
  9.200000E-02  1.282883E+03
  9.400000E-02  1.282273E+03
  9.600000E-02  1.281669E+03
  9.800000E-02  1.281072E+03
  1.000000E-01  1.280481E+03
  1.020000E-01  1.279896E+03
  1.040000E-01  1.279317E+03
  1.060000E-01  1.278744E+03
  1.080000E-01  1.278177E+03
  1.100000E-01  1.277616E+03
  1.120000E-01  1.277060E+03
  1.140000E-01  1.276511E+03
  1.160000E-01  1.275966E+03
  1.180000E-01  1.275428E+03
  1.200000E-01  1.274894E+03
  1.220000E-01  1.274366E+03
  1.240000E-01  1.273844E+03
  1.260000E-01  1.273326E+03
  1.280000E-01  1.272814E+03
  1.300000E-01  1.272307E+03
  1.320000E-01  1.271804E+03
  1.340000E-01  1.271307E+03
  1.360000E-01  1.270814E+03
  1.380000E-01  1.270326E+03
  1.400000E-01  1.269842E+03
  1.420000E-01  1.269364E+03
  1.440000E-01  1.268889E+03
  1.460000E-01  1.268420E+03
  1.480000E-01  1.267954E+03
  1.500000E-01  1.267493E+03
  1.520000E-01  1.267037E+03
  1.540000E-01  1.266585E+03
  1.560000E-01  1.266137E+03
  1.580000E-01  1.265693E+03
  1.600000E-01  1.265253E+03
  1.620000E-01  1.264817E+03
  1.640000E-01  1.264386E+03
  1.660000E-01  1.263958E+03
  1.680000E-01  1.263534E+03
  1.700000E-01  1.263115E+03
  1.720000E-01  1.262699E+03
  1.740000E-01  1.262286E+03
  1.760000E-01  1.261878E+03
  1.780000E-01  1.261473E+03
  1.800000E-01  1.261072E+03
  1.820000E-01  1.260674E+03
  1.840000E-01  1.260280E+03
  1.860000E-01  1.259890E+03
  1.880000E-01  1.259503E+03
  1.900000E-01  1.259119E+03
  1.920000E-01  1.258739E+03
  1.940000E-01  1.258362E+03
  1.960000E-01  1.257989E+03
  1.980000E-01  1.257618E+03
  2.000000E-01  1.257251E+03
  2.020000E-01  1.256887E+03
  2.040000E-01  1.256527E+03
  2.060000E-01  1.256169E+03
  2.080000E-01  1.255815E+03
  2.100000E-01  1.255463E+03
  2.120000E-01  1.255115E+03
  2.140000E-01  1.254769E+03
  2.160000E-01  1.254427E+03
  2.180000E-01  1.254087E+03
  2.200000E-01  1.253750E+03
  2.220000E-01  1.253416E+03
  2.240000E-01  1.253085E+03
  2.260000E-01  1.252757E+03
  2.280000E-01  1.252431E+03
  2.300000E-01  1.252108E+03
  2.320000E-01  1.251788E+03
  2.340000E-01  1.251471E+03
  2.360000E-01  1.251156E+03
  2.380000E-01  1.250843E+03
  2.400000E-01  1.250534E+03
  2.420000E-01  1.250226E+03
  2.440000E-01  1.249922E+03
  2.460000E-01  1.249619E+03
  2.480000E-01  1.249320E+03
  2.500000E-01  1.249022E+03
  2.520000E-01  1.248727E+03
  2.540000E-01  1.248435E+03
  2.560000E-01  1.248144E+03
  2.580000E-01  1.247856E+03
  2.600000E-01  1.247571E+03
  2.620000E-01  1.247287E+03
  2.640000E-01  1.247006E+03
  2.660000E-01  1.246727E+03
  2.680000E-01  1.246451E+03
  2.700000E-01  1.246176E+03
  2.720000E-01  1.245904E+03
  2.740000E-01  1.245633E+03
  2.760000E-01  1.245365E+03
  2.780000E-01  1.245099E+03
  2.800000E-01  1.244835E+03
  2.820000E-01  1.244573E+03
  2.840000E-01  1.244313E+03
  2.860000E-01  1.244055E+03
  2.880000E-01  1.243800E+03
  2.900000E-01  1.243546E+03
  2.920000E-01  1.243293E+03
  2.940000E-01  1.243043E+03
  2.960000E-01  1.242795E+03
  2.980000E-01  1.242549E+03
  3.000000E-01  1.242304E+03
  3.020000E-01  1.242062E+03
  3.040000E-01  1.241821E+03
  3.060000E-01  1.241582E+03
  3.080000E-01  1.241344E+03
  3.100000E-01  1.241109E+03
  3.120000E-01  1.240875E+03
  3.140000E-01  1.240643E+03
  3.160000E-01  1.240413E+03
  3.180000E-01  1.240184E+03
  3.200000E-01  1.239957E+03
  3.220000E-01  1.239732E+03
  3.240000E-01  1.239508E+03
  3.260000E-01  1.239287E+03
  3.280000E-01  1.239066E+03
  3.300000E-01  1.238847E+03
  3.320000E-01  1.238630E+03
  3.340000E-01  1.238415E+03
  3.360000E-01  1.238201E+03
  3.380000E-01  1.237988E+03
  3.400000E-01  1.237777E+03
  3.420000E-01  1.237568E+03
  3.440000E-01  1.237360E+03
  3.460000E-01  1.237153E+03
  3.480000E-01  1.236948E+03
  3.500000E-01  1.236744E+03
  3.520000E-01  1.236542E+03
  3.540000E-01  1.236341E+03
  3.560000E-01  1.236142E+03
  3.580000E-01  1.235944E+03
  3.600000E-01  1.235748E+03
  3.620000E-01  1.235552E+03
  3.640000E-01  1.235359E+03
  3.660000E-01  1.235166E+03
  3.680000E-01  1.234975E+03
  3.700000E-01  1.234785E+03
  3.720000E-01  1.234597E+03
  3.740000E-01  1.234409E+03
  3.760000E-01  1.234223E+03
  3.780000E-01  1.234039E+03
  3.800000E-01  1.233855E+03
  3.820000E-01  1.233673E+03
  3.840000E-01  1.233492E+03
  3.860000E-01  1.233313E+03
  3.880000E-01  1.233134E+03
  3.900000E-01  1.232957E+03
  3.920000E-01  1.232781E+03
  3.940000E-01  1.232606E+03
  3.960000E-01  1.232432E+03
  3.980000E-01  1.232259E+03
  4.000000E-01  1.232088E+03
  4.020000E-01  1.231918E+03
  4.040000E-01  1.231749E+03
  4.060000E-01  1.231580E+03
  4.080000E-01  1.231414E+03
  4.100000E-01  1.231248E+03
  4.120000E-01  1.231083E+03
  4.140000E-01  1.230919E+03
  4.160000E-01  1.230757E+03
  4.180000E-01  1.230595E+03
  4.200000E-01  1.230435E+03
  4.220000E-01  1.230275E+03
  4.240000E-01  1.230117E+03
  4.260000E-01  1.229959E+03
  4.280000E-01  1.229803E+03
  4.300000E-01  1.229655E+03
  4.320000E-01  1.229506E+03
  4.340000E-01  1.229357E+03
  4.360000E-01  1.229211E+03
  4.380000E-01  1.229065E+03
  4.400000E-01  1.228921E+03
  4.420000E-01  1.228778E+03
  4.440000E-01  1.228636E+03
  4.460000E-01  1.228496E+03
  4.480000E-01  1.228356E+03
  4.500000E-01  1.228218E+03
  4.520000E-01  1.228080E+03
  4.540000E-01  1.227944E+03
  4.560000E-01  1.227809E+03
  4.580000E-01  1.227674E+03
  4.600000E-01  1.227541E+03
  4.620000E-01  1.227408E+03
  4.640000E-01  1.227276E+03
  4.660000E-01  1.227146E+03
  4.680000E-01  1.227016E+03
  4.700000E-01  1.226887E+03
  4.720000E-01  1.226759E+03
  4.740000E-01  1.226632E+03
  4.760000E-01  1.226505E+03
  4.780000E-01  1.226380E+03
  4.800000E-01  1.226255E+03
  4.820000E-01  1.226131E+03
  4.840000E-01  1.226008E+03
  4.860000E-01  1.225885E+03
  4.880000E-01  1.225764E+03
  4.900000E-01  1.225643E+03
  4.920000E-01  1.225523E+03
  4.940000E-01  1.225403E+03
  4.960000E-01  1.225285E+03
  4.980000E-01  1.225167E+03
  5.000000E-01  1.225050E+03
  5.020000E-01  1.224933E+03
  5.040000E-01  1.224842E+03
  5.060000E-01  1.224741E+03
  5.080000E-01  1.224642E+03
  5.100000E-01  1.224543E+03
  5.120000E-01  1.224446E+03
  5.140000E-01  1.224350E+03
  5.160000E-01  1.224255E+03
  5.180000E-01  1.224161E+03
  5.200000E-01  1.224067E+03
  5.220000E-01  1.223974E+03
  5.240000E-01  1.223882E+03
  5.260000E-01  1.223791E+03
  5.280000E-01  1.223700E+03
  5.300000E-01  1.223610E+03
  5.320000E-01  1.223520E+03
  5.340000E-01  1.223431E+03
  5.360000E-01  1.223342E+03
  5.380000E-01  1.223254E+03
  5.400000E-01  1.223167E+03
  5.420000E-01  1.223080E+03
  5.440000E-01  1.222993E+03
  5.460000E-01  1.222907E+03
  5.480000E-01  1.222821E+03
  5.500000E-01  1.222736E+03
  5.520000E-01  1.222652E+03
  5.540000E-01  1.222568E+03
  5.560000E-01  1.222484E+03
  5.580000E-01  1.222400E+03
  5.600000E-01  1.222318E+03
  5.620000E-01  1.222235E+03
  5.640000E-01  1.222153E+03
  5.660000E-01  1.222071E+03
  5.680000E-01  1.221990E+03
  5.700000E-01  1.221909E+03
  5.720000E-01  1.221829E+03
  5.740000E-01  1.221749E+03
  5.760000E-01  1.221669E+03
  5.780000E-01  1.221590E+03
  5.800000E-01  1.221511E+03
  5.820000E-01  1.221432E+03
  5.840000E-01  1.221354E+03
  5.860000E-01  1.221276E+03
  5.880000E-01  1.221198E+03
  5.900000E-01  1.221121E+03
  5.920000E-01  1.221044E+03
  5.940000E-01  1.220968E+03
  5.960000E-01  1.220892E+03
  5.980000E-01  1.220816E+03
  6.000000E-01  1.220741E+03
  6.020000E-01  1.220666E+03
  6.040000E-01  1.220591E+03
  6.060000E-01  1.220516E+03
  6.080000E-01  1.220442E+03
  6.100000E-01  1.220369E+03
  6.120000E-01  1.220295E+03
  6.140000E-01  1.220222E+03
  6.160000E-01  1.220149E+03
  6.180000E-01  1.220077E+03
  6.200000E-01  1.220004E+03
  6.220000E-01  1.219933E+03
  6.240000E-01  1.219861E+03
  6.260000E-01  1.219790E+03
  6.280000E-01  1.219719E+03
  6.300000E-01  1.219648E+03
  6.320000E-01  1.219578E+03
  6.340000E-01  1.219508E+03
  6.360000E-01  1.219438E+03
  6.380000E-01  1.219368E+03
  6.400000E-01  1.219299E+03
  6.420000E-01  1.219230E+03
  6.440000E-01  1.219162E+03
  6.460000E-01  1.219093E+03
  6.480000E-01  1.219025E+03
  6.500000E-01  1.218957E+03
  6.520000E-01  1.218890E+03
  6.540000E-01  1.218823E+03
  6.560000E-01  1.218756E+03
  6.580000E-01  1.218689E+03
  6.600000E-01  1.218622E+03
  6.620000E-01  1.218556E+03
  6.640000E-01  1.218490E+03
  6.660000E-01  1.218425E+03
  6.680000E-01  1.218359E+03
  6.700000E-01  1.218294E+03
  6.720000E-01  1.218229E+03
  6.740000E-01  1.218165E+03
  6.760000E-01  1.218100E+03
  6.780000E-01  1.218036E+03
  6.800000E-01  1.217973E+03
  6.820000E-01  1.217909E+03
  6.840000E-01  1.217846E+03
  6.860000E-01  1.217783E+03
  6.880000E-01  1.217720E+03
  6.900000E-01  1.217657E+03
  6.920000E-01  1.217595E+03
  6.940000E-01  1.217533E+03
  6.960000E-01  1.217471E+03
  6.980000E-01  1.217409E+03
  7.000000E-01  1.217348E+03
  7.020000E-01  1.217287E+03
  7.040000E-01  1.217226E+03
  7.060000E-01  1.217165E+03
  7.080000E-01  1.217105E+03
  7.100000E-01  1.217044E+03
  7.120000E-01  1.216985E+03
  7.140000E-01  1.216925E+03
  7.160000E-01  1.216865E+03
  7.180000E-01  1.216806E+03
  7.200000E-01  1.216747E+03
  7.220000E-01  1.216688E+03
  7.240000E-01  1.216629E+03
  7.260000E-01  1.216571E+03
  7.280000E-01  1.216513E+03
  7.300000E-01  1.216455E+03
  7.320000E-01  1.216397E+03
  7.340000E-01  1.216340E+03
  7.360000E-01  1.216282E+03
  7.380000E-01  1.216225E+03
  7.400000E-01  1.216168E+03
  7.420000E-01  1.216112E+03
  7.440000E-01  1.216055E+03
  7.460000E-01  1.215999E+03
  7.480000E-01  1.215943E+03
  7.500000E-01  1.215887E+03
  7.520000E-01  1.215831E+03
  7.540000E-01  1.215776E+03
  7.560000E-01  1.215721E+03
  7.580000E-01  1.215666E+03
  7.600000E-01  1.215611E+03
  7.620000E-01  1.215556E+03
  7.640000E-01  1.215502E+03
  7.660000E-01  1.215447E+03
  7.680000E-01  1.215393E+03
  7.700000E-01  1.215340E+03
  7.720000E-01  1.215286E+03
  7.740000E-01  1.215232E+03
  7.760000E-01  1.215179E+03
  7.780000E-01  1.215126E+03
  7.800000E-01  1.215073E+03
  7.820000E-01  1.215021E+03
  7.840000E-01  1.214968E+03
  7.860000E-01  1.214916E+03
  7.880000E-01  1.214864E+03
  7.900000E-01  1.214812E+03
  7.920000E-01  1.214760E+03
  7.940000E-01  1.214708E+03
  7.960000E-01  1.214657E+03
  7.980000E-01  1.214606E+03
  8.000000E-01  1.214555E+03
  8.020000E-01  1.214504E+03
  8.040000E-01  1.214453E+03
  8.060000E-01  1.214403E+03
  8.080000E-01  1.214352E+03
  8.100000E-01  1.214302E+03
  8.120000E-01  1.214252E+03
  8.140000E-01  1.214203E+03
  8.160000E-01  1.214153E+03
  8.180000E-01  1.214104E+03
  8.200000E-01  1.214054E+03
  8.220000E-01  1.214005E+03
  8.240000E-01  1.213956E+03
  8.260000E-01  1.213908E+03
  8.280000E-01  1.213859E+03
  8.300000E-01  1.213811E+03
  8.320000E-01  1.213762E+03
  8.340000E-01  1.213714E+03
  8.360000E-01  1.213666E+03
  8.380000E-01  1.213619E+03
  8.400000E-01  1.213571E+03
  8.420000E-01  1.213524E+03
  8.440000E-01  1.213476E+03
  8.460000E-01  1.213429E+03
  8.480000E-01  1.213382E+03
  8.500000E-01  1.213336E+03
  8.520000E-01  1.213289E+03
  8.540000E-01  1.213243E+03
  8.560000E-01  1.213196E+03
  8.580000E-01  1.213150E+03
  8.600000E-01  1.213104E+03
  8.620000E-01  1.213058E+03
  8.640000E-01  1.213013E+03
  8.660000E-01  1.212967E+03
  8.680000E-01  1.212922E+03
  8.700000E-01  1.212880E+03
  8.720000E-01  1.212838E+03
  8.740000E-01  1.212797E+03
  8.760000E-01  1.212756E+03
  8.780000E-01  1.212716E+03
  8.800000E-01  1.212676E+03
  8.820000E-01  1.212637E+03
  8.840000E-01  1.212598E+03
  8.860000E-01  1.212559E+03
  8.880000E-01  1.212520E+03
  8.900000E-01  1.212482E+03
  8.920000E-01  1.212444E+03
  8.940000E-01  1.212406E+03
  8.960000E-01  1.212369E+03
  8.980000E-01  1.212332E+03
  9.000000E-01  1.212295E+03
  9.020000E-01  1.212258E+03
  9.040000E-01  1.212221E+03
  9.060000E-01  1.212185E+03
  9.080000E-01  1.212149E+03
  9.100000E-01  1.212113E+03
  9.120000E-01  1.212077E+03
  9.140000E-01  1.212041E+03
  9.160000E-01  1.212006E+03
  9.180000E-01  1.211970E+03
  9.200000E-01  1.211935E+03
  9.220000E-01  1.211900E+03
  9.240000E-01  1.211865E+03
  9.260000E-01  1.211831E+03
  9.280000E-01  1.211796E+03
  9.300000E-01  1.211762E+03
  9.320000E-01  1.211727E+03
  9.340000E-01  1.211693E+03
  9.360000E-01  1.211659E+03
  9.380000E-01  1.211625E+03
  9.400000E-01  1.211592E+03
  9.420000E-01  1.211558E+03
  9.440000E-01  1.211525E+03
  9.460000E-01  1.211491E+03
  9.480000E-01  1.211458E+03
  9.500000E-01  1.211425E+03
  9.520000E-01  1.211392E+03
  9.540000E-01  1.211359E+03
  9.560000E-01  1.211326E+03
  9.580000E-01  1.211293E+03
  9.600000E-01  1.211261E+03
  9.620000E-01  1.211228E+03
  9.640000E-01  1.211196E+03
  9.660000E-01  1.211164E+03
  9.680000E-01  1.211132E+03
  9.700000E-01  1.211100E+03
  9.720000E-01  1.211068E+03
  9.740000E-01  1.211036E+03
  9.760000E-01  1.211004E+03
  9.780000E-01  1.210972E+03
  9.800000E-01  1.210941E+03
  9.820000E-01  1.210909E+03
  9.840000E-01  1.210878E+03
  9.860000E-01  1.210847E+03
  9.880000E-01  1.210816E+03
  9.900000E-01  1.210785E+03
  9.920000E-01  1.210754E+03
  9.940000E-01  1.210723E+03
  9.960000E-01  1.210692E+03
  9.980000E-01  1.210661E+03
  1.000000E+00  1.210631E+03
  1.002000E+00  1.210600E+03
  1.004000E+00  1.210570E+03
  1.006000E+00  1.210539E+03
  1.008000E+00  1.210509E+03
  1.010000E+00  1.210479E+03
  1.012000E+00  1.210449E+03
  1.014000E+00  1.210419E+03
  1.016000E+00  1.210389E+03
  1.018000E+00  1.210359E+03
  1.020000E+00  1.210329E+03
  1.022000E+00  1.210300E+03
  1.024000E+00  1.210270E+03
  1.026000E+00  1.210241E+03
  1.028000E+00  1.210211E+03
  1.030000E+00  1.210182E+03
  1.032000E+00  1.210153E+03
  1.034000E+00  1.210123E+03
  1.036000E+00  1.210094E+03
  1.038000E+00  1.210065E+03
  1.040000E+00  1.210036E+03
  1.042000E+00  1.210008E+03
  1.044000E+00  1.209979E+03
  1.046000E+00  1.209950E+03
  1.048000E+00  1.209921E+03
  1.050000E+00  1.209893E+03
  1.052000E+00  1.209864E+03
  1.054000E+00  1.209836E+03
  1.056000E+00  1.209807E+03
  1.058000E+00  1.209779E+03
  1.060000E+00  1.209751E+03
  1.062000E+00  1.209723E+03
  1.064000E+00  1.209695E+03
  1.066000E+00  1.209667E+03
  1.068000E+00  1.209639E+03
  1.070000E+00  1.209611E+03
  1.072000E+00  1.209583E+03
  1.074000E+00  1.209556E+03
  1.076000E+00  1.209528E+03
  1.078000E+00  1.209500E+03
  1.080000E+00  1.209473E+03
  1.082000E+00  1.209445E+03
  1.084000E+00  1.209418E+03
  1.086000E+00  1.209391E+03
  1.088000E+00  1.209364E+03
  1.090000E+00  1.209336E+03
  1.092000E+00  1.209309E+03
  1.094000E+00  1.209282E+03
  1.096000E+00  1.209255E+03
  1.098000E+00  1.209228E+03
  1.100000E+00  1.209202E+03
  1.102000E+00  1.209175E+03
  1.104000E+00  1.209148E+03
  1.106000E+00  1.209121E+03
  1.108000E+00  1.209095E+03
  1.110000E+00  1.209068E+03
  1.112000E+00  1.209042E+03
  1.114000E+00  1.209016E+03
  1.116000E+00  1.208989E+03
  1.118000E+00  1.208963E+03
  1.120000E+00  1.208937E+03
  1.122000E+00  1.208911E+03
  1.124000E+00  1.208885E+03
  1.126000E+00  1.208859E+03
  1.128000E+00  1.208833E+03
  1.130000E+00  1.208807E+03
  1.132000E+00  1.208781E+03
  1.134000E+00  1.208755E+03
  1.136000E+00  1.208729E+03
  1.138000E+00  1.208704E+03
  1.140000E+00  1.208678E+03
  1.142000E+00  1.208653E+03
  1.144000E+00  1.208627E+03
  1.146000E+00  1.208602E+03
  1.148000E+00  1.208576E+03
  1.150000E+00  1.208551E+03
  1.152000E+00  1.208526E+03
  1.154000E+00  1.208501E+03
  1.156000E+00  1.208476E+03
  1.158000E+00  1.208451E+03
  1.160000E+00  1.208426E+03
  1.162000E+00  1.208401E+03
  1.164000E+00  1.208376E+03
  1.166000E+00  1.208351E+03
  1.168000E+00  1.208326E+03
  1.170000E+00  1.208301E+03
  1.172000E+00  1.208277E+03
  1.174000E+00  1.208252E+03
  1.176000E+00  1.208227E+03
  1.178000E+00  1.208203E+03
  1.180000E+00  1.208178E+03
  1.182000E+00  1.208154E+03
  1.184000E+00  1.208130E+03
  1.186000E+00  1.208105E+03
  1.188000E+00  1.208081E+03
  1.190000E+00  1.208057E+03
  1.192000E+00  1.208033E+03
  1.194000E+00  1.208009E+03
  1.196000E+00  1.207984E+03
  1.198000E+00  1.207960E+03
  1.200000E+00  1.207936E+03
