  1.000000E-02  9.265951E+02
  1.200000E-02  9.240170E+02
  1.400000E-02  9.214712E+02
  1.600000E-02  9.189569E+02
  1.800000E-02  9.164736E+02
  2.000000E-02  9.140206E+02
  2.200000E-02  9.115974E+02
  2.400000E-02  9.092035E+02
  2.600000E-02  9.068382E+02
  2.800000E-02  9.045012E+02
  3.000000E-02  9.021918E+02
  3.200000E-02  8.999097E+02
  3.400000E-02  8.976543E+02
  3.600000E-02  8.954252E+02
  3.800000E-02  8.932221E+02
  4.000000E-02  8.910443E+02
  4.200000E-02  8.888916E+02
  4.400000E-02  8.867636E+02
  4.600000E-02  8.846597E+02
  4.800000E-02  8.825797E+02
  5.000000E-02  8.805231E+02
  5.200000E-02  8.784897E+02
  5.400000E-02  8.764789E+02
  5.600000E-02  8.744905E+02
  5.800000E-02  8.725242E+02
  6.000000E-02  8.705795E+02
  6.200000E-02  8.686562E+02
  6.400000E-02  8.667538E+02
  6.600000E-02  8.648722E+02
  6.800000E-02  8.630110E+02
  7.000000E-02  8.611699E+02
  7.200000E-02  8.593485E+02
  7.400000E-02  8.575466E+02
  7.600000E-02  8.557639E+02
  7.800000E-02  8.540001E+02
  8.000000E-02  8.522550E+02
  8.200000E-02  8.505282E+02
  8.400000E-02  8.488195E+02
  8.600000E-02  8.471286E+02
  8.800000E-02  8.454553E+02
  9.000000E-02  8.437993E+02
  9.200000E-02  8.421603E+02
  9.400000E-02  8.405382E+02
  9.600000E-02  8.389327E+02
  9.800000E-02  8.373435E+02
  1.000000E-01  8.357704E+02
  1.020000E-01  8.342133E+02
  1.040000E-01  8.326718E+02
  1.060000E-01  8.311457E+02
  1.080000E-01  8.296349E+02
  1.100000E-01  8.281391E+02
  1.120000E-01  8.266581E+02
  1.140000E-01  8.251917E+02
  1.160000E-01  8.237397E+02
  1.180000E-01  8.223020E+02
  1.200000E-01  8.208782E+02
  1.220000E-01  8.194683E+02
  1.240000E-01  8.180720E+02
  1.260000E-01  8.166892E+02
  1.280000E-01  8.153197E+02
  1.300000E-01  8.139633E+02
  1.320000E-01  8.126196E+02
  1.340000E-01  8.112882E+02
  1.360000E-01  8.099691E+02
  1.380000E-01  8.086622E+02
  1.400000E-01  8.073674E+02
  1.420000E-01  8.060846E+02
  1.440000E-01  8.048136E+02
  1.460000E-01  8.035542E+02
  1.480000E-01  8.023064E+02
  1.500000E-01  8.010700E+02
  1.520000E-01  7.998448E+02
  1.540000E-01  7.986307E+02
  1.560000E-01  7.974276E+02
  1.580000E-01  7.962354E+02
  1.600000E-01  7.950539E+02
  1.620000E-01  7.938829E+02
  1.640000E-01  7.927224E+02
  1.660000E-01  7.915722E+02
  1.680000E-01  7.904322E+02
  1.700000E-01  7.893022E+02
  1.720000E-01  7.881822E+02
  1.740000E-01  7.870721E+02
  1.760000E-01  7.859716E+02
  1.780000E-01  7.848807E+02
  1.800000E-01  7.837993E+02
  1.820000E-01  7.827273E+02
  1.840000E-01  7.816645E+02
  1.860000E-01  7.806108E+02
  1.880000E-01  7.795662E+02
  1.900000E-01  7.785305E+02
  1.920000E-01  7.775036E+02
  1.940000E-01  7.764855E+02
  1.960000E-01  7.754759E+02
  1.980000E-01  7.744749E+02
  2.000000E-01  7.734822E+02
  2.020000E-01  7.724979E+02
  2.040000E-01  7.715218E+02
  2.060000E-01  7.705538E+02
  2.080000E-01  7.695939E+02
  2.100000E-01  7.686419E+02
  2.120000E-01  7.676977E+02
  2.140000E-01  7.667614E+02
  2.160000E-01  7.658326E+02
  2.180000E-01  7.649115E+02
  2.200000E-01  7.639978E+02
  2.220000E-01  7.630916E+02
  2.240000E-01  7.621927E+02
  2.260000E-01  7.613011E+02
  2.280000E-01  7.604166E+02
  2.300000E-01  7.595392E+02
  2.320000E-01  7.586688E+02
  2.340000E-01  7.578053E+02
  2.360000E-01  7.569487E+02
  2.380000E-01  7.560989E+02
  2.400000E-01  7.552558E+02
  2.420000E-01  7.544193E+02
  2.440000E-01  7.535894E+02
  2.460000E-01  7.527660E+02
  2.480000E-01  7.519490E+02
  2.500000E-01  7.511383E+02
  2.520000E-01  7.503340E+02
  2.540000E-01  7.495358E+02
  2.560000E-01  7.487438E+02
  2.580000E-01  7.479579E+02
  2.600000E-01  7.471780E+02
  2.620000E-01  7.464040E+02
  2.640000E-01  7.456360E+02
  2.660000E-01  7.448737E+02
  2.680000E-01  7.441173E+02
  2.700000E-01  7.433665E+02
  2.720000E-01  7.426214E+02
  2.740000E-01  7.418819E+02
  2.760000E-01  7.411480E+02
  2.780000E-01  7.404195E+02
  2.800000E-01  7.396964E+02
  2.820000E-01  7.389787E+02
  2.840000E-01  7.382663E+02
  2.860000E-01  7.375591E+02
  2.880000E-01  7.368572E+02
  2.900000E-01  7.361604E+02
  2.920000E-01  7.354687E+02
  2.940000E-01  7.347820E+02
  2.960000E-01  7.341004E+02
  2.980000E-01  7.334237E+02
  3.000000E-01  7.327518E+02
  3.020000E-01  7.320849E+02
  3.040000E-01  7.314227E+02
  3.060000E-01  7.307652E+02
  3.080000E-01  7.301125E+02
  3.100000E-01  7.294644E+02
  3.120000E-01  7.288210E+02
  3.140000E-01  7.281821E+02
  3.160000E-01  7.275477E+02
  3.180000E-01  7.269178E+02
  3.200000E-01  7.262923E+02
  3.220000E-01  7.256713E+02
  3.240000E-01  7.250545E+02
  3.260000E-01  7.244421E+02
  3.280000E-01  7.238339E+02
  3.300000E-01  7.232300E+02
  3.320000E-01  7.226302E+02
  3.340000E-01  7.220346E+02
  3.360000E-01  7.214431E+02
  3.380000E-01  7.208557E+02
  3.400000E-01  7.202722E+02
  3.420000E-01  7.196928E+02
  3.440000E-01  7.191173E+02
  3.460000E-01  7.185457E+02
  3.480000E-01  7.179780E+02
  3.500000E-01  7.174142E+02
  3.520000E-01  7.168541E+02
  3.540000E-01  7.162978E+02
  3.560000E-01  7.157453E+02
  3.580000E-01  7.151964E+02
  3.600000E-01  7.146512E+02
  3.620000E-01  7.141097E+02
  3.640000E-01  7.135717E+02
  3.660000E-01  7.130373E+02
  3.680000E-01  7.125064E+02
  3.700000E-01  7.119791E+02
  3.720000E-01  7.114552E+02
  3.740000E-01  7.109347E+02
  3.760000E-01  7.104177E+02
  3.780000E-01  7.099040E+02
  3.800000E-01  7.093936E+02
  3.820000E-01  7.088866E+02
  3.840000E-01  7.083829E+02
  3.860000E-01  7.078824E+02
  3.880000E-01  7.073851E+02
  3.900000E-01  7.068911E+02
  3.920000E-01  7.064002E+02
  3.940000E-01  7.059124E+02
  3.960000E-01  7.054278E+02
  3.980000E-01  7.049462E+02
  4.000000E-01  7.044677E+02
  4.020000E-01  7.039923E+02
  4.040000E-01  7.035198E+02
  4.060000E-01  7.030503E+02
  4.080000E-01  7.025838E+02
  4.100000E-01  7.021202E+02
  4.120000E-01  7.016595E+02
  4.140000E-01  7.012017E+02
  4.160000E-01  7.007467E+02
  4.180000E-01  7.002946E+02
  4.200000E-01  6.998452E+02
  4.220000E-01  6.993987E+02
  4.240000E-01  6.989549E+02
  4.260000E-01  6.985138E+02
  4.280000E-01  6.980755E+02
  4.300000E-01  6.976612E+02
  4.320000E-01  6.972413E+02
  4.340000E-01  6.968255E+02
  4.360000E-01  6.964137E+02
  4.380000E-01  6.960054E+02
  4.400000E-01  6.956005E+02
  4.420000E-01  6.951990E+02
  4.440000E-01  6.948006E+02
  4.460000E-01  6.944053E+02
  4.480000E-01  6.940130E+02
  4.500000E-01  6.936235E+02
  4.520000E-01  6.932369E+02
  4.540000E-01  6.928530E+02
  4.560000E-01  6.924718E+02
  4.580000E-01  6.920932E+02
  4.600000E-01  6.917172E+02
  4.620000E-01  6.913437E+02
  4.640000E-01  6.909727E+02
  4.660000E-01  6.906042E+02
  4.680000E-01  6.902380E+02
  4.700000E-01  6.898743E+02
  4.720000E-01  6.895128E+02
  4.740000E-01  6.891537E+02
  4.760000E-01  6.887968E+02
  4.780000E-01  6.884421E+02
  4.800000E-01  6.880896E+02
  4.820000E-01  6.877393E+02
  4.840000E-01  6.873912E+02
  4.860000E-01  6.870451E+02
  4.880000E-01  6.867011E+02
  4.900000E-01  6.863592E+02
  4.920000E-01  6.860194E+02
  4.940000E-01  6.856815E+02
  4.960000E-01  6.853456E+02
  4.980000E-01  6.850118E+02
  5.000000E-01  6.846798E+02
  5.020000E-01  6.843498E+02
  5.040000E-01  6.840923E+02
  5.060000E-01  6.838056E+02
  5.080000E-01  6.835234E+02
  5.100000E-01  6.832448E+02
  5.120000E-01  6.829693E+02
  5.140000E-01  6.826966E+02
  5.160000E-01  6.824264E+02
  5.180000E-01  6.821585E+02
  5.200000E-01  6.818928E+02
  5.220000E-01  6.816291E+02
  5.240000E-01  6.813672E+02
  5.260000E-01  6.811072E+02
  5.280000E-01  6.808489E+02
  5.300000E-01  6.805922E+02
  5.320000E-01  6.803372E+02
  5.340000E-01  6.800836E+02
  5.360000E-01  6.798316E+02
  5.380000E-01  6.795811E+02
  5.400000E-01  6.793319E+02
  5.420000E-01  6.790841E+02
  5.440000E-01  6.788377E+02
  5.460000E-01  6.785926E+02
  5.480000E-01  6.783488E+02
  5.500000E-01  6.781062E+02
  5.520000E-01  6.778649E+02
  5.540000E-01  6.776248E+02
  5.560000E-01  6.773859E+02
  5.580000E-01  6.771482E+02
  5.600000E-01  6.769116E+02
  5.620000E-01  6.766762E+02
  5.640000E-01  6.764419E+02
  5.660000E-01  6.762087E+02
  5.680000E-01  6.759766E+02
  5.700000E-01  6.757455E+02
  5.720000E-01  6.755156E+02
  5.740000E-01  6.752867E+02
  5.760000E-01  6.750588E+02
  5.780000E-01  6.748320E+02
  5.800000E-01  6.746062E+02
  5.820000E-01  6.743813E+02
  5.840000E-01  6.741575E+02
  5.860000E-01  6.739347E+02
  5.880000E-01  6.737128E+02
  5.900000E-01  6.734919E+02
  5.920000E-01  6.732720E+02
  5.940000E-01  6.730530E+02
  5.960000E-01  6.728349E+02
  5.980000E-01  6.726178E+02
  6.000000E-01  6.724016E+02
  6.020000E-01  6.721863E+02
  6.040000E-01  6.719719E+02
  6.060000E-01  6.717584E+02
  6.080000E-01  6.715458E+02
  6.100000E-01  6.713340E+02
  6.120000E-01  6.711232E+02
  6.140000E-01  6.709132E+02
  6.160000E-01  6.707040E+02
  6.180000E-01  6.704958E+02
  6.200000E-01  6.702883E+02
  6.220000E-01  6.700817E+02
  6.240000E-01  6.698760E+02
  6.260000E-01  6.696710E+02
  6.280000E-01  6.694669E+02
  6.300000E-01  6.692636E+02
  6.320000E-01  6.690611E+02
  6.340000E-01  6.688594E+02
  6.360000E-01  6.686586E+02
  6.380000E-01  6.684585E+02
  6.400000E-01  6.682591E+02
  6.420000E-01  6.680606E+02
  6.440000E-01  6.678629E+02
  6.460000E-01  6.676659E+02
  6.480000E-01  6.674696E+02
  6.500000E-01  6.672742E+02
  6.520000E-01  6.670795E+02
  6.540000E-01  6.668855E+02
  6.560000E-01  6.666923E+02
  6.580000E-01  6.664998E+02
  6.600000E-01  6.663081E+02
  6.620000E-01  6.661170E+02
  6.640000E-01  6.659268E+02
  6.660000E-01  6.657372E+02
  6.680000E-01  6.655483E+02
  6.700000E-01  6.653602E+02
  6.720000E-01  6.651728E+02
  6.740000E-01  6.649860E+02
  6.760000E-01  6.648000E+02
  6.780000E-01  6.646147E+02
  6.800000E-01  6.644300E+02
  6.820000E-01  6.642461E+02
  6.840000E-01  6.640628E+02
  6.860000E-01  6.638802E+02
  6.880000E-01  6.636983E+02
  6.900000E-01  6.635170E+02
  6.920000E-01  6.633364E+02
  6.940000E-01  6.631565E+02
  6.960000E-01  6.629772E+02
  6.980000E-01  6.627986E+02
  7.000000E-01  6.626206E+02
  7.020000E-01  6.624433E+02
  7.040000E-01  6.622666E+02
  7.060000E-01  6.620906E+02
  7.080000E-01  6.619151E+02
  7.100000E-01  6.617404E+02
  7.120000E-01  6.615662E+02
  7.140000E-01  6.613927E+02
  7.160000E-01  6.612198E+02
  7.180000E-01  6.610475E+02
  7.200000E-01  6.608758E+02
  7.220000E-01  6.607048E+02
  7.240000E-01  6.605343E+02
  7.260000E-01  6.603645E+02
  7.280000E-01  6.601952E+02
  7.300000E-01  6.600266E+02
  7.320000E-01  6.598585E+02
  7.340000E-01  6.596911E+02
  7.360000E-01  6.595242E+02
  7.380000E-01  6.593579E+02
  7.400000E-01  6.591922E+02
  7.420000E-01  6.590271E+02
  7.440000E-01  6.588625E+02
  7.460000E-01  6.586985E+02
  7.480000E-01  6.585351E+02
  7.500000E-01  6.583722E+02
  7.520000E-01  6.582100E+02
  7.540000E-01  6.580482E+02
  7.560000E-01  6.578871E+02
  7.580000E-01  6.577264E+02
  7.600000E-01  6.575664E+02
  7.620000E-01  6.574069E+02
  7.640000E-01  6.572479E+02
  7.660000E-01  6.570895E+02
  7.680000E-01  6.569316E+02
  7.700000E-01  6.567742E+02
  7.720000E-01  6.566174E+02
  7.740000E-01  6.564611E+02
  7.760000E-01  6.563054E+02
  7.780000E-01  6.561502E+02
  7.800000E-01  6.559955E+02
  7.820000E-01  6.558413E+02
  7.840000E-01  6.556876E+02
  7.860000E-01  6.555345E+02
  7.880000E-01  6.553818E+02
  7.900000E-01  6.552297E+02
  7.920000E-01  6.550781E+02
  7.940000E-01  6.549270E+02
  7.960000E-01  6.547764E+02
  7.980000E-01  6.546263E+02
  8.000000E-01  6.544767E+02
  8.020000E-01  6.543275E+02
  8.040000E-01  6.541789E+02
  8.060000E-01  6.540308E+02
  8.080000E-01  6.538832E+02
  8.100000E-01  6.537360E+02
  8.120000E-01  6.535893E+02
  8.140000E-01  6.534431E+02
  8.160000E-01  6.532974E+02
  8.180000E-01  6.531522E+02
  8.200000E-01  6.530074E+02
  8.220000E-01  6.528632E+02
  8.240000E-01  6.527193E+02
  8.260000E-01  6.525760E+02
  8.280000E-01  6.524331E+02
  8.300000E-01  6.522907E+02
  8.320000E-01  6.521487E+02
  8.340000E-01  6.520072E+02
  8.360000E-01  6.518662E+02
  8.380000E-01  6.517256E+02
  8.400000E-01  6.515855E+02
  8.420000E-01  6.514458E+02
  8.440000E-01  6.513065E+02
  8.460000E-01  6.511677E+02
  8.480000E-01  6.510294E+02
  8.500000E-01  6.508915E+02
  8.520000E-01  6.507540E+02
  8.540000E-01  6.506170E+02
  8.560000E-01  6.504804E+02
  8.580000E-01  6.503442E+02
  8.600000E-01  6.502085E+02
  8.620000E-01  6.500732E+02
  8.640000E-01  6.499383E+02
  8.660000E-01  6.498038E+02
  8.680000E-01  6.496698E+02
  8.700000E-01  6.495464E+02
  8.720000E-01  6.494224E+02
  8.740000E-01  6.493004E+02
  8.760000E-01  6.491799E+02
  8.780000E-01  6.490608E+02
  8.800000E-01  6.489429E+02
  8.820000E-01  6.488261E+02
  8.840000E-01  6.487103E+02
  8.860000E-01  6.485954E+02
  8.880000E-01  6.484815E+02
  8.900000E-01  6.483683E+02
  8.920000E-01  6.482559E+02
  8.940000E-01  6.481442E+02
  8.960000E-01  6.480333E+02
  8.980000E-01  6.479229E+02
  9.000000E-01  6.478133E+02
  9.020000E-01  6.477042E+02
  9.040000E-01  6.475957E+02
  9.060000E-01  6.474878E+02
  9.080000E-01  6.473804E+02
  9.100000E-01  6.472735E+02
  9.120000E-01  6.471672E+02
  9.140000E-01  6.470613E+02
  9.160000E-01  6.469560E+02
  9.180000E-01  6.468511E+02
  9.200000E-01  6.467466E+02
  9.220000E-01  6.466426E+02
  9.240000E-01  6.465390E+02
  9.260000E-01  6.464359E+02
  9.280000E-01  6.463331E+02
  9.300000E-01  6.462308E+02
  9.320000E-01  6.461288E+02
  9.340000E-01  6.460273E+02
  9.360000E-01  6.459261E+02
  9.380000E-01  6.458253E+02
  9.400000E-01  6.457248E+02
  9.420000E-01  6.456247E+02
  9.440000E-01  6.455250E+02
  9.460000E-01  6.454256E+02
  9.480000E-01  6.453266E+02
  9.500000E-01  6.452279E+02
  9.520000E-01  6.451295E+02
  9.540000E-01  6.450314E+02
  9.560000E-01  6.449337E+02
  9.580000E-01  6.448363E+02
  9.600000E-01  6.447392E+02
  9.620000E-01  6.446424E+02
  9.640000E-01  6.445459E+02
  9.660000E-01  6.444497E+02
  9.680000E-01  6.443538E+02
  9.700000E-01  6.442582E+02
  9.720000E-01  6.441628E+02
  9.740000E-01  6.440678E+02
  9.760000E-01  6.439730E+02
  9.780000E-01  6.438786E+02
  9.800000E-01  6.437844E+02
  9.820000E-01  6.436904E+02
  9.840000E-01  6.435968E+02
  9.860000E-01  6.435034E+02
  9.880000E-01  6.434103E+02
  9.900000E-01  6.433174E+02
  9.920000E-01  6.432248E+02
  9.940000E-01  6.431325E+02
  9.960000E-01  6.430404E+02
  9.980000E-01  6.429486E+02
  1.000000E+00  6.428570E+02
  1.002000E+00  6.427656E+02
  1.004000E+00  6.426746E+02
  1.006000E+00  6.425837E+02
  1.008000E+00  6.424931E+02
  1.010000E+00  6.424027E+02
  1.012000E+00  6.423126E+02
  1.014000E+00  6.422227E+02
  1.016000E+00  6.421331E+02
  1.018000E+00  6.420437E+02
  1.020000E+00  6.419545E+02
  1.022000E+00  6.418655E+02
  1.024000E+00  6.417768E+02
  1.026000E+00  6.416883E+02
  1.028000E+00  6.416000E+02
  1.030000E+00  6.415120E+02
  1.032000E+00  6.414241E+02
  1.034000E+00  6.413365E+02
  1.036000E+00  6.412491E+02
  1.038000E+00  6.411619E+02
  1.040000E+00  6.410750E+02
  1.042000E+00  6.409882E+02
  1.044000E+00  6.409017E+02
  1.046000E+00  6.408154E+02
  1.048000E+00  6.407293E+02
  1.050000E+00  6.406434E+02
  1.052000E+00  6.405577E+02
  1.054000E+00  6.404722E+02
  1.056000E+00  6.403869E+02
  1.058000E+00  6.403018E+02
  1.060000E+00  6.402169E+02
  1.062000E+00  6.401323E+02
  1.064000E+00  6.400478E+02
  1.066000E+00  6.399635E+02
  1.068000E+00  6.398794E+02
  1.070000E+00  6.397956E+02
  1.072000E+00  6.397119E+02
  1.074000E+00  6.396284E+02
  1.076000E+00  6.395451E+02
  1.078000E+00  6.394620E+02
  1.080000E+00  6.393791E+02
  1.082000E+00  6.392964E+02
  1.084000E+00  6.392139E+02
  1.086000E+00  6.391315E+02
  1.088000E+00  6.390494E+02
  1.090000E+00  6.389674E+02
  1.092000E+00  6.388857E+02
  1.094000E+00  6.388041E+02
  1.096000E+00  6.387227E+02
  1.098000E+00  6.386415E+02
  1.100000E+00  6.385604E+02
  1.102000E+00  6.384796E+02
  1.104000E+00  6.383989E+02
  1.106000E+00  6.383184E+02
  1.108000E+00  6.382381E+02
  1.110000E+00  6.381580E+02
  1.112000E+00  6.380780E+02
  1.114000E+00  6.379982E+02
  1.116000E+00  6.379186E+02
  1.118000E+00  6.378392E+02
  1.120000E+00  6.377599E+02
  1.122000E+00  6.376809E+02
  1.124000E+00  6.376019E+02
  1.126000E+00  6.375232E+02
  1.128000E+00  6.374446E+02
  1.130000E+00  6.373663E+02
  1.132000E+00  6.372880E+02
  1.134000E+00  6.372100E+02
  1.136000E+00  6.371321E+02
  1.138000E+00  6.370544E+02
  1.140000E+00  6.369768E+02
  1.142000E+00  6.368994E+02
  1.144000E+00  6.368222E+02
  1.146000E+00  6.367451E+02
  1.148000E+00  6.366682E+02
  1.150000E+00  6.365915E+02
  1.152000E+00  6.365149E+02
  1.154000E+00  6.364385E+02
  1.156000E+00  6.363622E+02
  1.158000E+00  6.362861E+02
  1.160000E+00  6.362102E+02
  1.162000E+00  6.361344E+02
  1.164000E+00  6.360587E+02
  1.166000E+00  6.359833E+02
  1.168000E+00  6.359079E+02
  1.170000E+00  6.358328E+02
  1.172000E+00  6.357577E+02
  1.174000E+00  6.356829E+02
  1.176000E+00  6.356081E+02
  1.178000E+00  6.355336E+02
  1.180000E+00  6.354591E+02
  1.182000E+00  6.353848E+02
  1.184000E+00  6.353107E+02
  1.186000E+00  6.352367E+02
  1.188000E+00  6.351628E+02
  1.190000E+00  6.350890E+02
  1.192000E+00  6.350154E+02
  1.194000E+00  6.349419E+02
  1.196000E+00  6.348685E+02
  1.198000E+00  6.347951E+02
  1.200000E+00  6.347219E+02
