  1.000000E-02  2.456796E-02 -2.327871E-02 -5.498223E-03 -4.382571E-03
  1.200000E-02  3.441039E-02 -3.295798E-02 -7.800098E-03 -5.955393E-03
  1.400000E-02  4.560947E-02 -4.415256E-02 -1.047189E-02 -7.699908E-03
  1.600000E-02  5.806746E-02 -5.680913E-02 -1.350402E-02 -9.602521E-03
  1.800000E-02  7.169494E-02 -7.087890E-02 -1.688801E-02 -1.165216E-02
  2.000000E-02  8.640964E-02 -8.631686E-02 -2.061625E-02 -1.383960E-02
  2.200000E-02  1.021355E-01 -1.030812E-01 -2.468186E-02 -1.615703E-02
  2.400000E-02  1.188019E-01 -1.211330E-01 -2.907861E-02 -1.859775E-02
  2.600000E-02  1.363433E-01 -1.404356E-01 -3.380079E-02 -2.115593E-02
  2.800000E-02  1.546985E-01 -1.609545E-01 -3.884316E-02 -2.382644E-02
  3.000000E-02  1.738102E-01 -1.826572E-01 -4.420089E-02 -2.660475E-02
  3.200000E-02  1.936250E-01 -2.055130E-01 -4.986952E-02 -2.948681E-02
  3.400000E-02  2.140925E-01 -2.294926E-01 -5.584491E-02 -3.246900E-02
  3.600000E-02  2.351656E-01 -2.545681E-01 -6.212320E-02 -3.554803E-02
  3.800000E-02  2.568001E-01 -2.807130E-01 -6.870080E-02 -3.872092E-02
  4.000000E-02  2.789542E-01 -3.079019E-01 -7.557434E-02 -4.198495E-02
  4.200000E-02  3.015887E-01 -3.361107E-01 -8.274067E-02 -4.533764E-02
  4.400000E-02  3.246665E-01 -3.653159E-01 -9.019684E-02 -4.877668E-02
  4.600000E-02  3.481527E-01 -3.954953E-01 -9.794007E-02 -5.229997E-02
  4.800000E-02  3.720144E-01 -4.266275E-01 -1.059677E-01 -5.590556E-02
  5.000000E-02  3.962204E-01 -4.586918E-01 -1.142774E-01 -5.959161E-02
  5.200000E-02  4.207412E-01 -4.916683E-01 -1.228666E-01 -6.335644E-02
  5.400000E-02  4.455491E-01 -5.255379E-01 -1.317333E-01 -6.719847E-02
  5.600000E-02  4.706178E-01 -5.602820E-01 -1.408753E-01 -7.111623E-02
  5.800000E-02  4.959223E-01 -5.958828E-01 -1.502907E-01 -7.510832E-02
  6.000000E-02  5.214391E-01 -6.323230E-01 -1.599775E-01 -7.917344E-02
  6.200000E-02  5.471459E-01 -6.695858E-01 -1.699340E-01 -8.331037E-02
  6.400000E-02  5.730215E-01 -7.076552E-01 -1.801584E-01 -8.751795E-02
  6.600000E-02  5.990461E-01 -7.465153E-01 -1.906492E-01 -9.179510E-02
  6.800000E-02  6.252006E-01 -7.861509E-01 -2.014048E-01 -9.614077E-02
  7.000000E-02  6.514670E-01 -8.265474E-01 -2.124237E-01 -1.005540E-01
  7.200000E-02  6.778284E-01 -8.676903E-01 -2.237045E-01 -1.050338E-01
  7.400000E-02  7.042687E-01 -9.095657E-01 -2.352459E-01 -1.095794E-01
  7.600000E-02  7.307727E-01 -9.521601E-01 -2.470466E-01 -1.141898E-01
  7.800000E-02  7.573257E-01 -9.954603E-01 -2.591052E-01 -1.188644E-01
  8.000000E-02  7.839142E-01 -1.039454E+00 -2.714208E-01 -1.236022E-01
  8.200000E-02  8.105251E-01 -1.084127E+00 -2.839920E-01 -1.284027E-01
  8.400000E-02  8.371463E-01 -1.129470E+00 -2.968179E-01 -1.332651E-01
  8.600000E-02  8.637659E-01 -1.175468E+00 -3.098973E-01 -1.381887E-01
  8.800000E-02  8.903731E-01 -1.222112E+00 -3.232293E-01 -1.431728E-01
  9.000000E-02  9.169573E-01 -1.269390E+00 -3.368128E-01 -1.482170E-01
  9.200000E-02  9.435088E-01 -1.317291E+00 -3.506470E-01 -1.533205E-01
  9.400000E-02  9.700181E-01 -1.365803E+00 -3.647310E-01 -1.584828E-01
  9.600000E-02  9.964764E-01 -1.414918E+00 -3.790638E-01 -1.637034E-01
  9.800000E-02  1.022875E+00 -1.464624E+00 -3.936447E-01 -1.689817E-01
  1.000000E-01  1.049207E+00 -1.514912E+00 -4.084728E-01 -1.743172E-01
  1.020000E-01  1.075464E+00 -1.565772E+00 -4.235472E-01 -1.797094E-01
  1.040000E-01  1.101639E+00 -1.617195E+00 -4.388674E-01 -1.851579E-01
  1.060000E-01  1.127726E+00 -1.669171E+00 -4.544325E-01 -1.906622E-01
  1.080000E-01  1.153718E+00 -1.721691E+00 -4.702417E-01 -1.962219E-01
  1.100000E-01  1.179610E+00 -1.774746E+00 -4.862944E-01 -2.018364E-01
  1.120000E-01  1.205396E+00 -1.828329E+00 -5.025900E-01 -2.075055E-01
  1.140000E-01  1.231070E+00 -1.882429E+00 -5.191276E-01 -2.132286E-01
  1.160000E-01  1.256628E+00 -1.937040E+00 -5.359068E-01 -2.190054E-01
  1.180000E-01  1.282064E+00 -1.992153E+00 -5.529268E-01 -2.248355E-01
  1.200000E-01  1.307376E+00 -2.047760E+00 -5.701871E-01 -2.307186E-01
  1.220000E-01  1.332558E+00 -2.103853E+00 -5.876870E-01 -2.366542E-01
  1.240000E-01  1.357607E+00 -2.160425E+00 -6.054259E-01 -2.426420E-01
  1.260000E-01  1.382520E+00 -2.217468E+00 -6.234032E-01 -2.486816E-01
  1.280000E-01  1.407292E+00 -2.274976E+00 -6.416185E-01 -2.547728E-01
  1.300000E-01  1.431921E+00 -2.332941E+00 -6.600710E-01 -2.609152E-01
  1.320000E-01  1.456332E+00 -2.391238E+00 -6.788233E-01 -2.671405E-01
  1.340000E-01  1.480370E+00 -2.449611E+00 -6.980097E-01 -2.735166E-01
  1.360000E-01  1.504140E+00 -2.508220E+00 -7.175434E-01 -2.799977E-01
  1.380000E-01  1.527671E+00 -2.567107E+00 -7.373990E-01 -2.865704E-01
  1.400000E-01  1.550977E+00 -2.626290E+00 -7.575644E-01 -2.932277E-01
  1.420000E-01  1.574067E+00 -2.685777E+00 -7.780319E-01 -2.999654E-01
  1.440000E-01  1.596946E+00 -2.745574E+00 -7.987963E-01 -3.067803E-01
  1.460000E-01  1.619619E+00 -2.805682E+00 -8.198534E-01 -3.136701E-01
  1.480000E-01  1.642088E+00 -2.866102E+00 -8.412003E-01 -3.206328E-01
  1.500000E-01  1.664357E+00 -2.926834E+00 -8.628341E-01 -3.276667E-01
  1.520000E-01  1.686428E+00 -2.987876E+00 -8.847527E-01 -3.347705E-01
  1.540000E-01  1.708302E+00 -3.049226E+00 -9.069540E-01 -3.419429E-01
  1.560000E-01  1.729982E+00 -3.110883E+00 -9.294364E-01 -3.491827E-01
  1.580000E-01  1.751467E+00 -3.172845E+00 -9.521982E-01 -3.564890E-01
  1.600000E-01  1.772761E+00 -3.235109E+00 -9.752381E-01 -3.638608E-01
  1.620000E-01  1.793865E+00 -3.297672E+00 -9.985545E-01 -3.712973E-01
  1.640000E-01  1.814778E+00 -3.360533E+00 -1.022146E+00 -3.787976E-01
  1.660000E-01  1.835504E+00 -3.423688E+00 -1.046012E+00 -3.863608E-01
  1.680000E-01  1.856043E+00 -3.487135E+00 -1.070151E+00 -3.939864E-01
  1.700000E-01  1.876396E+00 -3.550871E+00 -1.094561E+00 -4.016736E-01
  1.720000E-01  1.896564E+00 -3.614894E+00 -1.119243E+00 -4.094217E-01
  1.740000E-01  1.916549E+00 -3.679200E+00 -1.144194E+00 -4.172300E-01
  1.760000E-01  1.936352E+00 -3.743787E+00 -1.169413E+00 -4.250979E-01
  1.780000E-01  1.955974E+00 -3.808653E+00 -1.194900E+00 -4.330248E-01
  1.800000E-01  1.975416E+00 -3.873795E+00 -1.220654E+00 -4.410102E-01
  1.820000E-01  1.994679E+00 -3.939210E+00 -1.246673E+00 -4.490533E-01
  1.840000E-01  2.013765E+00 -4.004895E+00 -1.272957E+00 -4.571538E-01
  1.860000E-01  2.032675E+00 -4.070849E+00 -1.299504E+00 -4.653109E-01
  1.880000E-01  2.051410E+00 -4.137069E+00 -1.326315E+00 -4.735242E-01
  1.900000E-01  2.069971E+00 -4.203551E+00 -1.353387E+00 -4.817931E-01
  1.920000E-01  2.088360E+00 -4.270295E+00 -1.380719E+00 -4.901171E-01
  1.940000E-01  2.106578E+00 -4.337297E+00 -1.408312E+00 -4.984957E-01
  1.960000E-01  2.124625E+00 -4.404555E+00 -1.436163E+00 -5.069284E-01
  1.980000E-01  2.142504E+00 -4.472067E+00 -1.464272E+00 -5.154147E-01
  2.000000E-01  2.160216E+00 -4.539831E+00 -1.492638E+00 -5.239541E-01
  2.020000E-01  2.177762E+00 -4.607845E+00 -1.521261E+00 -5.325461E-01
  2.040000E-01  2.195144E+00 -4.676105E+00 -1.550138E+00 -5.411902E-01
  2.060000E-01  2.212361E+00 -4.744611E+00 -1.579269E+00 -5.498861E-01
  2.080000E-01  2.229417E+00 -4.813360E+00 -1.608654E+00 -5.586331E-01
  2.100000E-01  2.246312E+00 -4.882350E+00 -1.638291E+00 -5.674308E-01
  2.120000E-01  2.263048E+00 -4.951579E+00 -1.668179E+00 -5.762788E-01
  2.140000E-01  2.279626E+00 -5.021045E+00 -1.698317E+00 -5.851767E-01
  2.160000E-01  2.296047E+00 -5.090746E+00 -1.728705E+00 -5.941240E-01
  2.180000E-01  2.312312E+00 -5.160680E+00 -1.759341E+00 -6.031201E-01
  2.200000E-01  2.328424E+00 -5.230846E+00 -1.790225E+00 -6.121649E-01
  2.220000E-01  2.344383E+00 -5.301242E+00 -1.821355E+00 -6.212576E-01
  2.240000E-01  2.360191E+00 -5.371866E+00 -1.852731E+00 -6.303981E-01
  2.260000E-01  2.375848E+00 -5.442715E+00 -1.884352E+00 -6.395857E-01
  2.280000E-01  2.391357E+00 -5.513789E+00 -1.916216E+00 -6.488202E-01
  2.300000E-01  2.406719E+00 -5.585086E+00 -1.948322E+00 -6.581011E-01
  2.320000E-01  2.421934E+00 -5.656604E+00 -1.980671E+00 -6.674279E-01
  2.340000E-01  2.437005E+00 -5.728341E+00 -2.013260E+00 -6.768003E-01
  2.360000E-01  2.451933E+00 -5.800296E+00 -2.046088E+00 -6.862178E-01
  2.380000E-01  2.466718E+00 -5.872467E+00 -2.079156E+00 -6.956801E-01
  2.400000E-01  2.481363E+00 -5.944853E+00 -2.112461E+00 -7.051868E-01
  2.420000E-01  2.495869E+00 -6.017453E+00 -2.146004E+00 -7.147374E-01
  2.440000E-01  2.510236E+00 -6.090264E+00 -2.179782E+00 -7.243316E-01
  2.460000E-01  2.524467E+00 -6.163285E+00 -2.213795E+00 -7.339689E-01
  2.480000E-01  2.538562E+00 -6.236516E+00 -2.248041E+00 -7.436491E-01
  2.500000E-01  2.552523E+00 -6.309954E+00 -2.282521E+00 -7.533717E-01
  2.520000E-01  2.566351E+00 -6.383598E+00 -2.317233E+00 -7.631362E-01
  2.540000E-01  2.580048E+00 -6.457447E+00 -2.352175E+00 -7.729425E-01
  2.560000E-01  2.593614E+00 -6.531499E+00 -2.387348E+00 -7.827900E-01
  2.580000E-01  2.607051E+00 -6.605754E+00 -2.422749E+00 -7.926784E-01
  2.600000E-01  2.620361E+00 -6.680209E+00 -2.458378E+00 -8.026073E-01
  2.620000E-01  2.633544E+00 -6.754865E+00 -2.494235E+00 -8.125764E-01
  2.640000E-01  2.646601E+00 -6.829718E+00 -2.530317E+00 -8.225853E-01
  2.660000E-01  2.659534E+00 -6.904769E+00 -2.566624E+00 -8.326337E-01
  2.680000E-01  2.672345E+00 -6.980016E+00 -2.603155E+00 -8.427211E-01
  2.700000E-01  2.685034E+00 -7.055457E+00 -2.639909E+00 -8.528473E-01
  2.720000E-01  2.697602E+00 -7.131093E+00 -2.676886E+00 -8.630119E-01
  2.740000E-01  2.710051E+00 -7.206921E+00 -2.714083E+00 -8.732145E-01
  2.760000E-01  2.722382E+00 -7.282940E+00 -2.751500E+00 -8.834547E-01
  2.780000E-01  2.734596E+00 -7.359149E+00 -2.789136E+00 -8.937323E-01
  2.800000E-01  2.746695E+00 -7.435548E+00 -2.826990E+00 -9.040470E-01
  2.820000E-01  2.758679E+00 -7.512135E+00 -2.865062E+00 -9.143982E-01
  2.840000E-01  2.770549E+00 -7.588909E+00 -2.903349E+00 -9.247858E-01
  2.860000E-01  2.782307E+00 -7.665869E+00 -2.941851E+00 -9.352094E-01
  2.880000E-01  2.793954E+00 -7.743014E+00 -2.980568E+00 -9.456687E-01
  2.900000E-01  2.805491E+00 -7.820343E+00 -3.019497E+00 -9.561633E-01
  2.920000E-01  2.816919E+00 -7.897855E+00 -3.058638E+00 -9.666928E-01
  2.940000E-01  2.828239E+00 -7.975549E+00 -3.097991E+00 -9.772571E-01
  2.960000E-01  2.839452E+00 -8.053423E+00 -3.137553E+00 -9.878558E-01
  2.980000E-01  2.850560E+00 -8.131479E+00 -3.177325E+00 -9.984885E-01
  3.000000E-01  2.861563E+00 -8.209713E+00 -3.217305E+00 -1.009155E+00
  3.020000E-01  2.872462E+00 -8.288125E+00 -3.257492E+00 -1.019855E+00
  3.040000E-01  2.883259E+00 -8.366715E+00 -3.297885E+00 -1.030588E+00
  3.060000E-01  2.893954E+00 -8.445481E+00 -3.338483E+00 -1.041353E+00
  3.080000E-01  2.904549E+00 -8.524422E+00 -3.379285E+00 -1.052152E+00
  3.100000E-01  2.915045E+00 -8.603538E+00 -3.420290E+00 -1.062982E+00
  3.120000E-01  2.925442E+00 -8.682828E+00 -3.461498E+00 -1.073844E+00
  3.140000E-01  2.935742E+00 -8.762291E+00 -3.502907E+00 -1.084738E+00
  3.160000E-01  2.945945E+00 -8.841925E+00 -3.544516E+00 -1.095664E+00
  3.180000E-01  2.956052E+00 -8.921731E+00 -3.586324E+00 -1.106620E+00
  3.200000E-01  2.966066E+00 -9.001707E+00 -3.628331E+00 -1.117607E+00
  3.220000E-01  2.975985E+00 -9.081852E+00 -3.670534E+00 -1.128624E+00
  3.240000E-01  2.985812E+00 -9.162166E+00 -3.712935E+00 -1.139672E+00
  3.260000E-01  2.995547E+00 -9.242648E+00 -3.755530E+00 -1.150749E+00
  3.280000E-01  3.005192E+00 -9.323296E+00 -3.798320E+00 -1.161856E+00
  3.300000E-01  3.014747E+00 -9.404111E+00 -3.841304E+00 -1.172993E+00
  3.320000E-01  3.024212E+00 -9.485092E+00 -3.884480E+00 -1.184158E+00
  3.340000E-01  3.033590E+00 -9.566237E+00 -3.927847E+00 -1.195352E+00
  3.360000E-01  3.042881E+00 -9.647546E+00 -3.971405E+00 -1.206575E+00
  3.380000E-01  3.052085E+00 -9.729018E+00 -4.015153E+00 -1.217825E+00
  3.400000E-01  3.061204E+00 -9.810652E+00 -4.059089E+00 -1.229104E+00
  3.420000E-01  3.070238E+00 -9.892448E+00 -4.103213E+00 -1.240410E+00
  3.440000E-01  3.079189E+00 -9.974405E+00 -4.147524E+00 -1.251744E+00
  3.460000E-01  3.088056E+00 -1.005652E+01 -4.192020E+00 -1.263105E+00
  3.480000E-01  3.096842E+00 -1.013880E+01 -4.236701E+00 -1.274493E+00
  3.500000E-01  3.105547E+00 -1.022123E+01 -4.281567E+00 -1.285908E+00
  3.520000E-01  3.114171E+00 -1.030382E+01 -4.326615E+00 -1.297349E+00
  3.540000E-01  3.122715E+00 -1.038657E+01 -4.371846E+00 -1.308816E+00
  3.560000E-01  3.131181E+00 -1.046948E+01 -4.417257E+00 -1.320309E+00
  3.580000E-01  3.139568E+00 -1.055254E+01 -4.462849E+00 -1.331827E+00
  3.600000E-01  3.147879E+00 -1.063576E+01 -4.508620E+00 -1.343371E+00
  3.620000E-01  3.156112E+00 -1.071913E+01 -4.554570E+00 -1.354940E+00
  3.640000E-01  3.164270E+00 -1.080266E+01 -4.600697E+00 -1.366535E+00
  3.660000E-01  3.172354E+00 -1.088634E+01 -4.647000E+00 -1.378153E+00
  3.680000E-01  3.180362E+00 -1.097017E+01 -4.693480E+00 -1.389797E+00
  3.700000E-01  3.188298E+00 -1.105415E+01 -4.740133E+00 -1.401464E+00
  3.720000E-01  3.196160E+00 -1.113828E+01 -4.786961E+00 -1.413155E+00
  3.740000E-01  3.203951E+00 -1.122257E+01 -4.833962E+00 -1.424871E+00
  3.760000E-01  3.211670E+00 -1.130700E+01 -4.881135E+00 -1.436609E+00
  3.780000E-01  3.219319E+00 -1.139158E+01 -4.928478E+00 -1.448371E+00
  3.800000E-01  3.226897E+00 -1.147631E+01 -4.975993E+00 -1.460156E+00
  3.820000E-01  3.234406E+00 -1.156119E+01 -5.023676E+00 -1.471964E+00
  3.840000E-01  3.241847E+00 -1.164622E+01 -5.071528E+00 -1.483795E+00
  3.860000E-01  3.249220E+00 -1.173139E+01 -5.119548E+00 -1.495648E+00
  3.880000E-01  3.256525E+00 -1.181671E+01 -5.167734E+00 -1.507523E+00
  3.900000E-01  3.263764E+00 -1.190217E+01 -5.216086E+00 -1.519420E+00
  3.920000E-01  3.270937E+00 -1.198778E+01 -5.264603E+00 -1.531339E+00
  3.940000E-01  3.278044E+00 -1.207353E+01 -5.313284E+00 -1.543279E+00
  3.960000E-01  3.285087E+00 -1.215942E+01 -5.362129E+00 -1.555241E+00
  3.980000E-01  3.292066E+00 -1.224546E+01 -5.411136E+00 -1.567224E+00
  4.000000E-01  3.298981E+00 -1.233164E+01 -5.460304E+00 -1.579228E+00
  4.020000E-01  3.305834E+00 -1.241796E+01 -5.509633E+00 -1.591253E+00
  4.040000E-01  3.312624E+00 -1.250442E+01 -5.559122E+00 -1.603298E+00
  4.060000E-01  3.319352E+00 -1.259102E+01 -5.608770E+00 -1.615363E+00
  4.080000E-01  3.326020E+00 -1.267776E+01 -5.658577E+00 -1.627449E+00
  4.100000E-01  3.332627E+00 -1.276464E+01 -5.708540E+00 -1.639555E+00
  4.120000E-01  3.339174E+00 -1.285166E+01 -5.758660E+00 -1.651680E+00
  4.140000E-01  3.345661E+00 -1.293882E+01 -5.808936E+00 -1.663825E+00
  4.160000E-01  3.352090E+00 -1.302611E+01 -5.859367E+00 -1.675989E+00
  4.180000E-01  3.358461E+00 -1.311354E+01 -5.909951E+00 -1.688173E+00
  4.200000E-01  3.364774E+00 -1.320111E+01 -5.960689E+00 -1.700375E+00
  4.220000E-01  3.371030E+00 -1.328881E+01 -6.011579E+00 -1.712597E+00
  4.240000E-01  3.377229E+00 -1.337665E+01 -6.062621E+00 -1.724837E+00
  4.260000E-01  3.383372E+00 -1.346462E+01 -6.113814E+00 -1.737095E+00
  4.280000E-01  3.389460E+00 -1.355273E+01 -6.165156E+00 -1.749372E+00
  4.300000E-01  3.386578E+00 -1.360167E+01 -6.193611E+00 -1.755872E+00
  4.320000E-01  3.387106E+00 -1.366561E+01 -6.230825E+00 -1.764568E+00
  4.340000E-01  3.386961E+00 -1.372658E+01 -6.266276E+00 -1.772811E+00
  4.360000E-01  3.386274E+00 -1.378510E+01 -6.300251E+00 -1.780674E+00
  4.380000E-01  3.385139E+00 -1.384153E+01 -6.332948E+00 -1.788209E+00
  4.400000E-01  3.383627E+00 -1.389616E+01 -6.364516E+00 -1.795453E+00
  4.420000E-01  3.381797E+00 -1.394920E+01 -6.395072E+00 -1.802437E+00
  4.440000E-01  3.379693E+00 -1.400082E+01 -6.424710E+00 -1.809185E+00
  4.460000E-01  3.377357E+00 -1.405117E+01 -6.453506E+00 -1.815716E+00
  4.480000E-01  3.374819E+00 -1.410039E+01 -6.481526E+00 -1.822049E+00
  4.500000E-01  3.372110E+00 -1.414856E+01 -6.508826E+00 -1.828196E+00
  4.520000E-01  3.369254E+00 -1.419580E+01 -6.535455E+00 -1.834171E+00
  4.540000E-01  3.366272E+00 -1.424217E+01 -6.561455E+00 -1.839985E+00
  4.560000E-01  3.363183E+00 -1.428776E+01 -6.586863E+00 -1.845648E+00
  4.580000E-01  3.360004E+00 -1.433262E+01 -6.611713E+00 -1.851167E+00
  4.600000E-01  3.356751E+00 -1.437682E+01 -6.636034E+00 -1.856552E+00
  4.620000E-01  3.353436E+00 -1.442040E+01 -6.659854E+00 -1.861808E+00
  4.640000E-01  3.350072E+00 -1.446342E+01 -6.683197E+00 -1.866943E+00
  4.660000E-01  3.346668E+00 -1.450591E+01 -6.706086E+00 -1.871962E+00
  4.680000E-01  3.343236E+00 -1.454792E+01 -6.728540E+00 -1.876871E+00
  4.700000E-01  3.339783E+00 -1.458948E+01 -6.750579E+00 -1.881673E+00
  4.720000E-01  3.336318E+00 -1.463062E+01 -6.772220E+00 -1.886375E+00
  4.740000E-01  3.332848E+00 -1.467138E+01 -6.793478E+00 -1.890980E+00
  4.760000E-01  3.329378E+00 -1.471178E+01 -6.814369E+00 -1.895491E+00
  4.780000E-01  3.325916E+00 -1.475185E+01 -6.834906E+00 -1.899913E+00
  4.800000E-01  3.322466E+00 -1.479160E+01 -6.855103E+00 -1.904249E+00
  4.820000E-01  3.319033E+00 -1.483107E+01 -6.874970E+00 -1.908502E+00
  4.840000E-01  3.315621E+00 -1.487028E+01 -6.894519E+00 -1.912675E+00
  4.860000E-01  3.312235E+00 -1.490924E+01 -6.913761E+00 -1.916770E+00
  4.880000E-01  3.308878E+00 -1.494796E+01 -6.932705E+00 -1.920790E+00
  4.900000E-01  3.305553E+00 -1.498648E+01 -6.951361E+00 -1.924738E+00
  4.920000E-01  3.302264E+00 -1.502479E+01 -6.969738E+00 -1.928616E+00
  4.940000E-01  3.299012E+00 -1.506293E+01 -6.987843E+00 -1.932426E+00
  4.960000E-01  3.295801E+00 -1.510089E+01 -7.005684E+00 -1.936170E+00
  4.980000E-01  3.292632E+00 -1.513870E+01 -7.023269E+00 -1.939850E+00
  5.000000E-01  3.289508E+00 -1.517636E+01 -7.040605E+00 -1.943468E+00
  5.020000E-01  3.286430E+00 -1.521389E+01 -7.057699E+00 -1.947025E+00
  5.040000E-01  3.280142E+00 -1.522754E+01 -7.085206E+00 -1.954480E+00
  5.060000E-01  3.275305E+00 -1.525141E+01 -7.108102E+00 -1.960214E+00
  5.080000E-01  3.270380E+00 -1.527426E+01 -7.131381E+00 -1.966089E+00
  5.100000E-01  3.265401E+00 -1.529632E+01 -7.154944E+00 -1.972068E+00
  5.120000E-01  3.260392E+00 -1.531779E+01 -7.178731E+00 -1.978124E+00
  5.140000E-01  3.255366E+00 -1.533876E+01 -7.202701E+00 -1.984241E+00
  5.160000E-01  3.250337E+00 -1.535933E+01 -7.226822E+00 -1.990406E+00
  5.180000E-01  3.245312E+00 -1.537957E+01 -7.251073E+00 -1.996610E+00
  5.200000E-01  3.240298E+00 -1.539952E+01 -7.275435E+00 -2.002847E+00
  5.220000E-01  3.235300E+00 -1.541923E+01 -7.299896E+00 -2.009109E+00
  5.240000E-01  3.230323E+00 -1.543873E+01 -7.324442E+00 -2.015393E+00
  5.260000E-01  3.225369E+00 -1.545805E+01 -7.349065E+00 -2.021694E+00
  5.280000E-01  3.220443E+00 -1.547722E+01 -7.373757E+00 -2.028008E+00
  5.300000E-01  3.215546E+00 -1.549626E+01 -7.398511E+00 -2.034335E+00
  5.320000E-01  3.210680E+00 -1.551518E+01 -7.423321E+00 -2.040669E+00
  5.340000E-01  3.205847E+00 -1.553401E+01 -7.448182E+00 -2.047011E+00
  5.360000E-01  3.201049E+00 -1.555275E+01 -7.473090E+00 -2.053358E+00
  5.380000E-01  3.196287E+00 -1.557142E+01 -7.498041E+00 -2.059707E+00
  5.400000E-01  3.191561E+00 -1.559004E+01 -7.523031E+00 -2.066059E+00
  5.420000E-01  3.186873E+00 -1.560860E+01 -7.548057E+00 -2.072412E+00
  5.440000E-01  3.182223E+00 -1.562712E+01 -7.573116E+00 -2.078764E+00
  5.460000E-01  3.177612E+00 -1.564561E+01 -7.598206E+00 -2.085114E+00
  5.480000E-01  3.173041E+00 -1.566407E+01 -7.623325E+00 -2.091463E+00
  5.500000E-01  3.168509E+00 -1.568252E+01 -7.648469E+00 -2.097808E+00
  5.520000E-01  3.164018E+00 -1.570095E+01 -7.673638E+00 -2.104150E+00
  5.540000E-01  3.159567E+00 -1.571938E+01 -7.698830E+00 -2.110487E+00
  5.560000E-01  3.155157E+00 -1.573780E+01 -7.724043E+00 -2.116819E+00
  5.580000E-01  3.150788E+00 -1.575623E+01 -7.749274E+00 -2.123145E+00
  5.600000E-01  3.146461E+00 -1.577466E+01 -7.774524E+00 -2.129466E+00
  5.620000E-01  3.142174E+00 -1.579311E+01 -7.799791E+00 -2.135780E+00
  5.640000E-01  3.137929E+00 -1.581157E+01 -7.825073E+00 -2.142087E+00
  5.660000E-01  3.133725E+00 -1.583005E+01 -7.850369E+00 -2.148387E+00
  5.680000E-01  3.129562E+00 -1.584855E+01 -7.875678E+00 -2.154679E+00
  5.700000E-01  3.125440E+00 -1.586707E+01 -7.900999E+00 -2.160963E+00
  5.720000E-01  3.121360E+00 -1.588563E+01 -7.926332E+00 -2.167239E+00
  5.740000E-01  3.117321E+00 -1.590421E+01 -7.951675E+00 -2.173506E+00
  5.760000E-01  3.113322E+00 -1.592283E+01 -7.977027E+00 -2.179765E+00
  5.780000E-01  3.109365E+00 -1.594148E+01 -8.002387E+00 -2.186014E+00
  5.800000E-01  3.105448E+00 -1.596017E+01 -8.027756E+00 -2.192255E+00
  5.820000E-01  3.101572E+00 -1.597889E+01 -8.053131E+00 -2.198486E+00
  5.840000E-01  3.097736E+00 -1.599766E+01 -8.078513E+00 -2.204707E+00
  5.860000E-01  3.093940E+00 -1.601648E+01 -8.103901E+00 -2.210918E+00
  5.880000E-01  3.090185E+00 -1.603533E+01 -8.129293E+00 -2.217120E+00
  5.900000E-01  3.086469E+00 -1.605424E+01 -8.154690E+00 -2.223312E+00
  5.920000E-01  3.082793E+00 -1.607319E+01 -8.180091E+00 -2.229493E+00
  5.940000E-01  3.079157E+00 -1.609219E+01 -8.205495E+00 -2.235664E+00
  5.960000E-01  3.075560E+00 -1.611124E+01 -8.230901E+00 -2.241824E+00
  5.980000E-01  3.072001E+00 -1.613034E+01 -8.256310E+00 -2.247974E+00
  6.000000E-01  3.068482E+00 -1.614950E+01 -8.281721E+00 -2.254113E+00
  6.020000E-01  3.065001E+00 -1.616870E+01 -8.307133E+00 -2.260242E+00
  6.040000E-01  3.061559E+00 -1.618797E+01 -8.332545E+00 -2.266359E+00
  6.060000E-01  3.058154E+00 -1.620729E+01 -8.357958E+00 -2.272466E+00
  6.080000E-01  3.054788E+00 -1.622667E+01 -8.383371E+00 -2.278561E+00
  6.100000E-01  3.051458E+00 -1.624611E+01 -8.408783E+00 -2.284646E+00
  6.120000E-01  3.048167E+00 -1.626560E+01 -8.434194E+00 -2.290719E+00
  6.140000E-01  3.044912E+00 -1.628516E+01 -8.459604E+00 -2.296781E+00
  6.160000E-01  3.041694E+00 -1.630477E+01 -8.485013E+00 -2.302831E+00
  6.180000E-01  3.038513E+00 -1.632445E+01 -8.510419E+00 -2.308871E+00
  6.200000E-01  3.035368E+00 -1.634419E+01 -8.535823E+00 -2.314899E+00
  6.220000E-01  3.032259E+00 -1.636399E+01 -8.561224E+00 -2.320915E+00
  6.240000E-01  3.029186E+00 -1.638386E+01 -8.586622E+00 -2.326920E+00
  6.260000E-01  3.026149E+00 -1.640379E+01 -8.612017E+00 -2.332914E+00
  6.280000E-01  3.023147E+00 -1.642378E+01 -8.637407E+00 -2.338896E+00
  6.300000E-01  3.020179E+00 -1.644384E+01 -8.662794E+00 -2.344866E+00
  6.320000E-01  3.017247E+00 -1.646397E+01 -8.688177E+00 -2.350824E+00
  6.340000E-01  3.014349E+00 -1.648416E+01 -8.713555E+00 -2.356771E+00
  6.360000E-01  3.011485E+00 -1.650442E+01 -8.738928E+00 -2.362707E+00
  6.380000E-01  3.008655E+00 -1.652475E+01 -8.764296E+00 -2.368630E+00
  6.400000E-01  3.005859E+00 -1.654514E+01 -8.789659E+00 -2.374542E+00
  6.420000E-01  3.003096E+00 -1.656560E+01 -8.815016E+00 -2.380442E+00
  6.440000E-01  3.000367E+00 -1.658613E+01 -8.840367E+00 -2.386331E+00
  6.460000E-01  2.997670E+00 -1.660673E+01 -8.865712E+00 -2.392207E+00
  6.480000E-01  2.995006E+00 -1.662740E+01 -8.891051E+00 -2.398072E+00
  6.500000E-01  2.992375E+00 -1.664814E+01 -8.916383E+00 -2.403925E+00
  6.520000E-01  2.989775E+00 -1.666895E+01 -8.941708E+00 -2.409766E+00
  6.540000E-01  2.987208E+00 -1.668983E+01 -8.967026E+00 -2.415595E+00
  6.560000E-01  2.984672E+00 -1.671078E+01 -8.992337E+00 -2.421412E+00
  6.580000E-01  2.982167E+00 -1.673180E+01 -9.017641E+00 -2.427217E+00
  6.600000E-01  2.979693E+00 -1.675289E+01 -9.042936E+00 -2.433011E+00
  6.620000E-01  2.977251E+00 -1.677405E+01 -9.068224E+00 -2.438793E+00
  6.640000E-01  2.974839E+00 -1.679528E+01 -9.093504E+00 -2.444562E+00
  6.660000E-01  2.972457E+00 -1.681659E+01 -9.118776E+00 -2.450320E+00
  6.680000E-01  2.970105E+00 -1.683797E+01 -9.144039E+00 -2.456066E+00
  6.700000E-01  2.967783E+00 -1.685942E+01 -9.169293E+00 -2.461800E+00
  6.720000E-01  2.965491E+00 -1.688094E+01 -9.194539E+00 -2.467522E+00
  6.740000E-01  2.963228E+00 -1.690254E+01 -9.219775E+00 -2.473233E+00
  6.760000E-01  2.960994E+00 -1.692420E+01 -9.245003E+00 -2.478931E+00
  6.780000E-01  2.958789E+00 -1.694595E+01 -9.270221E+00 -2.484617E+00
  6.800000E-01  2.956613E+00 -1.696776E+01 -9.295429E+00 -2.490292E+00
  6.820000E-01  2.954465E+00 -1.698965E+01 -9.320628E+00 -2.495955E+00
  6.840000E-01  2.952345E+00 -1.701161E+01 -9.345817E+00 -2.501605E+00
  6.860000E-01  2.950253E+00 -1.703365E+01 -9.370997E+00 -2.507244E+00
  6.880000E-01  2.948188E+00 -1.705576E+01 -9.396166E+00 -2.512871E+00
  6.900000E-01  2.946151E+00 -1.707794E+01 -9.421324E+00 -2.518486E+00
  6.920000E-01  2.944141E+00 -1.710020E+01 -9.446473E+00 -2.524089E+00
  6.940000E-01  2.942158E+00 -1.712253E+01 -9.471610E+00 -2.529680E+00
  6.960000E-01  2.940202E+00 -1.714493E+01 -9.496737E+00 -2.535260E+00
  6.980000E-01  2.938273E+00 -1.716741E+01 -9.521853E+00 -2.540827E+00
  7.000000E-01  2.936369E+00 -1.718997E+01 -9.546959E+00 -2.546383E+00
  7.020000E-01  2.934492E+00 -1.721260E+01 -9.572053E+00 -2.551926E+00
  7.040000E-01  2.932640E+00 -1.723530E+01 -9.597135E+00 -2.557458E+00
  7.060000E-01  2.930814E+00 -1.725808E+01 -9.622207E+00 -2.562978E+00
  7.080000E-01  2.929013E+00 -1.728093E+01 -9.647267E+00 -2.568487E+00
  7.100000E-01  2.927238E+00 -1.730386E+01 -9.672315E+00 -2.573983E+00
  7.120000E-01  2.925487E+00 -1.732686E+01 -9.697352E+00 -2.579467E+00
  7.140000E-01  2.923761E+00 -1.734994E+01 -9.722376E+00 -2.584940E+00
  7.160000E-01  2.922060E+00 -1.737309E+01 -9.747389E+00 -2.590401E+00
  7.180000E-01  2.920382E+00 -1.739632E+01 -9.772389E+00 -2.595850E+00
  7.200000E-01  2.918729E+00 -1.741963E+01 -9.797378E+00 -2.601287E+00
  7.220000E-01  2.917100E+00 -1.744300E+01 -9.822354E+00 -2.606713E+00
  7.240000E-01  2.915494E+00 -1.746646E+01 -9.847317E+00 -2.612126E+00
  7.260000E-01  2.913912E+00 -1.748999E+01 -9.872268E+00 -2.617528E+00
  7.280000E-01  2.912353E+00 -1.751359E+01 -9.897207E+00 -2.622918E+00
  7.300000E-01  2.910817E+00 -1.753727E+01 -9.922132E+00 -2.628297E+00
  7.320000E-01  2.909304E+00 -1.756103E+01 -9.947045E+00 -2.633663E+00
  7.340000E-01  2.907813E+00 -1.758486E+01 -9.971945E+00 -2.639018E+00
  7.360000E-01  2.906345E+00 -1.760876E+01 -9.996831E+00 -2.644361E+00
  7.380000E-01  2.904899E+00 -1.763274E+01 -1.002170E+01 -2.649693E+00
  7.400000E-01  2.903475E+00 -1.765680E+01 -1.004656E+01 -2.655013E+00
  7.420000E-01  2.902073E+00 -1.768093E+01 -1.007141E+01 -2.660321E+00
  7.440000E-01  2.900692E+00 -1.770514E+01 -1.009624E+01 -2.665617E+00
  7.460000E-01  2.899333E+00 -1.772942E+01 -1.012106E+01 -2.670902E+00
  7.480000E-01  2.897995E+00 -1.775378E+01 -1.014587E+01 -2.676175E+00
  7.500000E-01  2.896679E+00 -1.777821E+01 -1.017066E+01 -2.681436E+00
  7.520000E-01  2.895383E+00 -1.780272E+01 -1.019544E+01 -2.686686E+00
  7.540000E-01  2.894107E+00 -1.782731E+01 -1.022021E+01 -2.691924E+00
  7.560000E-01  2.892853E+00 -1.785197E+01 -1.024496E+01 -2.697150E+00
  7.580000E-01  2.891618E+00 -1.787670E+01 -1.026969E+01 -2.702365E+00
  7.600000E-01  2.890404E+00 -1.790152E+01 -1.029442E+01 -2.707568E+00
  7.620000E-01  2.889209E+00 -1.792640E+01 -1.031912E+01 -2.712760E+00
  7.640000E-01  2.888035E+00 -1.795136E+01 -1.034382E+01 -2.717940E+00
  7.660000E-01  2.886880E+00 -1.797640E+01 -1.036850E+01 -2.723108E+00
  7.680000E-01  2.885744E+00 -1.800151E+01 -1.039316E+01 -2.728265E+00
  7.700000E-01  2.884628E+00 -1.802670E+01 -1.041781E+01 -2.733410E+00
  7.720000E-01  2.883530E+00 -1.805196E+01 -1.044245E+01 -2.738544E+00
  7.740000E-01  2.882452E+00 -1.807730E+01 -1.046707E+01 -2.743666E+00
  7.760000E-01  2.881392E+00 -1.810271E+01 -1.049168E+01 -2.748777E+00
  7.780000E-01  2.880351E+00 -1.812820E+01 -1.051627E+01 -2.753876E+00
  7.800000E-01  2.879328E+00 -1.815377E+01 -1.054084E+01 -2.758964E+00
  7.820000E-01  2.878324E+00 -1.817941E+01 -1.056540E+01 -2.764040E+00
  7.840000E-01  2.877337E+00 -1.820512E+01 -1.058995E+01 -2.769105E+00
  7.860000E-01  2.876369E+00 -1.823091E+01 -1.061448E+01 -2.774158E+00
  7.880000E-01  2.875418E+00 -1.825677E+01 -1.063900E+01 -2.779200E+00
  7.900000E-01  2.874484E+00 -1.828271E+01 -1.066350E+01 -2.784230E+00
  7.920000E-01  2.873569E+00 -1.830873E+01 -1.068798E+01 -2.789249E+00
  7.940000E-01  2.872670E+00 -1.833482E+01 -1.071245E+01 -2.794256E+00
  7.960000E-01  2.871788E+00 -1.836098E+01 -1.073691E+01 -2.799252E+00
  7.980000E-01  2.870924E+00 -1.838722E+01 -1.076134E+01 -2.804237E+00
  8.000000E-01  2.870076E+00 -1.841353E+01 -1.078577E+01 -2.809210E+00
  8.020000E-01  2.869245E+00 -1.843992E+01 -1.081017E+01 -2.814172E+00
  8.040000E-01  2.868430E+00 -1.846638E+01 -1.083457E+01 -2.819123E+00
  8.060000E-01  2.867631E+00 -1.849292E+01 -1.085894E+01 -2.824062E+00
  8.080000E-01  2.866849E+00 -1.851954E+01 -1.088330E+01 -2.828989E+00
  8.100000E-01  2.866083E+00 -1.854622E+01 -1.090765E+01 -2.833906E+00
  8.120000E-01  2.865332E+00 -1.857298E+01 -1.093197E+01 -2.838811E+00
  8.140000E-01  2.864598E+00 -1.859982E+01 -1.095629E+01 -2.843705E+00
  8.160000E-01  2.863879E+00 -1.862673E+01 -1.098058E+01 -2.848587E+00
  8.180000E-01  2.863175E+00 -1.865372E+01 -1.100486E+01 -2.853458E+00
  8.200000E-01  2.862487E+00 -1.868078E+01 -1.102912E+01 -2.858318E+00
  8.220000E-01  2.861813E+00 -1.870791E+01 -1.105337E+01 -2.863166E+00
  8.240000E-01  2.861155E+00 -1.873512E+01 -1.107760E+01 -2.868004E+00
  8.260000E-01  2.860512E+00 -1.876240E+01 -1.110181E+01 -2.872830E+00
  8.280000E-01  2.859884E+00 -1.878976E+01 -1.112601E+01 -2.877644E+00
  8.300000E-01  2.859270E+00 -1.881719E+01 -1.115019E+01 -2.882448E+00
  8.320000E-01  2.858670E+00 -1.884469E+01 -1.117436E+01 -2.887240E+00
  8.340000E-01  2.858085E+00 -1.887227E+01 -1.119851E+01 -2.892021E+00
  8.360000E-01  2.857514E+00 -1.889992E+01 -1.122264E+01 -2.896791E+00
  8.380000E-01  2.856957E+00 -1.892765E+01 -1.124675E+01 -2.901549E+00
  8.400000E-01  2.856414E+00 -1.895545E+01 -1.127085E+01 -2.906297E+00
  8.420000E-01  2.855885E+00 -1.898332E+01 -1.129493E+01 -2.911033E+00
  8.440000E-01  2.855370E+00 -1.901127E+01 -1.131899E+01 -2.915758E+00
  8.460000E-01  2.854868E+00 -1.903929E+01 -1.134304E+01 -2.920472E+00
  8.480000E-01  2.854380E+00 -1.906738E+01 -1.136707E+01 -2.925174E+00
  8.500000E-01  2.853904E+00 -1.909555E+01 -1.139109E+01 -2.929866E+00
  8.520000E-01  2.853442E+00 -1.912379E+01 -1.141508E+01 -2.934546E+00
  8.540000E-01  2.852993E+00 -1.915211E+01 -1.143906E+01 -2.939216E+00
  8.560000E-01  2.852558E+00 -1.918050E+01 -1.146302E+01 -2.943874E+00
  8.580000E-01  2.852134E+00 -1.920896E+01 -1.148697E+01 -2.948521E+00
  8.600000E-01  2.851724E+00 -1.923749E+01 -1.151089E+01 -2.953157E+00
  8.620000E-01  2.851326E+00 -1.926610E+01 -1.153480E+01 -2.957782E+00
  8.640000E-01  2.850940E+00 -1.929478E+01 -1.155870E+01 -2.962395E+00
  8.660000E-01  2.850567E+00 -1.932353E+01 -1.158257E+01 -2.966998E+00
  8.680000E-01  2.850206E+00 -1.935236E+01 -1.160643E+01 -2.971590E+00
  8.700000E-01  2.849377E+00 -1.937738E+01 -1.163404E+01 -2.975734E+00
  8.720000E-01  2.848600E+00 -1.940280E+01 -1.166134E+01 -2.979909E+00
  8.740000E-01  2.847762E+00 -1.942769E+01 -1.168924E+01 -2.984011E+00
  8.760000E-01  2.846876E+00 -1.945218E+01 -1.171763E+01 -2.988054E+00
  8.780000E-01  2.845953E+00 -1.947632E+01 -1.174645E+01 -2.992047E+00
  8.800000E-01  2.844998E+00 -1.950018E+01 -1.177564E+01 -2.995996E+00
  8.820000E-01  2.844017E+00 -1.952380E+01 -1.180518E+01 -2.999906E+00
  8.840000E-01  2.843014E+00 -1.954721E+01 -1.183503E+01 -3.003782E+00
  8.860000E-01  2.841992E+00 -1.957043E+01 -1.186518E+01 -3.007627E+00
  8.880000E-01  2.840955E+00 -1.959350E+01 -1.189560E+01 -3.011443E+00
  8.900000E-01  2.839904E+00 -1.961642E+01 -1.192628E+01 -3.015233E+00
  8.920000E-01  2.838841E+00 -1.963921E+01 -1.195721E+01 -3.018999E+00
  8.940000E-01  2.837769E+00 -1.966189E+01 -1.198837E+01 -3.022742E+00
  8.960000E-01  2.836688E+00 -1.968448E+01 -1.201976E+01 -3.026465E+00
  8.980000E-01  2.835600E+00 -1.970697E+01 -1.205136E+01 -3.030168E+00
  9.000000E-01  2.834506E+00 -1.972938E+01 -1.208317E+01 -3.033853E+00
  9.020000E-01  2.833408E+00 -1.975172E+01 -1.211519E+01 -3.037520E+00
  9.040000E-01  2.832306E+00 -1.977400E+01 -1.214740E+01 -3.041172E+00
  9.060000E-01  2.831201E+00 -1.979622E+01 -1.217979E+01 -3.044809E+00
  9.080000E-01  2.830093E+00 -1.981839E+01 -1.221238E+01 -3.048431E+00
  9.100000E-01  2.828985E+00 -1.984052E+01 -1.224514E+01 -3.052039E+00
  9.120000E-01  2.827875E+00 -1.986261E+01 -1.227808E+01 -3.055635E+00
  9.140000E-01  2.826765E+00 -1.988467E+01 -1.231118E+01 -3.059219E+00
  9.160000E-01  2.825655E+00 -1.990670E+01 -1.234446E+01 -3.062791E+00
  9.180000E-01  2.824546E+00 -1.992870E+01 -1.237790E+01 -3.066352E+00
  9.200000E-01  2.823438E+00 -1.995068E+01 -1.241150E+01 -3.069903E+00
  9.220000E-01  2.822332E+00 -1.997265E+01 -1.244526E+01 -3.073443E+00
  9.240000E-01  2.821228E+00 -1.999460E+01 -1.247917E+01 -3.076975E+00
  9.260000E-01  2.820126E+00 -2.001654E+01 -1.251323E+01 -3.080497E+00
  9.280000E-01  2.819026E+00 -2.003847E+01 -1.254744E+01 -3.084010E+00
  9.300000E-01  2.817930E+00 -2.006040E+01 -1.258180E+01 -3.087515E+00
  9.320000E-01  2.816836E+00 -2.008232E+01 -1.261631E+01 -3.091013E+00
  9.340000E-01  2.815746E+00 -2.010425E+01 -1.265095E+01 -3.094502E+00
  9.360000E-01  2.814660E+00 -2.012617E+01 -1.268574E+01 -3.097985E+00
  9.380000E-01  2.813577E+00 -2.014811E+01 -1.272066E+01 -3.101460E+00
  9.400000E-01  2.812499E+00 -2.017004E+01 -1.275572E+01 -3.104929E+00
  9.420000E-01  2.811424E+00 -2.019199E+01 -1.279091E+01 -3.108392E+00
  9.440000E-01  2.810354E+00 -2.021395E+01 -1.282624E+01 -3.111848E+00
  9.460000E-01  2.809289E+00 -2.023592E+01 -1.286169E+01 -3.115299E+00
  9.480000E-01  2.808228E+00 -2.025790E+01 -1.289728E+01 -3.118744E+00
  9.500000E-01  2.807172E+00 -2.027990E+01 -1.293299E+01 -3.122184E+00
  9.520000E-01  2.806120E+00 -2.030191E+01 -1.296883E+01 -3.125618E+00
  9.540000E-01  2.805074E+00 -2.032394E+01 -1.300479E+01 -3.129048E+00
  9.560000E-01  2.804033E+00 -2.034599E+01 -1.304088E+01 -3.132472E+00
  9.580000E-01  2.802997E+00 -2.036806E+01 -1.307709E+01 -3.135892E+00
  9.600000E-01  2.801966E+00 -2.039015E+01 -1.311342E+01 -3.139308E+00
  9.620000E-01  2.800941E+00 -2.041226E+01 -1.314986E+01 -3.142720E+00
  9.640000E-01  2.799921E+00 -2.043440E+01 -1.318643E+01 -3.146127E+00
  9.660000E-01  2.798907E+00 -2.045656E+01 -1.322311E+01 -3.149531E+00
  9.680000E-01  2.797898E+00 -2.047875E+01 -1.325990E+01 -3.152931E+00
  9.700000E-01  2.796895E+00 -2.050096E+01 -1.329681E+01 -3.156327E+00
  9.720000E-01  2.795898E+00 -2.052320E+01 -1.333384E+01 -3.159720E+00
  9.740000E-01  2.794906E+00 -2.054547E+01 -1.337097E+01 -3.163109E+00
  9.760000E-01  2.793920E+00 -2.056777E+01 -1.340822E+01 -3.166496E+00
  9.780000E-01  2.792939E+00 -2.059009E+01 -1.344558E+01 -3.169879E+00
  9.800000E-01  2.791965E+00 -2.061245E+01 -1.348304E+01 -3.173259E+00
  9.820000E-01  2.790996E+00 -2.063484E+01 -1.352061E+01 -3.176637E+00
  9.840000E-01  2.790033E+00 -2.065726E+01 -1.355829E+01 -3.180012E+00
  9.860000E-01  2.789076E+00 -2.067971E+01 -1.359608E+01 -3.183384E+00
  9.880000E-01  2.788125E+00 -2.070219E+01 -1.363396E+01 -3.186754E+00
  9.900000E-01  2.787180E+00 -2.072471E+01 -1.367196E+01 -3.190122E+00
  9.920000E-01  2.786241E+00 -2.074726E+01 -1.371005E+01 -3.193487E+00
  9.940000E-01  2.785307E+00 -2.076984E+01 -1.374825E+01 -3.196850E+00
  9.960000E-01  2.784380E+00 -2.079246E+01 -1.378655E+01 -3.200211E+00
  9.980000E-01  2.783458E+00 -2.081512E+01 -1.382495E+01 -3.203570E+00
  1.000000E+00  2.782543E+00 -2.083781E+01 -1.386345E+01 -3.206927E+00
  1.002000E+00  2.781633E+00 -2.086054E+01 -1.390205E+01 -3.210282E+00
  1.004000E+00  2.780730E+00 -2.088330E+01 -1.394075E+01 -3.213636E+00
  1.006000E+00  2.779832E+00 -2.090610E+01 -1.397954E+01 -3.216988E+00
  1.008000E+00  2.778940E+00 -2.092894E+01 -1.401843E+01 -3.220338E+00
  1.010000E+00  2.778054E+00 -2.095182E+01 -1.405742E+01 -3.223687E+00
  1.012000E+00  2.777174E+00 -2.097473E+01 -1.409650E+01 -3.227035E+00
  1.014000E+00  2.776300E+00 -2.099768E+01 -1.413567E+01 -3.230381E+00
  1.016000E+00  2.775432E+00 -2.102068E+01 -1.417494E+01 -3.233726E+00
  1.018000E+00  2.774570E+00 -2.104371E+01 -1.421430E+01 -3.237070E+00
  1.020000E+00  2.773713E+00 -2.106678E+01 -1.425375E+01 -3.240412E+00
  1.022000E+00  2.772863E+00 -2.108989E+01 -1.429330E+01 -3.243754E+00
  1.024000E+00  2.772018E+00 -2.111304E+01 -1.433293E+01 -3.247094E+00
  1.026000E+00  2.771179E+00 -2.113623E+01 -1.437266E+01 -3.250434E+00
  1.028000E+00  2.770346E+00 -2.115946E+01 -1.441247E+01 -3.253772E+00
  1.030000E+00  2.769518E+00 -2.118273E+01 -1.445237E+01 -3.257110E+00
  1.032000E+00  2.768697E+00 -2.120604E+01 -1.449236E+01 -3.260447E+00
  1.034000E+00  2.767881E+00 -2.122939E+01 -1.453244E+01 -3.263784E+00
  1.036000E+00  2.767071E+00 -2.125279E+01 -1.457261E+01 -3.267119E+00
  1.038000E+00  2.766267E+00 -2.127623E+01 -1.461286E+01 -3.270455E+00
  1.040000E+00  2.765468E+00 -2.129971E+01 -1.465319E+01 -3.273789E+00
  1.042000E+00  2.764675E+00 -2.132323E+01 -1.469361E+01 -3.277123E+00
  1.044000E+00  2.763887E+00 -2.134679E+01 -1.473412E+01 -3.280457E+00
  1.046000E+00  2.763106E+00 -2.137040E+01 -1.477471E+01 -3.283790E+00
  1.048000E+00  2.762330E+00 -2.139405E+01 -1.481538E+01 -3.287123E+00
  1.050000E+00  2.761559E+00 -2.141774E+01 -1.485614E+01 -3.290455E+00
  1.052000E+00  2.760794E+00 -2.144147E+01 -1.489697E+01 -3.293788E+00
  1.054000E+00  2.760034E+00 -2.146525E+01 -1.493789E+01 -3.297120E+00
  1.056000E+00  2.759280E+00 -2.148907E+01 -1.497889E+01 -3.300452E+00
  1.058000E+00  2.758532E+00 -2.151294E+01 -1.501997E+01 -3.303784E+00
  1.060000E+00  2.757789E+00 -2.153684E+01 -1.506113E+01 -3.307115E+00
  1.062000E+00  2.757051E+00 -2.156080E+01 -1.510236E+01 -3.310447E+00
  1.064000E+00  2.756319E+00 -2.158479E+01 -1.514368E+01 -3.313779E+00
  1.066000E+00  2.755592E+00 -2.160883E+01 -1.518508E+01 -3.317111E+00
  1.068000E+00  2.754870E+00 -2.163292E+01 -1.522655E+01 -3.320442E+00
  1.070000E+00  2.754154E+00 -2.165705E+01 -1.526810E+01 -3.323774E+00
  1.072000E+00  2.753443E+00 -2.168122E+01 -1.530972E+01 -3.327106E+00
  1.074000E+00  2.752737E+00 -2.170544E+01 -1.535143E+01 -3.330439E+00
  1.076000E+00  2.752037E+00 -2.172970E+01 -1.539320E+01 -3.333771E+00
  1.078000E+00  2.751341E+00 -2.175401E+01 -1.543506E+01 -3.337104E+00
  1.080000E+00  2.750651E+00 -2.177837E+01 -1.547698E+01 -3.340437E+00
  1.082000E+00  2.749966E+00 -2.180276E+01 -1.551899E+01 -3.343771E+00
  1.084000E+00  2.749286E+00 -2.182721E+01 -1.556106E+01 -3.347105E+00
  1.086000E+00  2.748612E+00 -2.185170E+01 -1.560321E+01 -3.350439E+00
  1.088000E+00  2.747942E+00 -2.187623E+01 -1.564543E+01 -3.353774E+00
  1.090000E+00  2.747277E+00 -2.190081E+01 -1.568773E+01 -3.357109E+00
  1.092000E+00  2.746618E+00 -2.192544E+01 -1.573009E+01 -3.360445E+00
  1.094000E+00  2.745963E+00 -2.195011E+01 -1.577253E+01 -3.363781E+00
  1.096000E+00  2.745313E+00 -2.197483E+01 -1.581504E+01 -3.367118E+00
  1.098000E+00  2.744669E+00 -2.199959E+01 -1.585762E+01 -3.370455E+00
  1.100000E+00  2.744029E+00 -2.202440E+01 -1.590026E+01 -3.373794E+00
  1.102000E+00  2.743394E+00 -2.204926E+01 -1.594298E+01 -3.377133E+00
  1.104000E+00  2.742764E+00 -2.207416E+01 -1.598577E+01 -3.380472E+00
  1.106000E+00  2.742138E+00 -2.209911E+01 -1.602863E+01 -3.383813E+00
  1.108000E+00  2.741518E+00 -2.212411E+01 -1.607155E+01 -3.387154E+00
  1.110000E+00  2.740902E+00 -2.214915E+01 -1.611454E+01 -3.390496E+00
  1.112000E+00  2.740291E+00 -2.217424E+01 -1.615760E+01 -3.393839E+00
  1.114000E+00  2.739685E+00 -2.219938E+01 -1.620073E+01 -3.397183E+00
  1.116000E+00  2.739083E+00 -2.222456E+01 -1.624393E+01 -3.400528E+00
  1.118000E+00  2.738486E+00 -2.224979E+01 -1.628719E+01 -3.403873E+00
  1.120000E+00  2.737894E+00 -2.227507E+01 -1.633051E+01 -3.407220E+00
  1.122000E+00  2.737306E+00 -2.230040E+01 -1.637391E+01 -3.410568E+00
  1.124000E+00  2.736723E+00 -2.232577E+01 -1.641736E+01 -3.413917E+00
  1.126000E+00  2.736145E+00 -2.235119E+01 -1.646088E+01 -3.417267E+00
  1.128000E+00  2.735571E+00 -2.237666E+01 -1.650447E+01 -3.420618E+00
  1.130000E+00  2.735001E+00 -2.240218E+01 -1.654812E+01 -3.423970E+00
  1.132000E+00  2.734436E+00 -2.242774E+01 -1.659184E+01 -3.427324E+00
  1.134000E+00  2.733876E+00 -2.245336E+01 -1.663561E+01 -3.430679E+00
  1.136000E+00  2.733320E+00 -2.247902E+01 -1.667946E+01 -3.434035E+00
  1.138000E+00  2.732768E+00 -2.250473E+01 -1.672336E+01 -3.437392E+00
  1.140000E+00  2.732221E+00 -2.253049E+01 -1.676733E+01 -3.440751E+00
  1.142000E+00  2.731678E+00 -2.255630E+01 -1.681135E+01 -3.444112E+00
  1.144000E+00  2.731140E+00 -2.258216E+01 -1.685544E+01 -3.447474E+00
  1.146000E+00  2.730605E+00 -2.260806E+01 -1.689959E+01 -3.450837E+00
  1.148000E+00  2.730076E+00 -2.263402E+01 -1.694381E+01 -3.454202E+00
  1.150000E+00  2.729550E+00 -2.266003E+01 -1.698808E+01 -3.457569E+00
  1.152000E+00  2.729029E+00 -2.268609E+01 -1.703241E+01 -3.460937E+00
  1.154000E+00  2.728512E+00 -2.271219E+01 -1.707681E+01 -3.464308E+00
  1.156000E+00  2.727999E+00 -2.273835E+01 -1.712126E+01 -3.467680E+00
  1.158000E+00  2.727491E+00 -2.276456E+01 -1.716577E+01 -3.471054E+00
  1.160000E+00  2.726986E+00 -2.279083E+01 -1.721034E+01 -3.474429E+00
  1.162000E+00  2.726486E+00 -2.281714E+01 -1.725498E+01 -3.477807E+00
  1.164000E+00  2.725990E+00 -2.284351E+01 -1.729967E+01 -3.481188E+00
  1.166000E+00  2.725499E+00 -2.286992E+01 -1.734441E+01 -3.484570E+00
  1.168000E+00  2.725011E+00 -2.289640E+01 -1.738922E+01 -3.487955E+00
  1.170000E+00  2.724528E+00 -2.292292E+01 -1.743409E+01 -3.491342E+00
  1.172000E+00  2.724049E+00 -2.294951E+01 -1.747901E+01 -3.494732E+00
  1.174000E+00  2.723574E+00 -2.297614E+01 -1.752399E+01 -3.498124E+00
  1.176000E+00  2.723103E+00 -2.300284E+01 -1.756903E+01 -3.501519E+00
  1.178000E+00  2.722636E+00 -2.302959E+01 -1.761413E+01 -3.504918E+00
  1.180000E+00  2.722174E+00 -2.305640E+01 -1.765928E+01 -3.508320E+00
  1.182000E+00  2.721716E+00 -2.308327E+01 -1.770449E+01 -3.511725E+00
  1.184000E+00  2.721262E+00 -2.311020E+01 -1.774976E+01 -3.515134E+00
  1.186000E+00  2.720812E+00 -2.313719E+01 -1.779509E+01 -3.518547E+00
  1.188000E+00  2.720367E+00 -2.316426E+01 -1.784048E+01 -3.521965E+00
  1.190000E+00  2.719927E+00 -2.319139E+01 -1.788592E+01 -3.525388E+00
  1.192000E+00  2.719491E+00 -2.321860E+01 -1.793143E+01 -3.528818E+00
  1.194000E+00  2.719061E+00 -2.324590E+01 -1.797700E+01 -3.532255E+00
  1.196000E+00  2.718636E+00 -2.327330E+01 -1.802263E+01 -3.535703E+00
  1.198000E+00  2.718219E+00 -2.330086E+01 -1.806835E+01 -3.539172E+00
  1.200000E+00  2.717806E+00 -2.332847E+01 -1.811412E+01 -3.542642E+00
