  1.000000E-02  6.662072E-01  7.392761E-02  0.000000E+00  0.000000E+00  0.000000E+00  0.000000E+00  0.000000E+00  0.000000E+00
  1.200000E-02  7.078621E-01  8.518889E-02  0.000000E+00  0.000000E+00  0.000000E+00  0.000000E+00  0.000000E+00  0.000000E+00
  1.400000E-02  7.450862E-01  9.605444E-02  0.000000E+00  0.000000E+00  0.000000E+00  0.000000E+00  0.000000E+00  0.000000E+00
  1.600000E-02  7.788906E-01  1.065906E-01  0.000000E+00  0.000000E+00  0.000000E+00  0.000000E+00  0.000000E+00  0.000000E+00
  1.800000E-02  8.099606E-01  1.168451E-01  0.000000E+00  0.000000E+00  0.000000E+00  0.000000E+00  0.000000E+00  0.000000E+00
  2.000000E-02  8.387846E-01  1.268537E-01  0.000000E+00  0.000000E+00  0.000000E+00  0.000000E+00  0.000000E+00  0.000000E+00
  2.200000E-02  8.657246E-01  1.366443E-01  0.000000E+00  0.000000E+00  0.000000E+00  0.000000E+00  0.000000E+00  0.000000E+00
  2.400000E-02  8.910571E-01  1.462390E-01  0.000000E+00  0.000000E+00  0.000000E+00  0.000000E+00  0.000000E+00  0.000000E+00
  2.600000E-02  9.149988E-01  1.556558E-01  0.000000E+00  0.000000E+00  0.000000E+00  0.000000E+00  0.000000E+00  0.000000E+00
  2.800000E-02  9.377227E-01  1.649099E-01  0.000000E+00  0.000000E+00  0.000000E+00  0.000000E+00  0.000000E+00  0.000000E+00
  3.000000E-02  9.593699E-01  1.740138E-01  0.000000E+00  0.000000E+00  0.000000E+00  0.000000E+00  0.000000E+00  0.000000E+00
  3.200000E-02  9.800568E-01  1.829782E-01  0.000000E+00  0.000000E+00  0.000000E+00  0.000000E+00  0.000000E+00  0.000000E+00
  3.400000E-02  9.998808E-01  1.918126E-01  0.000000E+00  0.000000E+00  0.000000E+00  0.000000E+00  0.000000E+00  0.000000E+00
  3.600000E-02  1.018924E+00  2.005251E-01  0.000000E+00  0.000000E+00  0.000000E+00  0.000000E+00  0.000000E+00  0.000000E+00
  3.800000E-02  1.037258E+00  2.091227E-01  0.000000E+00  0.000000E+00  0.000000E+00  0.000000E+00  0.000000E+00  0.000000E+00
  4.000000E-02  1.054942E+00  2.176119E-01  0.000000E+00  0.000000E+00  0.000000E+00  0.000000E+00  0.000000E+00  0.000000E+00
  4.200000E-02  1.072030E+00  2.259983E-01  0.000000E+00  0.000000E+00  0.000000E+00  0.000000E+00  0.000000E+00  0.000000E+00
  4.400000E-02  1.088567E+00  2.342869E-01  0.000000E+00  0.000000E+00  0.000000E+00  0.000000E+00  0.000000E+00  0.000000E+00
  4.600000E-02  1.104595E+00  2.424824E-01  0.000000E+00  0.000000E+00  0.000000E+00  0.000000E+00  0.000000E+00  0.000000E+00
  4.800000E-02  1.120149E+00  2.505890E-01  0.000000E+00  0.000000E+00  0.000000E+00  0.000000E+00  0.000000E+00  0.000000E+00
  5.000000E-02  1.135261E+00  2.586104E-01  0.000000E+00  0.000000E+00  0.000000E+00  0.000000E+00  0.000000E+00  0.000000E+00
  5.200000E-02  1.149961E+00  2.665501E-01  0.000000E+00  0.000000E+00  0.000000E+00  0.000000E+00  0.000000E+00  0.000000E+00
  5.400000E-02  1.164274E+00  2.744114E-01  0.000000E+00  0.000000E+00  0.000000E+00  0.000000E+00  0.000000E+00  0.000000E+00
  5.600000E-02  1.178223E+00  2.821973E-01  0.000000E+00  0.000000E+00  0.000000E+00  0.000000E+00  0.000000E+00  0.000000E+00
  5.800000E-02  1.191830E+00  2.899103E-01  0.000000E+00  0.000000E+00  0.000000E+00  0.000000E+00  0.000000E+00  0.000000E+00
  6.000000E-02  1.205113E+00  2.975533E-01  0.000000E+00  0.000000E+00  0.000000E+00  0.000000E+00  0.000000E+00  0.000000E+00
  6.200000E-02  1.218091E+00  3.051284E-01  0.000000E+00  0.000000E+00  0.000000E+00  0.000000E+00  0.000000E+00  0.000000E+00
  6.400000E-02  1.230779E+00  3.126379E-01  0.000000E+00  0.000000E+00  0.000000E+00  0.000000E+00  0.000000E+00  0.000000E+00
  6.600000E-02  1.243192E+00  3.200839E-01  0.000000E+00  0.000000E+00  0.000000E+00  0.000000E+00  0.000000E+00  0.000000E+00
  6.800000E-02  1.255344E+00  3.274684E-01  0.000000E+00  0.000000E+00  0.000000E+00  0.000000E+00  0.000000E+00  0.000000E+00
  7.000000E-02  1.267247E+00  3.347932E-01  0.000000E+00  0.000000E+00  0.000000E+00  0.000000E+00  0.000000E+00  0.000000E+00
  7.200000E-02  1.278913E+00  3.420599E-01  0.000000E+00  0.000000E+00  0.000000E+00  0.000000E+00  0.000000E+00  0.000000E+00
  7.400000E-02  1.290352E+00  3.492704E-01  0.000000E+00  0.000000E+00  0.000000E+00  0.000000E+00  0.000000E+00  0.000000E+00
  7.600000E-02  1.301574E+00  3.564260E-01  0.000000E+00  0.000000E+00  0.000000E+00  0.000000E+00  0.000000E+00  0.000000E+00
  7.800000E-02  1.312589E+00  3.635283E-01  0.000000E+00  0.000000E+00  0.000000E+00  0.000000E+00  0.000000E+00  0.000000E+00
  8.000000E-02  1.323405E+00  3.705787E-01  0.000000E+00  0.000000E+00  0.000000E+00  0.000000E+00  0.000000E+00  0.000000E+00
  8.200000E-02  1.334031E+00  3.775784E-01  0.000000E+00  0.000000E+00  0.000000E+00  0.000000E+00  0.000000E+00  0.000000E+00
  8.400000E-02  1.344474E+00  3.845287E-01  0.000000E+00  0.000000E+00  0.000000E+00  0.000000E+00  0.000000E+00  0.000000E+00
  8.600000E-02  1.354740E+00  3.914308E-01  0.000000E+00  0.000000E+00  0.000000E+00  0.000000E+00  0.000000E+00  0.000000E+00
  8.800000E-02  1.364838E+00  3.982859E-01  0.000000E+00  0.000000E+00  0.000000E+00  0.000000E+00  0.000000E+00  0.000000E+00
  9.000000E-02  1.374772E+00  4.050951E-01  0.000000E+00  0.000000E+00  0.000000E+00  0.000000E+00  0.000000E+00  0.000000E+00
  9.200000E-02  1.384549E+00  4.118592E-01  0.000000E+00  0.000000E+00  0.000000E+00  0.000000E+00  0.000000E+00  0.000000E+00
  9.400000E-02  1.394175E+00  4.185795E-01  0.000000E+00  0.000000E+00  0.000000E+00  0.000000E+00  0.000000E+00  0.000000E+00
  9.600000E-02  1.403654E+00  4.252568E-01  0.000000E+00  0.000000E+00  0.000000E+00  0.000000E+00  0.000000E+00  0.000000E+00
  9.800000E-02  1.412992E+00  4.318919E-01  0.000000E+00  0.000000E+00  0.000000E+00  0.000000E+00  0.000000E+00  0.000000E+00
  1.000000E-01  1.422193E+00  4.384859E-01  0.000000E+00  0.000000E+00  0.000000E+00  0.000000E+00  0.000000E+00  0.000000E+00
  1.020000E-01  1.431262E+00  4.450395E-01  0.000000E+00  0.000000E+00  0.000000E+00  0.000000E+00  0.000000E+00  0.000000E+00
  1.040000E-01  1.440203E+00  4.515535E-01  0.000000E+00  0.000000E+00  0.000000E+00  0.000000E+00  0.000000E+00  0.000000E+00
  1.060000E-01  1.449019E+00  4.580287E-01  0.000000E+00  0.000000E+00  0.000000E+00  0.000000E+00  0.000000E+00  0.000000E+00
  1.080000E-01  1.457716E+00  4.644658E-01  0.000000E+00  0.000000E+00  0.000000E+00  0.000000E+00  0.000000E+00  0.000000E+00
  1.100000E-01  1.466296E+00  4.708656E-01  0.000000E+00  0.000000E+00  0.000000E+00  0.000000E+00  0.000000E+00  0.000000E+00
  1.120000E-01  1.474763E+00  4.772286E-01  0.000000E+00  0.000000E+00  0.000000E+00  0.000000E+00  0.000000E+00  0.000000E+00
  1.140000E-01  1.483120E+00  4.835557E-01  0.000000E+00  0.000000E+00  0.000000E+00  0.000000E+00  0.000000E+00  0.000000E+00
  1.160000E-01  1.491370E+00  4.898474E-01  0.000000E+00  0.000000E+00  0.000000E+00  0.000000E+00  0.000000E+00  0.000000E+00
  1.180000E-01  1.499517E+00  4.961043E-01  0.000000E+00  0.000000E+00  0.000000E+00  0.000000E+00  0.000000E+00  0.000000E+00
  1.200000E-01  1.507562E+00  5.023271E-01  0.000000E+00  0.000000E+00  0.000000E+00  0.000000E+00  0.000000E+00  0.000000E+00
  1.220000E-01  1.515510E+00  5.085162E-01  0.000000E+00  0.000000E+00  0.000000E+00  0.000000E+00  0.000000E+00  0.000000E+00
  1.240000E-01  1.523362E+00  5.146723E-01  0.000000E+00  0.000000E+00  0.000000E+00  0.000000E+00  0.000000E+00  0.000000E+00
  1.260000E-01  1.531121E+00  5.207959E-01  0.000000E+00  0.000000E+00  0.000000E+00  0.000000E+00  0.000000E+00  0.000000E+00
  1.280000E-01  1.538790E+00  5.268874E-01  0.000000E+00  0.000000E+00  0.000000E+00  0.000000E+00  0.000000E+00  0.000000E+00
  1.300000E-01  1.546370E+00  5.329474E-01  0.000000E+00  0.000000E+00  0.000000E+00  0.000000E+00  0.000000E+00  0.000000E+00
  1.320000E-01  1.553840E+00  5.391723E-01  0.000000E+00  0.000000E+00  0.000000E+00  0.000000E+00  0.000000E+00  0.000000E+00
  1.340000E-01  1.561172E+00  5.458112E-01  0.000000E+00  0.000000E+00  0.000000E+00  0.000000E+00  0.000000E+00  0.000000E+00
  1.360000E-01  1.568394E+00  5.526239E-01  0.000000E+00  0.000000E+00  0.000000E+00  0.000000E+00  0.000000E+00  0.000000E+00
  1.380000E-01  1.575517E+00  5.595381E-01  0.000000E+00  0.000000E+00  0.000000E+00  0.000000E+00  0.000000E+00  0.000000E+00
  1.400000E-01  1.582547E+00  5.665154E-01  0.000000E+00  0.000000E+00  0.000000E+00  0.000000E+00  0.000000E+00  0.000000E+00
  1.420000E-01  1.589488E+00  5.735311E-01  0.000000E+00  0.000000E+00  0.000000E+00  0.000000E+00  0.000000E+00  0.000000E+00
  1.440000E-01  1.596344E+00  5.805677E-01  0.000000E+00  0.000000E+00  0.000000E+00  0.000000E+00  0.000000E+00  0.000000E+00
  1.460000E-01  1.603118E+00  5.876125E-01  0.000000E+00  0.000000E+00  0.000000E+00  0.000000E+00  0.000000E+00  0.000000E+00
  1.480000E-01  1.609813E+00  5.946556E-01  0.000000E+00  0.000000E+00  0.000000E+00  0.000000E+00  0.000000E+00  0.000000E+00
  1.500000E-01  1.616431E+00  6.016892E-01  0.000000E+00  0.000000E+00  0.000000E+00  0.000000E+00  0.000000E+00  0.000000E+00
  1.520000E-01  1.622976E+00  6.087074E-01  0.000000E+00  0.000000E+00  0.000000E+00  0.000000E+00  0.000000E+00  0.000000E+00
  1.540000E-01  1.629448E+00  6.157052E-01  0.000000E+00  0.000000E+00  0.000000E+00  0.000000E+00  0.000000E+00  0.000000E+00
  1.560000E-01  1.635850E+00  6.226788E-01  0.000000E+00  0.000000E+00  0.000000E+00  0.000000E+00  0.000000E+00  0.000000E+00
  1.580000E-01  1.642184E+00  6.296249E-01  0.000000E+00  0.000000E+00  0.000000E+00  0.000000E+00  0.000000E+00  0.000000E+00
  1.600000E-01  1.648452E+00  6.365410E-01  0.000000E+00  0.000000E+00  0.000000E+00  0.000000E+00  0.000000E+00  0.000000E+00
  1.620000E-01  1.654655E+00  6.434250E-01  0.000000E+00  0.000000E+00  0.000000E+00  0.000000E+00  0.000000E+00  0.000000E+00
  1.640000E-01  1.660795E+00  6.502753E-01  0.000000E+00  0.000000E+00  0.000000E+00  0.000000E+00  0.000000E+00  0.000000E+00
  1.660000E-01  1.666873E+00  6.570905E-01  0.000000E+00  0.000000E+00  0.000000E+00  0.000000E+00  0.000000E+00  0.000000E+00
  1.680000E-01  1.672892E+00  6.638695E-01  0.000000E+00  0.000000E+00  0.000000E+00  0.000000E+00  0.000000E+00  0.000000E+00
  1.700000E-01  1.678851E+00  6.706116E-01  0.000000E+00  0.000000E+00  0.000000E+00  0.000000E+00  0.000000E+00  0.000000E+00
  1.720000E-01  1.684753E+00  6.773160E-01  0.000000E+00  0.000000E+00  0.000000E+00  0.000000E+00  0.000000E+00  0.000000E+00
  1.740000E-01  1.690599E+00  6.839823E-01  0.000000E+00  0.000000E+00  0.000000E+00  0.000000E+00  0.000000E+00  0.000000E+00
  1.760000E-01  1.696390E+00  6.906102E-01  0.000000E+00  0.000000E+00  0.000000E+00  0.000000E+00  0.000000E+00  0.000000E+00
  1.780000E-01  1.702128E+00  6.971994E-01  0.000000E+00  0.000000E+00  0.000000E+00  0.000000E+00  0.000000E+00  0.000000E+00
  1.800000E-01  1.707812E+00  7.037497E-01  0.000000E+00  0.000000E+00  0.000000E+00  0.000000E+00  0.000000E+00  0.000000E+00
  1.820000E-01  1.713446E+00  7.102613E-01  0.000000E+00  0.000000E+00  0.000000E+00  0.000000E+00  0.000000E+00  0.000000E+00
  1.840000E-01  1.719028E+00  7.167340E-01  0.000000E+00  0.000000E+00  0.000000E+00  0.000000E+00  0.000000E+00  0.000000E+00
  1.860000E-01  1.724562E+00  7.231679E-01  0.000000E+00  0.000000E+00  0.000000E+00  0.000000E+00  0.000000E+00  0.000000E+00
  1.880000E-01  1.730047E+00  7.295633E-01  0.000000E+00  0.000000E+00  0.000000E+00  0.000000E+00  0.000000E+00  0.000000E+00
  1.900000E-01  1.735484E+00  7.359202E-01  0.000000E+00  0.000000E+00  0.000000E+00  0.000000E+00  0.000000E+00  0.000000E+00
  1.920000E-01  1.740875E+00  7.422389E-01  0.000000E+00  0.000000E+00  0.000000E+00  0.000000E+00  0.000000E+00  0.000000E+00
  1.940000E-01  1.746221E+00  7.485196E-01  0.000000E+00  0.000000E+00  0.000000E+00  0.000000E+00  0.000000E+00  0.000000E+00
  1.960000E-01  1.751521E+00  7.547626E-01  0.000000E+00  0.000000E+00  0.000000E+00  0.000000E+00  0.000000E+00  0.000000E+00
  1.980000E-01  1.756778E+00  7.609682E-01  0.000000E+00  0.000000E+00  0.000000E+00  0.000000E+00  0.000000E+00  0.000000E+00
  2.000000E-01  1.761992E+00  7.671367E-01  0.000000E+00  0.000000E+00  0.000000E+00  0.000000E+00  0.000000E+00  0.000000E+00
  2.020000E-01  1.767163E+00  7.732684E-01  0.000000E+00  0.000000E+00  0.000000E+00  0.000000E+00  0.000000E+00  0.000000E+00
  2.040000E-01  1.772292E+00  7.793636E-01  0.000000E+00  0.000000E+00  0.000000E+00  0.000000E+00  0.000000E+00  0.000000E+00
  2.060000E-01  1.777381E+00  7.854227E-01  0.000000E+00  0.000000E+00  0.000000E+00  0.000000E+00  0.000000E+00  0.000000E+00
  2.080000E-01  1.782430E+00  7.914460E-01  0.000000E+00  0.000000E+00  0.000000E+00  0.000000E+00  0.000000E+00  0.000000E+00
  2.100000E-01  1.787439E+00  7.974340E-01  0.000000E+00  0.000000E+00  0.000000E+00  0.000000E+00  0.000000E+00  0.000000E+00
  2.120000E-01  1.792410E+00  8.033868E-01  0.000000E+00  0.000000E+00  0.000000E+00  0.000000E+00  0.000000E+00  0.000000E+00
  2.140000E-01  1.797343E+00  8.093050E-01  0.000000E+00  0.000000E+00  0.000000E+00  0.000000E+00  0.000000E+00  0.000000E+00
  2.160000E-01  1.802238E+00  8.151888E-01  0.000000E+00  0.000000E+00  0.000000E+00  0.000000E+00  0.000000E+00  0.000000E+00
  2.180000E-01  1.807097E+00  8.210386E-01  0.000000E+00  0.000000E+00  0.000000E+00  0.000000E+00  0.000000E+00  0.000000E+00
  2.200000E-01  1.811920E+00  8.268548E-01  0.000000E+00  0.000000E+00  0.000000E+00  0.000000E+00  0.000000E+00  0.000000E+00
  2.220000E-01  1.816707E+00  8.326377E-01  0.000000E+00  0.000000E+00  0.000000E+00  0.000000E+00  0.000000E+00  0.000000E+00
  2.240000E-01  1.821459E+00  8.383878E-01  0.000000E+00  0.000000E+00  0.000000E+00  0.000000E+00  0.000000E+00  0.000000E+00
  2.260000E-01  1.826177E+00  8.441053E-01  0.000000E+00  0.000000E+00  0.000000E+00  0.000000E+00  0.000000E+00  0.000000E+00
  2.280000E-01  1.830861E+00  8.497905E-01  0.000000E+00  0.000000E+00  0.000000E+00  0.000000E+00  0.000000E+00  0.000000E+00
  2.300000E-01  1.835512E+00  8.554440E-01  0.000000E+00  0.000000E+00  0.000000E+00  0.000000E+00  0.000000E+00  0.000000E+00
  2.320000E-01  1.840130E+00  8.610659E-01  0.000000E+00  0.000000E+00  0.000000E+00  0.000000E+00  0.000000E+00  0.000000E+00
  2.340000E-01  1.844716E+00  8.666567E-01  0.000000E+00  0.000000E+00  0.000000E+00  0.000000E+00  0.000000E+00  0.000000E+00
  2.360000E-01  1.849270E+00  8.722167E-01  0.000000E+00  0.000000E+00  0.000000E+00  0.000000E+00  0.000000E+00  0.000000E+00
  2.380000E-01  1.853793E+00  8.777461E-01  0.000000E+00  0.000000E+00  0.000000E+00  0.000000E+00  0.000000E+00  0.000000E+00
  2.400000E-01  1.858285E+00  8.832455E-01  0.000000E+00  0.000000E+00  0.000000E+00  0.000000E+00  0.000000E+00  0.000000E+00
  2.420000E-01  1.862747E+00  8.887149E-01  0.000000E+00  0.000000E+00  0.000000E+00  0.000000E+00  0.000000E+00  0.000000E+00
  2.440000E-01  1.867180E+00  8.941549E-01  0.000000E+00  0.000000E+00  0.000000E+00  0.000000E+00  0.000000E+00  0.000000E+00
  2.460000E-01  1.871583E+00  8.995657E-01  0.000000E+00  0.000000E+00  0.000000E+00  0.000000E+00  0.000000E+00  0.000000E+00
  2.480000E-01  1.875957E+00  9.049476E-01  0.000000E+00  0.000000E+00  0.000000E+00  0.000000E+00  0.000000E+00  0.000000E+00
  2.500000E-01  1.880303E+00  9.103009E-01  0.000000E+00  0.000000E+00  0.000000E+00  0.000000E+00  0.000000E+00  0.000000E+00
  2.520000E-01  1.884621E+00  9.156259E-01  0.000000E+00  0.000000E+00  0.000000E+00  0.000000E+00  0.000000E+00  0.000000E+00
  2.540000E-01  1.888911E+00  9.209230E-01  0.000000E+00  0.000000E+00  0.000000E+00  0.000000E+00  0.000000E+00  0.000000E+00
  2.560000E-01  1.893174E+00  9.261924E-01  0.000000E+00  0.000000E+00  0.000000E+00  0.000000E+00  0.000000E+00  0.000000E+00
  2.580000E-01  1.897410E+00  9.314343E-01  0.000000E+00  0.000000E+00  0.000000E+00  0.000000E+00  0.000000E+00  0.000000E+00
  2.600000E-01  1.901620E+00  9.366492E-01  0.000000E+00  0.000000E+00  0.000000E+00  0.000000E+00  0.000000E+00  0.000000E+00
  2.620000E-01  1.905804E+00  9.418373E-01  0.000000E+00  0.000000E+00  0.000000E+00  0.000000E+00  0.000000E+00  0.000000E+00
  2.640000E-01  1.909962E+00  9.469988E-01  0.000000E+00  0.000000E+00  0.000000E+00  0.000000E+00  0.000000E+00  0.000000E+00
  2.660000E-01  1.914094E+00  9.521340E-01  0.000000E+00  0.000000E+00  0.000000E+00  0.000000E+00  0.000000E+00  0.000000E+00
  2.680000E-01  1.918202E+00  9.572432E-01  0.000000E+00  0.000000E+00  0.000000E+00  0.000000E+00  0.000000E+00  0.000000E+00
  2.700000E-01  1.922286E+00  9.623266E-01  0.000000E+00  0.000000E+00  0.000000E+00  0.000000E+00  0.000000E+00  0.000000E+00
  2.720000E-01  1.926345E+00  9.673846E-01  0.000000E+00  0.000000E+00  0.000000E+00  0.000000E+00  0.000000E+00  0.000000E+00
  2.740000E-01  1.930380E+00  9.724173E-01  0.000000E+00  0.000000E+00  0.000000E+00  0.000000E+00  0.000000E+00  0.000000E+00
  2.760000E-01  1.934391E+00  9.774250E-01  0.000000E+00  0.000000E+00  0.000000E+00  0.000000E+00  0.000000E+00  0.000000E+00
  2.780000E-01  1.938380E+00  9.824080E-01  0.000000E+00  0.000000E+00  0.000000E+00  0.000000E+00  0.000000E+00  0.000000E+00
  2.800000E-01  1.942345E+00  9.873665E-01  0.000000E+00  0.000000E+00  0.000000E+00  0.000000E+00  0.000000E+00  0.000000E+00
  2.820000E-01  1.946288E+00  9.923007E-01  0.000000E+00  0.000000E+00  0.000000E+00  0.000000E+00  0.000000E+00  0.000000E+00
  2.840000E-01  1.950208E+00  9.972109E-01  0.000000E+00  0.000000E+00  0.000000E+00  0.000000E+00  0.000000E+00  0.000000E+00
  2.860000E-01  1.954106E+00  1.002097E+00  0.000000E+00  0.000000E+00  0.000000E+00  0.000000E+00  0.000000E+00  0.000000E+00
  2.880000E-01  1.957983E+00  1.006960E+00  0.000000E+00  0.000000E+00  0.000000E+00  0.000000E+00  0.000000E+00  0.000000E+00
  2.900000E-01  1.961838E+00  1.011800E+00  0.000000E+00  0.000000E+00  0.000000E+00  0.000000E+00  0.000000E+00  0.000000E+00
  2.920000E-01  1.965672E+00  1.016616E+00  0.000000E+00  0.000000E+00  0.000000E+00  0.000000E+00  0.000000E+00  0.000000E+00
  2.940000E-01  1.969485E+00  1.021409E+00  0.000000E+00  0.000000E+00  0.000000E+00  0.000000E+00  0.000000E+00  0.000000E+00
  2.960000E-01  1.973277E+00  1.026180E+00  0.000000E+00  0.000000E+00  0.000000E+00  0.000000E+00  0.000000E+00  0.000000E+00
  2.980000E-01  1.977049E+00  1.030929E+00  0.000000E+00  0.000000E+00  0.000000E+00  0.000000E+00  0.000000E+00  0.000000E+00
  3.000000E-01  1.980801E+00  1.035655E+00  0.000000E+00  0.000000E+00  0.000000E+00  0.000000E+00  0.000000E+00  0.000000E+00
  3.020000E-01  1.984534E+00  1.040358E+00  0.000000E+00  0.000000E+00  0.000000E+00  0.000000E+00  0.000000E+00  0.000000E+00
  3.040000E-01  1.988246E+00  1.045041E+00  0.000000E+00  0.000000E+00  0.000000E+00  0.000000E+00  0.000000E+00  0.000000E+00
  3.060000E-01  1.991939E+00  1.049701E+00  0.000000E+00  0.000000E+00  0.000000E+00  0.000000E+00  0.000000E+00  0.000000E+00
  3.080000E-01  1.995613E+00  1.054340E+00  0.000000E+00  0.000000E+00  0.000000E+00  0.000000E+00  0.000000E+00  0.000000E+00
  3.100000E-01  1.999269E+00  1.058958E+00  0.000000E+00  0.000000E+00  0.000000E+00  0.000000E+00  0.000000E+00  0.000000E+00
  3.120000E-01  2.002905E+00  1.063554E+00  0.000000E+00  0.000000E+00  0.000000E+00  0.000000E+00  0.000000E+00  0.000000E+00
  3.140000E-01  2.006523E+00  1.068130E+00  0.000000E+00  0.000000E+00  0.000000E+00  0.000000E+00  0.000000E+00  0.000000E+00
  3.160000E-01  2.010123E+00  1.072685E+00  0.000000E+00  0.000000E+00  0.000000E+00  0.000000E+00  0.000000E+00  0.000000E+00
  3.180000E-01  2.013706E+00  1.077219E+00  0.000000E+00  0.000000E+00  0.000000E+00  0.000000E+00  0.000000E+00  0.000000E+00
  3.200000E-01  2.017270E+00  1.081733E+00  0.000000E+00  0.000000E+00  0.000000E+00  0.000000E+00  0.000000E+00  0.000000E+00
  3.220000E-01  2.020817E+00  1.086227E+00  0.000000E+00  0.000000E+00  0.000000E+00  0.000000E+00  0.000000E+00  0.000000E+00
  3.240000E-01  2.024346E+00  1.090701E+00  0.000000E+00  0.000000E+00  0.000000E+00  0.000000E+00  0.000000E+00  0.000000E+00
  3.260000E-01  2.027859E+00  1.095155E+00  0.000000E+00  0.000000E+00  0.000000E+00  0.000000E+00  0.000000E+00  0.000000E+00
  3.280000E-01  2.031354E+00  1.099589E+00  0.000000E+00  0.000000E+00  0.000000E+00  0.000000E+00  0.000000E+00  0.000000E+00
  3.300000E-01  2.034833E+00  1.104004E+00  0.000000E+00  0.000000E+00  0.000000E+00  0.000000E+00  0.000000E+00  0.000000E+00
  3.320000E-01  2.038296E+00  1.108399E+00  0.000000E+00  0.000000E+00  0.000000E+00  0.000000E+00  0.000000E+00  0.000000E+00
  3.340000E-01  2.041742E+00  1.112776E+00  0.000000E+00  0.000000E+00  0.000000E+00  0.000000E+00  0.000000E+00  0.000000E+00
  3.360000E-01  2.045172E+00  1.117133E+00  0.000000E+00  0.000000E+00  0.000000E+00  0.000000E+00  0.000000E+00  0.000000E+00
  3.380000E-01  2.048586E+00  1.121471E+00  0.000000E+00  0.000000E+00  0.000000E+00  0.000000E+00  0.000000E+00  0.000000E+00
  3.400000E-01  2.051984E+00  1.125791E+00  0.000000E+00  0.000000E+00  0.000000E+00  0.000000E+00  0.000000E+00  0.000000E+00
  3.420000E-01  2.055367E+00  1.130092E+00  0.000000E+00  0.000000E+00  0.000000E+00  0.000000E+00  0.000000E+00  0.000000E+00
  3.440000E-01  2.058734E+00  1.134375E+00  0.000000E+00  0.000000E+00  0.000000E+00  0.000000E+00  0.000000E+00  0.000000E+00
  3.460000E-01  2.062086E+00  1.138640E+00  0.000000E+00  0.000000E+00  0.000000E+00  0.000000E+00  0.000000E+00  0.000000E+00
  3.480000E-01  2.065423E+00  1.142886E+00  0.000000E+00  0.000000E+00  0.000000E+00  0.000000E+00  0.000000E+00  0.000000E+00
  3.500000E-01  2.068746E+00  1.147115E+00  0.000000E+00  0.000000E+00  0.000000E+00  0.000000E+00  0.000000E+00  0.000000E+00
  3.520000E-01  2.072053E+00  1.151325E+00  0.000000E+00  0.000000E+00  0.000000E+00  0.000000E+00  0.000000E+00  0.000000E+00
  3.540000E-01  2.075346E+00  1.155518E+00  0.000000E+00  0.000000E+00  0.000000E+00  0.000000E+00  0.000000E+00  0.000000E+00
  3.560000E-01  2.078625E+00  1.159694E+00  0.000000E+00  0.000000E+00  0.000000E+00  0.000000E+00  0.000000E+00  0.000000E+00
  3.580000E-01  2.081889E+00  1.163852E+00  0.000000E+00  0.000000E+00  0.000000E+00  0.000000E+00  0.000000E+00  0.000000E+00
  3.600000E-01  2.085140E+00  1.167993E+00  0.000000E+00  0.000000E+00  0.000000E+00  0.000000E+00  0.000000E+00  0.000000E+00
  3.620000E-01  2.088376E+00  1.172117E+00  0.000000E+00  0.000000E+00  0.000000E+00  0.000000E+00  0.000000E+00  0.000000E+00
  3.640000E-01  2.091599E+00  1.176223E+00  0.000000E+00  0.000000E+00  0.000000E+00  0.000000E+00  0.000000E+00  0.000000E+00
  3.660000E-01  2.094808E+00  1.180313E+00  0.000000E+00  0.000000E+00  0.000000E+00  0.000000E+00  0.000000E+00  0.000000E+00
  3.680000E-01  2.098004E+00  1.184387E+00  0.000000E+00  0.000000E+00  0.000000E+00  0.000000E+00  0.000000E+00  0.000000E+00
  3.700000E-01  2.101187E+00  1.188443E+00  0.000000E+00  0.000000E+00  0.000000E+00  0.000000E+00  0.000000E+00  0.000000E+00
  3.720000E-01  2.104356E+00  1.192483E+00  0.000000E+00  0.000000E+00  0.000000E+00  0.000000E+00  0.000000E+00  0.000000E+00
  3.740000E-01  2.107512E+00  1.196507E+00  0.000000E+00  0.000000E+00  0.000000E+00  0.000000E+00  0.000000E+00  0.000000E+00
  3.760000E-01  2.110655E+00  1.200515E+00  0.000000E+00  0.000000E+00  0.000000E+00  0.000000E+00  0.000000E+00  0.000000E+00
  3.780000E-01  2.113786E+00  1.204506E+00  0.000000E+00  0.000000E+00  0.000000E+00  0.000000E+00  0.000000E+00  0.000000E+00
  3.800000E-01  2.116904E+00  1.208482E+00  0.000000E+00  0.000000E+00  0.000000E+00  0.000000E+00  0.000000E+00  0.000000E+00
  3.820000E-01  2.120010E+00  1.212442E+00  0.000000E+00  0.000000E+00  0.000000E+00  0.000000E+00  0.000000E+00  0.000000E+00
  3.840000E-01  2.123103E+00  1.216386E+00  0.000000E+00  0.000000E+00  0.000000E+00  0.000000E+00  0.000000E+00  0.000000E+00
  3.860000E-01  2.126184E+00  1.220314E+00  0.000000E+00  0.000000E+00  0.000000E+00  0.000000E+00  0.000000E+00  0.000000E+00
  3.880000E-01  2.129253E+00  1.224227E+00  0.000000E+00  0.000000E+00  0.000000E+00  0.000000E+00  0.000000E+00  0.000000E+00
  3.900000E-01  2.132310E+00  1.228125E+00  0.000000E+00  0.000000E+00  0.000000E+00  0.000000E+00  0.000000E+00  0.000000E+00
  3.920000E-01  2.135355E+00  1.232007E+00  0.000000E+00  0.000000E+00  0.000000E+00  0.000000E+00  0.000000E+00  0.000000E+00
  3.940000E-01  2.138388E+00  1.235875E+00  0.000000E+00  0.000000E+00  0.000000E+00  0.000000E+00  0.000000E+00  0.000000E+00
  3.960000E-01  2.141410E+00  1.239727E+00  0.000000E+00  0.000000E+00  0.000000E+00  0.000000E+00  0.000000E+00  0.000000E+00
  3.980000E-01  2.144420E+00  1.243564E+00  0.000000E+00  0.000000E+00  0.000000E+00  0.000000E+00  0.000000E+00  0.000000E+00
  4.000000E-01  2.147419E+00  1.247386E+00  0.000000E+00  0.000000E+00  0.000000E+00  0.000000E+00  0.000000E+00  0.000000E+00
  4.020000E-01  2.150407E+00  1.251194E+00  0.000000E+00  0.000000E+00  0.000000E+00  0.000000E+00  0.000000E+00  0.000000E+00
  4.040000E-01  2.153383E+00  1.254987E+00  0.000000E+00  0.000000E+00  0.000000E+00  0.000000E+00  0.000000E+00  0.000000E+00
  4.060000E-01  2.156349E+00  1.258766E+00  0.000000E+00  0.000000E+00  0.000000E+00  0.000000E+00  0.000000E+00  0.000000E+00
  4.080000E-01  2.159303E+00  1.262530E+00  0.000000E+00  0.000000E+00  0.000000E+00  0.000000E+00  0.000000E+00  0.000000E+00
  4.100000E-01  2.162247E+00  1.266280E+00  0.000000E+00  0.000000E+00  0.000000E+00  0.000000E+00  0.000000E+00  0.000000E+00
  4.120000E-01  2.165180E+00  1.270016E+00  0.000000E+00  0.000000E+00  0.000000E+00  0.000000E+00  0.000000E+00  0.000000E+00
  4.140000E-01  2.168102E+00  1.273738E+00  0.000000E+00  0.000000E+00  0.000000E+00  0.000000E+00  0.000000E+00  0.000000E+00
  4.160000E-01  2.171014E+00  1.277445E+00  0.000000E+00  0.000000E+00  0.000000E+00  0.000000E+00  0.000000E+00  0.000000E+00
  4.180000E-01  2.173916E+00  1.281139E+00  0.000000E+00  0.000000E+00  0.000000E+00  0.000000E+00  0.000000E+00  0.000000E+00
  4.200000E-01  2.176807E+00  1.284819E+00  0.000000E+00  0.000000E+00  0.000000E+00  0.000000E+00  0.000000E+00  0.000000E+00
  4.220000E-01  2.179688E+00  1.288486E+00  0.000000E+00  0.000000E+00  0.000000E+00  0.000000E+00  0.000000E+00  0.000000E+00
  4.240000E-01  2.182559E+00  1.292139E+00  0.000000E+00  0.000000E+00  0.000000E+00  0.000000E+00  0.000000E+00  0.000000E+00
  4.260000E-01  2.185420E+00  1.295778E+00  0.000000E+00  0.000000E+00  0.000000E+00  0.000000E+00  0.000000E+00  0.000000E+00
  4.280000E-01  2.188270E+00  1.299404E+00  0.000000E+00  0.000000E+00  0.000000E+00  0.000000E+00  0.000000E+00  0.000000E+00
  4.300000E-01  2.191112E+00  1.303016E+00  0.000000E+00  0.000000E+00  0.000000E+00  0.000000E+00  0.000000E+00  0.000000E+00
  4.320000E-01  2.193943E+00  1.306616E+00  0.000000E+00  0.000000E+00  0.000000E+00  0.000000E+00  0.000000E+00  0.000000E+00
  4.340000E-01  2.196765E+00  1.310202E+00  0.000000E+00  0.000000E+00  0.000000E+00  0.000000E+00  0.000000E+00  0.000000E+00
  4.360000E-01  2.199577E+00  1.313775E+00  0.000000E+00  0.000000E+00  0.000000E+00  0.000000E+00  0.000000E+00  0.000000E+00
  4.380000E-01  2.202380E+00  1.317336E+00  0.000000E+00  0.000000E+00  0.000000E+00  0.000000E+00  0.000000E+00  0.000000E+00
  4.400000E-01  2.205173E+00  1.320883E+00  0.000000E+00  0.000000E+00  0.000000E+00  0.000000E+00  0.000000E+00  0.000000E+00
  4.420000E-01  2.207957E+00  1.324418E+00  0.000000E+00  0.000000E+00  0.000000E+00  0.000000E+00  0.000000E+00  0.000000E+00
  4.440000E-01  2.210732E+00  1.327940E+00  0.000000E+00  0.000000E+00  0.000000E+00  0.000000E+00  0.000000E+00  0.000000E+00
  4.460000E-01  2.213498E+00  1.331449E+00  0.000000E+00  0.000000E+00  0.000000E+00  0.000000E+00  0.000000E+00  0.000000E+00
  4.480000E-01  2.214022E+00  1.335569E+00  0.000000E+00  0.000000E+00  0.000000E+00  0.000000E+00  3.091318E-01  0.000000E+00
  4.500000E-01  2.214988E+00  1.339541E+00  0.000000E+00  0.000000E+00  0.000000E+00  0.000000E+00  3.761482E-01  0.000000E+00
  4.520000E-01  2.215836E+00  1.343523E+00  0.000000E+00  0.000000E+00  0.000000E+00  0.000000E+00  4.280873E-01  0.000000E+00
  4.540000E-01  2.216603E+00  1.347506E+00  0.000000E+00  0.000000E+00  0.000000E+00  0.000000E+00  4.713833E-01  0.000000E+00
  4.560000E-01  2.217308E+00  1.351482E+00  0.000000E+00  0.000000E+00  0.000000E+00  0.000000E+00  5.089484E-01  0.000000E+00
  4.580000E-01  2.217965E+00  1.355451E+00  0.000000E+00  0.000000E+00  0.000000E+00  0.000000E+00  5.423815E-01  0.000000E+00
  4.600000E-01  2.218580E+00  1.359409E+00  0.000000E+00  0.000000E+00  0.000000E+00  0.000000E+00  5.726673E-01  0.000000E+00
  4.620000E-01  2.219162E+00  1.363354E+00  0.000000E+00  0.000000E+00  0.000000E+00  0.000000E+00  6.004606E-01  0.000000E+00
  4.640000E-01  2.219713E+00  1.367287E+00  0.000000E+00  0.000000E+00  0.000000E+00  0.000000E+00  6.262216E-01  0.000000E+00
  4.660000E-01  2.220238E+00  1.371206E+00  0.000000E+00  0.000000E+00  0.000000E+00  0.000000E+00  6.502877E-01  0.000000E+00
  4.680000E-01  2.220740E+00  1.375110E+00  0.000000E+00  0.000000E+00  0.000000E+00  0.000000E+00  6.729146E-01  0.000000E+00
  4.700000E-01  2.221220E+00  1.379000E+00  0.000000E+00  0.000000E+00  0.000000E+00  0.000000E+00  6.943011E-01  0.000000E+00
  4.720000E-01  2.221680E+00  1.382875E+00  0.000000E+00  0.000000E+00  0.000000E+00  0.000000E+00  7.146053E-01  0.000000E+00
  4.740000E-01  2.222123E+00  1.386735E+00  0.000000E+00  0.000000E+00  0.000000E+00  0.000000E+00  7.339553E-01  0.000000E+00
  4.760000E-01  2.222549E+00  1.390580E+00  0.000000E+00  0.000000E+00  0.000000E+00  0.000000E+00  7.524565E-01  0.000000E+00
  4.780000E-01  2.222960E+00  1.394409E+00  0.000000E+00  0.000000E+00  0.000000E+00  0.000000E+00  7.701966E-01  0.000000E+00
  4.800000E-01  2.223357E+00  1.398223E+00  0.000000E+00  0.000000E+00  0.000000E+00  0.000000E+00  7.872498E-01  0.000000E+00
  4.820000E-01  2.223741E+00  1.402022E+00  0.000000E+00  0.000000E+00  0.000000E+00  0.000000E+00  8.036793E-01  0.000000E+00
  4.840000E-01  2.224111E+00  1.405805E+00  0.000000E+00  0.000000E+00  0.000000E+00  0.000000E+00  8.195393E-01  0.000000E+00
  4.860000E-01  2.224471E+00  1.409573E+00  0.000000E+00  0.000000E+00  0.000000E+00  0.000000E+00  8.348769E-01  0.000000E+00
  4.880000E-01  2.224819E+00  1.413326E+00  0.000000E+00  0.000000E+00  0.000000E+00  0.000000E+00  8.497332E-01  0.000000E+00
  4.900000E-01  2.225156E+00  1.417064E+00  0.000000E+00  0.000000E+00  0.000000E+00  0.000000E+00  8.641445E-01  0.000000E+00
  4.920000E-01  2.225483E+00  1.420787E+00  0.000000E+00  0.000000E+00  0.000000E+00  0.000000E+00  8.781428E-01  0.000000E+00
  4.940000E-01  2.225801E+00  1.424495E+00  0.000000E+00  0.000000E+00  0.000000E+00  0.000000E+00  8.917563E-01  0.000000E+00
  4.960000E-01  2.226109E+00  1.428188E+00  0.000000E+00  0.000000E+00  0.000000E+00  0.000000E+00  9.050107E-01  0.000000E+00
  4.980000E-01  2.226409E+00  1.431866E+00  0.000000E+00  0.000000E+00  0.000000E+00  0.000000E+00  9.179286E-01  0.000000E+00
  5.000000E-01  2.226700E+00  1.435530E+00  0.000000E+00  0.000000E+00  0.000000E+00  0.000000E+00  9.305307E-01  0.000000E+00
  5.020000E-01  2.226983E+00  1.439179E+00  0.000000E+00  0.000000E+00  0.000000E+00  0.000000E+00  9.428355E-01  0.000000E+00
  5.040000E-01  2.227259E+00  1.442814E+00  0.000000E+00  0.000000E+00  0.000000E+00  0.000000E+00  9.548601E-01  0.000000E+00
  5.060000E-01  2.227527E+00  1.446434E+00  0.000000E+00  0.000000E+00  0.000000E+00  0.000000E+00  9.666198E-01  0.000000E+00
  5.080000E-01  2.227787E+00  1.450040E+00  0.000000E+00  0.000000E+00  0.000000E+00  0.000000E+00  9.781287E-01  0.000000E+00
  5.100000E-01  2.228041E+00  1.453632E+00  0.000000E+00  0.000000E+00  0.000000E+00  0.000000E+00  9.893997E-01  0.000000E+00
  5.120000E-01  2.228288E+00  1.457211E+00  0.000000E+00  0.000000E+00  0.000000E+00  0.000000E+00  1.000445E+00  0.000000E+00
  5.140000E-01  2.228528E+00  1.460775E+00  0.000000E+00  0.000000E+00  0.000000E+00  0.000000E+00  1.011275E+00  0.000000E+00
  5.160000E-01  2.228763E+00  1.464326E+00  0.000000E+00  0.000000E+00  0.000000E+00  0.000000E+00  1.021900E+00  0.000000E+00
  5.180000E-01  2.228991E+00  1.467863E+00  0.000000E+00  0.000000E+00  0.000000E+00  0.000000E+00  1.032329E+00  0.000000E+00
  5.200000E-01  2.229213E+00  1.471387E+00  0.000000E+00  0.000000E+00  0.000000E+00  0.000000E+00  1.042572E+00  0.000000E+00
  5.220000E-01  2.229429E+00  1.474897E+00  0.000000E+00  0.000000E+00  0.000000E+00  0.000000E+00  1.052636E+00  0.000000E+00
  5.240000E-01  2.229640E+00  1.478395E+00  0.000000E+00  0.000000E+00  0.000000E+00  0.000000E+00  1.062529E+00  0.000000E+00
  5.260000E-01  2.229846E+00  1.481879E+00  0.000000E+00  0.000000E+00  0.000000E+00  0.000000E+00  1.072258E+00  0.000000E+00
  5.280000E-01  2.230046E+00  1.485351E+00  0.000000E+00  0.000000E+00  0.000000E+00  0.000000E+00  1.081829E+00  0.000000E+00
  5.300000E-01  2.230241E+00  1.488809E+00  0.000000E+00  0.000000E+00  0.000000E+00  0.000000E+00  1.091248E+00  0.000000E+00
  5.320000E-01  2.230431E+00  1.492255E+00  0.000000E+00  0.000000E+00  0.000000E+00  0.000000E+00  1.100522E+00  0.000000E+00
  5.340000E-01  2.230616E+00  1.495689E+00  0.000000E+00  0.000000E+00  0.000000E+00  0.000000E+00  1.109656E+00  0.000000E+00
  5.360000E-01  2.230797E+00  1.499110E+00  0.000000E+00  0.000000E+00  0.000000E+00  0.000000E+00  1.118655E+00  0.000000E+00
  5.380000E-01  2.230972E+00  1.502519E+00  0.000000E+00  0.000000E+00  0.000000E+00  0.000000E+00  1.127523E+00  0.000000E+00
  5.400000E-01  2.231144E+00  1.505915E+00  0.000000E+00  0.000000E+00  0.000000E+00  0.000000E+00  1.136266E+00  0.000000E+00
  5.420000E-01  2.231311E+00  1.509300E+00  0.000000E+00  0.000000E+00  0.000000E+00  0.000000E+00  1.144888E+00  0.000000E+00
  5.440000E-01  2.231473E+00  1.512673E+00  0.000000E+00  0.000000E+00  0.000000E+00  0.000000E+00  1.153392E+00  0.000000E+00
  5.460000E-01  2.231631E+00  1.516033E+00  0.000000E+00  0.000000E+00  0.000000E+00  0.000000E+00  1.161782E+00  0.000000E+00
  5.480000E-01  2.231786E+00  1.519383E+00  0.000000E+00  0.000000E+00  0.000000E+00  0.000000E+00  1.170063E+00  0.000000E+00
  5.500000E-01  2.231936E+00  1.522720E+00  0.000000E+00  0.000000E+00  0.000000E+00  0.000000E+00  1.178237E+00  0.000000E+00
  5.520000E-01  2.232082E+00  1.526046E+00  0.000000E+00  0.000000E+00  0.000000E+00  0.000000E+00  1.186308E+00  0.000000E+00
  5.540000E-01  2.232224E+00  1.529361E+00  0.000000E+00  0.000000E+00  0.000000E+00  0.000000E+00  1.194279E+00  0.000000E+00
  5.560000E-01  2.232363E+00  1.532664E+00  0.000000E+00  0.000000E+00  0.000000E+00  0.000000E+00  1.202154E+00  0.000000E+00
  5.580000E-01  2.232498E+00  1.535957E+00  0.000000E+00  0.000000E+00  0.000000E+00  0.000000E+00  1.209934E+00  0.000000E+00
  5.600000E-01  2.232629E+00  1.539238E+00  0.000000E+00  0.000000E+00  0.000000E+00  0.000000E+00  1.217622E+00  0.000000E+00
  5.620000E-01  2.232757E+00  1.542509E+00  0.000000E+00  0.000000E+00  0.000000E+00  0.000000E+00  1.225222E+00  0.000000E+00
  5.640000E-01  2.232881E+00  1.545768E+00  0.000000E+00  0.000000E+00  0.000000E+00  0.000000E+00  1.232735E+00  0.000000E+00
  5.660000E-01  2.233002E+00  1.549017E+00  0.000000E+00  0.000000E+00  0.000000E+00  0.000000E+00  1.240164E+00  0.000000E+00
  5.680000E-01  2.233119E+00  1.552255E+00  0.000000E+00  0.000000E+00  0.000000E+00  0.000000E+00  1.247511E+00  0.000000E+00
  5.700000E-01  2.233234E+00  1.555483E+00  0.000000E+00  0.000000E+00  0.000000E+00  0.000000E+00  1.254779E+00  0.000000E+00
  5.720000E-01  2.233344E+00  1.558701E+00  0.000000E+00  0.000000E+00  0.000000E+00  0.000000E+00  1.261968E+00  0.000000E+00
  5.740000E-01  2.233452E+00  1.561908E+00  0.000000E+00  0.000000E+00  0.000000E+00  0.000000E+00  1.269083E+00  0.000000E+00
  5.760000E-01  2.233557E+00  1.565105E+00  0.000000E+00  0.000000E+00  0.000000E+00  0.000000E+00  1.276123E+00  0.000000E+00
  5.780000E-01  2.233658E+00  1.568292E+00  0.000000E+00  0.000000E+00  0.000000E+00  0.000000E+00  1.283092E+00  0.000000E+00
  5.800000E-01  2.233757E+00  1.571469E+00  0.000000E+00  0.000000E+00  0.000000E+00  0.000000E+00  1.289990E+00  0.000000E+00
  5.820000E-01  2.233853E+00  1.574636E+00  0.000000E+00  0.000000E+00  0.000000E+00  0.000000E+00  1.296820E+00  0.000000E+00
  5.840000E-01  2.233945E+00  1.577793E+00  0.000000E+00  0.000000E+00  0.000000E+00  0.000000E+00  1.303582E+00  0.000000E+00
  5.860000E-01  2.234035E+00  1.580940E+00  0.000000E+00  0.000000E+00  0.000000E+00  0.000000E+00  1.310280E+00  0.000000E+00
  5.880000E-01  2.234122E+00  1.584078E+00  0.000000E+00  0.000000E+00  0.000000E+00  0.000000E+00  1.316914E+00  0.000000E+00
  5.900000E-01  2.234206E+00  1.587206E+00  0.000000E+00  0.000000E+00  0.000000E+00  0.000000E+00  1.323485E+00  0.000000E+00
  5.920000E-01  2.234288E+00  1.590325E+00  0.000000E+00  0.000000E+00  0.000000E+00  0.000000E+00  1.329995E+00  0.000000E+00
  5.940000E-01  2.234367E+00  1.593435E+00  0.000000E+00  0.000000E+00  0.000000E+00  0.000000E+00  1.336445E+00  0.000000E+00
  5.960000E-01  2.234443E+00  1.596535E+00  0.000000E+00  0.000000E+00  0.000000E+00  0.000000E+00  1.342838E+00  0.000000E+00
  5.980000E-01  2.234517E+00  1.599626E+00  0.000000E+00  0.000000E+00  0.000000E+00  0.000000E+00  1.349172E+00  0.000000E+00
  6.000000E-01  2.234588E+00  1.602708E+00  0.000000E+00  0.000000E+00  0.000000E+00  0.000000E+00  1.355451E+00  0.000000E+00
  6.020000E-01  2.234656E+00  1.605781E+00  0.000000E+00  0.000000E+00  0.000000E+00  0.000000E+00  1.361676E+00  0.000000E+00
  6.040000E-01  2.234723E+00  1.608846E+00  0.000000E+00  0.000000E+00  0.000000E+00  0.000000E+00  1.367846E+00  0.000000E+00
  6.060000E-01  2.234786E+00  1.611901E+00  0.000000E+00  0.000000E+00  0.000000E+00  0.000000E+00  1.373964E+00  0.000000E+00
  6.080000E-01  2.234847E+00  1.614947E+00  0.000000E+00  0.000000E+00  0.000000E+00  0.000000E+00  1.380030E+00  0.000000E+00
  6.100000E-01  2.234906E+00  1.617985E+00  0.000000E+00  0.000000E+00  0.000000E+00  0.000000E+00  1.386046E+00  0.000000E+00
  6.120000E-01  2.234963E+00  1.621015E+00  0.000000E+00  0.000000E+00  0.000000E+00  0.000000E+00  1.392012E+00  0.000000E+00
  6.140000E-01  2.235017E+00  1.624035E+00  0.000000E+00  0.000000E+00  0.000000E+00  0.000000E+00  1.397930E+00  0.000000E+00
  6.160000E-01  2.235069E+00  1.627048E+00  0.000000E+00  0.000000E+00  0.000000E+00  0.000000E+00  1.403800E+00  0.000000E+00
  6.180000E-01  2.235119E+00  1.630052E+00  0.000000E+00  0.000000E+00  0.000000E+00  0.000000E+00  1.409623E+00  0.000000E+00
  6.200000E-01  2.235167E+00  1.633048E+00  0.000000E+00  0.000000E+00  0.000000E+00  0.000000E+00  1.415400E+00  0.000000E+00
  6.220000E-01  2.235212E+00  1.636035E+00  0.000000E+00  0.000000E+00  0.000000E+00  0.000000E+00  1.421132E+00  0.000000E+00
  6.240000E-01  2.235256E+00  1.639015E+00  0.000000E+00  0.000000E+00  0.000000E+00  0.000000E+00  1.426820E+00  0.000000E+00
  6.260000E-01  2.235297E+00  1.641986E+00  0.000000E+00  0.000000E+00  0.000000E+00  0.000000E+00  1.432464E+00  0.000000E+00
  6.280000E-01  2.235336E+00  1.644950E+00  0.000000E+00  0.000000E+00  0.000000E+00  0.000000E+00  1.438066E+00  0.000000E+00
  6.300000E-01  2.235373E+00  1.647905E+00  0.000000E+00  0.000000E+00  0.000000E+00  0.000000E+00  1.443626E+00  0.000000E+00
  6.320000E-01  2.235408E+00  1.650853E+00  0.000000E+00  0.000000E+00  0.000000E+00  0.000000E+00  1.449144E+00  0.000000E+00
  6.340000E-01  2.235441E+00  1.653793E+00  0.000000E+00  0.000000E+00  0.000000E+00  0.000000E+00  1.454622E+00  0.000000E+00
  6.360000E-01  2.235472E+00  1.656725E+00  0.000000E+00  0.000000E+00  0.000000E+00  0.000000E+00  1.460060E+00  0.000000E+00
  6.380000E-01  2.235502E+00  1.659650E+00  0.000000E+00  0.000000E+00  0.000000E+00  0.000000E+00  1.465459E+00  0.000000E+00
  6.400000E-01  2.235529E+00  1.662567E+00  0.000000E+00  0.000000E+00  0.000000E+00  0.000000E+00  1.470819E+00  0.000000E+00
  6.420000E-01  2.235554E+00  1.665476E+00  0.000000E+00  0.000000E+00  0.000000E+00  0.000000E+00  1.476142E+00  0.000000E+00
  6.440000E-01  2.235578E+00  1.668379E+00  0.000000E+00  0.000000E+00  0.000000E+00  0.000000E+00  1.481427E+00  0.000000E+00
  6.460000E-01  2.235600E+00  1.671273E+00  0.000000E+00  0.000000E+00  0.000000E+00  0.000000E+00  1.486675E+00  0.000000E+00
  6.480000E-01  2.235619E+00  1.674161E+00  0.000000E+00  0.000000E+00  0.000000E+00  0.000000E+00  1.491887E+00  0.000000E+00
  6.500000E-01  2.235637E+00  1.677041E+00  0.000000E+00  0.000000E+00  0.000000E+00  0.000000E+00  1.497064E+00  0.000000E+00
  6.520000E-01  2.235654E+00  1.679915E+00  0.000000E+00  0.000000E+00  0.000000E+00  0.000000E+00  1.502206E+00  0.000000E+00
  6.540000E-01  2.235668E+00  1.682781E+00  0.000000E+00  0.000000E+00  0.000000E+00  0.000000E+00  1.507313E+00  0.000000E+00
  6.560000E-01  2.235681E+00  1.685640E+00  0.000000E+00  0.000000E+00  0.000000E+00  0.000000E+00  1.512386E+00  0.000000E+00
  6.580000E-01  2.235692E+00  1.688492E+00  0.000000E+00  0.000000E+00  0.000000E+00  0.000000E+00  1.517426E+00  0.000000E+00
  6.600000E-01  2.235702E+00  1.691337E+00  0.000000E+00  0.000000E+00  0.000000E+00  0.000000E+00  1.522433E+00  0.000000E+00
  6.620000E-01  2.235709E+00  1.694175E+00  0.000000E+00  0.000000E+00  0.000000E+00  0.000000E+00  1.527407E+00  0.000000E+00
  6.640000E-01  2.235716E+00  1.697007E+00  0.000000E+00  0.000000E+00  0.000000E+00  0.000000E+00  1.532350E+00  0.000000E+00
  6.660000E-01  2.235720E+00  1.699832E+00  0.000000E+00  0.000000E+00  0.000000E+00  0.000000E+00  1.537260E+00  0.000000E+00
  6.680000E-01  2.235723E+00  1.702650E+00  0.000000E+00  0.000000E+00  0.000000E+00  0.000000E+00  1.542140E+00  0.000000E+00
  6.700000E-01  2.235724E+00  1.705461E+00  0.000000E+00  0.000000E+00  0.000000E+00  0.000000E+00  1.546989E+00  0.000000E+00
  6.720000E-01  2.235724E+00  1.708266E+00  0.000000E+00  0.000000E+00  0.000000E+00  0.000000E+00  1.551808E+00  0.000000E+00
  6.740000E-01  2.235722E+00  1.711065E+00  0.000000E+00  0.000000E+00  0.000000E+00  0.000000E+00  1.556598E+00  0.000000E+00
  6.760000E-01  2.235719E+00  1.713857E+00  0.000000E+00  0.000000E+00  0.000000E+00  0.000000E+00  1.561357E+00  0.000000E+00
  6.780000E-01  2.235714E+00  1.716643E+00  0.000000E+00  0.000000E+00  0.000000E+00  0.000000E+00  1.566088E+00  0.000000E+00
  6.800000E-01  2.235707E+00  1.719422E+00  0.000000E+00  0.000000E+00  0.000000E+00  0.000000E+00  1.570791E+00  0.000000E+00
  6.820000E-01  2.235700E+00  1.722195E+00  0.000000E+00  0.000000E+00  0.000000E+00  0.000000E+00  1.575465E+00  0.000000E+00
  6.840000E-01  2.235690E+00  1.724962E+00  0.000000E+00  0.000000E+00  0.000000E+00  0.000000E+00  1.580111E+00  0.000000E+00
  6.860000E-01  2.235680E+00  1.727722E+00  0.000000E+00  0.000000E+00  0.000000E+00  0.000000E+00  1.584730E+00  0.000000E+00
  6.880000E-01  2.235667E+00  1.730477E+00  0.000000E+00  0.000000E+00  0.000000E+00  0.000000E+00  1.589321E+00  0.000000E+00
  6.900000E-01  2.235654E+00  1.733225E+00  0.000000E+00  0.000000E+00  0.000000E+00  0.000000E+00  1.593886E+00  0.000000E+00
  6.920000E-01  2.235639E+00  1.735968E+00  0.000000E+00  0.000000E+00  0.000000E+00  0.000000E+00  1.598425E+00  0.000000E+00
  6.940000E-01  2.235622E+00  1.738704E+00  0.000000E+00  0.000000E+00  0.000000E+00  0.000000E+00  1.602937E+00  0.000000E+00
  6.960000E-01  2.235605E+00  1.741435E+00  0.000000E+00  0.000000E+00  0.000000E+00  0.000000E+00  1.607424E+00  0.000000E+00
  6.980000E-01  2.235585E+00  1.744159E+00  0.000000E+00  0.000000E+00  0.000000E+00  0.000000E+00  1.611885E+00  0.000000E+00
  7.000000E-01  2.235565E+00  1.746878E+00  0.000000E+00  0.000000E+00  0.000000E+00  0.000000E+00  1.616321E+00  0.000000E+00
  7.020000E-01  2.235543E+00  1.749591E+00  0.000000E+00  0.000000E+00  0.000000E+00  0.000000E+00  1.620733E+00  0.000000E+00
  7.040000E-01  2.235520E+00  1.752298E+00  0.000000E+00  0.000000E+00  0.000000E+00  0.000000E+00  1.625119E+00  0.000000E+00
  7.060000E-01  2.235496E+00  1.755000E+00  0.000000E+00  0.000000E+00  0.000000E+00  0.000000E+00  1.629482E+00  0.000000E+00
  7.080000E-01  2.235470E+00  1.757696E+00  0.000000E+00  0.000000E+00  0.000000E+00  0.000000E+00  1.633821E+00  0.000000E+00
  7.100000E-01  2.235443E+00  1.760387E+00  0.000000E+00  0.000000E+00  0.000000E+00  0.000000E+00  1.638136E+00  0.000000E+00
  7.120000E-01  2.235415E+00  1.763071E+00  0.000000E+00  0.000000E+00  0.000000E+00  0.000000E+00  1.642428E+00  0.000000E+00
  7.140000E-01  2.235385E+00  1.765751E+00  0.000000E+00  0.000000E+00  0.000000E+00  0.000000E+00  1.646696E+00  0.000000E+00
  7.160000E-01  2.235355E+00  1.768425E+00  0.000000E+00  0.000000E+00  0.000000E+00  0.000000E+00  1.650942E+00  0.000000E+00
  7.180000E-01  2.235323E+00  1.771093E+00  0.000000E+00  0.000000E+00  0.000000E+00  0.000000E+00  1.655165E+00  0.000000E+00
  7.200000E-01  2.235290E+00  1.773756E+00  0.000000E+00  0.000000E+00  0.000000E+00  0.000000E+00  1.659366E+00  0.000000E+00
  7.220000E-01  2.235256E+00  1.776414E+00  0.000000E+00  0.000000E+00  0.000000E+00  0.000000E+00  1.663545E+00  0.000000E+00
  7.240000E-01  2.235220E+00  1.779067E+00  0.000000E+00  0.000000E+00  0.000000E+00  0.000000E+00  1.667703E+00  0.000000E+00
  7.260000E-01  2.235183E+00  1.781714E+00  0.000000E+00  0.000000E+00  0.000000E+00  0.000000E+00  1.671838E+00  0.000000E+00
  7.280000E-01  2.235146E+00  1.784356E+00  0.000000E+00  0.000000E+00  0.000000E+00  0.000000E+00  1.675953E+00  0.000000E+00
  7.300000E-01  2.235107E+00  1.786993E+00  0.000000E+00  0.000000E+00  0.000000E+00  0.000000E+00  1.680046E+00  0.000000E+00
  7.320000E-01  2.235067E+00  1.789625E+00  0.000000E+00  0.000000E+00  0.000000E+00  0.000000E+00  1.684118E+00  0.000000E+00
  7.340000E-01  2.235025E+00  1.792252E+00  0.000000E+00  0.000000E+00  0.000000E+00  0.000000E+00  1.688170E+00  0.000000E+00
  7.360000E-01  2.234983E+00  1.794874E+00  0.000000E+00  0.000000E+00  0.000000E+00  0.000000E+00  1.692201E+00  0.000000E+00
  7.380000E-01  2.234940E+00  1.797491E+00  0.000000E+00  0.000000E+00  0.000000E+00  0.000000E+00  1.696213E+00  0.000000E+00
  7.400000E-01  2.234895E+00  1.800102E+00  0.000000E+00  0.000000E+00  0.000000E+00  0.000000E+00  1.700204E+00  0.000000E+00
  7.420000E-01  2.234850E+00  1.802709E+00  0.000000E+00  0.000000E+00  0.000000E+00  0.000000E+00  1.704175E+00  0.000000E+00
  7.440000E-01  2.234803E+00  1.805312E+00  0.000000E+00  0.000000E+00  0.000000E+00  0.000000E+00  1.708127E+00  0.000000E+00
  7.460000E-01  2.234755E+00  1.807909E+00  0.000000E+00  0.000000E+00  0.000000E+00  0.000000E+00  1.712060E+00  0.000000E+00
  7.480000E-01  2.234706E+00  1.810501E+00  0.000000E+00  0.000000E+00  0.000000E+00  0.000000E+00  1.715973E+00  0.000000E+00
  7.500000E-01  2.234657E+00  1.813089E+00  0.000000E+00  0.000000E+00  0.000000E+00  0.000000E+00  1.719868E+00  0.000000E+00
  7.520000E-01  2.234606E+00  1.815672E+00  0.000000E+00  0.000000E+00  0.000000E+00  0.000000E+00  1.723743E+00  0.000000E+00
  7.540000E-01  2.234554E+00  1.818250E+00  0.000000E+00  0.000000E+00  0.000000E+00  0.000000E+00  1.727601E+00  0.000000E+00
  7.560000E-01  2.234501E+00  1.820824E+00  0.000000E+00  0.000000E+00  0.000000E+00  0.000000E+00  1.731439E+00  0.000000E+00
  7.580000E-01  2.234447E+00  1.823393E+00  0.000000E+00  0.000000E+00  0.000000E+00  0.000000E+00  1.735260E+00  0.000000E+00
  7.600000E-01  2.234392E+00  1.825957E+00  0.000000E+00  0.000000E+00  0.000000E+00  0.000000E+00  1.739062E+00  0.000000E+00
  7.620000E-01  2.234337E+00  1.828517E+00  0.000000E+00  0.000000E+00  0.000000E+00  0.000000E+00  1.742847E+00  0.000000E+00
  7.640000E-01  2.234280E+00  1.831073E+00  0.000000E+00  0.000000E+00  0.000000E+00  0.000000E+00  1.746614E+00  0.000000E+00
  7.660000E-01  2.234222E+00  1.833624E+00  0.000000E+00  0.000000E+00  0.000000E+00  0.000000E+00  1.750363E+00  0.000000E+00
  7.680000E-01  2.234163E+00  1.836170E+00  0.000000E+00  0.000000E+00  0.000000E+00  0.000000E+00  1.754095E+00  0.000000E+00
  7.700000E-01  2.234103E+00  1.838712E+00  0.000000E+00  0.000000E+00  0.000000E+00  0.000000E+00  1.757810E+00  0.000000E+00
  7.720000E-01  2.234043E+00  1.841250E+00  0.000000E+00  0.000000E+00  0.000000E+00  0.000000E+00  1.761508E+00  0.000000E+00
  7.740000E-01  2.233981E+00  1.843784E+00  0.000000E+00  0.000000E+00  0.000000E+00  0.000000E+00  1.765189E+00  0.000000E+00
  7.760000E-01  2.233919E+00  1.846313E+00  0.000000E+00  0.000000E+00  0.000000E+00  0.000000E+00  1.768854E+00  0.000000E+00
  7.780000E-01  2.233855E+00  1.848837E+00  0.000000E+00  0.000000E+00  0.000000E+00  0.000000E+00  1.772501E+00  0.000000E+00
  7.800000E-01  2.233791E+00  1.851358E+00  0.000000E+00  0.000000E+00  0.000000E+00  0.000000E+00  1.776133E+00  0.000000E+00
  7.820000E-01  2.233726E+00  1.853875E+00  0.000000E+00  0.000000E+00  0.000000E+00  0.000000E+00  1.779748E+00  0.000000E+00
  7.840000E-01  2.233660E+00  1.856387E+00  0.000000E+00  0.000000E+00  0.000000E+00  0.000000E+00  1.783347E+00  0.000000E+00
  7.860000E-01  2.233593E+00  1.858895E+00  0.000000E+00  0.000000E+00  0.000000E+00  0.000000E+00  1.786930E+00  0.000000E+00
  7.880000E-01  2.233525E+00  1.861399E+00  0.000000E+00  0.000000E+00  0.000000E+00  0.000000E+00  1.790498E+00  0.000000E+00
  7.900000E-01  2.233456E+00  1.863899E+00  0.000000E+00  0.000000E+00  0.000000E+00  0.000000E+00  1.794049E+00  0.000000E+00
  7.920000E-01  2.233387E+00  1.866395E+00  0.000000E+00  0.000000E+00  0.000000E+00  0.000000E+00  1.797585E+00  0.000000E+00
  7.940000E-01  2.233316E+00  1.868886E+00  0.000000E+00  0.000000E+00  0.000000E+00  0.000000E+00  1.801106E+00  0.000000E+00
  7.960000E-01  2.233245E+00  1.871374E+00  0.000000E+00  0.000000E+00  0.000000E+00  0.000000E+00  1.804612E+00  0.000000E+00
  7.980000E-01  2.233173E+00  1.873858E+00  0.000000E+00  0.000000E+00  0.000000E+00  0.000000E+00  1.808102E+00  0.000000E+00
  8.000000E-01  2.233100E+00  1.876338E+00  0.000000E+00  0.000000E+00  0.000000E+00  0.000000E+00  1.811577E+00  0.000000E+00
  8.020000E-01  2.233026E+00  1.878814E+00  0.000000E+00  0.000000E+00  0.000000E+00  0.000000E+00  1.815038E+00  0.000000E+00
  8.040000E-01  2.232951E+00  1.881286E+00  0.000000E+00  0.000000E+00  0.000000E+00  0.000000E+00  1.818483E+00  0.000000E+00
  8.060000E-01  2.232876E+00  1.883755E+00  0.000000E+00  0.000000E+00  0.000000E+00  0.000000E+00  1.821915E+00  0.000000E+00
  8.080000E-01  2.232800E+00  1.886219E+00  0.000000E+00  0.000000E+00  0.000000E+00  0.000000E+00  1.825331E+00  0.000000E+00
  8.100000E-01  2.232722E+00  1.888680E+00  0.000000E+00  0.000000E+00  0.000000E+00  0.000000E+00  1.828734E+00  0.000000E+00
  8.120000E-01  2.232645E+00  1.891137E+00  0.000000E+00  0.000000E+00  0.000000E+00  0.000000E+00  1.832122E+00  0.000000E+00
  8.140000E-01  2.232566E+00  1.893590E+00  0.000000E+00  0.000000E+00  0.000000E+00  0.000000E+00  1.835496E+00  0.000000E+00
  8.160000E-01  2.232487E+00  1.896040E+00  0.000000E+00  0.000000E+00  0.000000E+00  0.000000E+00  1.838855E+00  0.000000E+00
  8.180000E-01  2.232406E+00  1.898486E+00  0.000000E+00  0.000000E+00  0.000000E+00  0.000000E+00  1.842201E+00  0.000000E+00
  8.200000E-01  2.232325E+00  1.900928E+00  0.000000E+00  0.000000E+00  0.000000E+00  0.000000E+00  1.845534E+00  0.000000E+00
  8.220000E-01  2.232244E+00  1.903367E+00  0.000000E+00  0.000000E+00  0.000000E+00  0.000000E+00  1.848852E+00  0.000000E+00
  8.240000E-01  2.232161E+00  1.905802E+00  0.000000E+00  0.000000E+00  0.000000E+00  0.000000E+00  1.852157E+00  0.000000E+00
  8.260000E-01  2.232078E+00  1.908233E+00  0.000000E+00  0.000000E+00  0.000000E+00  0.000000E+00  1.855449E+00  0.000000E+00
  8.280000E-01  2.231994E+00  1.910661E+00  0.000000E+00  0.000000E+00  0.000000E+00  0.000000E+00  1.858727E+00  0.000000E+00
  8.300000E-01  2.231909E+00  1.913085E+00  0.000000E+00  0.000000E+00  0.000000E+00  0.000000E+00  1.861992E+00  0.000000E+00
  8.320000E-01  2.231824E+00  1.915506E+00  0.000000E+00  0.000000E+00  0.000000E+00  0.000000E+00  1.865244E+00  0.000000E+00
  8.340000E-01  2.231737E+00  1.917923E+00  0.000000E+00  0.000000E+00  0.000000E+00  0.000000E+00  1.868482E+00  0.000000E+00
  8.360000E-01  2.231650E+00  1.920337E+00  0.000000E+00  0.000000E+00  0.000000E+00  0.000000E+00  1.871708E+00  0.000000E+00
  8.380000E-01  2.231563E+00  1.922748E+00  0.000000E+00  0.000000E+00  0.000000E+00  0.000000E+00  1.874921E+00  0.000000E+00
  8.400000E-01  2.231474E+00  1.925155E+00  0.000000E+00  0.000000E+00  0.000000E+00  0.000000E+00  1.878121E+00  0.000000E+00
  8.420000E-01  2.231385E+00  1.927559E+00  0.000000E+00  0.000000E+00  0.000000E+00  0.000000E+00  1.881309E+00  0.000000E+00
  8.440000E-01  2.231296E+00  1.929959E+00  0.000000E+00  0.000000E+00  0.000000E+00  0.000000E+00  1.884484E+00  0.000000E+00
  8.460000E-01  2.231205E+00  1.932356E+00  0.000000E+00  0.000000E+00  0.000000E+00  0.000000E+00  1.887647E+00  0.000000E+00
  8.480000E-01  2.231114E+00  1.934750E+00  0.000000E+00  0.000000E+00  0.000000E+00  0.000000E+00  1.890797E+00  0.000000E+00
  8.500000E-01  2.231022E+00  1.937141E+00  0.000000E+00  0.000000E+00  0.000000E+00  0.000000E+00  1.893935E+00  0.000000E+00
  8.520000E-01  2.230929E+00  1.939528E+00  0.000000E+00  0.000000E+00  0.000000E+00  0.000000E+00  1.897061E+00  0.000000E+00
  8.540000E-01  2.230836E+00  1.941912E+00  0.000000E+00  0.000000E+00  0.000000E+00  0.000000E+00  1.900174E+00  0.000000E+00
  8.560000E-01  2.230742E+00  1.944293E+00  0.000000E+00  0.000000E+00  0.000000E+00  0.000000E+00  1.903276E+00  0.000000E+00
  8.580000E-01  2.230648E+00  1.946670E+00  0.000000E+00  0.000000E+00  0.000000E+00  0.000000E+00  1.906366E+00  0.000000E+00
  8.600000E-01  2.230552E+00  1.949045E+00  0.000000E+00  0.000000E+00  0.000000E+00  0.000000E+00  1.909444E+00  0.000000E+00
  8.620000E-01  2.230456E+00  1.951416E+00  0.000000E+00  0.000000E+00  0.000000E+00  0.000000E+00  1.912510E+00  0.000000E+00
  8.640000E-01  2.230360E+00  1.953785E+00  0.000000E+00  0.000000E+00  0.000000E+00  0.000000E+00  1.915565E+00  0.000000E+00
  8.660000E-01  2.230262E+00  1.956150E+00  0.000000E+00  0.000000E+00  0.000000E+00  0.000000E+00  1.918608E+00  0.000000E+00
  8.680000E-01  2.230165E+00  1.958512E+00  0.000000E+00  0.000000E+00  0.000000E+00  0.000000E+00  1.921639E+00  0.000000E+00
  8.700000E-01  2.230066E+00  1.960871E+00  0.000000E+00  0.000000E+00  0.000000E+00  0.000000E+00  1.924659E+00  0.000000E+00
  8.720000E-01  2.229967E+00  1.963227E+00  0.000000E+00  0.000000E+00  0.000000E+00  0.000000E+00  1.927668E+00  0.000000E+00
  8.740000E-01  2.229867E+00  1.965580E+00  0.000000E+00  0.000000E+00  0.000000E+00  0.000000E+00  1.930665E+00  0.000000E+00
  8.760000E-01  2.229767E+00  1.967930E+00  0.000000E+00  0.000000E+00  0.000000E+00  0.000000E+00  1.933652E+00  0.000000E+00
  8.780000E-01  2.229665E+00  1.970277E+00  0.000000E+00  0.000000E+00  0.000000E+00  0.000000E+00  1.936627E+00  0.000000E+00
  8.800000E-01  2.229564E+00  1.972621E+00  0.000000E+00  0.000000E+00  0.000000E+00  0.000000E+00  1.939591E+00  0.000000E+00
  8.820000E-01  2.229461E+00  1.974962E+00  0.000000E+00  0.000000E+00  0.000000E+00  0.000000E+00  1.942544E+00  0.000000E+00
  8.840000E-01  2.229222E+00  1.976108E+00  0.000000E+00  0.000000E+00  0.000000E+00  0.000000E+00  1.944221E+00  3.119905E-01
  8.860000E-01  2.229044E+00  1.977788E+00  0.000000E+00  0.000000E+00  0.000000E+00  0.000000E+00  1.946459E+00  3.612449E-01
  8.880000E-01  2.228859E+00  1.979399E+00  0.000000E+00  0.000000E+00  0.000000E+00  0.000000E+00  1.948617E+00  4.033967E-01
  8.900000E-01  2.228667E+00  1.980954E+00  0.000000E+00  0.000000E+00  0.000000E+00  0.000000E+00  1.950709E+00  4.406674E-01
  8.920000E-01  2.228145E+00  1.982034E+00  2.547369E-01  0.000000E+00  0.000000E+00  0.000000E+00  1.952311E+00  4.717919E-01
  8.940000E-01  2.227900E+00  1.983446E+00  2.657595E-01  0.000000E+00  0.000000E+00  0.000000E+00  1.954241E+00  5.025192E-01
  8.960000E-01  2.227650E+00  1.984820E+00  2.761148E-01  0.000000E+00  0.000000E+00  0.000000E+00  1.956125E+00  5.309836E-01
  8.980000E-01  2.227396E+00  1.986162E+00  2.858986E-01  0.000000E+00  0.000000E+00  0.000000E+00  1.957968E+00  5.575766E-01
  9.000000E-01  2.227139E+00  1.987473E+00  2.951858E-01  0.000000E+00  0.000000E+00  0.000000E+00  1.959774E+00  5.825898E-01
  9.020000E-01  2.226878E+00  1.988756E+00  3.040366E-01  0.000000E+00  0.000000E+00  0.000000E+00  1.961544E+00  6.062469E-01
  9.040000E-01  2.226614E+00  1.990015E+00  3.125002E-01  0.000000E+00  0.000000E+00  0.000000E+00  1.963282E+00  6.287243E-01
  9.060000E-01  2.226347E+00  1.991250E+00  3.206175E-01  0.000000E+00  0.000000E+00  0.000000E+00  1.964989E+00  6.501637E-01
  9.080000E-01  2.226078E+00  1.992463E+00  3.284224E-01  0.000000E+00  0.000000E+00  0.000000E+00  1.966668E+00  6.706810E-01
  9.100000E-01  2.225806E+00  1.993657E+00  3.359443E-01  0.000000E+00  0.000000E+00  0.000000E+00  1.968320E+00  6.903722E-01
  9.120000E-01  2.225532E+00  1.994831E+00  3.432079E-01  0.000000E+00  0.000000E+00  0.000000E+00  1.969946E+00  7.093181E-01
  9.140000E-01  2.225256E+00  1.995989E+00  3.502348E-01  0.000000E+00  0.000000E+00  0.000000E+00  1.971548E+00  7.275876E-01
  9.160000E-01  2.224979E+00  1.997129E+00  3.570440E-01  0.000000E+00  0.000000E+00  0.000000E+00  1.973127E+00  7.452395E-01
  9.180000E-01  2.224699E+00  1.998254E+00  3.636517E-01  0.000000E+00  0.000000E+00  0.000000E+00  1.974684E+00  7.623248E-01
  9.200000E-01  2.224418E+00  1.999364E+00  3.700728E-01  0.000000E+00  0.000000E+00  0.000000E+00  1.976220E+00  7.788881E-01
  9.220000E-01  2.224136E+00  2.000461E+00  3.763200E-01  0.000000E+00  0.000000E+00  0.000000E+00  1.977736E+00  7.949684E-01
  9.240000E-01  2.223852E+00  2.001544E+00  3.824050E-01  0.000000E+00  0.000000E+00  0.000000E+00  1.979232E+00  8.106004E-01
  9.260000E-01  2.223566E+00  2.002614E+00  3.883381E-01  0.000000E+00  0.000000E+00  0.000000E+00  1.980710E+00  8.258146E-01
  9.280000E-01  2.223280E+00  2.003672E+00  3.941287E-01  0.000000E+00  0.000000E+00  0.000000E+00  1.982169E+00  8.406386E-01
  9.300000E-01  2.222992E+00  2.004720E+00  3.997852E-01  0.000000E+00  0.000000E+00  0.000000E+00  1.983611E+00  8.550971E-01
  9.320000E-01  2.222703E+00  2.005756E+00  4.053154E-01  0.000000E+00  0.000000E+00  0.000000E+00  1.985037E+00  8.692121E-01
  9.340000E-01  2.222414E+00  2.006781E+00  4.107262E-01  0.000000E+00  0.000000E+00  0.000000E+00  1.986445E+00  8.830039E-01
  9.360000E-01  2.222123E+00  2.007797E+00  4.160239E-01  0.000000E+00  0.000000E+00  0.000000E+00  1.987838E+00  8.964907E-01
  9.380000E-01  2.221831E+00  2.008803E+00  4.212146E-01  0.000000E+00  0.000000E+00  0.000000E+00  1.989216E+00  9.096891E-01
  9.400000E-01  2.221538E+00  2.009800E+00  4.263034E-01  0.000000E+00  0.000000E+00  0.000000E+00  1.990579E+00  9.226144E-01
  9.420000E-01  2.221245E+00  2.010789E+00  4.312955E-01  0.000000E+00  0.000000E+00  0.000000E+00  1.991927E+00  9.352806E-01
  9.440000E-01  2.220951E+00  2.011768E+00  4.361954E-01  0.000000E+00  0.000000E+00  0.000000E+00  1.993260E+00  9.477005E-01
  9.460000E-01  2.220656E+00  2.012740E+00  4.410073E-01  0.000000E+00  0.000000E+00  0.000000E+00  1.994580E+00  9.598860E-01
  9.480000E-01  2.220361E+00  2.013704E+00  4.457351E-01  0.000000E+00  0.000000E+00  0.000000E+00  1.995887E+00  9.718480E-01
  9.500000E-01  2.220065E+00  2.014660E+00  4.503826E-01  0.000000E+00  0.000000E+00  0.000000E+00  1.997180E+00  9.835968E-01
  9.520000E-01  2.219768E+00  2.015609E+00  4.549531E-01  0.000000E+00  0.000000E+00  0.000000E+00  1.998460E+00  9.951417E-01
  9.540000E-01  2.219471E+00  2.016552E+00  4.594498E-01  0.000000E+00  0.000000E+00  0.000000E+00  1.999727E+00  1.006492E+00
  9.560000E-01  2.219173E+00  2.017487E+00  4.638756E-01  0.000000E+00  0.000000E+00  0.000000E+00  2.000982E+00  1.017655E+00
  9.580000E-01  2.218875E+00  2.018416E+00  4.682334E-01  0.000000E+00  0.000000E+00  0.000000E+00  2.002225E+00  1.028638E+00
  9.600000E-01  2.218576E+00  2.019339E+00  4.725258E-01  0.000000E+00  0.000000E+00  0.000000E+00  2.003456E+00  1.039450E+00
  9.620000E-01  2.218277E+00  2.020256E+00  4.767551E-01  0.000000E+00  0.000000E+00  0.000000E+00  2.004675E+00  1.050097E+00
  9.640000E-01  2.217978E+00  2.021167E+00  4.809236E-01  0.000000E+00  0.000000E+00  0.000000E+00  2.005883E+00  1.060584E+00
  9.660000E-01  2.217678E+00  2.022073E+00  4.850336E-01  0.000000E+00  0.000000E+00  0.000000E+00  2.007079E+00  1.070919E+00
  9.680000E-01  2.217378E+00  2.022973E+00  4.890870E-01  0.000000E+00  0.000000E+00  0.000000E+00  2.008263E+00  1.081106E+00
  9.700000E-01  2.217078E+00  2.023869E+00  4.930857E-01  0.000000E+00  0.000000E+00  0.000000E+00  2.009437E+00  1.091150E+00
  9.720000E-01  2.216777E+00  2.024759E+00  4.970316E-01  0.000000E+00  0.000000E+00  0.000000E+00  2.010599E+00  1.101058E+00
  9.740000E-01  2.216477E+00  2.025645E+00  5.009262E-01  0.000000E+00  0.000000E+00  0.000000E+00  2.011750E+00  1.110833E+00
  9.760000E-01  2.216176E+00  2.026526E+00  5.047712E-01  0.000000E+00  0.000000E+00  0.000000E+00  2.012891E+00  1.120480E+00
  9.780000E-01  2.215876E+00  2.027403E+00  5.085680E-01  0.000000E+00  0.000000E+00  0.000000E+00  2.014020E+00  1.130004E+00
  9.800000E-01  2.215575E+00  2.028277E+00  5.123179E-01  0.000000E+00  0.000000E+00  0.000000E+00  2.015138E+00  1.139408E+00
  9.820000E-01  2.215275E+00  2.029147E+00  5.160221E-01  0.000000E+00  0.000000E+00  0.000000E+00  2.016244E+00  1.148696E+00
  9.840000E-01  2.214975E+00  2.030014E+00  5.196815E-01  0.000000E+00  0.000000E+00  0.000000E+00  2.017339E+00  1.157873E+00
  9.860000E-01  2.214676E+00  2.030881E+00  5.232959E-01  0.000000E+00  0.000000E+00  0.000000E+00  2.018418E+00  1.166942E+00
  9.880000E-01  2.214378E+00  2.031746E+00  5.268668E-01  0.000000E+00  0.000000E+00  0.000000E+00  2.019484E+00  1.175907E+00
  9.900000E-01  2.214079E+00  2.032606E+00  5.303991E-01  0.000000E+00  0.000000E+00  0.000000E+00  2.020543E+00  1.184768E+00
  9.920000E-01  2.213780E+00  2.033461E+00  5.338937E-01  0.000000E+00  0.000000E+00  0.000000E+00  2.021594E+00  1.193528E+00
  9.940000E-01  2.213481E+00  2.034311E+00  5.373518E-01  0.000000E+00  0.000000E+00  0.000000E+00  2.022638E+00  1.202191E+00
  9.960000E-01  2.213181E+00  2.035157E+00  5.407743E-01  0.000000E+00  0.000000E+00  0.000000E+00  2.023675E+00  1.210758E+00
  9.980000E-01  2.212880E+00  2.035997E+00  5.441623E-01  0.000000E+00  0.000000E+00  0.000000E+00  2.024705E+00  1.219233E+00
  1.000000E+00  2.212579E+00  2.036834E+00  5.475166E-01  0.000000E+00  0.000000E+00  0.000000E+00  2.025728E+00  1.227618E+00
  1.002000E+00  2.212277E+00  2.037665E+00  5.508380E-01  0.000000E+00  0.000000E+00  0.000000E+00  2.026744E+00  1.235916E+00
  1.004000E+00  2.211975E+00  2.038492E+00  5.541276E-01  0.000000E+00  0.000000E+00  0.000000E+00  2.027754E+00  1.244128E+00
  1.006000E+00  2.211673E+00  2.039315E+00  5.573860E-01  0.000000E+00  0.000000E+00  0.000000E+00  2.028757E+00  1.252256E+00
  1.008000E+00  2.211370E+00  2.040134E+00  5.606140E-01  0.000000E+00  0.000000E+00  0.000000E+00  2.029754E+00  1.260304E+00
  1.010000E+00  2.211066E+00  2.040948E+00  5.638124E-01  0.000000E+00  0.000000E+00  0.000000E+00  2.030745E+00  1.268273E+00
  1.012000E+00  2.210762E+00  2.041759E+00  5.669819E-01  0.000000E+00  0.000000E+00  0.000000E+00  2.031729E+00  1.276164E+00
  1.014000E+00  2.210458E+00  2.042565E+00  5.701231E-01  0.000000E+00  0.000000E+00  0.000000E+00  2.032707E+00  1.283981E+00
  1.016000E+00  2.210153E+00  2.043368E+00  5.732369E-01  0.000000E+00  0.000000E+00  0.000000E+00  2.033679E+00  1.291724E+00
  1.018000E+00  2.209848E+00  2.044166E+00  5.763237E-01  0.000000E+00  0.000000E+00  0.000000E+00  2.034646E+00  1.299395E+00
  1.020000E+00  2.209543E+00  2.044961E+00  5.793842E-01  0.000000E+00  0.000000E+00  0.000000E+00  2.035606E+00  1.306996E+00
  1.022000E+00  2.209237E+00  2.045752E+00  5.824190E-01  0.000000E+00  0.000000E+00  0.000000E+00  2.036560E+00  1.314528E+00
  1.024000E+00  2.208931E+00  2.046539E+00  5.854287E-01  0.000000E+00  0.000000E+00  0.000000E+00  2.037509E+00  1.321994E+00
  1.026000E+00  2.208624E+00  2.047323E+00  5.884138E-01  0.000000E+00  0.000000E+00  0.000000E+00  2.038453E+00  1.329394E+00
  1.028000E+00  2.208317E+00  2.048103E+00  5.913748E-01  0.000000E+00  0.000000E+00  0.000000E+00  2.039390E+00  1.336730E+00
  1.030000E+00  2.208010E+00  2.048880E+00  5.943123E-01  0.000000E+00  0.000000E+00  0.000000E+00  2.040323E+00  1.344004E+00
  1.032000E+00  2.207702E+00  2.049653E+00  5.972268E-01  0.000000E+00  0.000000E+00  0.000000E+00  2.041249E+00  1.351216E+00
  1.034000E+00  2.207394E+00  2.050423E+00  6.001187E-01  0.000000E+00  0.000000E+00  0.000000E+00  2.042171E+00  1.358368E+00
  1.036000E+00  2.207086E+00  2.051189E+00  6.029885E-01  0.000000E+00  0.000000E+00  0.000000E+00  2.043087E+00  1.365462E+00
  1.038000E+00  2.206777E+00  2.051952E+00  6.058367E-01  0.000000E+00  0.000000E+00  0.000000E+00  2.043998E+00  1.372498E+00
  1.040000E+00  2.206468E+00  2.052712E+00  6.086636E-01  0.000000E+00  0.000000E+00  0.000000E+00  2.044904E+00  1.379477E+00
  1.042000E+00  2.206158E+00  2.053469E+00  6.114698E-01  0.000000E+00  0.000000E+00  0.000000E+00  2.045805E+00  1.386402E+00
  1.044000E+00  2.205849E+00  2.054222E+00  6.142555E-01  0.000000E+00  0.000000E+00  0.000000E+00  2.046701E+00  1.393272E+00
  1.046000E+00  2.205539E+00  2.054973E+00  6.170213E-01  0.000000E+00  0.000000E+00  0.000000E+00  2.047591E+00  1.400089E+00
  1.048000E+00  2.205228E+00  2.055720E+00  6.197675E-01  0.000000E+00  0.000000E+00  0.000000E+00  2.048477E+00  1.406854E+00
  1.050000E+00  2.204918E+00  2.056464E+00  6.224944E-01  0.000000E+00  0.000000E+00  0.000000E+00  2.049358E+00  1.413568E+00
  1.052000E+00  2.204607E+00  2.057206E+00  6.252025E-01  0.000000E+00  0.000000E+00  0.000000E+00  2.050235E+00  1.420232E+00
  1.054000E+00  2.204295E+00  2.057944E+00  6.278920E-01  0.000000E+00  0.000000E+00  0.000000E+00  2.051106E+00  1.426847E+00
  1.056000E+00  2.203984E+00  2.058680E+00  6.305633E-01  0.000000E+00  0.000000E+00  0.000000E+00  2.051973E+00  1.433413E+00
  1.058000E+00  2.203672E+00  2.059412E+00  6.332168E-01  0.000000E+00  0.000000E+00  0.000000E+00  2.052836E+00  1.439932E+00
  1.060000E+00  2.203360E+00  2.060142E+00  6.358527E-01  0.000000E+00  0.000000E+00  0.000000E+00  2.053693E+00  1.446405E+00
  1.062000E+00  2.203047E+00  2.060869E+00  6.384714E-01  0.000000E+00  0.000000E+00  0.000000E+00  2.054547E+00  1.452832E+00
  1.064000E+00  2.202735E+00  2.061594E+00  6.410731E-01  0.000000E+00  0.000000E+00  0.000000E+00  2.055395E+00  1.459214E+00
  1.066000E+00  2.202422E+00  2.062315E+00  6.436582E-01  0.000000E+00  0.000000E+00  0.000000E+00  2.056240E+00  1.465552E+00
  1.068000E+00  2.202108E+00  2.063034E+00  6.462269E-01  0.000000E+00  0.000000E+00  0.000000E+00  2.057080E+00  1.471847E+00
  1.070000E+00  2.201795E+00  2.063750E+00  6.487796E-01  0.000000E+00  0.000000E+00  0.000000E+00  2.057915E+00  1.478099E+00
  1.072000E+00  2.201481E+00  2.064464E+00  6.513164E-01  0.000000E+00  0.000000E+00  0.000000E+00  2.058747E+00  1.484309E+00
  1.074000E+00  2.201167E+00  2.065175E+00  6.538377E-01  0.000000E+00  0.000000E+00  0.000000E+00  2.059574E+00  1.490478E+00
  1.076000E+00  2.200853E+00  2.065884E+00  6.563437E-01  0.000000E+00  0.000000E+00  0.000000E+00  2.060397E+00  1.496607E+00
  1.078000E+00  2.200538E+00  2.066590E+00  6.588346E-01  0.000000E+00  0.000000E+00  0.000000E+00  2.061216E+00  1.502696E+00
  1.080000E+00  2.200223E+00  2.067293E+00  6.613108E-01  0.000000E+00  0.000000E+00  0.000000E+00  2.062031E+00  1.508746E+00
  1.082000E+00  2.199908E+00  2.067994E+00  6.637723E-01  0.000000E+00  0.000000E+00  0.000000E+00  2.062841E+00  1.514757E+00
  1.084000E+00  2.199593E+00  2.068693E+00  6.662195E-01  0.000000E+00  0.000000E+00  0.000000E+00  2.063648E+00  1.520730E+00
  1.086000E+00  2.199277E+00  2.069389E+00  6.686526E-01  0.000000E+00  0.000000E+00  0.000000E+00  2.064451E+00  1.526666E+00
  1.088000E+00  2.198961E+00  2.070083E+00  6.710718E-01  0.000000E+00  0.000000E+00  0.000000E+00  2.065250E+00  1.532566E+00
  1.090000E+00  2.198645E+00  2.070775E+00  6.734773E-01  0.000000E+00  0.000000E+00  0.000000E+00  2.066044E+00  1.538429E+00
  1.092000E+00  2.198329E+00  2.071464E+00  6.758693E-01  0.000000E+00  0.000000E+00  0.000000E+00  2.066836E+00  1.544257E+00
  1.094000E+00  2.198012E+00  2.072151E+00  6.782481E-01  0.000000E+00  0.000000E+00  0.000000E+00  2.067623E+00  1.550049E+00
  1.096000E+00  2.197695E+00  2.072835E+00  6.806137E-01  0.000000E+00  0.000000E+00  0.000000E+00  2.068406E+00  1.555808E+00
  1.098000E+00  2.197378E+00  2.073518E+00  6.829665E-01  0.000000E+00  0.000000E+00  0.000000E+00  2.069186E+00  1.561532E+00
  1.100000E+00  2.197061E+00  2.074198E+00  6.853065E-01  0.000000E+00  0.000000E+00  0.000000E+00  2.069962E+00  1.567222E+00
  1.102000E+00  2.196744E+00  2.074876E+00  6.876341E-01  0.000000E+00  0.000000E+00  0.000000E+00  2.070734E+00  1.572880E+00
  1.104000E+00  2.196426E+00  2.075552E+00  6.899493E-01  0.000000E+00  0.000000E+00  0.000000E+00  2.071503E+00  1.578505E+00
  1.106000E+00  2.196108E+00  2.076225E+00  6.922523E-01  0.000000E+00  0.000000E+00  0.000000E+00  2.072268E+00  1.584099E+00
  1.108000E+00  2.195790E+00  2.076897E+00  6.945433E-01  0.000000E+00  0.000000E+00  0.000000E+00  2.073030E+00  1.589660E+00
  1.110000E+00  2.195471E+00  2.077566E+00  6.968225E-01  0.000000E+00  0.000000E+00  0.000000E+00  2.073788E+00  1.595191E+00
  1.112000E+00  2.195153E+00  2.078233E+00  6.990901E-01  0.000000E+00  0.000000E+00  0.000000E+00  2.074542E+00  1.600691E+00
  1.114000E+00  2.194834E+00  2.078898E+00  7.013461E-01  0.000000E+00  0.000000E+00  0.000000E+00  2.075293E+00  1.606160E+00
  1.116000E+00  2.194515E+00  2.079561E+00  7.035908E-01  0.000000E+00  0.000000E+00  0.000000E+00  2.076041E+00  1.611600E+00
  1.118000E+00  2.194196E+00  2.080222E+00  7.058243E-01  0.000000E+00  0.000000E+00  0.000000E+00  2.076785E+00  1.617010E+00
  1.120000E+00  2.193876E+00  2.080881E+00  7.080468E-01  0.000000E+00  0.000000E+00  0.000000E+00  2.077526E+00  1.622391E+00
  1.122000E+00  2.193556E+00  2.081538E+00  7.102583E-01  0.000000E+00  0.000000E+00  0.000000E+00  2.078263E+00  1.627744E+00
  1.124000E+00  2.193236E+00  2.082193E+00  7.124591E-01  0.000000E+00  0.000000E+00  0.000000E+00  2.078997E+00  1.633069E+00
  1.126000E+00  2.192916E+00  2.082846E+00  7.146493E-01  0.000000E+00  0.000000E+00  0.000000E+00  2.079728E+00  1.638365E+00
  1.128000E+00  2.192596E+00  2.083498E+00  7.168290E-01  0.000000E+00  0.000000E+00  0.000000E+00  2.080456E+00  1.643634E+00
  1.130000E+00  2.192275E+00  2.084147E+00  7.189983E-01  0.000000E+00  0.000000E+00  0.000000E+00  2.081180E+00  1.648876E+00
  1.132000E+00  2.191955E+00  2.084794E+00  7.211575E-01  0.000000E+00  0.000000E+00  0.000000E+00  2.081902E+00  1.654091E+00
  1.134000E+00  2.191634E+00  2.085439E+00  7.233065E-01  0.000000E+00  0.000000E+00  0.000000E+00  2.082620E+00  1.659280E+00
  1.136000E+00  2.191313E+00  2.086083E+00  7.254456E-01  0.000000E+00  0.000000E+00  0.000000E+00  2.083335E+00  1.664442E+00
  1.138000E+00  2.190991E+00  2.086724E+00  7.275748E-01  0.000000E+00  0.000000E+00  0.000000E+00  2.084046E+00  1.669579E+00
  1.140000E+00  2.190670E+00  2.087364E+00  7.296944E-01  0.000000E+00  0.000000E+00  0.000000E+00  2.084755E+00  1.674691E+00
  1.142000E+00  2.190348E+00  2.088002E+00  7.318043E-01  0.000000E+00  0.000000E+00  0.000000E+00  2.085461E+00  1.679777E+00
  1.144000E+00  2.190026E+00  2.088638E+00  7.339048E-01  0.000000E+00  0.000000E+00  0.000000E+00  2.086163E+00  1.684838E+00
  1.146000E+00  2.189704E+00  2.089272E+00  7.359958E-01  0.000000E+00  0.000000E+00  0.000000E+00  2.086863E+00  1.689875E+00
  1.148000E+00  2.189381E+00  2.089905E+00  7.380777E-01  0.000000E+00  0.000000E+00  0.000000E+00  2.087560E+00  1.694888E+00
  1.150000E+00  2.189059E+00  2.090536E+00  7.401504E-01  0.000000E+00  0.000000E+00  0.000000E+00  2.088253E+00  1.699877E+00
  1.152000E+00  2.188736E+00  2.091165E+00  7.422140E-01  0.000000E+00  0.000000E+00  0.000000E+00  2.088944E+00  1.704842E+00
  1.154000E+00  2.188413E+00  2.091792E+00  7.442687E-01  0.000000E+00  0.000000E+00  0.000000E+00  2.089632E+00  1.709784E+00
  1.156000E+00  2.188090E+00  2.092417E+00  7.463146E-01  0.000000E+00  0.000000E+00  0.000000E+00  2.090317E+00  1.714703E+00
  1.158000E+00  2.187766E+00  2.093041E+00  7.483518E-01  0.000000E+00  0.000000E+00  0.000000E+00  2.090999E+00  1.719599E+00
  1.160000E+00  2.187443E+00  2.093663E+00  7.503803E-01  0.000000E+00  0.000000E+00  0.000000E+00  2.091679E+00  1.724472E+00
  1.162000E+00  2.187119E+00  2.094283E+00  7.524003E-01  0.000000E+00  0.000000E+00  0.000000E+00  2.092355E+00  1.729323E+00
  1.164000E+00  2.186795E+00  2.094902E+00  7.544118E-01  0.000000E+00  0.000000E+00  0.000000E+00  2.093029E+00  1.734152E+00
  1.166000E+00  2.186471E+00  2.095519E+00  7.564151E-01  0.000000E+00  0.000000E+00  0.000000E+00  2.093700E+00  1.738960E+00
  1.168000E+00  2.186147E+00  2.096134E+00  7.584100E-01  0.000000E+00  0.000000E+00  0.000000E+00  2.094368E+00  1.743746E+00
  1.170000E+00  2.185822E+00  2.096747E+00  7.603968E-01  0.000000E+00  0.000000E+00  0.000000E+00  2.095033E+00  1.748510E+00
  1.172000E+00  2.185498E+00  2.097359E+00  7.623756E-01  0.000000E+00  0.000000E+00  0.000000E+00  2.095696E+00  1.753254E+00
  1.174000E+00  2.185173E+00  2.097970E+00  7.643463E-01  0.000000E+00  0.000000E+00  0.000000E+00  2.096356E+00  1.757977E+00
  1.176000E+00  2.184848E+00  2.098578E+00  7.663092E-01  0.000000E+00  0.000000E+00  0.000000E+00  2.097014E+00  1.762679E+00
  1.178000E+00  2.184522E+00  2.099185E+00  7.682642E-01  0.000000E+00  0.000000E+00  0.000000E+00  2.097669E+00  1.767361E+00
  1.180000E+00  2.184197E+00  2.099791E+00  7.702116E-01  0.000000E+00  0.000000E+00  0.000000E+00  2.098321E+00  1.772023E+00
  1.182000E+00  2.183871E+00  2.100395E+00  7.721513E-01  0.000000E+00  0.000000E+00  0.000000E+00  2.098971E+00  1.776665E+00
  1.184000E+00  2.183545E+00  2.100997E+00  7.740834E-01  0.000000E+00  0.000000E+00  0.000000E+00  2.099618E+00  1.781287E+00
  1.186000E+00  2.183219E+00  2.101598E+00  7.760080E-01  0.000000E+00  0.000000E+00  0.000000E+00  2.100263E+00  1.785890E+00
  1.188000E+00  2.182893E+00  2.102197E+00  7.779252E-01  0.000000E+00  0.000000E+00  0.000000E+00  2.100905E+00  1.790474E+00
  1.190000E+00  2.182567E+00  2.102795E+00  7.798351E-01  0.000000E+00  0.000000E+00  0.000000E+00  2.101544E+00  1.795038E+00
  1.192000E+00  2.182240E+00  2.103391E+00  7.817377E-01  0.000000E+00  0.000000E+00  0.000000E+00  2.102181E+00  1.799584E+00
  1.194000E+00  2.181913E+00  2.103985E+00  7.836332E-01  0.000000E+00  0.000000E+00  0.000000E+00  2.102816E+00  1.804111E+00
  1.196000E+00  2.181586E+00  2.104578E+00  7.855215E-01  0.000000E+00  0.000000E+00  0.000000E+00  2.103448E+00  1.808619E+00
  1.198000E+00  2.181259E+00  2.105170E+00  7.874028E-01  0.000000E+00  0.000000E+00  0.000000E+00  2.104078E+00  1.813110E+00
  1.200000E+00  2.180932E+00  2.105760E+00  7.892771E-01  0.000000E+00  0.000000E+00  0.000000E+00  2.104705E+00  1.817582E+00
