  1.000000E-02  0.000000E+00
  1.200000E-02  0.000000E+00
  1.400000E-02  0.000000E+00
  1.600000E-02  0.000000E+00
  1.800000E-02  0.000000E+00
  2.000000E-02  0.000000E+00
  2.200000E-02  0.000000E+00
  2.400000E-02  0.000000E+00
  2.600000E-02  0.000000E+00
  2.800000E-02  0.000000E+00
  3.000000E-02  0.000000E+00
  3.200000E-02  0.000000E+00
  3.400000E-02  0.000000E+00
  3.600000E-02  0.000000E+00
  3.800000E-02  0.000000E+00
  4.000000E-02  0.000000E+00
  4.200000E-02  0.000000E+00
  4.400000E-02  0.000000E+00
  4.600000E-02  0.000000E+00
  4.800000E-02  0.000000E+00
  5.000000E-02  0.000000E+00
  5.200000E-02  0.000000E+00
  5.400000E-02  0.000000E+00
  5.600000E-02  0.000000E+00
  5.800000E-02  0.000000E+00
  6.000000E-02  0.000000E+00
  6.200000E-02  0.000000E+00
  6.400000E-02  0.000000E+00
  6.600000E-02  0.000000E+00
  6.800000E-02  0.000000E+00
  7.000000E-02  0.000000E+00
  7.200000E-02  0.000000E+00
  7.400000E-02  0.000000E+00
  7.600000E-02  0.000000E+00
  7.800000E-02  0.000000E+00
  8.000000E-02  0.000000E+00
  8.200000E-02  0.000000E+00
  8.400000E-02  0.000000E+00
  8.600000E-02  0.000000E+00
  8.800000E-02  0.000000E+00
  9.000000E-02  0.000000E+00
  9.200000E-02  0.000000E+00
  9.400000E-02  0.000000E+00
  9.600000E-02  0.000000E+00
  9.800000E-02  0.000000E+00
  1.000000E-01  0.000000E+00
  1.020000E-01  0.000000E+00
  1.040000E-01  0.000000E+00
  1.060000E-01  0.000000E+00
  1.080000E-01  0.000000E+00
  1.100000E-01  0.000000E+00
  1.120000E-01  0.000000E+00
  1.140000E-01  0.000000E+00
  1.160000E-01  0.000000E+00
  1.180000E-01  0.000000E+00
  1.200000E-01  0.000000E+00
  1.220000E-01  0.000000E+00
  1.240000E-01  0.000000E+00
  1.260000E-01  0.000000E+00
  1.280000E-01  0.000000E+00
  1.300000E-01  0.000000E+00
  1.320000E-01  0.000000E+00
  1.340000E-01  0.000000E+00
  1.360000E-01  0.000000E+00
  1.380000E-01  0.000000E+00
  1.400000E-01  0.000000E+00
  1.420000E-01  0.000000E+00
  1.440000E-01  0.000000E+00
  1.460000E-01  0.000000E+00
  1.480000E-01  0.000000E+00
  1.500000E-01  0.000000E+00
  1.520000E-01  0.000000E+00
  1.540000E-01  0.000000E+00
  1.560000E-01  0.000000E+00
  1.580000E-01  0.000000E+00
  1.600000E-01  0.000000E+00
  1.620000E-01  0.000000E+00
  1.640000E-01  0.000000E+00
  1.660000E-01  0.000000E+00
  1.680000E-01  0.000000E+00
  1.700000E-01  0.000000E+00
  1.720000E-01  0.000000E+00
  1.740000E-01  0.000000E+00
  1.760000E-01  0.000000E+00
  1.780000E-01  0.000000E+00
  1.800000E-01  0.000000E+00
  1.820000E-01  0.000000E+00
  1.840000E-01  0.000000E+00
  1.860000E-01  0.000000E+00
  1.880000E-01  0.000000E+00
  1.900000E-01  0.000000E+00
  1.920000E-01  0.000000E+00
  1.940000E-01  0.000000E+00
  1.960000E-01  0.000000E+00
  1.980000E-01  0.000000E+00
  2.000000E-01  0.000000E+00
  2.020000E-01  0.000000E+00
  2.040000E-01  0.000000E+00
  2.060000E-01  0.000000E+00
  2.080000E-01  0.000000E+00
  2.100000E-01  0.000000E+00
  2.120000E-01  0.000000E+00
  2.140000E-01  0.000000E+00
  2.160000E-01  0.000000E+00
  2.180000E-01  0.000000E+00
  2.200000E-01  0.000000E+00
  2.220000E-01  0.000000E+00
  2.240000E-01  0.000000E+00
  2.260000E-01  0.000000E+00
  2.280000E-01  0.000000E+00
  2.300000E-01  0.000000E+00
  2.320000E-01  0.000000E+00
  2.340000E-01  0.000000E+00
  2.360000E-01  0.000000E+00
  2.380000E-01  0.000000E+00
  2.400000E-01  0.000000E+00
  2.420000E-01  0.000000E+00
  2.440000E-01  0.000000E+00
  2.460000E-01  0.000000E+00
  2.480000E-01  0.000000E+00
  2.500000E-01  0.000000E+00
  2.520000E-01  0.000000E+00
  2.540000E-01  0.000000E+00
  2.560000E-01  0.000000E+00
  2.580000E-01  0.000000E+00
  2.600000E-01  0.000000E+00
  2.620000E-01  0.000000E+00
  2.640000E-01  0.000000E+00
  2.660000E-01  0.000000E+00
  2.680000E-01  0.000000E+00
  2.700000E-01  0.000000E+00
  2.720000E-01  0.000000E+00
  2.740000E-01  0.000000E+00
  2.760000E-01  0.000000E+00
  2.780000E-01  0.000000E+00
  2.800000E-01  0.000000E+00
  2.820000E-01  0.000000E+00
  2.840000E-01  0.000000E+00
  2.860000E-01  0.000000E+00
  2.880000E-01  0.000000E+00
  2.900000E-01  0.000000E+00
  2.920000E-01  0.000000E+00
  2.940000E-01  0.000000E+00
  2.960000E-01  0.000000E+00
  2.980000E-01  0.000000E+00
  3.000000E-01  0.000000E+00
  3.020000E-01  0.000000E+00
  3.040000E-01  0.000000E+00
  3.060000E-01  0.000000E+00
  3.080000E-01  0.000000E+00
  3.100000E-01  0.000000E+00
  3.120000E-01  0.000000E+00
  3.140000E-01  0.000000E+00
  3.160000E-01  0.000000E+00
  3.180000E-01  0.000000E+00
  3.200000E-01  0.000000E+00
  3.220000E-01  0.000000E+00
  3.240000E-01  0.000000E+00
  3.260000E-01  0.000000E+00
  3.280000E-01  0.000000E+00
  3.300000E-01  0.000000E+00
  3.320000E-01  0.000000E+00
  3.340000E-01  0.000000E+00
  3.360000E-01  0.000000E+00
  3.380000E-01  0.000000E+00
  3.400000E-01  0.000000E+00
  3.420000E-01  0.000000E+00
  3.440000E-01  0.000000E+00
  3.460000E-01  0.000000E+00
  3.480000E-01  0.000000E+00
  3.500000E-01  0.000000E+00
  3.520000E-01  0.000000E+00
  3.540000E-01  0.000000E+00
  3.560000E-01  0.000000E+00
  3.580000E-01  0.000000E+00
  3.600000E-01  0.000000E+00
  3.620000E-01  0.000000E+00
  3.640000E-01  0.000000E+00
  3.660000E-01  0.000000E+00
  3.680000E-01  0.000000E+00
  3.700000E-01  0.000000E+00
  3.720000E-01  0.000000E+00
  3.740000E-01  0.000000E+00
  3.760000E-01  0.000000E+00
  3.780000E-01  0.000000E+00
  3.800000E-01  0.000000E+00
  3.820000E-01  0.000000E+00
  3.840000E-01  0.000000E+00
  3.860000E-01  0.000000E+00
  3.880000E-01  0.000000E+00
  3.900000E-01  0.000000E+00
  3.920000E-01  0.000000E+00
  3.940000E-01  0.000000E+00
  3.960000E-01  0.000000E+00
  3.980000E-01  0.000000E+00
  4.000000E-01  0.000000E+00
  4.020000E-01  0.000000E+00
  4.040000E-01  0.000000E+00
  4.060000E-01  0.000000E+00
  4.080000E-01  0.000000E+00
  4.100000E-01  0.000000E+00
  4.120000E-01  0.000000E+00
  4.140000E-01  0.000000E+00
  4.160000E-01  0.000000E+00
  4.180000E-01  0.000000E+00
  4.200000E-01  0.000000E+00
  4.220000E-01  0.000000E+00
  4.240000E-01  0.000000E+00
  4.260000E-01  0.000000E+00
  4.280000E-01  0.000000E+00
  4.300000E-01  0.000000E+00
  4.320000E-01  0.000000E+00
  4.340000E-01  0.000000E+00
  4.360000E-01  0.000000E+00
  4.380000E-01  0.000000E+00
  4.400000E-01  0.000000E+00
  4.420000E-01  0.000000E+00
  4.440000E-01  0.000000E+00
  4.460000E-01  0.000000E+00
  4.480000E-01  4.454122E-03
  4.500000E-01  7.988653E-03
  4.520000E-01  1.172378E-02
  4.540000E-01  1.558389E-02
  4.560000E-01  1.952835E-02
  4.580000E-01  2.353197E-02
  4.600000E-01  2.757772E-02
  4.620000E-01  3.165342E-02
  4.640000E-01  3.574993E-02
  4.660000E-01  3.986023E-02
  4.680000E-01  4.397876E-02
  4.700000E-01  4.810106E-02
  4.720000E-01  5.222347E-02
  4.740000E-01  5.634294E-02
  4.760000E-01  6.045695E-02
  4.780000E-01  6.456333E-02
  4.800000E-01  6.866027E-02
  4.820000E-01  7.274619E-02
  4.840000E-01  7.681976E-02
  4.860000E-01  8.087979E-02
  4.880000E-01  8.492528E-02
  4.900000E-01  8.895536E-02
  4.920000E-01  9.296924E-02
  4.940000E-01  9.696626E-02
  4.960000E-01  1.009458E-01
  4.980000E-01  1.049075E-01
  5.000000E-01  1.088507E-01
  5.020000E-01  1.127751E-01
  5.040000E-01  1.166803E-01
  5.060000E-01  1.205662E-01
  5.080000E-01  1.244323E-01
  5.100000E-01  1.282786E-01
  5.120000E-01  1.321047E-01
  5.140000E-01  1.359106E-01
  5.160000E-01  1.396961E-01
  5.180000E-01  1.434611E-01
  5.200000E-01  1.472055E-01
  5.220000E-01  1.509292E-01
  5.240000E-01  1.546322E-01
  5.260000E-01  1.583145E-01
  5.280000E-01  1.619759E-01
  5.300000E-01  1.656166E-01
  5.320000E-01  1.692364E-01
  5.340000E-01  1.728355E-01
  5.360000E-01  1.764138E-01
  5.380000E-01  1.799714E-01
  5.400000E-01  1.835082E-01
  5.420000E-01  1.870244E-01
  5.440000E-01  1.905199E-01
  5.460000E-01  1.939950E-01
  5.480000E-01  1.974495E-01
  5.500000E-01  2.008836E-01
  5.520000E-01  2.042973E-01
  5.540000E-01  2.076907E-01
  5.560000E-01  2.110640E-01
  5.580000E-01  2.144171E-01
  5.600000E-01  2.177502E-01
  5.620000E-01  2.210633E-01
  5.640000E-01  2.243566E-01
  5.660000E-01  2.276301E-01
  5.680000E-01  2.308840E-01
  5.700000E-01  2.341183E-01
  5.720000E-01  2.373332E-01
  5.740000E-01  2.405286E-01
  5.760000E-01  2.437049E-01
  5.780000E-01  2.468619E-01
  5.800000E-01  2.499999E-01
  5.820000E-01  2.531190E-01
  5.840000E-01  2.562192E-01
  5.860000E-01  2.593007E-01
  5.880000E-01  2.623636E-01
  5.900000E-01  2.654079E-01
  5.920000E-01  2.684339E-01
  5.940000E-01  2.714415E-01
  5.960000E-01  2.744310E-01
  5.980000E-01  2.774024E-01
  6.000000E-01  2.803558E-01
  6.020000E-01  2.832914E-01
  6.040000E-01  2.862092E-01
  6.060000E-01  2.891094E-01
  6.080000E-01  2.919921E-01
  6.100000E-01  2.948574E-01
  6.120000E-01  2.977053E-01
  6.140000E-01  3.005361E-01
  6.160000E-01  3.033498E-01
  6.180000E-01  3.061464E-01
  6.200000E-01  3.089263E-01
  6.220000E-01  3.116893E-01
  6.240000E-01  3.144357E-01
  6.260000E-01  3.171656E-01
  6.280000E-01  3.198790E-01
  6.300000E-01  3.225761E-01
  6.320000E-01  3.252570E-01
  6.340000E-01  3.279217E-01
  6.360000E-01  3.305705E-01
  6.380000E-01  3.332033E-01
  6.400000E-01  3.358203E-01
  6.420000E-01  3.384216E-01
  6.440000E-01  3.410073E-01
  6.460000E-01  3.435775E-01
  6.480000E-01  3.461322E-01
  6.500000E-01  3.486717E-01
  6.520000E-01  3.511960E-01
  6.540000E-01  3.537052E-01
  6.560000E-01  3.561994E-01
  6.580000E-01  3.586787E-01
  6.600000E-01  3.611432E-01
  6.620000E-01  3.635930E-01
  6.640000E-01  3.660282E-01
  6.660000E-01  3.684488E-01
  6.680000E-01  3.708550E-01
  6.700000E-01  3.732470E-01
  6.720000E-01  3.756246E-01
  6.740000E-01  3.779882E-01
  6.760000E-01  3.803376E-01
  6.780000E-01  3.826732E-01
  6.800000E-01  3.849948E-01
  6.820000E-01  3.873027E-01
  6.840000E-01  3.895969E-01
  6.860000E-01  3.918775E-01
  6.880000E-01  3.941446E-01
  6.900000E-01  3.963983E-01
  6.920000E-01  3.986386E-01
  6.940000E-01  4.008657E-01
  6.960000E-01  4.030797E-01
  6.980000E-01  4.052805E-01
  7.000000E-01  4.074684E-01
  7.020000E-01  4.096433E-01
  7.040000E-01  4.118055E-01
  7.060000E-01  4.139549E-01
  7.080000E-01  4.160916E-01
  7.100000E-01  4.182157E-01
  7.120000E-01  4.203274E-01
  7.140000E-01  4.224266E-01
  7.160000E-01  4.245135E-01
  7.180000E-01  4.265882E-01
  7.200000E-01  4.286506E-01
  7.220000E-01  4.307009E-01
  7.240000E-01  4.327393E-01
  7.260000E-01  4.347656E-01
  7.280000E-01  4.367801E-01
  7.300000E-01  4.387828E-01
  7.320000E-01  4.407737E-01
  7.340000E-01  4.427530E-01
  7.360000E-01  4.447208E-01
  7.380000E-01  4.466770E-01
  7.400000E-01  4.486218E-01
  7.420000E-01  4.505552E-01
  7.440000E-01  4.524773E-01
  7.460000E-01  4.543882E-01
  7.480000E-01  4.562880E-01
  7.500000E-01  4.581766E-01
  7.520000E-01  4.600543E-01
  7.540000E-01  4.619210E-01
  7.560000E-01  4.637768E-01
  7.580000E-01  4.656218E-01
  7.600000E-01  4.674561E-01
  7.620000E-01  4.692797E-01
  7.640000E-01  4.710927E-01
  7.660000E-01  4.728951E-01
  7.680000E-01  4.746871E-01
  7.700000E-01  4.764686E-01
  7.720000E-01  4.782398E-01
  7.740000E-01  4.800007E-01
  7.760000E-01  4.817514E-01
  7.780000E-01  4.834919E-01
  7.800000E-01  4.852223E-01
  7.820000E-01  4.869426E-01
  7.840000E-01  4.886530E-01
  7.860000E-01  4.903534E-01
  7.880000E-01  4.920440E-01
  7.900000E-01  4.937248E-01
  7.920000E-01  4.953958E-01
  7.940000E-01  4.970572E-01
  7.960000E-01  4.987089E-01
  7.980000E-01  5.003510E-01
  8.000000E-01  5.019836E-01
  8.020000E-01  5.036068E-01
  8.040000E-01  5.052206E-01
  8.060000E-01  5.068250E-01
  8.080000E-01  5.084201E-01
  8.100000E-01  5.100060E-01
  8.120000E-01  5.115827E-01
  8.140000E-01  5.131503E-01
  8.160000E-01  5.147088E-01
  8.180000E-01  5.162583E-01
  8.200000E-01  5.177989E-01
  8.220000E-01  5.193305E-01
  8.240000E-01  5.208532E-01
  8.260000E-01  5.223671E-01
  8.280000E-01  5.238723E-01
  8.300000E-01  5.253687E-01
  8.320000E-01  5.268565E-01
  8.340000E-01  5.283357E-01
  8.360000E-01  5.298063E-01
  8.380000E-01  5.312684E-01
  8.400000E-01  5.327221E-01
  8.420000E-01  5.341673E-01
  8.440000E-01  5.356042E-01
  8.460000E-01  5.370327E-01
  8.480000E-01  5.384530E-01
  8.500000E-01  5.398650E-01
  8.520000E-01  5.412689E-01
  8.540000E-01  5.426646E-01
  8.560000E-01  5.440522E-01
  8.580000E-01  5.454318E-01
  8.600000E-01  5.468034E-01
  8.620000E-01  5.481670E-01
  8.640000E-01  5.495227E-01
  8.660000E-01  5.508706E-01
  8.680000E-01  5.522106E-01
  8.700000E-01  5.535429E-01
  8.720000E-01  5.548674E-01
  8.740000E-01  5.561842E-01
  8.760000E-01  5.574933E-01
  8.780000E-01  5.587949E-01
  8.800000E-01  5.600888E-01
  8.820000E-01  5.613753E-01
  8.840000E-01  5.638776E-01
  8.860000E-01  5.658200E-01
  8.880000E-01  5.678209E-01
  8.900000E-01  5.698678E-01
  8.920000E-01  5.720742E-01
  8.940000E-01  5.742017E-01
  8.960000E-01  5.763548E-01
  8.980000E-01  5.785294E-01
  9.000000E-01  5.807224E-01
  9.020000E-01  5.829311E-01
  9.040000E-01  5.851530E-01
  9.060000E-01  5.873864E-01
  9.080000E-01  5.896295E-01
  9.100000E-01  5.918808E-01
  9.120000E-01  5.941391E-01
  9.140000E-01  5.964031E-01
  9.160000E-01  5.986719E-01
  9.180000E-01  6.009444E-01
  9.200000E-01  6.032200E-01
  9.220000E-01  6.054978E-01
  9.240000E-01  6.077772E-01
  9.260000E-01  6.100575E-01
  9.280000E-01  6.123382E-01
  9.300000E-01  6.146188E-01
  9.320000E-01  6.168987E-01
  9.340000E-01  6.191775E-01
  9.360000E-01  6.214549E-01
  9.380000E-01  6.237304E-01
  9.400000E-01  6.260037E-01
  9.420000E-01  6.282745E-01
  9.440000E-01  6.305424E-01
  9.460000E-01  6.328072E-01
  9.480000E-01  6.350686E-01
  9.500000E-01  6.373263E-01
  9.520000E-01  6.395802E-01
  9.540000E-01  6.418300E-01
  9.560000E-01  6.440755E-01
  9.580000E-01  6.463164E-01
  9.600000E-01  6.485526E-01
  9.620000E-01  6.507840E-01
  9.640000E-01  6.530102E-01
  9.660000E-01  6.552312E-01
  9.680000E-01  6.574468E-01
  9.700000E-01  6.596568E-01
  9.720000E-01  6.618610E-01
  9.740000E-01  6.640591E-01
  9.760000E-01  6.662511E-01
  9.780000E-01  6.684367E-01
  9.800000E-01  6.706155E-01
  9.820000E-01  6.727871E-01
  9.840000E-01  6.749510E-01
  9.860000E-01  6.771050E-01
  9.880000E-01  6.792495E-01
  9.900000E-01  6.813893E-01
  9.920000E-01  6.835242E-01
  9.940000E-01  6.856543E-01
  9.960000E-01  6.877794E-01
  9.980000E-01  6.898995E-01
  1.000000E+00  6.920145E-01
  1.002000E+00  6.941245E-01
  1.004000E+00  6.962293E-01
  1.006000E+00  6.983290E-01
  1.008000E+00  7.004234E-01
  1.010000E+00  7.025126E-01
  1.012000E+00  7.045966E-01
  1.014000E+00  7.066752E-01
  1.016000E+00  7.087486E-01
  1.018000E+00  7.108165E-01
  1.020000E+00  7.128791E-01
  1.022000E+00  7.149364E-01
  1.024000E+00  7.169882E-01
  1.026000E+00  7.190345E-01
  1.028000E+00  7.210755E-01
  1.030000E+00  7.231109E-01
  1.032000E+00  7.251410E-01
  1.034000E+00  7.271655E-01
  1.036000E+00  7.291845E-01
  1.038000E+00  7.311981E-01
  1.040000E+00  7.332061E-01
  1.042000E+00  7.352087E-01
  1.044000E+00  7.372057E-01
  1.046000E+00  7.391972E-01
  1.048000E+00  7.411832E-01
  1.050000E+00  7.431637E-01
  1.052000E+00  7.451386E-01
  1.054000E+00  7.471080E-01
  1.056000E+00  7.490719E-01
  1.058000E+00  7.510303E-01
  1.060000E+00  7.529832E-01
  1.062000E+00  7.549306E-01
  1.064000E+00  7.568724E-01
  1.066000E+00  7.588088E-01
  1.068000E+00  7.607397E-01
  1.070000E+00  7.626650E-01
  1.072000E+00  7.645849E-01
  1.074000E+00  7.664993E-01
  1.076000E+00  7.684083E-01
  1.078000E+00  7.703118E-01
  1.080000E+00  7.722098E-01
  1.082000E+00  7.741024E-01
  1.084000E+00  7.759896E-01
  1.086000E+00  7.778714E-01
  1.088000E+00  7.797477E-01
  1.090000E+00  7.816187E-01
  1.092000E+00  7.834842E-01
  1.094000E+00  7.853444E-01
  1.096000E+00  7.871992E-01
  1.098000E+00  7.890487E-01
  1.100000E+00  7.908928E-01
  1.102000E+00  7.927317E-01
  1.104000E+00  7.945652E-01
  1.106000E+00  7.963934E-01
  1.108000E+00  7.982163E-01
  1.110000E+00  8.000340E-01
  1.112000E+00  8.018464E-01
  1.114000E+00  8.036536E-01
  1.116000E+00  8.054556E-01
  1.118000E+00  8.072523E-01
  1.120000E+00  8.090439E-01
  1.122000E+00  8.108302E-01
  1.124000E+00  8.126115E-01
  1.126000E+00  8.143875E-01
  1.128000E+00  8.161585E-01
  1.130000E+00  8.179243E-01
  1.132000E+00  8.196851E-01
  1.134000E+00  8.214407E-01
  1.136000E+00  8.231913E-01
  1.138000E+00  8.249369E-01
  1.140000E+00  8.266774E-01
  1.142000E+00  8.284129E-01
  1.144000E+00  8.301435E-01
  1.146000E+00  8.318690E-01
  1.148000E+00  8.335896E-01
  1.150000E+00  8.353052E-01
  1.152000E+00  8.370160E-01
  1.154000E+00  8.387218E-01
  1.156000E+00  8.404227E-01
  1.158000E+00  8.421188E-01
  1.160000E+00  8.438100E-01
  1.162000E+00  8.454963E-01
  1.164000E+00  8.471779E-01
  1.166000E+00  8.488546E-01
  1.168000E+00  8.505266E-01
  1.170000E+00  8.521938E-01
  1.172000E+00  8.538562E-01
  1.174000E+00  8.555140E-01
  1.176000E+00  8.571670E-01
  1.178000E+00  8.588153E-01
  1.180000E+00  8.604590E-01
  1.182000E+00  8.620979E-01
  1.184000E+00  8.637323E-01
  1.186000E+00  8.653620E-01
  1.188000E+00  8.669872E-01
  1.190000E+00  8.686077E-01
  1.192000E+00  8.702237E-01
  1.194000E+00  8.718352E-01
  1.196000E+00  8.734421E-01
  1.198000E+00  8.750445E-01
  1.200000E+00  8.766424E-01
