  1.000000E-02  1.433258E+00  1.338010E+00 -3.435699E-01
  1.200000E-02  1.714386E+00  1.605612E+00 -4.119735E-01
  1.400000E-02  1.993784E+00  1.873214E+00 -4.802519E-01
  1.600000E-02  2.271481E+00  2.140816E+00 -5.483981E-01
  1.800000E-02  2.547504E+00  2.408418E+00 -6.164060E-01
  2.000000E-02  2.821876E+00  2.676020E+00 -6.842700E-01
  2.200000E-02  3.094619E+00  2.943622E+00 -7.519851E-01
  2.400000E-02  3.365754E+00  3.211224E+00 -8.195466E-01
  2.600000E-02  3.635300E+00  3.478826E+00 -8.869502E-01
  2.800000E-02  3.903274E+00  3.746428E+00 -9.541921E-01
  3.000000E-02  4.169695E+00  4.014030E+00 -1.021268E+00
  3.200000E-02  4.434579E+00  4.281632E+00 -1.088176E+00
  3.400000E-02  4.697943E+00  4.549234E+00 -1.154912E+00
  3.600000E-02  4.959801E+00  4.816836E+00 -1.221473E+00
  3.800000E-02  5.220169E+00  5.084438E+00 -1.287857E+00
  4.000000E-02  5.479062E+00  5.352040E+00 -1.354060E+00
  4.200000E-02  5.736494E+00  5.619642E+00 -1.420081E+00
  4.400000E-02  5.992479E+00  5.887244E+00 -1.485918E+00
  4.600000E-02  6.247030E+00  6.154846E+00 -1.551569E+00
  4.800000E-02  6.500161E+00  6.422448E+00 -1.617031E+00
  5.000000E-02  6.751885E+00  6.690050E+00 -1.682302E+00
  5.200000E-02  7.002215E+00  6.957652E+00 -1.747382E+00
  5.400000E-02  7.251163E+00  7.225255E+00 -1.812269E+00
  5.600000E-02  7.498741E+00  7.492857E+00 -1.876961E+00
  5.800000E-02  7.744961E+00  7.760459E+00 -1.941456E+00
  6.000000E-02  7.989836E+00  8.028061E+00 -2.005755E+00
  6.200000E-02  8.233377E+00  8.295663E+00 -2.069854E+00
  6.400000E-02  8.475596E+00  8.563265E+00 -2.133754E+00
  6.600000E-02  8.716504E+00  8.830867E+00 -2.197453E+00
  6.800000E-02  8.956111E+00  9.098469E+00 -2.260951E+00
  7.000000E-02  9.194430E+00  9.366071E+00 -2.324246E+00
  7.200000E-02  9.431471E+00  9.633673E+00 -2.387337E+00
  7.400000E-02  9.667244E+00  9.901275E+00 -2.450224E+00
  7.600000E-02  9.901761E+00  1.016888E+01 -2.512907E+00
  7.800000E-02  1.013503E+01  1.043648E+01 -2.575383E+00
  8.000000E-02  1.036707E+01  1.070408E+01 -2.637654E+00
  8.200000E-02  1.059787E+01  1.097168E+01 -2.699718E+00
  8.400000E-02  1.082747E+01  1.123928E+01 -2.761574E+00
  8.600000E-02  1.105585E+01  1.150689E+01 -2.823223E+00
  8.800000E-02  1.128304E+01  1.177449E+01 -2.884663E+00
  9.000000E-02  1.150905E+01  1.204209E+01 -2.945895E+00
  9.200000E-02  1.173387E+01  1.230969E+01 -3.006917E+00
  9.400000E-02  1.195753E+01  1.257729E+01 -3.067730E+00
  9.600000E-02  1.218003E+01  1.284490E+01 -3.128334E+00
  9.800000E-02  1.240138E+01  1.311250E+01 -3.188728E+00
  1.000000E-01  1.262160E+01  1.338010E+01 -3.248911E+00
  1.020000E-01  1.284068E+01  1.364770E+01 -3.308884E+00
  1.040000E-01  1.305864E+01  1.391530E+01 -3.368647E+00
  1.060000E-01  1.327548E+01  1.418291E+01 -3.428199E+00
  1.080000E-01  1.349122E+01  1.445051E+01 -3.487540E+00
  1.100000E-01  1.370587E+01  1.471811E+01 -3.546670E+00
  1.120000E-01  1.391943E+01  1.498571E+01 -3.605590E+00
  1.140000E-01  1.413191E+01  1.525332E+01 -3.664298E+00
  1.160000E-01  1.434331E+01  1.552092E+01 -3.722795E+00
  1.180000E-01  1.455366E+01  1.578852E+01 -3.781081E+00
  1.200000E-01  1.476295E+01  1.605612E+01 -3.839157E+00
  1.220000E-01  1.497120E+01  1.632372E+01 -3.897021E+00
  1.240000E-01  1.517841E+01  1.659133E+01 -3.954675E+00
  1.260000E-01  1.538458E+01  1.685893E+01 -4.012118E+00
  1.280000E-01  1.558974E+01  1.712653E+01 -4.069350E+00
  1.300000E-01  1.579388E+01  1.739413E+01 -4.126372E+00
  1.320000E-01  1.599705E+01  1.766173E+01 -4.182785E+00
  1.340000E-01  1.619931E+01  1.792934E+01 -4.238047E+00
  1.360000E-01  1.640062E+01  1.819694E+01 -4.292603E+00
  1.380000E-01  1.660098E+01  1.846454E+01 -4.346579E+00
  1.400000E-01  1.680040E+01  1.873214E+01 -4.400039E+00
  1.420000E-01  1.699887E+01  1.899974E+01 -4.453027E+00
  1.440000E-01  1.719641E+01  1.926735E+01 -4.505571E+00
  1.460000E-01  1.739301E+01  1.953495E+01 -4.557694E+00
  1.480000E-01  1.758869E+01  1.980255E+01 -4.609414E+00
  1.500000E-01  1.778344E+01  2.007015E+01 -4.660746E+00
  1.520000E-01  1.797728E+01  2.033775E+01 -4.711703E+00
  1.540000E-01  1.817020E+01  2.060536E+01 -4.762294E+00
  1.560000E-01  1.836223E+01  2.087296E+01 -4.812531E+00
  1.580000E-01  1.855336E+01  2.114056E+01 -4.862420E+00
  1.600000E-01  1.874359E+01  2.140816E+01 -4.911971E+00
  1.620000E-01  1.893294E+01  2.167576E+01 -4.961189E+00
  1.640000E-01  1.912141E+01  2.194337E+01 -5.010080E+00
  1.660000E-01  1.930901E+01  2.221097E+01 -5.058652E+00
  1.680000E-01  1.949574E+01  2.247857E+01 -5.106909E+00
  1.700000E-01  1.968160E+01  2.274617E+01 -5.154855E+00
  1.720000E-01  1.986661E+01  2.301377E+01 -5.202497E+00
  1.740000E-01  2.005078E+01  2.328138E+01 -5.249838E+00
  1.760000E-01  2.023409E+01  2.354898E+01 -5.296883E+00
  1.780000E-01  2.041657E+01  2.381658E+01 -5.343635E+00
  1.800000E-01  2.059821E+01  2.408418E+01 -5.390099E+00
  1.820000E-01  2.077903E+01  2.435178E+01 -5.436278E+00
  1.840000E-01  2.095903E+01  2.461939E+01 -5.482176E+00
  1.860000E-01  2.113821E+01  2.488699E+01 -5.527796E+00
  1.880000E-01  2.131658E+01  2.515459E+01 -5.573142E+00
  1.900000E-01  2.149414E+01  2.542219E+01 -5.618216E+00
  1.920000E-01  2.167091E+01  2.568979E+01 -5.663022E+00
  1.940000E-01  2.184688E+01  2.595740E+01 -5.707563E+00
  1.960000E-01  2.202206E+01  2.622500E+01 -5.751842E+00
  1.980000E-01  2.219646E+01  2.649260E+01 -5.795861E+00
  2.000000E-01  2.237008E+01  2.676020E+01 -5.839623E+00
  2.020000E-01  2.254292E+01  2.702780E+01 -5.883131E+00
  2.040000E-01  2.271500E+01  2.729541E+01 -5.926388E+00
  2.060000E-01  2.288631E+01  2.756301E+01 -5.969397E+00
  2.080000E-01  2.305687E+01  2.783061E+01 -6.012159E+00
  2.100000E-01  2.322667E+01  2.809821E+01 -6.054678E+00
  2.120000E-01  2.339573E+01  2.836581E+01 -6.096955E+00
  2.140000E-01  2.356404E+01  2.863342E+01 -6.138994E+00
  2.160000E-01  2.373161E+01  2.890102E+01 -6.180796E+00
  2.180000E-01  2.389845E+01  2.916862E+01 -6.222364E+00
  2.200000E-01  2.406457E+01  2.943622E+01 -6.263700E+00
  2.220000E-01  2.422995E+01  2.970382E+01 -6.304806E+00
  2.240000E-01  2.439462E+01  2.997143E+01 -6.345686E+00
  2.260000E-01  2.455858E+01  3.023903E+01 -6.386340E+00
  2.280000E-01  2.472182E+01  3.050663E+01 -6.426771E+00
  2.300000E-01  2.488436E+01  3.077423E+01 -6.466981E+00
  2.320000E-01  2.504620E+01  3.104183E+01 -6.506973E+00
  2.340000E-01  2.520734E+01  3.130944E+01 -6.546748E+00
  2.360000E-01  2.536779E+01  3.157704E+01 -6.586309E+00
  2.380000E-01  2.552755E+01  3.184464E+01 -6.625657E+00
  2.400000E-01  2.568663E+01  3.211224E+01 -6.664795E+00
  2.420000E-01  2.584504E+01  3.237984E+01 -6.703724E+00
  2.440000E-01  2.600276E+01  3.264745E+01 -6.742447E+00
  2.460000E-01  2.615982E+01  3.291505E+01 -6.780965E+00
  2.480000E-01  2.631621E+01  3.318265E+01 -6.819280E+00
  2.500000E-01  2.647194E+01  3.345025E+01 -6.857395E+00
  2.520000E-01  2.662701E+01  3.371785E+01 -6.895312E+00
  2.540000E-01  2.678143E+01  3.398546E+01 -6.933031E+00
  2.560000E-01  2.693520E+01  3.425306E+01 -6.970555E+00
  2.580000E-01  2.708833E+01  3.452066E+01 -7.007886E+00
  2.600000E-01  2.724081E+01  3.478826E+01 -7.045026E+00
  2.620000E-01  2.739266E+01  3.505586E+01 -7.081977E+00
  2.640000E-01  2.754387E+01  3.532347E+01 -7.118739E+00
  2.660000E-01  2.769446E+01  3.559107E+01 -7.155316E+00
  2.680000E-01  2.784442E+01  3.585867E+01 -7.191709E+00
  2.700000E-01  2.799375E+01  3.612627E+01 -7.227919E+00
  2.720000E-01  2.814247E+01  3.639387E+01 -7.263948E+00
  2.740000E-01  2.829058E+01  3.666148E+01 -7.299799E+00
  2.760000E-01  2.843808E+01  3.692908E+01 -7.335472E+00
  2.780000E-01  2.858497E+01  3.719668E+01 -7.370970E+00
  2.800000E-01  2.873126E+01  3.746428E+01 -7.406294E+00
  2.820000E-01  2.887695E+01  3.773188E+01 -7.441446E+00
  2.840000E-01  2.902204E+01  3.799949E+01 -7.476427E+00
  2.860000E-01  2.916654E+01  3.826709E+01 -7.511240E+00
  2.880000E-01  2.931046E+01  3.853469E+01 -7.545885E+00
  2.900000E-01  2.945379E+01  3.880229E+01 -7.580365E+00
  2.920000E-01  2.959653E+01  3.906989E+01 -7.614680E+00
  2.940000E-01  2.973871E+01  3.933750E+01 -7.648833E+00
  2.960000E-01  2.988030E+01  3.960510E+01 -7.682825E+00
  2.980000E-01  3.002133E+01  3.987270E+01 -7.716658E+00
  3.000000E-01  3.016179E+01  4.014030E+01 -7.750334E+00
  3.020000E-01  3.030169E+01  4.040790E+01 -7.783853E+00
  3.040000E-01  3.044102E+01  4.067551E+01 -7.817217E+00
  3.060000E-01  3.057980E+01  4.094311E+01 -7.850428E+00
  3.080000E-01  3.071803E+01  4.121071E+01 -7.883488E+00
  3.100000E-01  3.085570E+01  4.147831E+01 -7.916397E+00
  3.120000E-01  3.099283E+01  4.174591E+01 -7.949157E+00
  3.140000E-01  3.112941E+01  4.201352E+01 -7.981771E+00
  3.160000E-01  3.126546E+01  4.228112E+01 -8.014238E+00
  3.180000E-01  3.140096E+01  4.254872E+01 -8.046562E+00
  3.200000E-01  3.153594E+01  4.281632E+01 -8.078742E+00
  3.220000E-01  3.167038E+01  4.308393E+01 -8.110781E+00
  3.240000E-01  3.180429E+01  4.335153E+01 -8.142680E+00
  3.260000E-01  3.193768E+01  4.361913E+01 -8.174440E+00
  3.280000E-01  3.207054E+01  4.388673E+01 -8.206062E+00
  3.300000E-01  3.220289E+01  4.415433E+01 -8.237549E+00
  3.320000E-01  3.233472E+01  4.442194E+01 -8.268901E+00
  3.340000E-01  3.246604E+01  4.468954E+01 -8.300120E+00
  3.360000E-01  3.259685E+01  4.495714E+01 -8.331207E+00
  3.380000E-01  3.272715E+01  4.522474E+01 -8.362164E+00
  3.400000E-01  3.285695E+01  4.549234E+01 -8.392991E+00
  3.420000E-01  3.298624E+01  4.575995E+01 -8.423690E+00
  3.440000E-01  3.311504E+01  4.602755E+01 -8.454263E+00
  3.460000E-01  3.324335E+01  4.629515E+01 -8.484710E+00
  3.480000E-01  3.337116E+01  4.656275E+01 -8.515034E+00
  3.500000E-01  3.349848E+01  4.683035E+01 -8.545234E+00
  3.520000E-01  3.362531E+01  4.709796E+01 -8.575313E+00
  3.540000E-01  3.375166E+01  4.736556E+01 -8.605271E+00
  3.560000E-01  3.387753E+01  4.763316E+01 -8.635110E+00
  3.580000E-01  3.400292E+01  4.790076E+01 -8.664831E+00
  3.600000E-01  3.412783E+01  4.816836E+01 -8.694436E+00
  3.620000E-01  3.425228E+01  4.843597E+01 -8.723925E+00
  3.640000E-01  3.437625E+01  4.870357E+01 -8.753300E+00
  3.660000E-01  3.449975E+01  4.897117E+01 -8.782561E+00
  3.680000E-01  3.462279E+01  4.923877E+01 -8.811711E+00
  3.700000E-01  3.474536E+01  4.950637E+01 -8.840750E+00
  3.720000E-01  3.486748E+01  4.977398E+01 -8.869679E+00
  3.740000E-01  3.498913E+01  5.004158E+01 -8.898499E+00
  3.760000E-01  3.511034E+01  5.030918E+01 -8.927212E+00
  3.780000E-01  3.523109E+01  5.057678E+01 -8.955819E+00
  3.800000E-01  3.535139E+01  5.084438E+01 -8.984320E+00
  3.820000E-01  3.547124E+01  5.111199E+01 -9.012718E+00
  3.840000E-01  3.559065E+01  5.137959E+01 -9.041012E+00
  3.860000E-01  3.570962E+01  5.164719E+01 -9.069204E+00
  3.880000E-01  3.582814E+01  5.191479E+01 -9.097295E+00
  3.900000E-01  3.594623E+01  5.218239E+01 -9.125287E+00
  3.920000E-01  3.606389E+01  5.245000E+01 -9.153179E+00
  3.940000E-01  3.618111E+01  5.271760E+01 -9.180974E+00
  3.960000E-01  3.629790E+01  5.298520E+01 -9.208672E+00
  3.980000E-01  3.641426E+01  5.325280E+01 -9.236274E+00
  4.000000E-01  3.653020E+01  5.352040E+01 -9.263782E+00
  4.020000E-01  3.664572E+01  5.378801E+01 -9.291195E+00
  4.040000E-01  3.676081E+01  5.405561E+01 -9.318516E+00
  4.060000E-01  3.687549E+01  5.432321E+01 -9.345745E+00
  4.080000E-01  3.698975E+01  5.459081E+01 -9.372884E+00
  4.100000E-01  3.710359E+01  5.485841E+01 -9.399932E+00
  4.120000E-01  3.721703E+01  5.512602E+01 -9.426891E+00
  4.140000E-01  3.733005E+01  5.539362E+01 -9.453763E+00
  4.160000E-01  3.744267E+01  5.566122E+01 -9.480547E+00
  4.180000E-01  3.755488E+01  5.592882E+01 -9.507245E+00
  4.200000E-01  3.766669E+01  5.619642E+01 -9.533858E+00
  4.220000E-01  3.777810E+01  5.646403E+01 -9.560386E+00
  4.240000E-01  3.788911E+01  5.673163E+01 -9.586832E+00
  4.260000E-01  3.799972E+01  5.699923E+01 -9.613194E+00
  4.280000E-01  3.810994E+01  5.726683E+01 -9.639475E+00
  4.300000E-01  3.821977E+01  5.753443E+01 -9.665675E+00
  4.320000E-01  3.832921E+01  5.780204E+01 -9.691795E+00
  4.340000E-01  3.843826E+01  5.806964E+01 -9.717836E+00
  4.360000E-01  3.854692E+01  5.833724E+01 -9.743798E+00
  4.380000E-01  3.865520E+01  5.860484E+01 -9.769684E+00
  4.400000E-01  3.876310E+01  5.887244E+01 -9.795492E+00
  4.420000E-01  3.887062E+01  5.914005E+01 -9.821225E+00
  4.440000E-01  3.897776E+01  5.940765E+01 -9.846883E+00
  4.460000E-01  3.908453E+01  5.967525E+01 -9.872466E+00
  4.480000E-01  3.916407E+01  5.985385E+01 -9.890225E+00
  4.500000E-01  3.924870E+01  6.005012E+01 -9.909518E+00
  4.520000E-01  3.933167E+01  6.024171E+01 -9.928385E+00
  4.540000E-01  3.941344E+01  6.043011E+01 -9.946955E+00
  4.560000E-01  3.949425E+01  6.061610E+01 -9.965295E+00
  4.580000E-01  3.957426E+01  6.080018E+01 -9.983447E+00
  4.600000E-01  3.965358E+01  6.098268E+01 -1.000144E+01
  4.620000E-01  3.973227E+01  6.116384E+01 -1.001929E+01
  4.640000E-01  3.981040E+01  6.134384E+01 -1.003701E+01
  4.660000E-01  3.988801E+01  6.152283E+01 -1.005462E+01
  4.680000E-01  3.996513E+01  6.170091E+01 -1.007213E+01
  4.700000E-01  4.004180E+01  6.187817E+01 -1.008953E+01
  4.720000E-01  4.011805E+01  6.205470E+01 -1.010685E+01
  4.740000E-01  4.019388E+01  6.223056E+01 -1.012407E+01
  4.760000E-01  4.026933E+01  6.240579E+01 -1.014122E+01
  4.780000E-01  4.034441E+01  6.258046E+01 -1.015828E+01
  4.800000E-01  4.041913E+01  6.275459E+01 -1.017527E+01
  4.820000E-01  4.049350E+01  6.292824E+01 -1.019218E+01
  4.840000E-01  4.056754E+01  6.310141E+01 -1.020902E+01
  4.860000E-01  4.064125E+01  6.327416E+01 -1.022580E+01
  4.880000E-01  4.071464E+01  6.344650E+01 -1.024250E+01
  4.900000E-01  4.078773E+01  6.361845E+01 -1.025914E+01
  4.920000E-01  4.086052E+01  6.379004E+01 -1.027572E+01
  4.940000E-01  4.093302E+01  6.396128E+01 -1.029223E+01
  4.960000E-01  4.100523E+01  6.413220E+01 -1.030868E+01
  4.980000E-01  4.107716E+01  6.430281E+01 -1.032507E+01
  5.000000E-01  4.114882E+01  6.447312E+01 -1.034140E+01
  5.020000E-01  4.122021E+01  6.464314E+01 -1.035767E+01
  5.040000E-01  4.129133E+01  6.481290E+01 -1.037388E+01
  5.060000E-01  4.136220E+01  6.498240E+01 -1.039004E+01
  5.080000E-01  4.143281E+01  6.515165E+01 -1.040614E+01
  5.100000E-01  4.150316E+01  6.532067E+01 -1.042218E+01
  5.120000E-01  4.157327E+01  6.548946E+01 -1.043817E+01
  5.140000E-01  4.164314E+01  6.565803E+01 -1.045410E+01
  5.160000E-01  4.171277E+01  6.582639E+01 -1.046998E+01
  5.180000E-01  4.178216E+01  6.599454E+01 -1.048580E+01
  5.200000E-01  4.185132E+01  6.616251E+01 -1.050157E+01
  5.220000E-01  4.192024E+01  6.633029E+01 -1.051728E+01
  5.240000E-01  4.198894E+01  6.649788E+01 -1.053295E+01
  5.260000E-01  4.205742E+01  6.666531E+01 -1.054856E+01
  5.280000E-01  4.212567E+01  6.683257E+01 -1.056412E+01
  5.300000E-01  4.219370E+01  6.699966E+01 -1.057962E+01
  5.320000E-01  4.226152E+01  6.716660E+01 -1.059507E+01
  5.340000E-01  4.232913E+01  6.733339E+01 -1.061048E+01
  5.360000E-01  4.239652E+01  6.750003E+01 -1.062583E+01
  5.380000E-01  4.246370E+01  6.766653E+01 -1.064113E+01
  5.400000E-01  4.253067E+01  6.783290E+01 -1.065637E+01
  5.420000E-01  4.259744E+01  6.799914E+01 -1.067157E+01
  5.440000E-01  4.266401E+01  6.816524E+01 -1.068672E+01
  5.460000E-01  4.273037E+01  6.833123E+01 -1.070181E+01
  5.480000E-01  4.279654E+01  6.849709E+01 -1.071686E+01
  5.500000E-01  4.286251E+01  6.866284E+01 -1.073185E+01
  5.520000E-01  4.292828E+01  6.882848E+01 -1.074680E+01
  5.540000E-01  4.299386E+01  6.899401E+01 -1.076169E+01
  5.560000E-01  4.305925E+01  6.915944E+01 -1.077654E+01
  5.580000E-01  4.312445E+01  6.932477E+01 -1.079133E+01
  5.600000E-01  4.318946E+01  6.949000E+01 -1.080607E+01
  5.620000E-01  4.325428E+01  6.965513E+01 -1.082076E+01
  5.640000E-01  4.331891E+01  6.982017E+01 -1.083541E+01
  5.660000E-01  4.338337E+01  6.998512E+01 -1.085000E+01
  5.680000E-01  4.344764E+01  7.014999E+01 -1.086454E+01
  5.700000E-01  4.351173E+01  7.031477E+01 -1.087904E+01
  5.720000E-01  4.357564E+01  7.047948E+01 -1.089348E+01
  5.740000E-01  4.363937E+01  7.064410E+01 -1.090787E+01
  5.760000E-01  4.370292E+01  7.080865E+01 -1.092221E+01
  5.780000E-01  4.376630E+01  7.097313E+01 -1.093651E+01
  5.800000E-01  4.382951E+01  7.113754E+01 -1.095075E+01
  5.820000E-01  4.389255E+01  7.130188E+01 -1.096494E+01
  5.840000E-01  4.395541E+01  7.146615E+01 -1.097908E+01
  5.860000E-01  4.401810E+01  7.163036E+01 -1.099318E+01
  5.880000E-01  4.408063E+01  7.179451E+01 -1.100722E+01
  5.900000E-01  4.414298E+01  7.195860E+01 -1.102121E+01
  5.920000E-01  4.420517E+01  7.212263E+01 -1.103515E+01
  5.940000E-01  4.426720E+01  7.228661E+01 -1.104904E+01
  5.960000E-01  4.432906E+01  7.245053E+01 -1.106288E+01
  5.980000E-01  4.439076E+01  7.261440E+01 -1.107667E+01
  6.000000E-01  4.445230E+01  7.277823E+01 -1.109041E+01
  6.020000E-01  4.451367E+01  7.294200E+01 -1.110410E+01
  6.040000E-01  4.457489E+01  7.310573E+01 -1.111774E+01
  6.060000E-01  4.463595E+01  7.326942E+01 -1.113133E+01
  6.080000E-01  4.469685E+01  7.343306E+01 -1.114486E+01
  6.100000E-01  4.475760E+01  7.359667E+01 -1.115835E+01
  6.120000E-01  4.481819E+01  7.376023E+01 -1.117178E+01
  6.140000E-01  4.487862E+01  7.392376E+01 -1.118517E+01
  6.160000E-01  4.493890E+01  7.408725E+01 -1.119850E+01
  6.180000E-01  4.499903E+01  7.425071E+01 -1.121178E+01
  6.200000E-01  4.505901E+01  7.441413E+01 -1.122501E+01
  6.220000E-01  4.511884E+01  7.457753E+01 -1.123819E+01
  6.240000E-01  4.517852E+01  7.474089E+01 -1.125131E+01
  6.260000E-01  4.523805E+01  7.490423E+01 -1.126439E+01
  6.280000E-01  4.529743E+01  7.506754E+01 -1.127741E+01
  6.300000E-01  4.535667E+01  7.523082E+01 -1.129038E+01
  6.320000E-01  4.541576E+01  7.539409E+01 -1.130330E+01
  6.340000E-01  4.547470E+01  7.555732E+01 -1.131617E+01
  6.360000E-01  4.553350E+01  7.572054E+01 -1.132898E+01
  6.380000E-01  4.559216E+01  7.588374E+01 -1.134174E+01
  6.400000E-01  4.565068E+01  7.604692E+01 -1.135445E+01
  6.420000E-01  4.570905E+01  7.621008E+01 -1.136711E+01
  6.440000E-01  4.576728E+01  7.637323E+01 -1.137971E+01
  6.460000E-01  4.582538E+01  7.653636E+01 -1.139226E+01
  6.480000E-01  4.588333E+01  7.669948E+01 -1.140476E+01
  6.500000E-01  4.594115E+01  7.686259E+01 -1.141721E+01
  6.520000E-01  4.599883E+01  7.702568E+01 -1.142960E+01
  6.540000E-01  4.605637E+01  7.718877E+01 -1.144194E+01
  6.560000E-01  4.611377E+01  7.735184E+01 -1.145422E+01
  6.580000E-01  4.617104E+01  7.751491E+01 -1.146645E+01
  6.600000E-01  4.622818E+01  7.767797E+01 -1.147863E+01
  6.620000E-01  4.628518E+01  7.784103E+01 -1.149075E+01
  6.640000E-01  4.634205E+01  7.800408E+01 -1.150282E+01
  6.660000E-01  4.639879E+01  7.816713E+01 -1.151484E+01
  6.680000E-01  4.645540E+01  7.833018E+01 -1.152680E+01
  6.700000E-01  4.651187E+01  7.849323E+01 -1.153870E+01
  6.720000E-01  4.656822E+01  7.865627E+01 -1.155055E+01
  6.740000E-01  4.662443E+01  7.881932E+01 -1.156235E+01
  6.760000E-01  4.668052E+01  7.898237E+01 -1.157409E+01
  6.780000E-01  4.673648E+01  7.914542E+01 -1.158578E+01
  6.800000E-01  4.679231E+01  7.930848E+01 -1.159741E+01
  6.820000E-01  4.684801E+01  7.947154E+01 -1.160899E+01
  6.840000E-01  4.690359E+01  7.963460E+01 -1.162051E+01
  6.860000E-01  4.695905E+01  7.979767E+01 -1.163197E+01
  6.880000E-01  4.701438E+01  7.996075E+01 -1.164338E+01
  6.900000E-01  4.706958E+01  8.012384E+01 -1.165473E+01
  6.920000E-01  4.712466E+01  8.028694E+01 -1.166603E+01
  6.940000E-01  4.717962E+01  8.045005E+01 -1.167727E+01
  6.960000E-01  4.723446E+01  8.061317E+01 -1.168845E+01
  6.980000E-01  4.728918E+01  8.077630E+01 -1.169958E+01
  7.000000E-01  4.734377E+01  8.093945E+01 -1.171065E+01
  7.020000E-01  4.739825E+01  8.110261E+01 -1.172167E+01
  7.040000E-01  4.745260E+01  8.126578E+01 -1.173262E+01
  7.060000E-01  4.750684E+01  8.142897E+01 -1.174352E+01
  7.080000E-01  4.756095E+01  8.159217E+01 -1.175437E+01
  7.100000E-01  4.761495E+01  8.175540E+01 -1.176515E+01
  7.120000E-01  4.766884E+01  8.191864E+01 -1.177588E+01
  7.140000E-01  4.772260E+01  8.208190E+01 -1.178655E+01
  7.160000E-01  4.777625E+01  8.224518E+01 -1.179716E+01
  7.180000E-01  4.782979E+01  8.240847E+01 -1.180771E+01
  7.200000E-01  4.788320E+01  8.257179E+01 -1.181821E+01
  7.220000E-01  4.793651E+01  8.273514E+01 -1.182864E+01
  7.240000E-01  4.798970E+01  8.289850E+01 -1.183902E+01
  7.260000E-01  4.804278E+01  8.306189E+01 -1.184934E+01
  7.280000E-01  4.809574E+01  8.322530E+01 -1.185960E+01
  7.300000E-01  4.814859E+01  8.338874E+01 -1.186980E+01
  7.320000E-01  4.820133E+01  8.355220E+01 -1.187994E+01
  7.340000E-01  4.825396E+01  8.371569E+01 -1.189002E+01
  7.360000E-01  4.830648E+01  8.387921E+01 -1.190005E+01
  7.380000E-01  4.835889E+01  8.404275E+01 -1.191001E+01
  7.400000E-01  4.841119E+01  8.420632E+01 -1.191991E+01
  7.420000E-01  4.846338E+01  8.436992E+01 -1.192975E+01
  7.440000E-01  4.851546E+01  8.453356E+01 -1.193954E+01
  7.460000E-01  4.856743E+01  8.469722E+01 -1.194926E+01
  7.480000E-01  4.861930E+01  8.486091E+01 -1.195892E+01
  7.500000E-01  4.867106E+01  8.502463E+01 -1.196852E+01
  7.520000E-01  4.872271E+01  8.518839E+01 -1.197806E+01
  7.540000E-01  4.877425E+01  8.535218E+01 -1.198754E+01
  7.560000E-01  4.882569E+01  8.551600E+01 -1.199696E+01
  7.580000E-01  4.887703E+01  8.567986E+01 -1.200631E+01
  7.600000E-01  4.892826E+01  8.584376E+01 -1.201561E+01
  7.620000E-01  4.897938E+01  8.600768E+01 -1.202484E+01
  7.640000E-01  4.903040E+01  8.617165E+01 -1.203401E+01
  7.660000E-01  4.908132E+01  8.633565E+01 -1.204312E+01
  7.680000E-01  4.913214E+01  8.649969E+01 -1.205217E+01
  7.700000E-01  4.918285E+01  8.666377E+01 -1.206115E+01
  7.720000E-01  4.923346E+01  8.682788E+01 -1.207007E+01
  7.740000E-01  4.928397E+01  8.699204E+01 -1.207893E+01
  7.760000E-01  4.933438E+01  8.715624E+01 -1.208773E+01
  7.780000E-01  4.938469E+01  8.732047E+01 -1.209646E+01
  7.800000E-01  4.943489E+01  8.748475E+01 -1.210513E+01
  7.820000E-01  4.948500E+01  8.764907E+01 -1.211374E+01
  7.840000E-01  4.953501E+01  8.781343E+01 -1.212228E+01
  7.860000E-01  4.958492E+01  8.797783E+01 -1.213076E+01
  7.880000E-01  4.963473E+01  8.814228E+01 -1.213918E+01
  7.900000E-01  4.968444E+01  8.830677E+01 -1.214753E+01
  7.920000E-01  4.973406E+01  8.847130E+01 -1.215581E+01
  7.940000E-01  4.978358E+01  8.863588E+01 -1.216404E+01
  7.960000E-01  4.983300E+01  8.880051E+01 -1.217220E+01
  7.980000E-01  4.988232E+01  8.896518E+01 -1.218029E+01
  8.000000E-01  4.993155E+01  8.912990E+01 -1.218832E+01
  8.020000E-01  4.998069E+01  8.929466E+01 -1.219628E+01
  8.040000E-01  5.002973E+01  8.945947E+01 -1.220418E+01
  8.060000E-01  5.007867E+01  8.962433E+01 -1.221201E+01
  8.080000E-01  5.012752E+01  8.978924E+01 -1.221978E+01
  8.100000E-01  5.017627E+01  8.995420E+01 -1.222748E+01
  8.120000E-01  5.022493E+01  9.011921E+01 -1.223512E+01
  8.140000E-01  5.027350E+01  9.028427E+01 -1.224269E+01
  8.160000E-01  5.032198E+01  9.044937E+01 -1.225020E+01
  8.180000E-01  5.037036E+01  9.061453E+01 -1.225763E+01
  8.200000E-01  5.041865E+01  9.077975E+01 -1.226500E+01
  8.220000E-01  5.046685E+01  9.094501E+01 -1.227231E+01
  8.240000E-01  5.051496E+01  9.111032E+01 -1.227955E+01
  8.260000E-01  5.056297E+01  9.127569E+01 -1.228672E+01
  8.280000E-01  5.061090E+01  9.144111E+01 -1.229382E+01
  8.300000E-01  5.065874E+01  9.160659E+01 -1.230086E+01
  8.320000E-01  5.070648E+01  9.177212E+01 -1.230783E+01
  8.340000E-01  5.075414E+01  9.193771E+01 -1.231473E+01
  8.360000E-01  5.080170E+01  9.210335E+01 -1.232156E+01
  8.380000E-01  5.084918E+01  9.226904E+01 -1.232833E+01
  8.400000E-01  5.089657E+01  9.243480E+01 -1.233503E+01
  8.420000E-01  5.094387E+01  9.260061E+01 -1.234166E+01
  8.440000E-01  5.099109E+01  9.276647E+01 -1.234822E+01
  8.460000E-01  5.103821E+01  9.293240E+01 -1.235471E+01
  8.480000E-01  5.108525E+01  9.309838E+01 -1.236113E+01
  8.500000E-01  5.113221E+01  9.326442E+01 -1.236749E+01
  8.520000E-01  5.117907E+01  9.343052E+01 -1.237377E+01
  8.540000E-01  5.122585E+01  9.359668E+01 -1.237999E+01
  8.560000E-01  5.127255E+01  9.376290E+01 -1.238613E+01
  8.580000E-01  5.131916E+01  9.392918E+01 -1.239221E+01
  8.600000E-01  5.136568E+01  9.409552E+01 -1.239822E+01
  8.620000E-01  5.141212E+01  9.426192E+01 -1.240416E+01
  8.640000E-01  5.145847E+01  9.442838E+01 -1.241002E+01
  8.660000E-01  5.150475E+01  9.459491E+01 -1.241582E+01
  8.680000E-01  5.155093E+01  9.476150E+01 -1.242155E+01
  8.700000E-01  5.159704E+01  9.492815E+01 -1.242720E+01
  8.720000E-01  5.164306E+01  9.509486E+01 -1.243279E+01
  8.740000E-01  5.168899E+01  9.526164E+01 -1.243830E+01
  8.760000E-01  5.173485E+01  9.542848E+01 -1.244374E+01
  8.780000E-01  5.178062E+01  9.559538E+01 -1.244911E+01
  8.800000E-01  5.182631E+01  9.576236E+01 -1.245441E+01
  8.820000E-01  5.187192E+01  9.592939E+01 -1.245964E+01
  8.840000E-01  5.190705E+01  9.604826E+01 -1.242665E+01
  8.860000E-01  5.194679E+01  9.618881E+01 -1.241069E+01
  8.880000E-01  5.198587E+01  9.632669E+01 -1.239249E+01
  8.900000E-01  5.202441E+01  9.646239E+01 -1.237245E+01
  8.920000E-01  5.206530E+01  9.659139E+01 -1.234727E+01
  8.940000E-01  5.210336E+01  9.672313E+01 -1.232389E+01
  8.960000E-01  5.214106E+01  9.685347E+01 -1.229929E+01
  8.980000E-01  5.217843E+01  9.698256E+01 -1.227357E+01
  9.000000E-01  5.221549E+01  9.711053E+01 -1.224685E+01
  9.020000E-01  5.225228E+01  9.723748E+01 -1.221919E+01
  9.040000E-01  5.228881E+01  9.736350E+01 -1.219068E+01
  9.060000E-01  5.232509E+01  9.748866E+01 -1.216137E+01
  9.080000E-01  5.236114E+01  9.761303E+01 -1.213131E+01
  9.100000E-01  5.239698E+01  9.773666E+01 -1.210055E+01
  9.120000E-01  5.243261E+01  9.785961E+01 -1.206913E+01
  9.140000E-01  5.246805E+01  9.798193E+01 -1.203708E+01
  9.160000E-01  5.250330E+01  9.810364E+01 -1.200444E+01
  9.180000E-01  5.253837E+01  9.822479E+01 -1.197123E+01
  9.200000E-01  5.257327E+01  9.834542E+01 -1.193748E+01
  9.220000E-01  5.260800E+01  9.846555E+01 -1.190321E+01
  9.240000E-01  5.264258E+01  9.858520E+01 -1.186845E+01
  9.260000E-01  5.267700E+01  9.870441E+01 -1.183321E+01
  9.280000E-01  5.271128E+01  9.882320E+01 -1.179752E+01
  9.300000E-01  5.274542E+01  9.894159E+01 -1.176139E+01
  9.320000E-01  5.277942E+01  9.905960E+01 -1.172483E+01
  9.340000E-01  5.281328E+01  9.917724E+01 -1.168786E+01
  9.360000E-01  5.284702E+01  9.929454E+01 -1.165049E+01
  9.380000E-01  5.288063E+01  9.941151E+01 -1.161274E+01
  9.400000E-01  5.291412E+01  9.952817E+01 -1.157461E+01
  9.420000E-01  5.294749E+01  9.964453E+01 -1.153612E+01
  9.440000E-01  5.298074E+01  9.976061E+01 -1.149727E+01
  9.460000E-01  5.301388E+01  9.987641E+01 -1.145809E+01
  9.480000E-01  5.304692E+01  9.999195E+01 -1.141856E+01
  9.500000E-01  5.307984E+01  1.001072E+02 -1.137871E+01
  9.520000E-01  5.311266E+01  1.002223E+02 -1.133854E+01
  9.540000E-01  5.314538E+01  1.003371E+02 -1.129806E+01
  9.560000E-01  5.317800E+01  1.004517E+02 -1.125727E+01
  9.580000E-01  5.321052E+01  1.005661E+02 -1.121619E+01
  9.600000E-01  5.324294E+01  1.006803E+02 -1.117481E+01
  9.620000E-01  5.327527E+01  1.007943E+02 -1.113314E+01
  9.640000E-01  5.330752E+01  1.009082E+02 -1.109118E+01
  9.660000E-01  5.333967E+01  1.010218E+02 -1.104895E+01
  9.680000E-01  5.337173E+01  1.011353E+02 -1.100644E+01
  9.700000E-01  5.340372E+01  1.012487E+02 -1.096367E+01
  9.720000E-01  5.343561E+01  1.013619E+02 -1.092062E+01
  9.740000E-01  5.346743E+01  1.014750E+02 -1.087730E+01
  9.760000E-01  5.349917E+01  1.015879E+02 -1.083372E+01
  9.780000E-01  5.353084E+01  1.017008E+02 -1.078987E+01
  9.800000E-01  5.356243E+01  1.018135E+02 -1.074576E+01
  9.820000E-01  5.359396E+01  1.019262E+02 -1.070137E+01
  9.840000E-01  5.362543E+01  1.020388E+02 -1.065670E+01
  9.860000E-01  5.365685E+01  1.021515E+02 -1.061168E+01
  9.880000E-01  5.368823E+01  1.022642E+02 -1.056634E+01
  9.900000E-01  5.371953E+01  1.023767E+02 -1.052082E+01
  9.920000E-01  5.375073E+01  1.024891E+02 -1.047511E+01
  9.940000E-01  5.378186E+01  1.026013E+02 -1.042922E+01
  9.960000E-01  5.381289E+01  1.027133E+02 -1.038315E+01
  9.980000E-01  5.384385E+01  1.028252E+02 -1.033691E+01
  1.000000E+00  5.387472E+01  1.029369E+02 -1.029050E+01
  1.002000E+00  5.390551E+01  1.030485E+02 -1.024392E+01
  1.004000E+00  5.393622E+01  1.031599E+02 -1.019718E+01
  1.006000E+00  5.396685E+01  1.032712E+02 -1.015027E+01
  1.008000E+00  5.399741E+01  1.033824E+02 -1.010320E+01
  1.010000E+00  5.402788E+01  1.034934E+02 -1.005598E+01
  1.012000E+00  5.405828E+01  1.036043E+02 -1.000860E+01
  1.014000E+00  5.408860E+01  1.037150E+02 -9.961065E+00
  1.016000E+00  5.411885E+01  1.038256E+02 -9.913381E+00
  1.018000E+00  5.414902E+01  1.039361E+02 -9.865548E+00
  1.020000E+00  5.417911E+01  1.040465E+02 -9.817569E+00
  1.022000E+00  5.420913E+01  1.041567E+02 -9.769446E+00
  1.024000E+00  5.423908E+01  1.042669E+02 -9.721181E+00
  1.026000E+00  5.426896E+01  1.043769E+02 -9.672775E+00
  1.028000E+00  5.429877E+01  1.044867E+02 -9.624231E+00
  1.030000E+00  5.432850E+01  1.045965E+02 -9.575551E+00
  1.032000E+00  5.435816E+01  1.047062E+02 -9.526736E+00
  1.034000E+00  5.438776E+01  1.048157E+02 -9.477788E+00
  1.036000E+00  5.441728E+01  1.049252E+02 -9.428709E+00
  1.038000E+00  5.444674E+01  1.050345E+02 -9.379500E+00
  1.040000E+00  5.447613E+01  1.051438E+02 -9.330164E+00
  1.042000E+00  5.450545E+01  1.052529E+02 -9.280701E+00
  1.044000E+00  5.453470E+01  1.053619E+02 -9.231114E+00
  1.046000E+00  5.456388E+01  1.054709E+02 -9.181403E+00
  1.048000E+00  5.459300E+01  1.055797E+02 -9.131571E+00
  1.050000E+00  5.462206E+01  1.056884E+02 -9.081619E+00
  1.052000E+00  5.465105E+01  1.057971E+02 -9.031547E+00
  1.054000E+00  5.467997E+01  1.059056E+02 -8.981359E+00
  1.056000E+00  5.470883E+01  1.060141E+02 -8.931054E+00
  1.058000E+00  5.473763E+01  1.061225E+02 -8.880634E+00
  1.060000E+00  5.476636E+01  1.062308E+02 -8.830101E+00
  1.062000E+00  5.479503E+01  1.063390E+02 -8.779456E+00
  1.064000E+00  5.482363E+01  1.064471E+02 -8.728700E+00
  1.066000E+00  5.485218E+01  1.065551E+02 -8.677834E+00
  1.068000E+00  5.488066E+01  1.066630E+02 -8.626859E+00
  1.070000E+00  5.490908E+01  1.067709E+02 -8.575777E+00
  1.072000E+00  5.493744E+01  1.068787E+02 -8.524589E+00
  1.074000E+00  5.496574E+01  1.069864E+02 -8.473295E+00
  1.076000E+00  5.499398E+01  1.070940E+02 -8.421898E+00
  1.078000E+00  5.502216E+01  1.072015E+02 -8.370397E+00
  1.080000E+00  5.505028E+01  1.073090E+02 -8.318795E+00
  1.082000E+00  5.507833E+01  1.074164E+02 -8.267091E+00
  1.084000E+00  5.510634E+01  1.075237E+02 -8.215288E+00
  1.086000E+00  5.513428E+01  1.076309E+02 -8.163386E+00
  1.088000E+00  5.516216E+01  1.077381E+02 -8.111385E+00
  1.090000E+00  5.518999E+01  1.078452E+02 -8.059288E+00
  1.092000E+00  5.521776E+01  1.079522E+02 -8.007095E+00
  1.094000E+00  5.524547E+01  1.080592E+02 -7.954807E+00
  1.096000E+00  5.527312E+01  1.081661E+02 -7.902424E+00
  1.098000E+00  5.530072E+01  1.082729E+02 -7.849948E+00
  1.100000E+00  5.532826E+01  1.083796E+02 -7.797380E+00
  1.102000E+00  5.535574E+01  1.084863E+02 -7.744720E+00
  1.104000E+00  5.538317E+01  1.085929E+02 -7.691970E+00
  1.106000E+00  5.541055E+01  1.086994E+02 -7.639129E+00
  1.108000E+00  5.543787E+01  1.088059E+02 -7.586200E+00
  1.110000E+00  5.546513E+01  1.089123E+02 -7.533182E+00
  1.112000E+00  5.549234E+01  1.090187E+02 -7.480077E+00
  1.114000E+00  5.551949E+01  1.091250E+02 -7.426885E+00
  1.116000E+00  5.554659E+01  1.092312E+02 -7.373607E+00
  1.118000E+00  5.557364E+01  1.093374E+02 -7.320244E+00
  1.120000E+00  5.560063E+01  1.094435E+02 -7.266796E+00
  1.122000E+00  5.562757E+01  1.095495E+02 -7.213265E+00
  1.124000E+00  5.565445E+01  1.096555E+02 -7.159651E+00
  1.126000E+00  5.568129E+01  1.097614E+02 -7.105955E+00
  1.128000E+00  5.570807E+01  1.098673E+02 -7.052177E+00
  1.130000E+00  5.573479E+01  1.099731E+02 -6.998318E+00
  1.132000E+00  5.576147E+01  1.100788E+02 -6.944380E+00
  1.134000E+00  5.578809E+01  1.101845E+02 -6.890361E+00
  1.136000E+00  5.581466E+01  1.102901E+02 -6.836264E+00
  1.138000E+00  5.584118E+01  1.103957E+02 -6.782089E+00
  1.140000E+00  5.586765E+01  1.105012E+02 -6.727836E+00
  1.142000E+00  5.589407E+01  1.106067E+02 -6.673507E+00
  1.144000E+00  5.592043E+01  1.107121E+02 -6.619101E+00
  1.146000E+00  5.594675E+01  1.108175E+02 -6.564620E+00
  1.148000E+00  5.597302E+01  1.109228E+02 -6.510063E+00
  1.150000E+00  5.599923E+01  1.110280E+02 -6.455432E+00
  1.152000E+00  5.602539E+01  1.111332E+02 -6.400728E+00
  1.154000E+00  5.605151E+01  1.112384E+02 -6.345950E+00
  1.156000E+00  5.607757E+01  1.113435E+02 -6.291100E+00
  1.158000E+00  5.610359E+01  1.114485E+02 -6.236178E+00
  1.160000E+00  5.612956E+01  1.115535E+02 -6.181184E+00
  1.162000E+00  5.615547E+01  1.116584E+02 -6.126119E+00
  1.164000E+00  5.618134E+01  1.117633E+02 -6.070985E+00
  1.166000E+00  5.620716E+01  1.118681E+02 -6.015780E+00
  1.168000E+00  5.623293E+01  1.119729E+02 -5.960506E+00
  1.170000E+00  5.625866E+01  1.120777E+02 -5.905164E+00
  1.172000E+00  5.628433E+01  1.121824E+02 -5.849753E+00
  1.174000E+00  5.630996E+01  1.122870E+02 -5.794275E+00
  1.176000E+00  5.633553E+01  1.123916E+02 -5.738730E+00
  1.178000E+00  5.636107E+01  1.124961E+02 -5.683118E+00
  1.180000E+00  5.638655E+01  1.126006E+02 -5.627440E+00
  1.182000E+00  5.641198E+01  1.127051E+02 -5.571697E+00
  1.184000E+00  5.643737E+01  1.128095E+02 -5.515888E+00
  1.186000E+00  5.646272E+01  1.129138E+02 -5.460015E+00
  1.188000E+00  5.648801E+01  1.130181E+02 -5.404078E+00
  1.190000E+00  5.651326E+01  1.131224E+02 -5.348078E+00
  1.192000E+00  5.653846E+01  1.132266E+02 -5.292014E+00
  1.194000E+00  5.656362E+01  1.133307E+02 -5.235888E+00
  1.196000E+00  5.658872E+01  1.134349E+02 -5.179700E+00
  1.198000E+00  5.661379E+01  1.135389E+02 -5.123450E+00
  1.200000E+00  5.663880E+01  1.136430E+02 -5.067139E+00
