  1.000000E-02  9.257398E+02
  1.200000E-02  9.231578E+02
  1.400000E-02  9.205980E+02
  1.600000E-02  9.180598E+02
  1.800000E-02  9.155430E+02
  2.000000E-02  9.130471E+02
  2.200000E-02  9.105720E+02
  2.400000E-02  9.081173E+02
  2.600000E-02  9.056827E+02
  2.800000E-02  9.032680E+02
  3.000000E-02  9.008729E+02
  3.200000E-02  8.984972E+02
  3.400000E-02  8.961406E+02
  3.600000E-02  8.938029E+02
  3.800000E-02  8.914839E+02
  4.000000E-02  8.891833E+02
  4.200000E-02  8.869010E+02
  4.400000E-02  8.846366E+02
  4.600000E-02  8.823901E+02
  4.800000E-02  8.801612E+02
  5.000000E-02  8.779496E+02
  5.200000E-02  8.757553E+02
  5.400000E-02  8.735780E+02
  5.600000E-02  8.714176E+02
  5.800000E-02  8.692737E+02
  6.000000E-02  8.671464E+02
  6.200000E-02  8.650353E+02
  6.400000E-02  8.629403E+02
  6.600000E-02  8.608613E+02
  6.800000E-02  8.587980E+02
  7.000000E-02  8.567503E+02
  7.200000E-02  8.547180E+02
  7.400000E-02  8.527010E+02
  7.600000E-02  8.506991E+02
  7.800000E-02  8.487121E+02
  8.000000E-02  8.467400E+02
  8.200000E-02  8.447824E+02
  8.400000E-02  8.428394E+02
  8.600000E-02  8.409107E+02
  8.800000E-02  8.389961E+02
  9.000000E-02  8.370956E+02
  9.200000E-02  8.352091E+02
  9.400000E-02  8.333362E+02
  9.600000E-02  8.314770E+02
  9.800000E-02  8.296312E+02
  1.000000E-01  8.277988E+02
  1.020000E-01  8.259796E+02
  1.040000E-01  8.241735E+02
  1.060000E-01  8.223803E+02
  1.080000E-01  8.206000E+02
  1.100000E-01  8.188323E+02
  1.120000E-01  8.170772E+02
  1.140000E-01  8.153345E+02
  1.160000E-01  8.136042E+02
  1.180000E-01  8.118860E+02
  1.200000E-01  8.101799E+02
  1.220000E-01  8.084858E+02
  1.240000E-01  8.068035E+02
  1.260000E-01  8.051329E+02
  1.280000E-01  8.034740E+02
  1.300000E-01  8.018265E+02
  1.320000E-01  8.001902E+02
  1.340000E-01  7.985644E+02
  1.360000E-01  7.969495E+02
  1.380000E-01  7.953453E+02
  1.400000E-01  7.937519E+02
  1.420000E-01  7.921691E+02
  1.440000E-01  7.905968E+02
  1.460000E-01  7.890351E+02
  1.480000E-01  7.874838E+02
  1.500000E-01  7.859427E+02
  1.520000E-01  7.844119E+02
  1.540000E-01  7.828912E+02
  1.560000E-01  7.813805E+02
  1.580000E-01  7.798798E+02
  1.600000E-01  7.783890E+02
  1.620000E-01  7.769079E+02
  1.640000E-01  7.754365E+02
  1.660000E-01  7.739748E+02
  1.680000E-01  7.725225E+02
  1.700000E-01  7.710797E+02
  1.720000E-01  7.696462E+02
  1.740000E-01  7.682220E+02
  1.760000E-01  7.668070E+02
  1.780000E-01  7.654011E+02
  1.800000E-01  7.640042E+02
  1.820000E-01  7.626163E+02
  1.840000E-01  7.612372E+02
  1.860000E-01  7.598670E+02
  1.880000E-01  7.585054E+02
  1.900000E-01  7.571525E+02
  1.920000E-01  7.558081E+02
  1.940000E-01  7.544723E+02
  1.960000E-01  7.531448E+02
  1.980000E-01  7.518257E+02
  2.000000E-01  7.505149E+02
  2.020000E-01  7.492123E+02
  2.040000E-01  7.479178E+02
  2.060000E-01  7.466313E+02
  2.080000E-01  7.453529E+02
  2.100000E-01  7.440824E+02
  2.120000E-01  7.428197E+02
  2.140000E-01  7.415648E+02
  2.160000E-01  7.403177E+02
  2.180000E-01  7.390782E+02
  2.200000E-01  7.378463E+02
  2.220000E-01  7.366220E+02
  2.240000E-01  7.354051E+02
  2.260000E-01  7.341956E+02
  2.280000E-01  7.329935E+02
  2.300000E-01  7.317986E+02
  2.320000E-01  7.306110E+02
  2.340000E-01  7.294305E+02
  2.360000E-01  7.282571E+02
  2.380000E-01  7.270908E+02
  2.400000E-01  7.259315E+02
  2.420000E-01  7.247791E+02
  2.440000E-01  7.236335E+02
  2.460000E-01  7.224948E+02
  2.480000E-01  7.213629E+02
  2.500000E-01  7.202376E+02
  2.520000E-01  7.191190E+02
  2.540000E-01  7.180070E+02
  2.560000E-01  7.169016E+02
  2.580000E-01  7.158026E+02
  2.600000E-01  7.147101E+02
  2.620000E-01  7.136239E+02
  2.640000E-01  7.125441E+02
  2.660000E-01  7.114706E+02
  2.680000E-01  7.104033E+02
  2.700000E-01  7.093422E+02
  2.720000E-01  7.082873E+02
  2.740000E-01  7.072384E+02
  2.760000E-01  7.061956E+02
  2.780000E-01  7.051588E+02
  2.800000E-01  7.041279E+02
  2.820000E-01  7.031029E+02
  2.840000E-01  7.020837E+02
  2.860000E-01  7.010704E+02
  2.880000E-01  7.000628E+02
  2.900000E-01  6.990610E+02
  2.920000E-01  6.980648E+02
  2.940000E-01  6.970742E+02
  2.960000E-01  6.960893E+02
  2.980000E-01  6.951098E+02
  3.000000E-01  6.941359E+02
  3.020000E-01  6.931674E+02
  3.040000E-01  6.922043E+02
  3.060000E-01  6.912467E+02
  3.080000E-01  6.902943E+02
  3.100000E-01  6.893472E+02
  3.120000E-01  6.884054E+02
  3.140000E-01  6.874688E+02
  3.160000E-01  6.865374E+02
  3.180000E-01  6.856110E+02
  3.200000E-01  6.846898E+02
  3.220000E-01  6.837737E+02
  3.240000E-01  6.828625E+02
  3.260000E-01  6.819564E+02
  3.280000E-01  6.810551E+02
  3.300000E-01  6.801588E+02
  3.320000E-01  6.792674E+02
  3.340000E-01  6.783807E+02
  3.360000E-01  6.774989E+02
  3.380000E-01  6.766218E+02
  3.400000E-01  6.757495E+02
  3.420000E-01  6.748818E+02
  3.440000E-01  6.740188E+02
  3.460000E-01  6.731605E+02
  3.480000E-01  6.723067E+02
  3.500000E-01  6.714574E+02
  3.520000E-01  6.706127E+02
  3.540000E-01  6.697725E+02
  3.560000E-01  6.689367E+02
  3.580000E-01  6.681053E+02
  3.600000E-01  6.672784E+02
  3.620000E-01  6.664557E+02
  3.640000E-01  6.656374E+02
  3.660000E-01  6.648234E+02
  3.680000E-01  6.640137E+02
  3.700000E-01  6.632082E+02
  3.720000E-01  6.624069E+02
  3.740000E-01  6.616098E+02
  3.760000E-01  6.608168E+02
  3.780000E-01  6.600279E+02
  3.800000E-01  6.592431E+02
  3.820000E-01  6.584624E+02
  3.840000E-01  6.576857E+02
  3.860000E-01  6.569129E+02
  3.880000E-01  6.561442E+02
  3.900000E-01  6.553794E+02
  3.920000E-01  6.546185E+02
  3.940000E-01  6.538615E+02
  3.960000E-01  6.531083E+02
  3.980000E-01  6.523590E+02
  4.000000E-01  6.516134E+02
  4.020000E-01  6.508717E+02
  4.040000E-01  6.501337E+02
  4.060000E-01  6.493994E+02
  4.080000E-01  6.486688E+02
  4.100000E-01  6.479419E+02
  4.120000E-01  6.472186E+02
  4.140000E-01  6.464990E+02
  4.160000E-01  6.457829E+02
  4.180000E-01  6.450705E+02
  4.200000E-01  6.443615E+02
  4.220000E-01  6.436561E+02
  4.240000E-01  6.429542E+02
  4.260000E-01  6.422557E+02
  4.280000E-01  6.415608E+02
  4.300000E-01  6.408692E+02
  4.320000E-01  6.401810E+02
  4.340000E-01  6.394962E+02
  4.360000E-01  6.388148E+02
  4.380000E-01  6.381367E+02
  4.400000E-01  6.374619E+02
  4.420000E-01  6.367904E+02
  4.440000E-01  6.361222E+02
  4.460000E-01  6.354572E+02
  4.480000E-01  6.349624E+02
  4.500000E-01  6.344364E+02
  4.520000E-01  6.339214E+02
  4.540000E-01  6.334142E+02
  4.560000E-01  6.329136E+02
  4.580000E-01  6.324184E+02
  4.600000E-01  6.319281E+02
  4.620000E-01  6.314420E+02
  4.640000E-01  6.309600E+02
  4.660000E-01  6.304816E+02
  4.680000E-01  6.300067E+02
  4.700000E-01  6.295350E+02
  4.720000E-01  6.290664E+02
  4.740000E-01  6.286008E+02
  4.760000E-01  6.281380E+02
  4.780000E-01  6.276780E+02
  4.800000E-01  6.272206E+02
  4.820000E-01  6.267657E+02
  4.840000E-01  6.263133E+02
  4.860000E-01  6.258634E+02
  4.880000E-01  6.254158E+02
  4.900000E-01  6.249705E+02
  4.920000E-01  6.245274E+02
  4.940000E-01  6.240865E+02
  4.960000E-01  6.236478E+02
  4.980000E-01  6.232112E+02
  5.000000E-01  6.227766E+02
  5.020000E-01  6.223441E+02
  5.040000E-01  6.219136E+02
  5.060000E-01  6.214851E+02
  5.080000E-01  6.210585E+02
  5.100000E-01  6.206338E+02
  5.120000E-01  6.202110E+02
  5.140000E-01  6.197900E+02
  5.160000E-01  6.193709E+02
  5.180000E-01  6.189535E+02
  5.200000E-01  6.185380E+02
  5.220000E-01  6.181242E+02
  5.240000E-01  6.177122E+02
  5.260000E-01  6.173018E+02
  5.280000E-01  6.168932E+02
  5.300000E-01  6.164863E+02
  5.320000E-01  6.160810E+02
  5.340000E-01  6.156773E+02
  5.360000E-01  6.152753E+02
  5.380000E-01  6.148749E+02
  5.400000E-01  6.144760E+02
  5.420000E-01  6.140788E+02
  5.440000E-01  6.136831E+02
  5.460000E-01  6.132889E+02
  5.480000E-01  6.128963E+02
  5.500000E-01  6.125052E+02
  5.520000E-01  6.121156E+02
  5.540000E-01  6.117274E+02
  5.560000E-01  6.113408E+02
  5.580000E-01  6.109556E+02
  5.600000E-01  6.105719E+02
  5.620000E-01  6.101895E+02
  5.640000E-01  6.098087E+02
  5.660000E-01  6.094292E+02
  5.680000E-01  6.090511E+02
  5.700000E-01  6.086744E+02
  5.720000E-01  6.082991E+02
  5.740000E-01  6.079252E+02
  5.760000E-01  6.075526E+02
  5.780000E-01  6.071814E+02
  5.800000E-01  6.068115E+02
  5.820000E-01  6.064429E+02
  5.840000E-01  6.060756E+02
  5.860000E-01  6.057096E+02
  5.880000E-01  6.053450E+02
  5.900000E-01  6.049816E+02
  5.920000E-01  6.046194E+02
  5.940000E-01  6.042586E+02
  5.960000E-01  6.038990E+02
  5.980000E-01  6.035407E+02
  6.000000E-01  6.031835E+02
  6.020000E-01  6.028277E+02
  6.040000E-01  6.024730E+02
  6.060000E-01  6.021196E+02
  6.080000E-01  6.017673E+02
  6.100000E-01  6.014163E+02
  6.120000E-01  6.010664E+02
  6.140000E-01  6.007177E+02
  6.160000E-01  6.003702E+02
  6.180000E-01  6.000239E+02
  6.200000E-01  5.996787E+02
  6.220000E-01  5.993347E+02
  6.240000E-01  5.989918E+02
  6.260000E-01  5.986500E+02
  6.280000E-01  5.983094E+02
  6.300000E-01  5.979698E+02
  6.320000E-01  5.976314E+02
  6.340000E-01  5.972941E+02
  6.360000E-01  5.969579E+02
  6.380000E-01  5.966228E+02
  6.400000E-01  5.962888E+02
  6.420000E-01  5.959558E+02
  6.440000E-01  5.956239E+02
  6.460000E-01  5.952931E+02
  6.480000E-01  5.949633E+02
  6.500000E-01  5.946346E+02
  6.520000E-01  5.943070E+02
  6.540000E-01  5.939803E+02
  6.560000E-01  5.936547E+02
  6.580000E-01  5.933302E+02
  6.600000E-01  5.930066E+02
  6.620000E-01  5.926841E+02
  6.640000E-01  5.923625E+02
  6.660000E-01  5.920420E+02
  6.680000E-01  5.917225E+02
  6.700000E-01  5.914039E+02
  6.720000E-01  5.910864E+02
  6.740000E-01  5.907698E+02
  6.760000E-01  5.904542E+02
  6.780000E-01  5.901395E+02
  6.800000E-01  5.898259E+02
  6.820000E-01  5.895131E+02
  6.840000E-01  5.892014E+02
  6.860000E-01  5.888905E+02
  6.880000E-01  5.885807E+02
  6.900000E-01  5.882717E+02
  6.920000E-01  5.879637E+02
  6.940000E-01  5.876566E+02
  6.960000E-01  5.873504E+02
  6.980000E-01  5.870452E+02
  7.000000E-01  5.867408E+02
  7.020000E-01  5.864374E+02
  7.040000E-01  5.861348E+02
  7.060000E-01  5.858332E+02
  7.080000E-01  5.855324E+02
  7.100000E-01  5.852325E+02
  7.120000E-01  5.849335E+02
  7.140000E-01  5.846354E+02
  7.160000E-01  5.843382E+02
  7.180000E-01  5.840418E+02
  7.200000E-01  5.837463E+02
  7.220000E-01  5.834516E+02
  7.240000E-01  5.831578E+02
  7.260000E-01  5.828649E+02
  7.280000E-01  5.825727E+02
  7.300000E-01  5.822815E+02
  7.320000E-01  5.819910E+02
  7.340000E-01  5.817014E+02
  7.360000E-01  5.814126E+02
  7.380000E-01  5.811247E+02
  7.400000E-01  5.808375E+02
  7.420000E-01  5.805512E+02
  7.440000E-01  5.802657E+02
  7.460000E-01  5.799810E+02
  7.480000E-01  5.796971E+02
  7.500000E-01  5.794140E+02
  7.520000E-01  5.791317E+02
  7.540000E-01  5.788501E+02
  7.560000E-01  5.785694E+02
  7.580000E-01  5.782894E+02
  7.600000E-01  5.780103E+02
  7.620000E-01  5.777318E+02
  7.640000E-01  5.774542E+02
  7.660000E-01  5.771774E+02
  7.680000E-01  5.769012E+02
  7.700000E-01  5.766259E+02
  7.720000E-01  5.763513E+02
  7.740000E-01  5.760775E+02
  7.760000E-01  5.758044E+02
  7.780000E-01  5.755321E+02
  7.800000E-01  5.752605E+02
  7.820000E-01  5.749896E+02
  7.840000E-01  5.747195E+02
  7.860000E-01  5.744501E+02
  7.880000E-01  5.741814E+02
  7.900000E-01  5.739135E+02
  7.920000E-01  5.736462E+02
  7.940000E-01  5.733797E+02
  7.960000E-01  5.731139E+02
  7.980000E-01  5.728489E+02
  8.000000E-01  5.725845E+02
  8.020000E-01  5.723208E+02
  8.040000E-01  5.720578E+02
  8.060000E-01  5.717956E+02
  8.080000E-01  5.715340E+02
  8.100000E-01  5.712731E+02
  8.120000E-01  5.710129E+02
  8.140000E-01  5.707534E+02
  8.160000E-01  5.704946E+02
  8.180000E-01  5.702364E+02
  8.200000E-01  5.699789E+02
  8.220000E-01  5.697221E+02
  8.240000E-01  5.694660E+02
  8.260000E-01  5.692105E+02
  8.280000E-01  5.689557E+02
  8.300000E-01  5.687016E+02
  8.320000E-01  5.684481E+02
  8.340000E-01  5.681953E+02
  8.360000E-01  5.679431E+02
  8.380000E-01  5.676916E+02
  8.400000E-01  5.674407E+02
  8.420000E-01  5.671904E+02
  8.440000E-01  5.669408E+02
  8.460000E-01  5.666919E+02
  8.480000E-01  5.664435E+02
  8.500000E-01  5.661958E+02
  8.520000E-01  5.659488E+02
  8.540000E-01  5.657023E+02
  8.560000E-01  5.654565E+02
  8.580000E-01  5.652113E+02
  8.600000E-01  5.649667E+02
  8.620000E-01  5.647228E+02
  8.640000E-01  5.644794E+02
  8.660000E-01  5.642367E+02
  8.680000E-01  5.639946E+02
  8.700000E-01  5.637530E+02
  8.720000E-01  5.635121E+02
  8.740000E-01  5.632718E+02
  8.760000E-01  5.630321E+02
  8.780000E-01  5.627929E+02
  8.800000E-01  5.625544E+02
  8.820000E-01  5.623164E+02
  8.840000E-01  5.621333E+02
  8.860000E-01  5.619262E+02
  8.880000E-01  5.617227E+02
  8.900000E-01  5.615221E+02
  8.920000E-01  5.613094E+02
  8.940000E-01  5.611116E+02
  8.960000E-01  5.609157E+02
  8.980000E-01  5.607217E+02
  9.000000E-01  5.605293E+02
  9.020000E-01  5.603385E+02
  9.040000E-01  5.601492E+02
  9.060000E-01  5.599612E+02
  9.080000E-01  5.597745E+02
  9.100000E-01  5.595890E+02
  9.120000E-01  5.594047E+02
  9.140000E-01  5.592215E+02
  9.160000E-01  5.590394E+02
  9.180000E-01  5.588583E+02
  9.200000E-01  5.586782E+02
  9.220000E-01  5.584990E+02
  9.240000E-01  5.583207E+02
  9.260000E-01  5.581433E+02
  9.280000E-01  5.579668E+02
  9.300000E-01  5.577911E+02
  9.320000E-01  5.576161E+02
  9.340000E-01  5.574420E+02
  9.360000E-01  5.572686E+02
  9.380000E-01  5.570959E+02
  9.400000E-01  5.569240E+02
  9.420000E-01  5.567528E+02
  9.440000E-01  5.565822E+02
  9.460000E-01  5.564123E+02
  9.480000E-01  5.562431E+02
  9.500000E-01  5.560744E+02
  9.520000E-01  5.559064E+02
  9.540000E-01  5.557391E+02
  9.560000E-01  5.555723E+02
  9.580000E-01  5.554061E+02
  9.600000E-01  5.552404E+02
  9.620000E-01  5.550753E+02
  9.640000E-01  5.549108E+02
  9.660000E-01  5.547468E+02
  9.680000E-01  5.545833E+02
  9.700000E-01  5.544204E+02
  9.720000E-01  5.542579E+02
  9.740000E-01  5.540959E+02
  9.760000E-01  5.539344E+02
  9.780000E-01  5.537734E+02
  9.800000E-01  5.536128E+02
  9.820000E-01  5.534526E+02
  9.840000E-01  5.532928E+02
  9.860000E-01  5.531333E+02
  9.880000E-01  5.529741E+02
  9.900000E-01  5.528154E+02
  9.920000E-01  5.526573E+02
  9.940000E-01  5.524996E+02
  9.960000E-01  5.523425E+02
  9.980000E-01  5.521858E+02
  1.000000E+00  5.520296E+02
  1.002000E+00  5.518740E+02
  1.004000E+00  5.517188E+02
  1.006000E+00  5.515640E+02
  1.008000E+00  5.514098E+02
  1.010000E+00  5.512560E+02
  1.012000E+00  5.511027E+02
  1.014000E+00  5.509498E+02
  1.016000E+00  5.507974E+02
  1.018000E+00  5.506454E+02
  1.020000E+00  5.504939E+02
  1.022000E+00  5.503429E+02
  1.024000E+00  5.501922E+02
  1.026000E+00  5.500420E+02
  1.028000E+00  5.498923E+02
  1.030000E+00  5.497429E+02
  1.032000E+00  5.495940E+02
  1.034000E+00  5.494455E+02
  1.036000E+00  5.492974E+02
  1.038000E+00  5.491497E+02
  1.040000E+00  5.490025E+02
  1.042000E+00  5.488556E+02
  1.044000E+00  5.487092E+02
  1.046000E+00  5.485631E+02
  1.048000E+00  5.484175E+02
  1.050000E+00  5.482722E+02
  1.052000E+00  5.481274E+02
  1.054000E+00  5.479829E+02
  1.056000E+00  5.478388E+02
  1.058000E+00  5.476951E+02
  1.060000E+00  5.475518E+02
  1.062000E+00  5.474089E+02
  1.064000E+00  5.472663E+02
  1.066000E+00  5.471241E+02
  1.068000E+00  5.469823E+02
  1.070000E+00  5.468409E+02
  1.072000E+00  5.466998E+02
  1.074000E+00  5.465591E+02
  1.076000E+00  5.464188E+02
  1.078000E+00  5.462788E+02
  1.080000E+00  5.461391E+02
  1.082000E+00  5.459999E+02
  1.084000E+00  5.458610E+02
  1.086000E+00  5.457224E+02
  1.088000E+00  5.455842E+02
  1.090000E+00  5.454463E+02
  1.092000E+00  5.453088E+02
  1.094000E+00  5.451716E+02
  1.096000E+00  5.450348E+02
  1.098000E+00  5.448983E+02
  1.100000E+00  5.447622E+02
  1.102000E+00  5.446263E+02
  1.104000E+00  5.444909E+02
  1.106000E+00  5.443557E+02
  1.108000E+00  5.442209E+02
  1.110000E+00  5.440864E+02
  1.112000E+00  5.439523E+02
  1.114000E+00  5.438184E+02
  1.116000E+00  5.436849E+02
  1.118000E+00  5.435518E+02
  1.120000E+00  5.434189E+02
  1.122000E+00  5.432864E+02
  1.124000E+00  5.431541E+02
  1.126000E+00  5.430222E+02
  1.128000E+00  5.428907E+02
  1.130000E+00  5.427594E+02
  1.132000E+00  5.426284E+02
  1.134000E+00  5.424978E+02
  1.136000E+00  5.423674E+02
  1.138000E+00  5.422374E+02
  1.140000E+00  5.421077E+02
  1.142000E+00  5.419783E+02
  1.144000E+00  5.418492E+02
  1.146000E+00  5.417204E+02
  1.148000E+00  5.415919E+02
  1.150000E+00  5.414636E+02
  1.152000E+00  5.413357E+02
  1.154000E+00  5.412081E+02
  1.156000E+00  5.410808E+02
  1.158000E+00  5.409538E+02
  1.160000E+00  5.408271E+02
  1.162000E+00  5.407006E+02
  1.164000E+00  5.405745E+02
  1.166000E+00  5.404487E+02
  1.168000E+00  5.403231E+02
  1.170000E+00  5.401978E+02
  1.172000E+00  5.400728E+02
  1.174000E+00  5.399481E+02
  1.176000E+00  5.398237E+02
  1.178000E+00  5.396996E+02
  1.180000E+00  5.395757E+02
  1.182000E+00  5.394522E+02
  1.184000E+00  5.393289E+02
  1.186000E+00  5.392059E+02
  1.188000E+00  5.390832E+02
  1.190000E+00  5.389607E+02
  1.192000E+00  5.388385E+02
  1.194000E+00  5.387166E+02
  1.196000E+00  5.385950E+02
  1.198000E+00  5.384736E+02
  1.200000E+00  5.383525E+02
