  1.000000E-02  1.185791E+03
  1.200000E-02  1.184387E+03
  1.400000E-02  1.182995E+03
  1.600000E-02  1.181614E+03
  1.800000E-02  1.180245E+03
  2.000000E-02  1.178887E+03
  2.200000E-02  1.177540E+03
  2.400000E-02  1.176204E+03
  2.600000E-02  1.174879E+03
  2.800000E-02  1.173564E+03
  3.000000E-02  1.172260E+03
  3.200000E-02  1.170966E+03
  3.400000E-02  1.169683E+03
  3.600000E-02  1.168410E+03
  3.800000E-02  1.167147E+03
  4.000000E-02  1.165893E+03
  4.200000E-02  1.164650E+03
  4.400000E-02  1.163416E+03
  4.600000E-02  1.162192E+03
  4.800000E-02  1.160977E+03
  5.000000E-02  1.159771E+03
  5.200000E-02  1.158575E+03
  5.400000E-02  1.157388E+03
  5.600000E-02  1.156210E+03
  5.800000E-02  1.155041E+03
  6.000000E-02  1.153881E+03
  6.200000E-02  1.152730E+03
  6.400000E-02  1.151587E+03
  6.600000E-02  1.150453E+03
  6.800000E-02  1.149328E+03
  7.000000E-02  1.148211E+03
  7.200000E-02  1.147102E+03
  7.400000E-02  1.146001E+03
  7.600000E-02  1.144909E+03
  7.800000E-02  1.143824E+03
  8.000000E-02  1.142748E+03
  8.200000E-02  1.141680E+03
  8.400000E-02  1.140619E+03
  8.600000E-02  1.139566E+03
  8.800000E-02  1.138521E+03
  9.000000E-02  1.137484E+03
  9.200000E-02  1.136454E+03
  9.400000E-02  1.135431E+03
  9.600000E-02  1.134416E+03
  9.800000E-02  1.133408E+03
  1.000000E-01  1.132407E+03
  1.020000E-01  1.131414E+03
  1.040000E-01  1.130427E+03
  1.060000E-01  1.129448E+03
  1.080000E-01  1.128476E+03
  1.100000E-01  1.127510E+03
  1.120000E-01  1.126552E+03
  1.140000E-01  1.125600E+03
  1.160000E-01  1.124654E+03
  1.180000E-01  1.123716E+03
  1.200000E-01  1.122784E+03
  1.220000E-01  1.121858E+03
  1.240000E-01  1.120939E+03
  1.260000E-01  1.120027E+03
  1.280000E-01  1.119120E+03
  1.300000E-01  1.118220E+03
  1.320000E-01  1.117326E+03
  1.340000E-01  1.116438E+03
  1.360000E-01  1.115556E+03
  1.380000E-01  1.114679E+03
  1.400000E-01  1.113809E+03
  1.420000E-01  1.112944E+03
  1.440000E-01  1.112085E+03
  1.460000E-01  1.111232E+03
  1.480000E-01  1.110385E+03
  1.500000E-01  1.109543E+03
  1.520000E-01  1.108706E+03
  1.540000E-01  1.107876E+03
  1.560000E-01  1.107051E+03
  1.580000E-01  1.106231E+03
  1.600000E-01  1.105416E+03
  1.620000E-01  1.104607E+03
  1.640000E-01  1.103804E+03
  1.660000E-01  1.103005E+03
  1.680000E-01  1.102212E+03
  1.700000E-01  1.101424E+03
  1.720000E-01  1.100641E+03
  1.740000E-01  1.099864E+03
  1.760000E-01  1.099091E+03
  1.780000E-01  1.098323E+03
  1.800000E-01  1.097560E+03
  1.820000E-01  1.096802E+03
  1.840000E-01  1.096049E+03
  1.860000E-01  1.095301E+03
  1.880000E-01  1.094558E+03
  1.900000E-01  1.093819E+03
  1.920000E-01  1.093085E+03
  1.940000E-01  1.092356E+03
  1.960000E-01  1.091632E+03
  1.980000E-01  1.090912E+03
  2.000000E-01  1.090196E+03
  2.020000E-01  1.089485E+03
  2.040000E-01  1.088779E+03
  2.060000E-01  1.088077E+03
  2.080000E-01  1.087379E+03
  2.100000E-01  1.086686E+03
  2.120000E-01  1.085997E+03
  2.140000E-01  1.085312E+03
  2.160000E-01  1.084632E+03
  2.180000E-01  1.083956E+03
  2.200000E-01  1.083284E+03
  2.220000E-01  1.082616E+03
  2.240000E-01  1.081952E+03
  2.260000E-01  1.081293E+03
  2.280000E-01  1.080637E+03
  2.300000E-01  1.079986E+03
  2.320000E-01  1.079338E+03
  2.340000E-01  1.078695E+03
  2.360000E-01  1.078055E+03
  2.380000E-01  1.077419E+03
  2.400000E-01  1.076787E+03
  2.420000E-01  1.076159E+03
  2.440000E-01  1.075535E+03
  2.460000E-01  1.074915E+03
  2.480000E-01  1.074298E+03
  2.500000E-01  1.073685E+03
  2.520000E-01  1.073075E+03
  2.540000E-01  1.072470E+03
  2.560000E-01  1.071868E+03
  2.580000E-01  1.071269E+03
  2.600000E-01  1.070674E+03
  2.620000E-01  1.070083E+03
  2.640000E-01  1.069495E+03
  2.660000E-01  1.068910E+03
  2.680000E-01  1.068329E+03
  2.700000E-01  1.067752E+03
  2.720000E-01  1.067178E+03
  2.740000E-01  1.066607E+03
  2.760000E-01  1.066039E+03
  2.780000E-01  1.065475E+03
  2.800000E-01  1.064914E+03
  2.820000E-01  1.064357E+03
  2.840000E-01  1.063802E+03
  2.860000E-01  1.063251E+03
  2.880000E-01  1.062703E+03
  2.900000E-01  1.062159E+03
  2.920000E-01  1.061617E+03
  2.940000E-01  1.061078E+03
  2.960000E-01  1.060543E+03
  2.980000E-01  1.060011E+03
  3.000000E-01  1.059481E+03
  3.020000E-01  1.058955E+03
  3.040000E-01  1.058432E+03
  3.060000E-01  1.057911E+03
  3.080000E-01  1.057394E+03
  3.100000E-01  1.056880E+03
  3.120000E-01  1.056368E+03
  3.140000E-01  1.055860E+03
  3.160000E-01  1.055354E+03
  3.180000E-01  1.054851E+03
  3.200000E-01  1.054351E+03
  3.220000E-01  1.053854E+03
  3.240000E-01  1.053359E+03
  3.260000E-01  1.052867E+03
  3.280000E-01  1.052378E+03
  3.300000E-01  1.051892E+03
  3.320000E-01  1.051408E+03
  3.340000E-01  1.050928E+03
  3.360000E-01  1.050449E+03
  3.380000E-01  1.049974E+03
  3.400000E-01  1.049501E+03
  3.420000E-01  1.049030E+03
  3.440000E-01  1.048563E+03
  3.460000E-01  1.048097E+03
  3.480000E-01  1.047635E+03
  3.500000E-01  1.047175E+03
  3.520000E-01  1.046717E+03
  3.540000E-01  1.046262E+03
  3.560000E-01  1.045809E+03
  3.580000E-01  1.045359E+03
  3.600000E-01  1.044911E+03
  3.620000E-01  1.044466E+03
  3.640000E-01  1.044023E+03
  3.660000E-01  1.043582E+03
  3.680000E-01  1.043144E+03
  3.700000E-01  1.042708E+03
  3.720000E-01  1.042274E+03
  3.740000E-01  1.041843E+03
  3.760000E-01  1.041414E+03
  3.780000E-01  1.040988E+03
  3.800000E-01  1.040563E+03
  3.820000E-01  1.040141E+03
  3.840000E-01  1.039721E+03
  3.860000E-01  1.039303E+03
  3.880000E-01  1.038888E+03
  3.900000E-01  1.038475E+03
  3.920000E-01  1.038064E+03
  3.940000E-01  1.037655E+03
  3.960000E-01  1.037248E+03
  3.980000E-01  1.036843E+03
  4.000000E-01  1.036440E+03
  4.020000E-01  1.036040E+03
  4.040000E-01  1.035641E+03
  4.060000E-01  1.035245E+03
  4.080000E-01  1.034851E+03
  4.100000E-01  1.034459E+03
  4.120000E-01  1.034068E+03
  4.140000E-01  1.033680E+03
  4.160000E-01  1.033294E+03
  4.180000E-01  1.032910E+03
  4.200000E-01  1.032527E+03
  4.220000E-01  1.032147E+03
  4.240000E-01  1.031769E+03
  4.260000E-01  1.031392E+03
  4.280000E-01  1.031018E+03
  4.300000E-01  1.030645E+03
  4.320000E-01  1.030274E+03
  4.340000E-01  1.029905E+03
  4.360000E-01  1.029538E+03
  4.380000E-01  1.029173E+03
  4.400000E-01  1.028810E+03
  4.420000E-01  1.028448E+03
  4.440000E-01  1.028089E+03
  4.460000E-01  1.027731E+03
  4.480000E-01  1.027375E+03
  4.500000E-01  1.027020E+03
  4.520000E-01  1.026668E+03
  4.540000E-01  1.026317E+03
  4.560000E-01  1.025968E+03
  4.580000E-01  1.025713E+03
  4.600000E-01  1.025411E+03
  4.620000E-01  1.025112E+03
  4.640000E-01  1.024817E+03
  4.660000E-01  1.024524E+03
  4.680000E-01  1.024234E+03
  4.700000E-01  1.023946E+03
  4.720000E-01  1.023660E+03
  4.740000E-01  1.023415E+03
  4.760000E-01  1.023152E+03
  4.780000E-01  1.022892E+03
  4.800000E-01  1.022635E+03
  4.820000E-01  1.022381E+03
  4.840000E-01  1.022130E+03
  4.860000E-01  1.021881E+03
  4.880000E-01  1.021634E+03
  4.900000E-01  1.021389E+03
  4.920000E-01  1.021146E+03
  4.940000E-01  1.020906E+03
  4.960000E-01  1.020667E+03
  4.980000E-01  1.020430E+03
  5.000000E-01  1.020195E+03
  5.020000E-01  1.019961E+03
  5.040000E-01  1.019729E+03
  5.060000E-01  1.019499E+03
  5.080000E-01  1.019270E+03
  5.100000E-01  1.019043E+03
  5.120000E-01  1.018817E+03
  5.140000E-01  1.018592E+03
  5.160000E-01  1.018369E+03
  5.180000E-01  1.018147E+03
  5.200000E-01  1.017927E+03
  5.220000E-01  1.017707E+03
  5.240000E-01  1.017489E+03
  5.260000E-01  1.017272E+03
  5.280000E-01  1.017056E+03
  5.300000E-01  1.016841E+03
  5.320000E-01  1.016627E+03
  5.340000E-01  1.016413E+03
  5.360000E-01  1.016201E+03
  5.380000E-01  1.015990E+03
  5.400000E-01  1.015779E+03
  5.420000E-01  1.015569E+03
  5.440000E-01  1.015360E+03
  5.460000E-01  1.015151E+03
  5.480000E-01  1.014943E+03
  5.500000E-01  1.014736E+03
  5.520000E-01  1.014529E+03
  5.540000E-01  1.014323E+03
  5.560000E-01  1.014117E+03
  5.580000E-01  1.013912E+03
  5.600000E-01  1.013708E+03
  5.620000E-01  1.013504E+03
  5.640000E-01  1.013300E+03
  5.660000E-01  1.013097E+03
  5.680000E-01  1.012894E+03
  5.700000E-01  1.012691E+03
  5.720000E-01  1.012490E+03
  5.740000E-01  1.012289E+03
  5.760000E-01  1.012088E+03
  5.780000E-01  1.011889E+03
  5.800000E-01  1.011690E+03
  5.820000E-01  1.011492E+03
  5.840000E-01  1.011294E+03
  5.860000E-01  1.011097E+03
  5.880000E-01  1.010901E+03
  5.900000E-01  1.010706E+03
  5.920000E-01  1.010511E+03
  5.940000E-01  1.010317E+03
  5.960000E-01  1.010123E+03
  5.980000E-01  1.009931E+03
  6.000000E-01  1.009738E+03
  6.020000E-01  1.009547E+03
  6.040000E-01  1.009356E+03
  6.060000E-01  1.009166E+03
  6.080000E-01  1.008976E+03
  6.100000E-01  1.008787E+03
  6.120000E-01  1.008599E+03
  6.140000E-01  1.008411E+03
  6.160000E-01  1.008224E+03
  6.180000E-01  1.008037E+03
  6.200000E-01  1.007851E+03
  6.220000E-01  1.007666E+03
  6.240000E-01  1.007481E+03
  6.260000E-01  1.007297E+03
  6.280000E-01  1.007113E+03
  6.300000E-01  1.006930E+03
  6.320000E-01  1.006748E+03
  6.340000E-01  1.006566E+03
  6.360000E-01  1.006385E+03
  6.380000E-01  1.006204E+03
  6.400000E-01  1.006024E+03
  6.420000E-01  1.005845E+03
  6.440000E-01  1.005666E+03
  6.460000E-01  1.005487E+03
  6.480000E-01  1.005309E+03
  6.500000E-01  1.005132E+03
  6.520000E-01  1.004955E+03
  6.540000E-01  1.004779E+03
  6.560000E-01  1.004604E+03
  6.580000E-01  1.004428E+03
  6.600000E-01  1.004254E+03
  6.620000E-01  1.004080E+03
  6.640000E-01  1.003906E+03
  6.660000E-01  1.003733E+03
  6.680000E-01  1.003561E+03
  6.700000E-01  1.003389E+03
  6.720000E-01  1.003217E+03
  6.740000E-01  1.003047E+03
  6.760000E-01  1.002876E+03
  6.780000E-01  1.002706E+03
  6.800000E-01  1.002537E+03
  6.820000E-01  1.002368E+03
  6.840000E-01  1.002200E+03
  6.860000E-01  1.002032E+03
  6.880000E-01  1.001865E+03
  6.900000E-01  1.001698E+03
  6.920000E-01  1.001531E+03
  6.940000E-01  1.001365E+03
  6.960000E-01  1.001200E+03
  6.980000E-01  1.001035E+03
  7.000000E-01  1.000871E+03
  7.020000E-01  1.000707E+03
  7.040000E-01  1.000543E+03
  7.060000E-01  1.000380E+03
  7.080000E-01  1.000218E+03
  7.100000E-01  1.000056E+03
  7.120000E-01  9.998943E+02
  7.140000E-01  9.997332E+02
  7.160000E-01  9.995725E+02
  7.180000E-01  9.994124E+02
  7.200000E-01  9.992526E+02
  7.220000E-01  9.990934E+02
  7.240000E-01  9.989346E+02
  7.260000E-01  9.987762E+02
  7.280000E-01  9.986183E+02
  7.300000E-01  9.984609E+02
  7.320000E-01  9.983039E+02
  7.340000E-01  9.981473E+02
  7.360000E-01  9.979912E+02
  7.380000E-01  9.978356E+02
  7.400000E-01  9.976803E+02
  7.420000E-01  9.975196E+02
  7.440000E-01  9.973636E+02
  7.460000E-01  9.972078E+02
  7.480000E-01  9.970524E+02
  7.500000E-01  9.968972E+02
  7.520000E-01  9.967424E+02
  7.540000E-01  9.965879E+02
  7.560000E-01  9.964337E+02
  7.580000E-01  9.962798E+02
  7.600000E-01  9.961263E+02
  7.620000E-01  9.959731E+02
  7.640000E-01  9.958202E+02
  7.660000E-01  9.956677E+02
  7.680000E-01  9.955154E+02
  7.700000E-01  9.953635E+02
  7.720000E-01  9.952120E+02
  7.740000E-01  9.950608E+02
  7.760000E-01  9.949099E+02
  7.780000E-01  9.947593E+02
  7.800000E-01  9.946091E+02
  7.820000E-01  9.944592E+02
  7.840000E-01  9.943097E+02
  7.860000E-01  9.941605E+02
  7.880000E-01  9.940116E+02
  7.900000E-01  9.938631E+02
  7.920000E-01  9.937149E+02
  7.940000E-01  9.935670E+02
  7.960000E-01  9.934195E+02
  7.980000E-01  9.932723E+02
  8.000000E-01  9.931254E+02
  8.020000E-01  9.929788E+02
  8.040000E-01  9.928326E+02
  8.060000E-01  9.926868E+02
  8.080000E-01  9.925412E+02
  8.100000E-01  9.923960E+02
  8.120000E-01  9.922512E+02
  8.140000E-01  9.921066E+02
  8.160000E-01  9.919624E+02
  8.180000E-01  9.918185E+02
  8.200000E-01  9.916750E+02
  8.220000E-01  9.915317E+02
  8.240000E-01  9.913888E+02
  8.260000E-01  9.912463E+02
  8.280000E-01  9.911040E+02
  8.300000E-01  9.909621E+02
  8.320000E-01  9.908205E+02
  8.340000E-01  9.906792E+02
  8.360000E-01  9.905383E+02
  8.380000E-01  9.903977E+02
  8.400000E-01  9.902574E+02
  8.420000E-01  9.901174E+02
  8.440000E-01  9.899778E+02
  8.460000E-01  9.898384E+02
  8.480000E-01  9.896994E+02
  8.500000E-01  9.895607E+02
  8.520000E-01  9.894223E+02
  8.540000E-01  9.892843E+02
  8.560000E-01  9.891465E+02
  8.580000E-01  9.890091E+02
  8.600000E-01  9.888720E+02
  8.620000E-01  9.887352E+02
  8.640000E-01  9.885987E+02
  8.660000E-01  9.884626E+02
  8.680000E-01  9.883267E+02
  8.700000E-01  9.881912E+02
  8.720000E-01  9.880559E+02
  8.740000E-01  9.879210E+02
  8.760000E-01  9.877864E+02
  8.780000E-01  9.876521E+02
  8.800000E-01  9.875181E+02
  8.820000E-01  9.873844E+02
  8.840000E-01  9.872511E+02
  8.860000E-01  9.871180E+02
  8.880000E-01  9.869852E+02
  8.900000E-01  9.868528E+02
  8.920000E-01  9.867206E+02
  8.940000E-01  9.865888E+02
  8.960000E-01  9.864572E+02
  8.980000E-01  9.863260E+02
  9.000000E-01  9.861950E+02
  9.020000E-01  9.860643E+02
  9.040000E-01  9.859340E+02
  9.060000E-01  9.858039E+02
  9.080000E-01  9.856742E+02
  9.100000E-01  9.855447E+02
  9.120000E-01  9.854156E+02
  9.140000E-01  9.852867E+02
  9.160000E-01  9.851581E+02
  9.180000E-01  9.850298E+02
  9.200000E-01  9.849019E+02
  9.220000E-01  9.847742E+02
  9.240000E-01  9.846468E+02
  9.260000E-01  9.845197E+02
  9.280000E-01  9.843928E+02
  9.300000E-01  9.842663E+02
  9.320000E-01  9.841401E+02
  9.340000E-01  9.840141E+02
  9.360000E-01  9.838884E+02
  9.380000E-01  9.837630E+02
  9.400000E-01  9.836379E+02
  9.420000E-01  9.835131E+02
  9.440000E-01  9.833886E+02
  9.460000E-01  9.832644E+02
  9.480000E-01  9.831404E+02
  9.500000E-01  9.830167E+02
  9.520000E-01  9.828933E+02
  9.540000E-01  9.827702E+02
  9.560000E-01  9.826473E+02
  9.580000E-01  9.825248E+02
  9.600000E-01  9.824025E+02
  9.620000E-01  9.822805E+02
  9.640000E-01  9.821587E+02
  9.660000E-01  9.820373E+02
  9.680000E-01  9.819161E+02
  9.700000E-01  9.818093E+02
  9.720000E-01  9.816994E+02
  9.740000E-01  9.815912E+02
  9.760000E-01  9.814845E+02
  9.780000E-01  9.813790E+02
  9.800000E-01  9.812747E+02
  9.820000E-01  9.811713E+02
  9.840000E-01  9.810688E+02
  9.860000E-01  9.809671E+02
  9.880000E-01  9.808662E+02
  9.900000E-01  9.807660E+02
  9.920000E-01  9.806665E+02
  9.940000E-01  9.805677E+02
  9.960000E-01  9.804694E+02
  9.980000E-01  9.803718E+02
  1.000000E+00  9.802746E+02
  1.002000E+00  9.801780E+02
  1.004000E+00  9.800820E+02
  1.006000E+00  9.799864E+02
  1.008000E+00  9.798913E+02
  1.010000E+00  9.797966E+02
  1.012000E+00  9.797024E+02
  1.014000E+00  9.796086E+02
  1.016000E+00  9.795152E+02
  1.018000E+00  9.794222E+02
  1.020000E+00  9.793297E+02
  1.022000E+00  9.792374E+02
  1.024000E+00  9.791456E+02
  1.026000E+00  9.790541E+02
  1.028000E+00  9.789630E+02
  1.030000E+00  9.788722E+02
  1.032000E+00  9.787818E+02
  1.034000E+00  9.786917E+02
  1.036000E+00  9.786019E+02
  1.038000E+00  9.785124E+02
  1.040000E+00  9.784233E+02
  1.042000E+00  9.783344E+02
  1.044000E+00  9.782458E+02
  1.046000E+00  9.781576E+02
  1.048000E+00  9.780696E+02
  1.050000E+00  9.779818E+02
  1.052000E+00  9.778944E+02
  1.054000E+00  9.778072E+02
  1.056000E+00  9.777203E+02
  1.058000E+00  9.776336E+02
  1.060000E+00  9.775471E+02
  1.062000E+00  9.774609E+02
  1.064000E+00  9.773748E+02
  1.066000E+00  9.772890E+02
  1.068000E+00  9.772035E+02
  1.070000E+00  9.771183E+02
  1.072000E+00  9.770333E+02
  1.074000E+00  9.769485E+02
  1.076000E+00  9.768641E+02
  1.078000E+00  9.767799E+02
  1.080000E+00  9.766959E+02
  1.082000E+00  9.766122E+02
  1.084000E+00  9.765287E+02
  1.086000E+00  9.764455E+02
  1.088000E+00  9.763625E+02
  1.090000E+00  9.762798E+02
  1.092000E+00  9.761972E+02
  1.094000E+00  9.761150E+02
  1.096000E+00  9.760329E+02
  1.098000E+00  9.759511E+02
  1.100000E+00  9.758695E+02
  1.102000E+00  9.757882E+02
  1.104000E+00  9.757070E+02
  1.106000E+00  9.756261E+02
  1.108000E+00  9.755454E+02
  1.110000E+00  9.754649E+02
  1.112000E+00  9.753846E+02
  1.114000E+00  9.753046E+02
  1.116000E+00  9.752247E+02
  1.118000E+00  9.751451E+02
  1.120000E+00  9.750657E+02
  1.122000E+00  9.749865E+02
  1.124000E+00  9.749075E+02
  1.126000E+00  9.748287E+02
  1.128000E+00  9.747501E+02
  1.130000E+00  9.746717E+02
  1.132000E+00  9.745935E+02
  1.134000E+00  9.745154E+02
  1.136000E+00  9.744376E+02
  1.138000E+00  9.743600E+02
  1.140000E+00  9.742826E+02
  1.142000E+00  9.742054E+02
  1.144000E+00  9.741283E+02
  1.146000E+00  9.740515E+02
  1.148000E+00  9.739748E+02
  1.150000E+00  9.738984E+02
  1.152000E+00  9.738221E+02
  1.154000E+00  9.737460E+02
  1.156000E+00  9.736701E+02
  1.158000E+00  9.735943E+02
  1.160000E+00  9.735188E+02
  1.162000E+00  9.734434E+02
  1.164000E+00  9.733682E+02
  1.166000E+00  9.732932E+02
  1.168000E+00  9.732184E+02
  1.170000E+00  9.731437E+02
  1.172000E+00  9.730693E+02
  1.174000E+00  9.729950E+02
  1.176000E+00  9.729208E+02
  1.178000E+00  9.728469E+02
  1.180000E+00  9.727731E+02
  1.182000E+00  9.726995E+02
  1.184000E+00  9.726260E+02
  1.186000E+00  9.725527E+02
  1.188000E+00  9.724796E+02
  1.190000E+00  9.724067E+02
  1.192000E+00  9.723339E+02
  1.194000E+00  9.722613E+02
  1.196000E+00  9.721888E+02
  1.198000E+00  9.721166E+02
  1.200000E+00  9.720444E+02
