  1.000000E-02  6.661788E-01  7.616748E-02  0.000000E+00  0.000000E+00  0.000000E+00  0.000000E+00  0.000000E+00  0.000000E+00
  1.200000E-02  7.078232E-01  8.779125E-02  0.000000E+00  0.000000E+00  0.000000E+00  0.000000E+00  0.000000E+00  0.000000E+00
  1.400000E-02  7.450358E-01  9.899548E-02  0.000000E+00  0.000000E+00  0.000000E+00  0.000000E+00  0.000000E+00  0.000000E+00
  1.600000E-02  7.788277E-01  1.098477E-01  0.000000E+00  0.000000E+00  0.000000E+00  0.000000E+00  0.000000E+00  0.000000E+00
  1.800000E-02  8.098844E-01  1.203968E-01  0.000000E+00  0.000000E+00  0.000000E+00  0.000000E+00  0.000000E+00  0.000000E+00
  2.000000E-02  8.386944E-01  1.306793E-01  0.000000E+00  0.000000E+00  0.000000E+00  0.000000E+00  0.000000E+00  0.000000E+00
  2.200000E-02  8.656199E-01  1.407241E-01  0.000000E+00  0.000000E+00  0.000000E+00  0.000000E+00  0.000000E+00  0.000000E+00
  2.400000E-02  8.909374E-01  1.505541E-01  0.000000E+00  0.000000E+00  0.000000E+00  0.000000E+00  0.000000E+00  0.000000E+00
  2.600000E-02  9.148637E-01  1.601881E-01  0.000000E+00  0.000000E+00  0.000000E+00  0.000000E+00  0.000000E+00  0.000000E+00
  2.800000E-02  9.375721E-01  1.696419E-01  0.000000E+00  0.000000E+00  0.000000E+00  0.000000E+00  0.000000E+00  0.000000E+00
  3.000000E-02  9.592036E-01  1.789285E-01  0.000000E+00  0.000000E+00  0.000000E+00  0.000000E+00  0.000000E+00  0.000000E+00
  3.200000E-02  9.798747E-01  1.880596E-01  0.000000E+00  0.000000E+00  0.000000E+00  0.000000E+00  0.000000E+00  0.000000E+00
  3.400000E-02  9.996829E-01  1.970449E-01  0.000000E+00  0.000000E+00  0.000000E+00  0.000000E+00  0.000000E+00  0.000000E+00
  3.600000E-02  1.018711E+00  2.058931E-01  0.000000E+00  0.000000E+00  0.000000E+00  0.000000E+00  0.000000E+00  0.000000E+00
  3.800000E-02  1.037029E+00  2.146120E-01  0.000000E+00  0.000000E+00  0.000000E+00  0.000000E+00  0.000000E+00  0.000000E+00
  4.000000E-02  1.054698E+00  2.232083E-01  0.000000E+00  0.000000E+00  0.000000E+00  0.000000E+00  0.000000E+00  0.000000E+00
  4.200000E-02  1.071770E+00  2.316881E-01  0.000000E+00  0.000000E+00  0.000000E+00  0.000000E+00  0.000000E+00  0.000000E+00
  4.400000E-02  1.088293E+00  2.400570E-01  0.000000E+00  0.000000E+00  0.000000E+00  0.000000E+00  0.000000E+00  0.000000E+00
  4.600000E-02  1.104306E+00  2.483200E-01  0.000000E+00  0.000000E+00  0.000000E+00  0.000000E+00  0.000000E+00  0.000000E+00
  4.800000E-02  1.119847E+00  2.564817E-01  0.000000E+00  0.000000E+00  0.000000E+00  0.000000E+00  0.000000E+00  0.000000E+00
  5.000000E-02  1.134946E+00  2.645463E-01  0.000000E+00  0.000000E+00  0.000000E+00  0.000000E+00  0.000000E+00  0.000000E+00
  5.200000E-02  1.149633E+00  2.725177E-01  0.000000E+00  0.000000E+00  0.000000E+00  0.000000E+00  0.000000E+00  0.000000E+00
  5.400000E-02  1.163934E+00  2.803994E-01  0.000000E+00  0.000000E+00  0.000000E+00  0.000000E+00  0.000000E+00  0.000000E+00
  5.600000E-02  1.177872E+00  2.881948E-01  0.000000E+00  0.000000E+00  0.000000E+00  0.000000E+00  0.000000E+00  0.000000E+00
  5.800000E-02  1.191468E+00  2.959069E-01  0.000000E+00  0.000000E+00  0.000000E+00  0.000000E+00  0.000000E+00  0.000000E+00
  6.000000E-02  1.204741E+00  3.035387E-01  0.000000E+00  0.000000E+00  0.000000E+00  0.000000E+00  0.000000E+00  0.000000E+00
  6.200000E-02  1.217709E+00  3.110927E-01  0.000000E+00  0.000000E+00  0.000000E+00  0.000000E+00  0.000000E+00  0.000000E+00
  6.400000E-02  1.230389E+00  3.185716E-01  0.000000E+00  0.000000E+00  0.000000E+00  0.000000E+00  0.000000E+00  0.000000E+00
  6.600000E-02  1.242794E+00  3.259777E-01  0.000000E+00  0.000000E+00  0.000000E+00  0.000000E+00  0.000000E+00  0.000000E+00
  6.800000E-02  1.254939E+00  3.333132E-01  0.000000E+00  0.000000E+00  0.000000E+00  0.000000E+00  0.000000E+00  0.000000E+00
  7.000000E-02  1.266836E+00  3.405802E-01  0.000000E+00  0.000000E+00  0.000000E+00  0.000000E+00  0.000000E+00  0.000000E+00
  7.200000E-02  1.278496E+00  3.477808E-01  0.000000E+00  0.000000E+00  0.000000E+00  0.000000E+00  0.000000E+00  0.000000E+00
  7.400000E-02  1.289931E+00  3.549167E-01  0.000000E+00  0.000000E+00  0.000000E+00  0.000000E+00  0.000000E+00  0.000000E+00
  7.600000E-02  1.301150E+00  3.619899E-01  0.000000E+00  0.000000E+00  0.000000E+00  0.000000E+00  0.000000E+00  0.000000E+00
  7.800000E-02  1.312163E+00  3.690019E-01  0.000000E+00  0.000000E+00  0.000000E+00  0.000000E+00  0.000000E+00  0.000000E+00
  8.000000E-02  1.322977E+00  3.759544E-01  0.000000E+00  0.000000E+00  0.000000E+00  0.000000E+00  0.000000E+00  0.000000E+00
  8.200000E-02  1.333603E+00  3.828490E-01  0.000000E+00  0.000000E+00  0.000000E+00  0.000000E+00  0.000000E+00  0.000000E+00
  8.400000E-02  1.344046E+00  3.896871E-01  0.000000E+00  0.000000E+00  0.000000E+00  0.000000E+00  0.000000E+00  0.000000E+00
  8.600000E-02  1.354314E+00  3.964701E-01  0.000000E+00  0.000000E+00  0.000000E+00  0.000000E+00  0.000000E+00  0.000000E+00
  8.800000E-02  1.364414E+00  4.031993E-01  0.000000E+00  0.000000E+00  0.000000E+00  0.000000E+00  0.000000E+00  0.000000E+00
  9.000000E-02  1.374352E+00  4.098760E-01  0.000000E+00  0.000000E+00  0.000000E+00  0.000000E+00  0.000000E+00  0.000000E+00
  9.200000E-02  1.384134E+00  4.165014E-01  0.000000E+00  0.000000E+00  0.000000E+00  0.000000E+00  0.000000E+00  0.000000E+00
  9.400000E-02  1.393765E+00  4.230768E-01  0.000000E+00  0.000000E+00  0.000000E+00  0.000000E+00  0.000000E+00  0.000000E+00
  9.600000E-02  1.403251E+00  4.296031E-01  0.000000E+00  0.000000E+00  0.000000E+00  0.000000E+00  0.000000E+00  0.000000E+00
  9.800000E-02  1.412596E+00  4.360816E-01  0.000000E+00  0.000000E+00  0.000000E+00  0.000000E+00  0.000000E+00  0.000000E+00
  1.000000E-01  1.421806E+00  4.425132E-01  0.000000E+00  0.000000E+00  0.000000E+00  0.000000E+00  0.000000E+00  0.000000E+00
  1.020000E-01  1.430885E+00  4.488989E-01  0.000000E+00  0.000000E+00  0.000000E+00  0.000000E+00  0.000000E+00  0.000000E+00
  1.040000E-01  1.439837E+00  4.552396E-01  0.000000E+00  0.000000E+00  0.000000E+00  0.000000E+00  0.000000E+00  0.000000E+00
  1.060000E-01  1.448666E+00  4.615364E-01  0.000000E+00  0.000000E+00  0.000000E+00  0.000000E+00  0.000000E+00  0.000000E+00
  1.080000E-01  1.457376E+00  4.677901E-01  0.000000E+00  0.000000E+00  0.000000E+00  0.000000E+00  0.000000E+00  0.000000E+00
  1.100000E-01  1.465970E+00  4.740015E-01  0.000000E+00  0.000000E+00  0.000000E+00  0.000000E+00  0.000000E+00  0.000000E+00
  1.120000E-01  1.474453E+00  4.801714E-01  0.000000E+00  0.000000E+00  0.000000E+00  0.000000E+00  0.000000E+00  0.000000E+00
  1.140000E-01  1.482826E+00  4.863007E-01  0.000000E+00  0.000000E+00  0.000000E+00  0.000000E+00  0.000000E+00  0.000000E+00
  1.160000E-01  1.491094E+00  4.923901E-01  0.000000E+00  0.000000E+00  0.000000E+00  0.000000E+00  0.000000E+00  0.000000E+00
  1.180000E-01  1.499260E+00  4.984404E-01  0.000000E+00  0.000000E+00  0.000000E+00  0.000000E+00  0.000000E+00  0.000000E+00
  1.200000E-01  1.507325E+00  5.044522E-01  0.000000E+00  0.000000E+00  0.000000E+00  0.000000E+00  0.000000E+00  0.000000E+00
  1.220000E-01  1.515294E+00  5.104262E-01  0.000000E+00  0.000000E+00  0.000000E+00  0.000000E+00  0.000000E+00  0.000000E+00
  1.240000E-01  1.523168E+00  5.163632E-01  0.000000E+00  0.000000E+00  0.000000E+00  0.000000E+00  0.000000E+00  0.000000E+00
  1.260000E-01  1.530951E+00  5.222638E-01  0.000000E+00  0.000000E+00  0.000000E+00  0.000000E+00  0.000000E+00  0.000000E+00
  1.280000E-01  1.538644E+00  5.281285E-01  0.000000E+00  0.000000E+00  0.000000E+00  0.000000E+00  0.000000E+00  0.000000E+00
  1.300000E-01  1.546249E+00  5.339580E-01  0.000000E+00  0.000000E+00  0.000000E+00  0.000000E+00  0.000000E+00  0.000000E+00
  1.320000E-01  1.553738E+00  5.400164E-01  0.000000E+00  0.000000E+00  0.000000E+00  0.000000E+00  0.000000E+00  0.000000E+00
  1.340000E-01  1.561097E+00  5.464231E-01  0.000000E+00  0.000000E+00  0.000000E+00  0.000000E+00  0.000000E+00  0.000000E+00
  1.360000E-01  1.568351E+00  5.529759E-01  0.000000E+00  0.000000E+00  0.000000E+00  0.000000E+00  0.000000E+00  0.000000E+00
  1.380000E-01  1.575508E+00  5.596142E-01  0.000000E+00  0.000000E+00  0.000000E+00  0.000000E+00  0.000000E+00  0.000000E+00
  1.400000E-01  1.582574E+00  5.663048E-01  0.000000E+00  0.000000E+00  0.000000E+00  0.000000E+00  0.000000E+00  0.000000E+00
  1.420000E-01  1.589554E+00  5.730257E-01  0.000000E+00  0.000000E+00  0.000000E+00  0.000000E+00  0.000000E+00  0.000000E+00
  1.440000E-01  1.596450E+00  5.797613E-01  0.000000E+00  0.000000E+00  0.000000E+00  0.000000E+00  0.000000E+00  0.000000E+00
  1.460000E-01  1.603267E+00  5.865001E-01  0.000000E+00  0.000000E+00  0.000000E+00  0.000000E+00  0.000000E+00  0.000000E+00
  1.480000E-01  1.610006E+00  5.932332E-01  0.000000E+00  0.000000E+00  0.000000E+00  0.000000E+00  0.000000E+00  0.000000E+00
  1.500000E-01  1.616671E+00  5.999536E-01  0.000000E+00  0.000000E+00  0.000000E+00  0.000000E+00  0.000000E+00  0.000000E+00
  1.520000E-01  1.623263E+00  6.066560E-01  0.000000E+00  0.000000E+00  0.000000E+00  0.000000E+00  0.000000E+00  0.000000E+00
  1.540000E-01  1.629785E+00  6.133359E-01  0.000000E+00  0.000000E+00  0.000000E+00  0.000000E+00  0.000000E+00  0.000000E+00
  1.560000E-01  1.636238E+00  6.199898E-01  0.000000E+00  0.000000E+00  0.000000E+00  0.000000E+00  0.000000E+00  0.000000E+00
  1.580000E-01  1.642625E+00  6.266148E-01  0.000000E+00  0.000000E+00  0.000000E+00  0.000000E+00  0.000000E+00  0.000000E+00
  1.600000E-01  1.648946E+00  6.332087E-01  0.000000E+00  0.000000E+00  0.000000E+00  0.000000E+00  0.000000E+00  0.000000E+00
  1.620000E-01  1.655204E+00  6.397695E-01  0.000000E+00  0.000000E+00  0.000000E+00  0.000000E+00  0.000000E+00  0.000000E+00
  1.640000E-01  1.661401E+00  6.462958E-01  0.000000E+00  0.000000E+00  0.000000E+00  0.000000E+00  0.000000E+00  0.000000E+00
  1.660000E-01  1.667538E+00  6.527864E-01  0.000000E+00  0.000000E+00  0.000000E+00  0.000000E+00  0.000000E+00  0.000000E+00
  1.680000E-01  1.673615E+00  6.592404E-01  0.000000E+00  0.000000E+00  0.000000E+00  0.000000E+00  0.000000E+00  0.000000E+00
  1.700000E-01  1.679635E+00  6.656571E-01  0.000000E+00  0.000000E+00  0.000000E+00  0.000000E+00  0.000000E+00  0.000000E+00
  1.720000E-01  1.685600E+00  6.720359E-01  0.000000E+00  0.000000E+00  0.000000E+00  0.000000E+00  0.000000E+00  0.000000E+00
  1.740000E-01  1.691509E+00  6.783764E-01  0.000000E+00  0.000000E+00  0.000000E+00  0.000000E+00  0.000000E+00  0.000000E+00
  1.760000E-01  1.697364E+00  6.846784E-01  0.000000E+00  0.000000E+00  0.000000E+00  0.000000E+00  0.000000E+00  0.000000E+00
  1.780000E-01  1.703167E+00  6.909418E-01  0.000000E+00  0.000000E+00  0.000000E+00  0.000000E+00  0.000000E+00  0.000000E+00
  1.800000E-01  1.708919E+00  6.971663E-01  0.000000E+00  0.000000E+00  0.000000E+00  0.000000E+00  0.000000E+00  0.000000E+00
  1.820000E-01  1.714620E+00  7.033521E-01  0.000000E+00  0.000000E+00  0.000000E+00  0.000000E+00  0.000000E+00  0.000000E+00
  1.840000E-01  1.720273E+00  7.094993E-01  0.000000E+00  0.000000E+00  0.000000E+00  0.000000E+00  0.000000E+00  0.000000E+00
  1.860000E-01  1.725876E+00  7.156079E-01  0.000000E+00  0.000000E+00  0.000000E+00  0.000000E+00  0.000000E+00  0.000000E+00
  1.880000E-01  1.731433E+00  7.216781E-01  0.000000E+00  0.000000E+00  0.000000E+00  0.000000E+00  0.000000E+00  0.000000E+00
  1.900000E-01  1.736943E+00  7.277101E-01  0.000000E+00  0.000000E+00  0.000000E+00  0.000000E+00  0.000000E+00  0.000000E+00
  1.920000E-01  1.742408E+00  7.337043E-01  0.000000E+00  0.000000E+00  0.000000E+00  0.000000E+00  0.000000E+00  0.000000E+00
  1.940000E-01  1.747828E+00  7.396607E-01  0.000000E+00  0.000000E+00  0.000000E+00  0.000000E+00  0.000000E+00  0.000000E+00
  1.960000E-01  1.753204E+00  7.455799E-01  0.000000E+00  0.000000E+00  0.000000E+00  0.000000E+00  0.000000E+00  0.000000E+00
  1.980000E-01  1.758538E+00  7.514619E-01  0.000000E+00  0.000000E+00  0.000000E+00  0.000000E+00  0.000000E+00  0.000000E+00
  2.000000E-01  1.763829E+00  7.573073E-01  0.000000E+00  0.000000E+00  0.000000E+00  0.000000E+00  0.000000E+00  0.000000E+00
  2.020000E-01  1.769079E+00  7.631163E-01  0.000000E+00  0.000000E+00  0.000000E+00  0.000000E+00  0.000000E+00  0.000000E+00
  2.040000E-01  1.774289E+00  7.688892E-01  0.000000E+00  0.000000E+00  0.000000E+00  0.000000E+00  0.000000E+00  0.000000E+00
  2.060000E-01  1.779458E+00  7.746265E-01  0.000000E+00  0.000000E+00  0.000000E+00  0.000000E+00  0.000000E+00  0.000000E+00
  2.080000E-01  1.784589E+00  7.803285E-01  0.000000E+00  0.000000E+00  0.000000E+00  0.000000E+00  0.000000E+00  0.000000E+00
  2.100000E-01  1.789681E+00  7.859956E-01  0.000000E+00  0.000000E+00  0.000000E+00  0.000000E+00  0.000000E+00  0.000000E+00
  2.120000E-01  1.794735E+00  7.916281E-01  0.000000E+00  0.000000E+00  0.000000E+00  0.000000E+00  0.000000E+00  0.000000E+00
  2.140000E-01  1.799752E+00  7.972265E-01  0.000000E+00  0.000000E+00  0.000000E+00  0.000000E+00  0.000000E+00  0.000000E+00
  2.160000E-01  1.804733E+00  8.027910E-01  0.000000E+00  0.000000E+00  0.000000E+00  0.000000E+00  0.000000E+00  0.000000E+00
  2.180000E-01  1.809678E+00  8.083221E-01  0.000000E+00  0.000000E+00  0.000000E+00  0.000000E+00  0.000000E+00  0.000000E+00
  2.200000E-01  1.814588E+00  8.138202E-01  0.000000E+00  0.000000E+00  0.000000E+00  0.000000E+00  0.000000E+00  0.000000E+00
  2.220000E-01  1.819463E+00  8.192856E-01  0.000000E+00  0.000000E+00  0.000000E+00  0.000000E+00  0.000000E+00  0.000000E+00
  2.240000E-01  1.824303E+00  8.247186E-01  0.000000E+00  0.000000E+00  0.000000E+00  0.000000E+00  0.000000E+00  0.000000E+00
  2.260000E-01  1.829111E+00  8.301197E-01  0.000000E+00  0.000000E+00  0.000000E+00  0.000000E+00  0.000000E+00  0.000000E+00
  2.280000E-01  1.833885E+00  8.354893E-01  0.000000E+00  0.000000E+00  0.000000E+00  0.000000E+00  0.000000E+00  0.000000E+00
  2.300000E-01  1.838627E+00  8.408276E-01  0.000000E+00  0.000000E+00  0.000000E+00  0.000000E+00  0.000000E+00  0.000000E+00
  2.320000E-01  1.843337E+00  8.461350E-01  0.000000E+00  0.000000E+00  0.000000E+00  0.000000E+00  0.000000E+00  0.000000E+00
  2.340000E-01  1.848016E+00  8.514120E-01  0.000000E+00  0.000000E+00  0.000000E+00  0.000000E+00  0.000000E+00  0.000000E+00
  2.360000E-01  1.852663E+00  8.566588E-01  0.000000E+00  0.000000E+00  0.000000E+00  0.000000E+00  0.000000E+00  0.000000E+00
  2.380000E-01  1.857280E+00  8.618758E-01  0.000000E+00  0.000000E+00  0.000000E+00  0.000000E+00  0.000000E+00  0.000000E+00
  2.400000E-01  1.861868E+00  8.670633E-01  0.000000E+00  0.000000E+00  0.000000E+00  0.000000E+00  0.000000E+00  0.000000E+00
  2.420000E-01  1.866425E+00  8.722216E-01  0.000000E+00  0.000000E+00  0.000000E+00  0.000000E+00  0.000000E+00  0.000000E+00
  2.440000E-01  1.870954E+00  8.773512E-01  0.000000E+00  0.000000E+00  0.000000E+00  0.000000E+00  0.000000E+00  0.000000E+00
  2.460000E-01  1.875454E+00  8.824523E-01  0.000000E+00  0.000000E+00  0.000000E+00  0.000000E+00  0.000000E+00  0.000000E+00
  2.480000E-01  1.879925E+00  8.875252E-01  0.000000E+00  0.000000E+00  0.000000E+00  0.000000E+00  0.000000E+00  0.000000E+00
  2.500000E-01  1.884369E+00  8.925703E-01  0.000000E+00  0.000000E+00  0.000000E+00  0.000000E+00  0.000000E+00  0.000000E+00
  2.520000E-01  1.888786E+00  8.975878E-01  0.000000E+00  0.000000E+00  0.000000E+00  0.000000E+00  0.000000E+00  0.000000E+00
  2.540000E-01  1.893175E+00  9.025781E-01  0.000000E+00  0.000000E+00  0.000000E+00  0.000000E+00  0.000000E+00  0.000000E+00
  2.560000E-01  1.897538E+00  9.075415E-01  0.000000E+00  0.000000E+00  0.000000E+00  0.000000E+00  0.000000E+00  0.000000E+00
  2.580000E-01  1.901875E+00  9.124783E-01  0.000000E+00  0.000000E+00  0.000000E+00  0.000000E+00  0.000000E+00  0.000000E+00
  2.600000E-01  1.906186E+00  9.173888E-01  0.000000E+00  0.000000E+00  0.000000E+00  0.000000E+00  0.000000E+00  0.000000E+00
  2.620000E-01  1.910472E+00  9.222732E-01  0.000000E+00  0.000000E+00  0.000000E+00  0.000000E+00  0.000000E+00  0.000000E+00
  2.640000E-01  1.914732E+00  9.271318E-01  0.000000E+00  0.000000E+00  0.000000E+00  0.000000E+00  0.000000E+00  0.000000E+00
  2.660000E-01  1.918968E+00  9.319650E-01  0.000000E+00  0.000000E+00  0.000000E+00  0.000000E+00  0.000000E+00  0.000000E+00
  2.680000E-01  1.923179E+00  9.367730E-01  0.000000E+00  0.000000E+00  0.000000E+00  0.000000E+00  0.000000E+00  0.000000E+00
  2.700000E-01  1.927366E+00  9.415560E-01  0.000000E+00  0.000000E+00  0.000000E+00  0.000000E+00  0.000000E+00  0.000000E+00
  2.720000E-01  1.931530E+00  9.463144E-01  0.000000E+00  0.000000E+00  0.000000E+00  0.000000E+00  0.000000E+00  0.000000E+00
  2.740000E-01  1.935670E+00  9.510483E-01  0.000000E+00  0.000000E+00  0.000000E+00  0.000000E+00  0.000000E+00  0.000000E+00
  2.760000E-01  1.939786E+00  9.557582E-01  0.000000E+00  0.000000E+00  0.000000E+00  0.000000E+00  0.000000E+00  0.000000E+00
  2.780000E-01  1.943881E+00  9.604441E-01  0.000000E+00  0.000000E+00  0.000000E+00  0.000000E+00  0.000000E+00  0.000000E+00
  2.800000E-01  1.947952E+00  9.651064E-01  0.000000E+00  0.000000E+00  0.000000E+00  0.000000E+00  0.000000E+00  0.000000E+00
  2.820000E-01  1.952002E+00  9.697452E-01  0.000000E+00  0.000000E+00  0.000000E+00  0.000000E+00  0.000000E+00  0.000000E+00
  2.840000E-01  1.956029E+00  9.743610E-01  0.000000E+00  0.000000E+00  0.000000E+00  0.000000E+00  0.000000E+00  0.000000E+00
  2.860000E-01  1.960035E+00  9.789537E-01  0.000000E+00  0.000000E+00  0.000000E+00  0.000000E+00  0.000000E+00  0.000000E+00
  2.880000E-01  1.964020E+00  9.835239E-01  0.000000E+00  0.000000E+00  0.000000E+00  0.000000E+00  0.000000E+00  0.000000E+00
  2.900000E-01  1.967983E+00  9.880715E-01  0.000000E+00  0.000000E+00  0.000000E+00  0.000000E+00  0.000000E+00  0.000000E+00
  2.920000E-01  1.971926E+00  9.925969E-01  0.000000E+00  0.000000E+00  0.000000E+00  0.000000E+00  0.000000E+00  0.000000E+00
  2.940000E-01  1.975848E+00  9.971004E-01  0.000000E+00  0.000000E+00  0.000000E+00  0.000000E+00  0.000000E+00  0.000000E+00
  2.960000E-01  1.979750E+00  1.001582E+00  0.000000E+00  0.000000E+00  0.000000E+00  0.000000E+00  0.000000E+00  0.000000E+00
  2.980000E-01  1.983632E+00  1.006042E+00  0.000000E+00  0.000000E+00  0.000000E+00  0.000000E+00  0.000000E+00  0.000000E+00
  3.000000E-01  1.987495E+00  1.010481E+00  0.000000E+00  0.000000E+00  0.000000E+00  0.000000E+00  0.000000E+00  0.000000E+00
  3.020000E-01  1.991337E+00  1.014898E+00  0.000000E+00  0.000000E+00  0.000000E+00  0.000000E+00  0.000000E+00  0.000000E+00
  3.040000E-01  1.995161E+00  1.019295E+00  0.000000E+00  0.000000E+00  0.000000E+00  0.000000E+00  0.000000E+00  0.000000E+00
  3.060000E-01  1.998965E+00  1.023671E+00  0.000000E+00  0.000000E+00  0.000000E+00  0.000000E+00  0.000000E+00  0.000000E+00
  3.080000E-01  2.002751E+00  1.028026E+00  0.000000E+00  0.000000E+00  0.000000E+00  0.000000E+00  0.000000E+00  0.000000E+00
  3.100000E-01  2.006518E+00  1.032361E+00  0.000000E+00  0.000000E+00  0.000000E+00  0.000000E+00  0.000000E+00  0.000000E+00
  3.120000E-01  2.010267E+00  1.036676E+00  0.000000E+00  0.000000E+00  0.000000E+00  0.000000E+00  0.000000E+00  0.000000E+00
  3.140000E-01  2.013998E+00  1.040971E+00  0.000000E+00  0.000000E+00  0.000000E+00  0.000000E+00  0.000000E+00  0.000000E+00
  3.160000E-01  2.017711E+00  1.045246E+00  0.000000E+00  0.000000E+00  0.000000E+00  0.000000E+00  0.000000E+00  0.000000E+00
  3.180000E-01  2.021406E+00  1.049501E+00  0.000000E+00  0.000000E+00  0.000000E+00  0.000000E+00  0.000000E+00  0.000000E+00
  3.200000E-01  2.025083E+00  1.053737E+00  0.000000E+00  0.000000E+00  0.000000E+00  0.000000E+00  0.000000E+00  0.000000E+00
  3.220000E-01  2.028744E+00  1.057954E+00  0.000000E+00  0.000000E+00  0.000000E+00  0.000000E+00  0.000000E+00  0.000000E+00
  3.240000E-01  2.032387E+00  1.062152E+00  0.000000E+00  0.000000E+00  0.000000E+00  0.000000E+00  0.000000E+00  0.000000E+00
  3.260000E-01  2.036013E+00  1.066331E+00  0.000000E+00  0.000000E+00  0.000000E+00  0.000000E+00  0.000000E+00  0.000000E+00
  3.280000E-01  2.039623E+00  1.070491E+00  0.000000E+00  0.000000E+00  0.000000E+00  0.000000E+00  0.000000E+00  0.000000E+00
  3.300000E-01  2.043216E+00  1.074633E+00  0.000000E+00  0.000000E+00  0.000000E+00  0.000000E+00  0.000000E+00  0.000000E+00
  3.320000E-01  2.046793E+00  1.078756E+00  0.000000E+00  0.000000E+00  0.000000E+00  0.000000E+00  0.000000E+00  0.000000E+00
  3.340000E-01  2.050354E+00  1.082861E+00  0.000000E+00  0.000000E+00  0.000000E+00  0.000000E+00  0.000000E+00  0.000000E+00
  3.360000E-01  2.053899E+00  1.086948E+00  0.000000E+00  0.000000E+00  0.000000E+00  0.000000E+00  0.000000E+00  0.000000E+00
  3.380000E-01  2.057428E+00  1.091018E+00  0.000000E+00  0.000000E+00  0.000000E+00  0.000000E+00  0.000000E+00  0.000000E+00
  3.400000E-01  2.060942E+00  1.095069E+00  0.000000E+00  0.000000E+00  0.000000E+00  0.000000E+00  0.000000E+00  0.000000E+00
  3.420000E-01  2.064440E+00  1.099103E+00  0.000000E+00  0.000000E+00  0.000000E+00  0.000000E+00  0.000000E+00  0.000000E+00
  3.440000E-01  2.067923E+00  1.103120E+00  0.000000E+00  0.000000E+00  0.000000E+00  0.000000E+00  0.000000E+00  0.000000E+00
  3.460000E-01  2.071391E+00  1.107119E+00  0.000000E+00  0.000000E+00  0.000000E+00  0.000000E+00  0.000000E+00  0.000000E+00
  3.480000E-01  2.074844E+00  1.111101E+00  0.000000E+00  0.000000E+00  0.000000E+00  0.000000E+00  0.000000E+00  0.000000E+00
  3.500000E-01  2.078283E+00  1.115066E+00  0.000000E+00  0.000000E+00  0.000000E+00  0.000000E+00  0.000000E+00  0.000000E+00
  3.520000E-01  2.081706E+00  1.119015E+00  0.000000E+00  0.000000E+00  0.000000E+00  0.000000E+00  0.000000E+00  0.000000E+00
  3.540000E-01  2.085116E+00  1.122946E+00  0.000000E+00  0.000000E+00  0.000000E+00  0.000000E+00  0.000000E+00  0.000000E+00
  3.560000E-01  2.088511E+00  1.126861E+00  0.000000E+00  0.000000E+00  0.000000E+00  0.000000E+00  0.000000E+00  0.000000E+00
  3.580000E-01  2.091892E+00  1.130760E+00  0.000000E+00  0.000000E+00  0.000000E+00  0.000000E+00  0.000000E+00  0.000000E+00
  3.600000E-01  2.095259E+00  1.134643E+00  0.000000E+00  0.000000E+00  0.000000E+00  0.000000E+00  0.000000E+00  0.000000E+00
  3.620000E-01  2.098612E+00  1.138509E+00  0.000000E+00  0.000000E+00  0.000000E+00  0.000000E+00  0.000000E+00  0.000000E+00
  3.640000E-01  2.101952E+00  1.142360E+00  0.000000E+00  0.000000E+00  0.000000E+00  0.000000E+00  0.000000E+00  0.000000E+00
  3.660000E-01  2.105278E+00  1.146194E+00  0.000000E+00  0.000000E+00  0.000000E+00  0.000000E+00  0.000000E+00  0.000000E+00
  3.680000E-01  2.108590E+00  1.150013E+00  0.000000E+00  0.000000E+00  0.000000E+00  0.000000E+00  0.000000E+00  0.000000E+00
  3.700000E-01  2.111890E+00  1.153816E+00  0.000000E+00  0.000000E+00  0.000000E+00  0.000000E+00  0.000000E+00  0.000000E+00
  3.720000E-01  2.115176E+00  1.157604E+00  0.000000E+00  0.000000E+00  0.000000E+00  0.000000E+00  0.000000E+00  0.000000E+00
  3.740000E-01  2.118449E+00  1.161377E+00  0.000000E+00  0.000000E+00  0.000000E+00  0.000000E+00  0.000000E+00  0.000000E+00
  3.760000E-01  2.121710E+00  1.165134E+00  0.000000E+00  0.000000E+00  0.000000E+00  0.000000E+00  0.000000E+00  0.000000E+00
  3.780000E-01  2.124958E+00  1.168876E+00  0.000000E+00  0.000000E+00  0.000000E+00  0.000000E+00  0.000000E+00  0.000000E+00
  3.800000E-01  2.128193E+00  1.172603E+00  0.000000E+00  0.000000E+00  0.000000E+00  0.000000E+00  0.000000E+00  0.000000E+00
  3.820000E-01  2.131416E+00  1.176315E+00  0.000000E+00  0.000000E+00  0.000000E+00  0.000000E+00  0.000000E+00  0.000000E+00
  3.840000E-01  2.134626E+00  1.180013E+00  0.000000E+00  0.000000E+00  0.000000E+00  0.000000E+00  0.000000E+00  0.000000E+00
  3.860000E-01  2.137824E+00  1.183696E+00  0.000000E+00  0.000000E+00  0.000000E+00  0.000000E+00  0.000000E+00  0.000000E+00
  3.880000E-01  2.141010E+00  1.187365E+00  0.000000E+00  0.000000E+00  0.000000E+00  0.000000E+00  0.000000E+00  0.000000E+00
  3.900000E-01  2.144185E+00  1.191019E+00  0.000000E+00  0.000000E+00  0.000000E+00  0.000000E+00  0.000000E+00  0.000000E+00
  3.920000E-01  2.147347E+00  1.194658E+00  0.000000E+00  0.000000E+00  0.000000E+00  0.000000E+00  0.000000E+00  0.000000E+00
  3.940000E-01  2.150497E+00  1.198284E+00  0.000000E+00  0.000000E+00  0.000000E+00  0.000000E+00  0.000000E+00  0.000000E+00
  3.960000E-01  2.153636E+00  1.201896E+00  0.000000E+00  0.000000E+00  0.000000E+00  0.000000E+00  0.000000E+00  0.000000E+00
  3.980000E-01  2.156764E+00  1.205493E+00  0.000000E+00  0.000000E+00  0.000000E+00  0.000000E+00  0.000000E+00  0.000000E+00
  4.000000E-01  2.159880E+00  1.209077E+00  0.000000E+00  0.000000E+00  0.000000E+00  0.000000E+00  0.000000E+00  0.000000E+00
  4.020000E-01  2.162985E+00  1.212647E+00  0.000000E+00  0.000000E+00  0.000000E+00  0.000000E+00  0.000000E+00  0.000000E+00
  4.040000E-01  2.166078E+00  1.216204E+00  0.000000E+00  0.000000E+00  0.000000E+00  0.000000E+00  0.000000E+00  0.000000E+00
  4.060000E-01  2.169161E+00  1.219747E+00  0.000000E+00  0.000000E+00  0.000000E+00  0.000000E+00  0.000000E+00  0.000000E+00
  4.080000E-01  2.172232E+00  1.223277E+00  0.000000E+00  0.000000E+00  0.000000E+00  0.000000E+00  0.000000E+00  0.000000E+00
  4.100000E-01  2.175293E+00  1.226793E+00  0.000000E+00  0.000000E+00  0.000000E+00  0.000000E+00  0.000000E+00  0.000000E+00
  4.120000E-01  2.178343E+00  1.230296E+00  0.000000E+00  0.000000E+00  0.000000E+00  0.000000E+00  0.000000E+00  0.000000E+00
  4.140000E-01  2.181382E+00  1.233786E+00  0.000000E+00  0.000000E+00  0.000000E+00  0.000000E+00  0.000000E+00  0.000000E+00
  4.160000E-01  2.184411E+00  1.237263E+00  0.000000E+00  0.000000E+00  0.000000E+00  0.000000E+00  0.000000E+00  0.000000E+00
  4.180000E-01  2.187429E+00  1.240727E+00  0.000000E+00  0.000000E+00  0.000000E+00  0.000000E+00  0.000000E+00  0.000000E+00
  4.200000E-01  2.190437E+00  1.244178E+00  0.000000E+00  0.000000E+00  0.000000E+00  0.000000E+00  0.000000E+00  0.000000E+00
  4.220000E-01  2.193434E+00  1.247616E+00  0.000000E+00  0.000000E+00  0.000000E+00  0.000000E+00  0.000000E+00  0.000000E+00
  4.240000E-01  2.196421E+00  1.251042E+00  0.000000E+00  0.000000E+00  0.000000E+00  0.000000E+00  0.000000E+00  0.000000E+00
  4.260000E-01  2.199399E+00  1.254455E+00  0.000000E+00  0.000000E+00  0.000000E+00  0.000000E+00  0.000000E+00  0.000000E+00
  4.280000E-01  2.202366E+00  1.257856E+00  0.000000E+00  0.000000E+00  0.000000E+00  0.000000E+00  0.000000E+00  0.000000E+00
  4.300000E-01  2.205323E+00  1.261245E+00  0.000000E+00  0.000000E+00  0.000000E+00  0.000000E+00  0.000000E+00  0.000000E+00
  4.320000E-01  2.208271E+00  1.264621E+00  0.000000E+00  0.000000E+00  0.000000E+00  0.000000E+00  0.000000E+00  0.000000E+00
  4.340000E-01  2.211208E+00  1.267985E+00  0.000000E+00  0.000000E+00  0.000000E+00  0.000000E+00  0.000000E+00  0.000000E+00
  4.360000E-01  2.214137E+00  1.271337E+00  0.000000E+00  0.000000E+00  0.000000E+00  0.000000E+00  0.000000E+00  0.000000E+00
  4.380000E-01  2.217055E+00  1.274677E+00  0.000000E+00  0.000000E+00  0.000000E+00  0.000000E+00  0.000000E+00  0.000000E+00
  4.400000E-01  2.219964E+00  1.278005E+00  0.000000E+00  0.000000E+00  0.000000E+00  0.000000E+00  0.000000E+00  0.000000E+00
  4.420000E-01  2.222864E+00  1.281321E+00  0.000000E+00  0.000000E+00  0.000000E+00  0.000000E+00  0.000000E+00  0.000000E+00
  4.440000E-01  2.225754E+00  1.284626E+00  0.000000E+00  0.000000E+00  0.000000E+00  0.000000E+00  0.000000E+00  0.000000E+00
  4.460000E-01  2.228635E+00  1.287918E+00  0.000000E+00  0.000000E+00  0.000000E+00  0.000000E+00  0.000000E+00  0.000000E+00
  4.480000E-01  2.231507E+00  1.291199E+00  0.000000E+00  0.000000E+00  0.000000E+00  0.000000E+00  0.000000E+00  0.000000E+00
  4.500000E-01  2.234370E+00  1.294469E+00  0.000000E+00  0.000000E+00  0.000000E+00  0.000000E+00  0.000000E+00  0.000000E+00
  4.520000E-01  2.237224E+00  1.297727E+00  0.000000E+00  0.000000E+00  0.000000E+00  0.000000E+00  0.000000E+00  0.000000E+00
  4.540000E-01  2.240069E+00  1.300974E+00  0.000000E+00  0.000000E+00  0.000000E+00  0.000000E+00  0.000000E+00  0.000000E+00
  4.560000E-01  2.242905E+00  1.304210E+00  0.000000E+00  0.000000E+00  0.000000E+00  0.000000E+00  0.000000E+00  0.000000E+00
  4.580000E-01  2.241476E+00  1.309872E+00  0.000000E+00  3.726497E-01  0.000000E+00  0.000000E+00  0.000000E+00  0.000000E+00
  4.600000E-01  2.242314E+00  1.314201E+00  0.000000E+00  4.235343E-01  0.000000E+00  0.000000E+00  0.000000E+00  0.000000E+00
  4.620000E-01  2.243022E+00  1.318576E+00  0.000000E+00  4.668674E-01  0.000000E+00  0.000000E+00  0.000000E+00  0.000000E+00
  4.640000E-01  2.243636E+00  1.322976E+00  0.000000E+00  5.048608E-01  0.000000E+00  0.000000E+00  0.000000E+00  0.000000E+00
  4.660000E-01  2.244179E+00  1.327388E+00  0.000000E+00  5.388379E-01  0.000000E+00  0.000000E+00  0.000000E+00  0.000000E+00
  4.680000E-01  2.244668E+00  1.331803E+00  0.000000E+00  5.696647E-01  0.000000E+00  0.000000E+00  0.000000E+00  0.000000E+00
  4.700000E-01  2.245115E+00  1.336213E+00  0.000000E+00  5.979436E-01  0.000000E+00  0.000000E+00  0.000000E+00  0.000000E+00
  4.720000E-01  2.245528E+00  1.340615E+00  0.000000E+00  6.241129E-01  0.000000E+00  0.000000E+00  0.000000E+00  0.000000E+00
  4.740000E-01  2.246313E+00  1.344431E+00  0.000000E+00  6.184799E-01  0.000000E+00  0.000000E+00  3.214728E-01  0.000000E+00
  4.760000E-01  2.246909E+00  1.348500E+00  0.000000E+00  6.277848E-01  0.000000E+00  0.000000E+00  3.695123E-01  0.000000E+00
  4.780000E-01  2.247521E+00  1.352516E+00  0.000000E+00  6.351090E-01  0.000000E+00  0.000000E+00  4.114444E-01  0.000000E+00
  4.800000E-01  2.248150E+00  1.356483E+00  0.000000E+00  6.407961E-01  0.000000E+00  0.000000E+00  4.490730E-01  0.000000E+00
  4.820000E-01  2.248793E+00  1.360405E+00  0.000000E+00  6.450833E-01  0.000000E+00  0.000000E+00  4.834593E-01  0.000000E+00
  4.840000E-01  2.249449E+00  1.364284E+00  0.000000E+00  6.481433E-01  0.000000E+00  0.000000E+00  5.152891E-01  0.000000E+00
  4.860000E-01  2.250118E+00  1.368122E+00  0.000000E+00  6.501058E-01  0.000000E+00  0.000000E+00  5.450349E-01  0.000000E+00
  4.880000E-01  2.250798E+00  1.371922E+00  0.000000E+00  6.510705E-01  0.000000E+00  0.000000E+00  5.730386E-01  0.000000E+00
  4.900000E-01  2.251489E+00  1.375686E+00  0.000000E+00  6.511156E-01  0.000000E+00  0.000000E+00  5.995565E-01  0.000000E+00
  4.920000E-01  2.252189E+00  1.379415E+00  0.000000E+00  6.503028E-01  0.000000E+00  0.000000E+00  6.247865E-01  0.000000E+00
  4.940000E-01  2.252898E+00  1.383111E+00  0.000000E+00  6.486813E-01  0.000000E+00  0.000000E+00  6.488848E-01  0.000000E+00
  4.960000E-01  2.253615E+00  1.386775E+00  0.000000E+00  6.462899E-01  0.000000E+00  0.000000E+00  6.719775E-01  0.000000E+00
  4.980000E-01  2.254339E+00  1.390409E+00  0.000000E+00  6.431596E-01  0.000000E+00  0.000000E+00  6.941673E-01  0.000000E+00
  5.000000E-01  2.255070E+00  1.394013E+00  0.000000E+00  6.393147E-01  0.000000E+00  0.000000E+00  7.155396E-01  0.000000E+00
  5.020000E-01  2.255806E+00  1.397590E+00  0.000000E+00  6.347739E-01  0.000000E+00  0.000000E+00  7.361657E-01  0.000000E+00
  5.040000E-01  2.256547E+00  1.401141E+00  0.000000E+00  6.295514E-01  0.000000E+00  0.000000E+00  7.561058E-01  0.000000E+00
  5.060000E-01  2.257292E+00  1.404666E+00  0.000000E+00  6.236572E-01  0.000000E+00  0.000000E+00  7.754111E-01  0.000000E+00
  5.080000E-01  2.258040E+00  1.408167E+00  0.000000E+00  6.170985E-01  0.000000E+00  0.000000E+00  7.941254E-01  0.000000E+00
  5.100000E-01  2.258790E+00  1.411645E+00  0.000000E+00  6.098793E-01  0.000000E+00  0.000000E+00  8.122861E-01  0.000000E+00
  5.120000E-01  2.259541E+00  1.415102E+00  0.000000E+00  6.020016E-01  0.000000E+00  0.000000E+00  8.299254E-01  0.000000E+00
  5.140000E-01  2.260293E+00  1.418538E+00  0.000000E+00  5.934655E-01  0.000000E+00  0.000000E+00  8.470710E-01  0.000000E+00
  5.160000E-01  2.261043E+00  1.421954E+00  0.000000E+00  5.842696E-01  0.000000E+00  0.000000E+00  8.637466E-01  0.000000E+00
  5.180000E-01  2.261791E+00  1.425353E+00  0.000000E+00  5.744116E-01  0.000000E+00  0.000000E+00  8.799726E-01  0.000000E+00
  5.200000E-01  2.262535E+00  1.428735E+00  0.000000E+00  5.638884E-01  0.000000E+00  0.000000E+00  8.957666E-01  0.000000E+00
  5.220000E-01  2.263275E+00  1.432103E+00  0.000000E+00  5.526967E-01  0.000000E+00  0.000000E+00  9.111434E-01  0.000000E+00
  5.240000E-01  2.264008E+00  1.435456E+00  0.000000E+00  5.408330E-01  0.000000E+00  0.000000E+00  9.261159E-01  0.000000E+00
  5.260000E-01  2.264734E+00  1.438796E+00  0.000000E+00  5.282943E-01  0.000000E+00  0.000000E+00  9.406950E-01  0.000000E+00
  5.280000E-01  2.265450E+00  1.442126E+00  0.000000E+00  5.150776E-01  0.000000E+00  0.000000E+00  9.548900E-01  0.000000E+00
  5.300000E-01  2.266156E+00  1.445446E+00  0.000000E+00  5.011806E-01  0.000000E+00  0.000000E+00  9.687091E-01  0.000000E+00
  5.320000E-01  2.266850E+00  1.448757E+00  0.000000E+00  4.866012E-01  0.000000E+00  0.000000E+00  9.821596E-01  0.000000E+00
  5.340000E-01  2.267530E+00  1.452062E+00  0.000000E+00  4.713372E-01  0.000000E+00  0.000000E+00  9.952480E-01  0.000000E+00
  5.360000E-01  2.268194E+00  1.455361E+00  0.000000E+00  4.553857E-01  0.000000E+00  0.000000E+00  1.007981E+00  0.000000E+00
  5.380000E-01  2.268843E+00  1.458655E+00  0.000000E+00  4.387424E-01  0.000000E+00  0.000000E+00  1.020363E+00  0.000000E+00
  5.400000E-01  2.269473E+00  1.461946E+00  0.000000E+00  4.214000E-01  0.000000E+00  0.000000E+00  1.032403E+00  0.000000E+00
  5.420000E-01  2.270084E+00  1.465236E+00  0.000000E+00  4.033464E-01  0.000000E+00  0.000000E+00  1.044105E+00  0.000000E+00
  5.440000E-01  2.270675E+00  1.468524E+00  0.000000E+00  3.845627E-01  0.000000E+00  0.000000E+00  1.055477E+00  0.000000E+00
  5.460000E-01  2.271246E+00  1.471811E+00  0.000000E+00  3.650191E-01  0.000000E+00  0.000000E+00  1.066526E+00  0.000000E+00
  5.480000E-01  2.271794E+00  1.475099E+00  0.000000E+00  3.446713E-01  0.000000E+00  0.000000E+00  1.077260E+00  0.000000E+00
  5.500000E-01  2.272321E+00  1.478388E+00  0.000000E+00  3.234534E-01  0.000000E+00  0.000000E+00  1.087688E+00  0.000000E+00
  5.520000E-01  2.272824E+00  1.481678E+00  0.000000E+00  3.012686E-01  0.000000E+00  0.000000E+00  1.097818E+00  0.000000E+00
  5.540000E-01  2.273305E+00  1.484969E+00  0.000000E+00  2.779743E-01  0.000000E+00  0.000000E+00  1.107659E+00  0.000000E+00
  5.560000E-01  2.273763E+00  1.488262E+00  0.000000E+00  2.533574E-01  0.000000E+00  0.000000E+00  1.117221E+00  0.000000E+00
  5.580000E-01  2.274198E+00  1.491558E+00  0.000000E+00  2.270887E-01  0.000000E+00  0.000000E+00  1.126511E+00  0.000000E+00
  5.600000E-01  2.274609E+00  1.494855E+00  0.000000E+00  1.986309E-01  0.000000E+00  0.000000E+00  1.135540E+00  0.000000E+00
  5.620000E-01  2.274997E+00  1.498156E+00  0.000000E+00  1.670229E-01  0.000000E+00  0.000000E+00  1.144313E+00  0.000000E+00
  5.640000E-01  2.275361E+00  1.501459E+00  0.000000E+00  1.302428E-01  0.000000E+00  0.000000E+00  1.152834E+00  0.000000E+00
  5.660000E-01  2.275700E+00  1.504766E+00  0.000000E+00  8.224732E-02  0.000000E+00  0.000000E+00  1.161101E+00  0.000000E+00
  5.680000E-01  2.276005E+00  1.508083E+00  0.000000E+00  0.000000E+00  0.000000E+00  0.000000E+00  1.169070E+00  0.000000E+00
  5.700000E-01  2.276291E+00  1.511399E+00  0.000000E+00  0.000000E+00  0.000000E+00  0.000000E+00  1.176844E+00  0.000000E+00
  5.720000E-01  2.276574E+00  1.514705E+00  0.000000E+00  0.000000E+00  0.000000E+00  0.000000E+00  1.184525E+00  0.000000E+00
  5.740000E-01  2.276853E+00  1.517999E+00  0.000000E+00  0.000000E+00  0.000000E+00  0.000000E+00  1.192116E+00  0.000000E+00
  5.760000E-01  2.277128E+00  1.521283E+00  0.000000E+00  0.000000E+00  0.000000E+00  0.000000E+00  1.199618E+00  0.000000E+00
  5.780000E-01  2.277400E+00  1.524555E+00  0.000000E+00  0.000000E+00  0.000000E+00  0.000000E+00  1.207035E+00  0.000000E+00
  5.800000E-01  2.277668E+00  1.527818E+00  0.000000E+00  0.000000E+00  0.000000E+00  0.000000E+00  1.214369E+00  0.000000E+00
  5.820000E-01  2.277933E+00  1.531069E+00  0.000000E+00  0.000000E+00  0.000000E+00  0.000000E+00  1.221622E+00  0.000000E+00
  5.840000E-01  2.278194E+00  1.534310E+00  0.000000E+00  0.000000E+00  0.000000E+00  0.000000E+00  1.228795E+00  0.000000E+00
  5.860000E-01  2.278452E+00  1.537541E+00  0.000000E+00  0.000000E+00  0.000000E+00  0.000000E+00  1.235893E+00  0.000000E+00
  5.880000E-01  2.278707E+00  1.540761E+00  0.000000E+00  0.000000E+00  0.000000E+00  0.000000E+00  1.242915E+00  0.000000E+00
  5.900000E-01  2.278958E+00  1.543971E+00  0.000000E+00  0.000000E+00  0.000000E+00  0.000000E+00  1.249865E+00  0.000000E+00
  5.920000E-01  2.279207E+00  1.547171E+00  0.000000E+00  0.000000E+00  0.000000E+00  0.000000E+00  1.256744E+00  0.000000E+00
  5.940000E-01  2.279452E+00  1.550361E+00  0.000000E+00  0.000000E+00  0.000000E+00  0.000000E+00  1.263553E+00  0.000000E+00
  5.960000E-01  2.279694E+00  1.553541E+00  0.000000E+00  0.000000E+00  0.000000E+00  0.000000E+00  1.270295E+00  0.000000E+00
  5.980000E-01  2.279933E+00  1.556712E+00  0.000000E+00  0.000000E+00  0.000000E+00  0.000000E+00  1.276971E+00  0.000000E+00
  6.000000E-01  2.280170E+00  1.559872E+00  0.000000E+00  0.000000E+00  0.000000E+00  0.000000E+00  1.283582E+00  0.000000E+00
  6.020000E-01  2.280403E+00  1.563023E+00  0.000000E+00  0.000000E+00  0.000000E+00  0.000000E+00  1.290130E+00  0.000000E+00
  6.040000E-01  2.280633E+00  1.566165E+00  0.000000E+00  0.000000E+00  0.000000E+00  0.000000E+00  1.296617E+00  0.000000E+00
  6.060000E-01  2.280861E+00  1.569296E+00  0.000000E+00  0.000000E+00  0.000000E+00  0.000000E+00  1.303044E+00  0.000000E+00
  6.080000E-01  2.281085E+00  1.572419E+00  0.000000E+00  0.000000E+00  0.000000E+00  0.000000E+00  1.309412E+00  0.000000E+00
  6.100000E-01  2.281307E+00  1.575532E+00  0.000000E+00  0.000000E+00  0.000000E+00  0.000000E+00  1.315723E+00  0.000000E+00
  6.120000E-01  2.281526E+00  1.578636E+00  0.000000E+00  0.000000E+00  0.000000E+00  0.000000E+00  1.321977E+00  0.000000E+00
  6.140000E-01  2.281743E+00  1.581731E+00  0.000000E+00  0.000000E+00  0.000000E+00  0.000000E+00  1.328176E+00  0.000000E+00
  6.160000E-01  2.281956E+00  1.584817E+00  0.000000E+00  0.000000E+00  0.000000E+00  0.000000E+00  1.334322E+00  0.000000E+00
  6.180000E-01  2.282168E+00  1.587893E+00  0.000000E+00  0.000000E+00  0.000000E+00  0.000000E+00  1.340414E+00  0.000000E+00
  6.200000E-01  2.282376E+00  1.590961E+00  0.000000E+00  0.000000E+00  0.000000E+00  0.000000E+00  1.346455E+00  0.000000E+00
  6.220000E-01  2.282582E+00  1.594020E+00  0.000000E+00  0.000000E+00  0.000000E+00  0.000000E+00  1.352445E+00  0.000000E+00
  6.240000E-01  2.282786E+00  1.597071E+00  0.000000E+00  0.000000E+00  0.000000E+00  0.000000E+00  1.358386E+00  0.000000E+00
  6.260000E-01  2.282986E+00  1.600112E+00  0.000000E+00  0.000000E+00  0.000000E+00  0.000000E+00  1.364278E+00  0.000000E+00
  6.280000E-01  2.283185E+00  1.603145E+00  0.000000E+00  0.000000E+00  0.000000E+00  0.000000E+00  1.370122E+00  0.000000E+00
  6.300000E-01  2.283381E+00  1.606170E+00  0.000000E+00  0.000000E+00  0.000000E+00  0.000000E+00  1.375920E+00  0.000000E+00
  6.320000E-01  2.283575E+00  1.609186E+00  0.000000E+00  0.000000E+00  0.000000E+00  0.000000E+00  1.381671E+00  0.000000E+00
  6.340000E-01  2.283766E+00  1.612194E+00  0.000000E+00  0.000000E+00  0.000000E+00  0.000000E+00  1.387378E+00  0.000000E+00
  6.360000E-01  2.283955E+00  1.615193E+00  0.000000E+00  0.000000E+00  0.000000E+00  0.000000E+00  1.393040E+00  0.000000E+00
  6.380000E-01  2.284141E+00  1.618184E+00  0.000000E+00  0.000000E+00  0.000000E+00  0.000000E+00  1.398659E+00  0.000000E+00
  6.400000E-01  2.284325E+00  1.621168E+00  0.000000E+00  0.000000E+00  0.000000E+00  0.000000E+00  1.404235E+00  0.000000E+00
  6.420000E-01  2.284507E+00  1.624143E+00  0.000000E+00  0.000000E+00  0.000000E+00  0.000000E+00  1.409770E+00  0.000000E+00
  6.440000E-01  2.284687E+00  1.627110E+00  0.000000E+00  0.000000E+00  0.000000E+00  0.000000E+00  1.415263E+00  0.000000E+00
  6.460000E-01  2.284864E+00  1.630069E+00  0.000000E+00  0.000000E+00  0.000000E+00  0.000000E+00  1.420716E+00  0.000000E+00
  6.480000E-01  2.285040E+00  1.633020E+00  0.000000E+00  0.000000E+00  0.000000E+00  0.000000E+00  1.426129E+00  0.000000E+00
  6.500000E-01  2.285213E+00  1.635963E+00  0.000000E+00  0.000000E+00  0.000000E+00  0.000000E+00  1.431504E+00  0.000000E+00
  6.520000E-01  2.285384E+00  1.638899E+00  0.000000E+00  0.000000E+00  0.000000E+00  0.000000E+00  1.436840E+00  0.000000E+00
  6.540000E-01  2.285553E+00  1.641827E+00  0.000000E+00  0.000000E+00  0.000000E+00  0.000000E+00  1.442138E+00  0.000000E+00
  6.560000E-01  2.285719E+00  1.644748E+00  0.000000E+00  0.000000E+00  0.000000E+00  0.000000E+00  1.447399E+00  0.000000E+00
  6.580000E-01  2.285884E+00  1.647660E+00  0.000000E+00  0.000000E+00  0.000000E+00  0.000000E+00  1.452624E+00  0.000000E+00
  6.600000E-01  2.286047E+00  1.650566E+00  0.000000E+00  0.000000E+00  0.000000E+00  0.000000E+00  1.457813E+00  0.000000E+00
  6.620000E-01  2.286207E+00  1.653464E+00  0.000000E+00  0.000000E+00  0.000000E+00  0.000000E+00  1.462966E+00  0.000000E+00
  6.640000E-01  2.286366E+00  1.656355E+00  0.000000E+00  0.000000E+00  0.000000E+00  0.000000E+00  1.468085E+00  0.000000E+00
  6.660000E-01  2.286522E+00  1.659238E+00  0.000000E+00  0.000000E+00  0.000000E+00  0.000000E+00  1.473170E+00  0.000000E+00
  6.680000E-01  2.286677E+00  1.662114E+00  0.000000E+00  0.000000E+00  0.000000E+00  0.000000E+00  1.478221E+00  0.000000E+00
  6.700000E-01  2.286829E+00  1.664983E+00  0.000000E+00  0.000000E+00  0.000000E+00  0.000000E+00  1.483239E+00  0.000000E+00
  6.720000E-01  2.286980E+00  1.667845E+00  0.000000E+00  0.000000E+00  0.000000E+00  0.000000E+00  1.488224E+00  0.000000E+00
  6.740000E-01  2.287128E+00  1.670700E+00  0.000000E+00  0.000000E+00  0.000000E+00  0.000000E+00  1.493177E+00  0.000000E+00
  6.760000E-01  2.287275E+00  1.673548E+00  0.000000E+00  0.000000E+00  0.000000E+00  0.000000E+00  1.498098E+00  0.000000E+00
  6.780000E-01  2.287420E+00  1.676388E+00  0.000000E+00  0.000000E+00  0.000000E+00  0.000000E+00  1.502989E+00  0.000000E+00
  6.800000E-01  2.287563E+00  1.679223E+00  0.000000E+00  0.000000E+00  0.000000E+00  0.000000E+00  1.507848E+00  0.000000E+00
  6.820000E-01  2.287704E+00  1.682050E+00  0.000000E+00  0.000000E+00  0.000000E+00  0.000000E+00  1.512677E+00  0.000000E+00
  6.840000E-01  2.287843E+00  1.684870E+00  0.000000E+00  0.000000E+00  0.000000E+00  0.000000E+00  1.517477E+00  0.000000E+00
  6.860000E-01  2.287981E+00  1.687684E+00  0.000000E+00  0.000000E+00  0.000000E+00  0.000000E+00  1.522247E+00  0.000000E+00
  6.880000E-01  2.288117E+00  1.690491E+00  0.000000E+00  0.000000E+00  0.000000E+00  0.000000E+00  1.526988E+00  0.000000E+00
  6.900000E-01  2.288250E+00  1.693292E+00  0.000000E+00  0.000000E+00  0.000000E+00  0.000000E+00  1.531700E+00  0.000000E+00
  6.920000E-01  2.288382E+00  1.696085E+00  0.000000E+00  0.000000E+00  0.000000E+00  0.000000E+00  1.536384E+00  0.000000E+00
  6.940000E-01  2.288513E+00  1.698873E+00  0.000000E+00  0.000000E+00  0.000000E+00  0.000000E+00  1.541041E+00  0.000000E+00
  6.960000E-01  2.288641E+00  1.701654E+00  0.000000E+00  0.000000E+00  0.000000E+00  0.000000E+00  1.545670E+00  0.000000E+00
  6.980000E-01  2.288768E+00  1.704429E+00  0.000000E+00  0.000000E+00  0.000000E+00  0.000000E+00  1.550272E+00  0.000000E+00
  7.000000E-01  2.288894E+00  1.707197E+00  0.000000E+00  0.000000E+00  0.000000E+00  0.000000E+00  1.554847E+00  0.000000E+00
  7.020000E-01  2.289017E+00  1.709959E+00  0.000000E+00  0.000000E+00  0.000000E+00  0.000000E+00  1.559396E+00  0.000000E+00
  7.040000E-01  2.289139E+00  1.712715E+00  0.000000E+00  0.000000E+00  0.000000E+00  0.000000E+00  1.563919E+00  0.000000E+00
  7.060000E-01  2.289259E+00  1.715464E+00  0.000000E+00  0.000000E+00  0.000000E+00  0.000000E+00  1.568416E+00  0.000000E+00
  7.080000E-01  2.289377E+00  1.718208E+00  0.000000E+00  0.000000E+00  0.000000E+00  0.000000E+00  1.572888E+00  0.000000E+00
  7.100000E-01  2.289494E+00  1.720945E+00  0.000000E+00  0.000000E+00  0.000000E+00  0.000000E+00  1.577335E+00  0.000000E+00
  7.120000E-01  2.289609E+00  1.723676E+00  0.000000E+00  0.000000E+00  0.000000E+00  0.000000E+00  1.581757E+00  0.000000E+00
  7.140000E-01  2.289723E+00  1.726401E+00  0.000000E+00  0.000000E+00  0.000000E+00  0.000000E+00  1.586155E+00  0.000000E+00
  7.160000E-01  2.289835E+00  1.729121E+00  0.000000E+00  0.000000E+00  0.000000E+00  0.000000E+00  1.590529E+00  0.000000E+00
  7.180000E-01  2.289945E+00  1.731834E+00  0.000000E+00  0.000000E+00  0.000000E+00  0.000000E+00  1.594879E+00  0.000000E+00
  7.200000E-01  2.290054E+00  1.734542E+00  0.000000E+00  0.000000E+00  0.000000E+00  0.000000E+00  1.599206E+00  0.000000E+00
  7.220000E-01  2.290161E+00  1.737244E+00  0.000000E+00  0.000000E+00  0.000000E+00  0.000000E+00  1.603509E+00  0.000000E+00
  7.240000E-01  2.290267E+00  1.739940E+00  0.000000E+00  0.000000E+00  0.000000E+00  0.000000E+00  1.607790E+00  0.000000E+00
  7.260000E-01  2.290371E+00  1.742630E+00  0.000000E+00  0.000000E+00  0.000000E+00  0.000000E+00  1.612048E+00  0.000000E+00
  7.280000E-01  2.290474E+00  1.745314E+00  0.000000E+00  0.000000E+00  0.000000E+00  0.000000E+00  1.616283E+00  0.000000E+00
  7.300000E-01  2.290575E+00  1.747993E+00  0.000000E+00  0.000000E+00  0.000000E+00  0.000000E+00  1.620497E+00  0.000000E+00
  7.320000E-01  2.290674E+00  1.750667E+00  0.000000E+00  0.000000E+00  0.000000E+00  0.000000E+00  1.624688E+00  0.000000E+00
  7.340000E-01  2.290772E+00  1.753334E+00  0.000000E+00  0.000000E+00  0.000000E+00  0.000000E+00  1.628859E+00  0.000000E+00
  7.360000E-01  2.290869E+00  1.755997E+00  0.000000E+00  0.000000E+00  0.000000E+00  0.000000E+00  1.633007E+00  0.000000E+00
  7.380000E-01  2.290964E+00  1.758654E+00  0.000000E+00  0.000000E+00  0.000000E+00  0.000000E+00  1.637135E+00  0.000000E+00
  7.400000E-01  2.291058E+00  1.761305E+00  0.000000E+00  0.000000E+00  0.000000E+00  0.000000E+00  1.641242E+00  0.000000E+00
  7.420000E-01  2.290813E+00  1.763307E+00  2.599108E-01  0.000000E+00  0.000000E+00  0.000000E+00  1.644560E+00  0.000000E+00
  7.440000E-01  2.290807E+00  1.765764E+00  2.827002E-01  0.000000E+00  0.000000E+00  0.000000E+00  1.648410E+00  0.000000E+00
  7.460000E-01  2.290793E+00  1.768203E+00  3.038018E-01  0.000000E+00  0.000000E+00  0.000000E+00  1.652224E+00  0.000000E+00
  7.480000E-01  2.290769E+00  1.770623E+00  3.235429E-01  0.000000E+00  0.000000E+00  0.000000E+00  1.656004E+00  0.000000E+00
  7.500000E-01  2.290738E+00  1.773026E+00  3.421565E-01  0.000000E+00  0.000000E+00  0.000000E+00  1.659750E+00  0.000000E+00
  7.520000E-01  2.290700E+00  1.775412E+00  3.598157E-01  0.000000E+00  0.000000E+00  0.000000E+00  1.663464E+00  0.000000E+00
  7.540000E-01  2.290653E+00  1.777782E+00  3.766530E-01  0.000000E+00  0.000000E+00  0.000000E+00  1.667148E+00  0.000000E+00
  7.560000E-01  2.290600E+00  1.780138E+00  3.927726E-01  0.000000E+00  0.000000E+00  0.000000E+00  1.670801E+00  0.000000E+00
  7.580000E-01  2.290541E+00  1.782479E+00  4.082585E-01  0.000000E+00  0.000000E+00  0.000000E+00  1.674426E+00  0.000000E+00
  7.600000E-01  2.290475E+00  1.784806E+00  4.231790E-01  0.000000E+00  0.000000E+00  0.000000E+00  1.678022E+00  0.000000E+00
  7.620000E-01  2.290402E+00  1.787119E+00  4.375911E-01  0.000000E+00  0.000000E+00  0.000000E+00  1.681591E+00  0.000000E+00
  7.640000E-01  2.290324E+00  1.789419E+00  4.515426E-01  0.000000E+00  0.000000E+00  0.000000E+00  1.685133E+00  0.000000E+00
  7.660000E-01  2.290239E+00  1.791706E+00  4.650743E-01  0.000000E+00  0.000000E+00  0.000000E+00  1.688649E+00  0.000000E+00
  7.680000E-01  2.290149E+00  1.793981E+00  4.782211E-01  0.000000E+00  0.000000E+00  0.000000E+00  1.692140E+00  0.000000E+00
  7.700000E-01  2.290054E+00  1.796244E+00  4.910133E-01  0.000000E+00  0.000000E+00  0.000000E+00  1.695605E+00  0.000000E+00
  7.720000E-01  2.289953E+00  1.798496E+00  5.034775E-01  0.000000E+00  0.000000E+00  0.000000E+00  1.699046E+00  0.000000E+00
  7.740000E-01  2.289847E+00  1.800735E+00  5.156368E-01  0.000000E+00  0.000000E+00  0.000000E+00  1.702463E+00  0.000000E+00
  7.760000E-01  2.289736E+00  1.802964E+00  5.275120E-01  0.000000E+00  0.000000E+00  0.000000E+00  1.705857E+00  0.000000E+00
  7.780000E-01  2.289620E+00  1.805182E+00  5.391214E-01  0.000000E+00  0.000000E+00  0.000000E+00  1.709227E+00  0.000000E+00
  7.800000E-01  2.289499E+00  1.807389E+00  5.504815E-01  0.000000E+00  0.000000E+00  0.000000E+00  1.712575E+00  0.000000E+00
  7.820000E-01  2.289373E+00  1.809586E+00  5.616069E-01  0.000000E+00  0.000000E+00  0.000000E+00  1.715901E+00  0.000000E+00
  7.840000E-01  2.289243E+00  1.811773E+00  5.725112E-01  0.000000E+00  0.000000E+00  0.000000E+00  1.719205E+00  0.000000E+00
  7.860000E-01  2.289108E+00  1.813949E+00  5.832063E-01  0.000000E+00  0.000000E+00  0.000000E+00  1.722488E+00  0.000000E+00
  7.880000E-01  2.288969E+00  1.816116E+00  5.937034E-01  0.000000E+00  0.000000E+00  0.000000E+00  1.725749E+00  0.000000E+00
  7.900000E-01  2.288825E+00  1.818274E+00  6.040125E-01  0.000000E+00  0.000000E+00  0.000000E+00  1.728990E+00  0.000000E+00
  7.920000E-01  2.288677E+00  1.820422E+00  6.141427E-01  0.000000E+00  0.000000E+00  0.000000E+00  1.732211E+00  0.000000E+00
  7.940000E-01  2.288525E+00  1.822561E+00  6.241028E-01  0.000000E+00  0.000000E+00  0.000000E+00  1.735411E+00  0.000000E+00
  7.960000E-01  2.288369E+00  1.824691E+00  6.339003E-01  0.000000E+00  0.000000E+00  0.000000E+00  1.738592E+00  0.000000E+00
  7.980000E-01  2.288208E+00  1.826812E+00  6.435426E-01  0.000000E+00  0.000000E+00  0.000000E+00  1.741754E+00  0.000000E+00
  8.000000E-01  2.288044E+00  1.828925E+00  6.530364E-01  0.000000E+00  0.000000E+00  0.000000E+00  1.744896E+00  0.000000E+00
  8.020000E-01  2.287876E+00  1.831029E+00  6.623879E-01  0.000000E+00  0.000000E+00  0.000000E+00  1.748020E+00  0.000000E+00
  8.040000E-01  2.287704E+00  1.833125E+00  6.716028E-01  0.000000E+00  0.000000E+00  0.000000E+00  1.751125E+00  0.000000E+00
  8.060000E-01  2.287529E+00  1.835212E+00  6.806867E-01  0.000000E+00  0.000000E+00  0.000000E+00  1.754212E+00  0.000000E+00
  8.080000E-01  2.287349E+00  1.837292E+00  6.896444E-01  0.000000E+00  0.000000E+00  0.000000E+00  1.757281E+00  0.000000E+00
  8.100000E-01  2.287166E+00  1.839364E+00  6.984809E-01  0.000000E+00  0.000000E+00  0.000000E+00  1.760332E+00  0.000000E+00
  8.120000E-01  2.286980E+00  1.841428E+00  7.072004E-01  0.000000E+00  0.000000E+00  0.000000E+00  1.763366E+00  0.000000E+00
  8.140000E-01  2.286790E+00  1.843484E+00  7.158071E-01  0.000000E+00  0.000000E+00  0.000000E+00  1.766382E+00  0.000000E+00
  8.160000E-01  2.286596E+00  1.845533E+00  7.243051E-01  0.000000E+00  0.000000E+00  0.000000E+00  1.769382E+00  0.000000E+00
  8.180000E-01  2.286399E+00  1.847574E+00  7.326979E-01  0.000000E+00  0.000000E+00  0.000000E+00  1.772364E+00  0.000000E+00
  8.200000E-01  2.286199E+00  1.849608E+00  7.409890E-01  0.000000E+00  0.000000E+00  0.000000E+00  1.775330E+00  0.000000E+00
  8.220000E-01  2.285995E+00  1.851635E+00  7.491818E-01  0.000000E+00  0.000000E+00  0.000000E+00  1.778280E+00  0.000000E+00
  8.240000E-01  2.285789E+00  1.853655E+00  7.572793E-01  0.000000E+00  0.000000E+00  0.000000E+00  1.781214E+00  0.000000E+00
  8.260000E-01  2.285579E+00  1.855668E+00  7.652845E-01  0.000000E+00  0.000000E+00  0.000000E+00  1.784132E+00  0.000000E+00
  8.280000E-01  2.285366E+00  1.857674E+00  7.732002E-01  0.000000E+00  0.000000E+00  0.000000E+00  1.787034E+00  0.000000E+00
  8.300000E-01  2.285149E+00  1.859674E+00  7.810291E-01  0.000000E+00  0.000000E+00  0.000000E+00  1.789920E+00  0.000000E+00
  8.320000E-01  2.284930E+00  1.861666E+00  7.887736E-01  0.000000E+00  0.000000E+00  0.000000E+00  1.792792E+00  0.000000E+00
  8.340000E-01  2.284708E+00  1.863653E+00  7.964362E-01  0.000000E+00  0.000000E+00  0.000000E+00  1.795648E+00  0.000000E+00
  8.360000E-01  2.284482E+00  1.865633E+00  8.040192E-01  0.000000E+00  0.000000E+00  0.000000E+00  1.798489E+00  0.000000E+00
  8.380000E-01  2.284254E+00  1.867606E+00  8.115248E-01  0.000000E+00  0.000000E+00  0.000000E+00  1.801315E+00  0.000000E+00
  8.400000E-01  2.284023E+00  1.869573E+00  8.189550E-01  0.000000E+00  0.000000E+00  0.000000E+00  1.804127E+00  0.000000E+00
  8.420000E-01  2.283789E+00  1.871535E+00  8.263119E-01  0.000000E+00  0.000000E+00  0.000000E+00  1.806924E+00  0.000000E+00
  8.440000E-01  2.283552E+00  1.873490E+00  8.335973E-01  0.000000E+00  0.000000E+00  0.000000E+00  1.809707E+00  0.000000E+00
  8.460000E-01  2.283313E+00  1.875439E+00  8.408130E-01  0.000000E+00  0.000000E+00  0.000000E+00  1.812476E+00  0.000000E+00
  8.480000E-01  2.283071E+00  1.877382E+00  8.479609E-01  0.000000E+00  0.000000E+00  0.000000E+00  1.815231E+00  0.000000E+00
  8.500000E-01  2.282825E+00  1.879319E+00  8.550425E-01  0.000000E+00  0.000000E+00  0.000000E+00  1.817973E+00  0.000000E+00
  8.520000E-01  2.282578E+00  1.881251E+00  8.620595E-01  0.000000E+00  0.000000E+00  0.000000E+00  1.820700E+00  0.000000E+00
  8.540000E-01  2.282327E+00  1.883177E+00  8.690134E-01  0.000000E+00  0.000000E+00  0.000000E+00  1.823414E+00  0.000000E+00
  8.560000E-01  2.282074E+00  1.885097E+00  8.759057E-01  0.000000E+00  0.000000E+00  0.000000E+00  1.826115E+00  0.000000E+00
  8.580000E-01  2.281819E+00  1.887012E+00  8.827379E-01  0.000000E+00  0.000000E+00  0.000000E+00  1.828803E+00  0.000000E+00
  8.600000E-01  2.281561E+00  1.888921E+00  8.895112E-01  0.000000E+00  0.000000E+00  0.000000E+00  1.831478E+00  0.000000E+00
  8.620000E-01  2.281300E+00  1.890826E+00  8.962270E-01  0.000000E+00  0.000000E+00  0.000000E+00  1.834139E+00  0.000000E+00
  8.640000E-01  2.281037E+00  1.892724E+00  9.028866E-01  0.000000E+00  0.000000E+00  0.000000E+00  1.836788E+00  0.000000E+00
  8.660000E-01  2.280772E+00  1.894618E+00  9.094912E-01  0.000000E+00  0.000000E+00  0.000000E+00  1.839424E+00  0.000000E+00
  8.680000E-01  2.280504E+00  1.896506E+00  9.160419E-01  0.000000E+00  0.000000E+00  0.000000E+00  1.842048E+00  0.000000E+00
  8.700000E-01  2.280233E+00  1.898389E+00  9.225400E-01  0.000000E+00  0.000000E+00  0.000000E+00  1.844660E+00  0.000000E+00
  8.720000E-01  2.279961E+00  1.900268E+00  9.289864E-01  0.000000E+00  0.000000E+00  0.000000E+00  1.847259E+00  0.000000E+00
  8.740000E-01  2.279685E+00  1.902141E+00  9.353823E-01  0.000000E+00  0.000000E+00  0.000000E+00  1.849846E+00  0.000000E+00
  8.760000E-01  2.279408E+00  1.904009E+00  9.417286E-01  0.000000E+00  0.000000E+00  0.000000E+00  1.852421E+00  0.000000E+00
  8.780000E-01  2.279128E+00  1.905873E+00  9.480264E-01  0.000000E+00  0.000000E+00  0.000000E+00  1.854984E+00  0.000000E+00
  8.800000E-01  2.278846E+00  1.907731E+00  9.542766E-01  0.000000E+00  0.000000E+00  0.000000E+00  1.857535E+00  0.000000E+00
  8.820000E-01  2.278562E+00  1.909585E+00  9.604802E-01  0.000000E+00  0.000000E+00  0.000000E+00  1.860075E+00  0.000000E+00
  8.840000E-01  2.278276E+00  1.911435E+00  9.666380E-01  0.000000E+00  0.000000E+00  0.000000E+00  1.862603E+00  0.000000E+00
  8.860000E-01  2.277987E+00  1.913279E+00  9.727509E-01  0.000000E+00  0.000000E+00  0.000000E+00  1.865120E+00  0.000000E+00
  8.880000E-01  2.277696E+00  1.915119E+00  9.788197E-01  0.000000E+00  0.000000E+00  0.000000E+00  1.867625E+00  0.000000E+00
  8.900000E-01  2.277403E+00  1.916955E+00  9.848453E-01  0.000000E+00  0.000000E+00  0.000000E+00  1.870119E+00  0.000000E+00
  8.920000E-01  2.277108E+00  1.918786E+00  9.908284E-01  0.000000E+00  0.000000E+00  0.000000E+00  1.872602E+00  0.000000E+00
  8.940000E-01  2.276811E+00  1.920613E+00  9.967699E-01  0.000000E+00  0.000000E+00  0.000000E+00  1.875074E+00  0.000000E+00
  8.960000E-01  2.276512E+00  1.922435E+00  1.002670E+00  0.000000E+00  0.000000E+00  0.000000E+00  1.877535E+00  0.000000E+00
  8.980000E-01  2.276211E+00  1.924253E+00  1.008531E+00  0.000000E+00  0.000000E+00  0.000000E+00  1.879986E+00  0.000000E+00
  9.000000E-01  2.275907E+00  1.926067E+00  1.014351E+00  0.000000E+00  0.000000E+00  0.000000E+00  1.882425E+00  0.000000E+00
  9.020000E-01  2.275602E+00  1.927877E+00  1.020133E+00  0.000000E+00  0.000000E+00  0.000000E+00  1.884854E+00  0.000000E+00
  9.040000E-01  2.275294E+00  1.929682E+00  1.025877E+00  0.000000E+00  0.000000E+00  0.000000E+00  1.887273E+00  0.000000E+00
  9.060000E-01  2.274985E+00  1.931484E+00  1.031583E+00  0.000000E+00  0.000000E+00  0.000000E+00  1.889681E+00  0.000000E+00
  9.080000E-01  2.274674E+00  1.933281E+00  1.037252E+00  0.000000E+00  0.000000E+00  0.000000E+00  1.892079E+00  0.000000E+00
  9.100000E-01  2.274361E+00  1.935074E+00  1.042885E+00  0.000000E+00  0.000000E+00  0.000000E+00  1.894466E+00  0.000000E+00
  9.120000E-01  2.274045E+00  1.936863E+00  1.048482E+00  0.000000E+00  0.000000E+00  0.000000E+00  1.896843E+00  0.000000E+00
  9.140000E-01  2.273728E+00  1.938649E+00  1.054044E+00  0.000000E+00  0.000000E+00  0.000000E+00  1.899211E+00  0.000000E+00
  9.160000E-01  2.273409E+00  1.940430E+00  1.059572E+00  0.000000E+00  0.000000E+00  0.000000E+00  1.901568E+00  0.000000E+00
  9.180000E-01  2.273088E+00  1.942208E+00  1.065065E+00  0.000000E+00  0.000000E+00  0.000000E+00  1.903915E+00  0.000000E+00
  9.200000E-01  2.272766E+00  1.943982E+00  1.070525E+00  0.000000E+00  0.000000E+00  0.000000E+00  1.906253E+00  0.000000E+00
  9.220000E-01  2.272441E+00  1.945752E+00  1.075952E+00  0.000000E+00  0.000000E+00  0.000000E+00  1.908581E+00  0.000000E+00
  9.240000E-01  2.272115E+00  1.947518E+00  1.081346E+00  0.000000E+00  0.000000E+00  0.000000E+00  1.910899E+00  0.000000E+00
  9.260000E-01  2.271787E+00  1.949281E+00  1.086709E+00  0.000000E+00  0.000000E+00  0.000000E+00  1.913207E+00  0.000000E+00
  9.280000E-01  2.271457E+00  1.951039E+00  1.092039E+00  0.000000E+00  0.000000E+00  0.000000E+00  1.915506E+00  0.000000E+00
  9.300000E-01  2.271125E+00  1.952795E+00  1.097339E+00  0.000000E+00  0.000000E+00  0.000000E+00  1.917796E+00  0.000000E+00
  9.320000E-01  2.270792E+00  1.954547E+00  1.102609E+00  0.000000E+00  0.000000E+00  0.000000E+00  1.920076E+00  0.000000E+00
  9.340000E-01  2.270457E+00  1.956295E+00  1.107848E+00  0.000000E+00  0.000000E+00  0.000000E+00  1.922347E+00  0.000000E+00
  9.360000E-01  2.270120E+00  1.958040E+00  1.113057E+00  0.000000E+00  0.000000E+00  0.000000E+00  1.924609E+00  0.000000E+00
  9.380000E-01  2.269781E+00  1.959781E+00  1.118237E+00  0.000000E+00  0.000000E+00  0.000000E+00  1.926862E+00  0.000000E+00
  9.400000E-01  2.269441E+00  1.961519E+00  1.123388E+00  0.000000E+00  0.000000E+00  0.000000E+00  1.929106E+00  0.000000E+00
  9.420000E-01  2.269099E+00  1.963254E+00  1.128511E+00  0.000000E+00  0.000000E+00  0.000000E+00  1.931341E+00  0.000000E+00
  9.440000E-01  2.268755E+00  1.964985E+00  1.133606E+00  0.000000E+00  0.000000E+00  0.000000E+00  1.933566E+00  0.000000E+00
  9.460000E-01  2.268410E+00  1.966713E+00  1.138673E+00  0.000000E+00  0.000000E+00  0.000000E+00  1.935783E+00  0.000000E+00
  9.480000E-01  2.268063E+00  1.968437E+00  1.143713E+00  0.000000E+00  0.000000E+00  0.000000E+00  1.937991E+00  0.000000E+00
  9.500000E-01  2.267715E+00  1.970159E+00  1.148725E+00  0.000000E+00  0.000000E+00  0.000000E+00  1.940191E+00  0.000000E+00
  9.520000E-01  2.267364E+00  1.971877E+00  1.153712E+00  0.000000E+00  0.000000E+00  0.000000E+00  1.942382E+00  0.000000E+00
  9.540000E-01  2.267013E+00  1.973592E+00  1.158672E+00  0.000000E+00  0.000000E+00  0.000000E+00  1.944564E+00  0.000000E+00
  9.560000E-01  2.266659E+00  1.975304E+00  1.163606E+00  0.000000E+00  0.000000E+00  0.000000E+00  1.946738E+00  0.000000E+00
  9.580000E-01  2.266305E+00  1.977012E+00  1.168514E+00  0.000000E+00  0.000000E+00  0.000000E+00  1.948903E+00  0.000000E+00
  9.600000E-01  2.265948E+00  1.978718E+00  1.173398E+00  0.000000E+00  0.000000E+00  0.000000E+00  1.951060E+00  0.000000E+00
  9.620000E-01  2.265590E+00  1.980420E+00  1.178257E+00  0.000000E+00  0.000000E+00  0.000000E+00  1.953208E+00  0.000000E+00
  9.640000E-01  2.265231E+00  1.982120E+00  1.183091E+00  0.000000E+00  0.000000E+00  0.000000E+00  1.955349E+00  0.000000E+00
  9.660000E-01  2.264870E+00  1.983817E+00  1.187900E+00  0.000000E+00  0.000000E+00  0.000000E+00  1.957481E+00  0.000000E+00
  9.680000E-01  2.264507E+00  1.985510E+00  1.192686E+00  0.000000E+00  0.000000E+00  0.000000E+00  1.959604E+00  0.000000E+00
  9.700000E-01  2.264176E+00  1.986767E+00  1.196234E+00  0.000000E+00  0.000000E+00  0.000000E+00  1.961255E+00  2.478420E-01
  9.720000E-01  2.263836E+00  1.988124E+00  1.200053E+00  0.000000E+00  0.000000E+00  0.000000E+00  1.963009E+00  2.995166E-01
  9.740000E-01  2.263499E+00  1.989433E+00  1.203728E+00  0.000000E+00  0.000000E+00  0.000000E+00  1.964708E+00  3.424460E-01
  9.760000E-01  2.263164E+00  1.990704E+00  1.207285E+00  0.000000E+00  0.000000E+00  0.000000E+00  1.966360E+00  3.797797E-01
  9.780000E-01  2.262831E+00  1.991941E+00  1.210742E+00  0.000000E+00  0.000000E+00  0.000000E+00  1.967973E+00  4.131422E-01
  9.800000E-01  2.262500E+00  1.993149E+00  1.214110E+00  0.000000E+00  0.000000E+00  0.000000E+00  1.969550E+00  4.435008E-01
  9.820000E-01  2.262170E+00  1.994332E+00  1.217401E+00  0.000000E+00  0.000000E+00  0.000000E+00  1.971097E+00  4.714866E-01
  9.840000E-01  2.261840E+00  1.995492E+00  1.220621E+00  0.000000E+00  0.000000E+00  0.000000E+00  1.972615E+00  4.975379E-01
  9.860000E-01  2.261513E+00  1.996632E+00  1.223777E+00  0.000000E+00  0.000000E+00  0.000000E+00  1.974107E+00  5.219739E-01
  9.880000E-01  2.261186E+00  1.997752E+00  1.226874E+00  0.000000E+00  0.000000E+00  0.000000E+00  1.975576E+00  5.450353E-01
  9.900000E-01  2.260859E+00  1.998856E+00  1.229917E+00  0.000000E+00  0.000000E+00  0.000000E+00  1.977021E+00  5.669091E-01
  9.920000E-01  2.260534E+00  1.999943E+00  1.232909E+00  0.000000E+00  0.000000E+00  0.000000E+00  1.978446E+00  5.877438E-01
  9.940000E-01  2.260210E+00  2.001016E+00  1.235853E+00  0.000000E+00  0.000000E+00  0.000000E+00  1.979851E+00  6.076597E-01
  9.960000E-01  2.259886E+00  2.002074E+00  1.238754E+00  0.000000E+00  0.000000E+00  0.000000E+00  1.981237E+00  6.267559E-01
  9.980000E-01  2.259563E+00  2.003119E+00  1.241612E+00  0.000000E+00  0.000000E+00  0.000000E+00  1.982605E+00  6.451150E-01
  1.000000E+00  2.259241E+00  2.004152E+00  1.244431E+00  0.000000E+00  0.000000E+00  0.000000E+00  1.983957E+00  6.628070E-01
  1.002000E+00  2.258919E+00  2.005174E+00  1.247213E+00  0.000000E+00  0.000000E+00  0.000000E+00  1.985292E+00  6.798914E-01
  1.004000E+00  2.258597E+00  2.006184E+00  1.249959E+00  0.000000E+00  0.000000E+00  0.000000E+00  1.986612E+00  6.964197E-01
  1.006000E+00  2.258277E+00  2.007184E+00  1.252671E+00  0.000000E+00  0.000000E+00  0.000000E+00  1.987917E+00  7.124366E-01
  1.008000E+00  2.257957E+00  2.008174E+00  1.255350E+00  0.000000E+00  0.000000E+00  0.000000E+00  1.989208E+00  7.279811E-01
  1.010000E+00  2.257637E+00  2.009155E+00  1.257999E+00  0.000000E+00  0.000000E+00  0.000000E+00  1.990485E+00  7.430878E-01
  1.012000E+00  2.257318E+00  2.010126E+00  1.260618E+00  0.000000E+00  0.000000E+00  0.000000E+00  1.991748E+00  7.577871E-01
  1.014000E+00  2.256999E+00  2.011089E+00  1.263209E+00  0.000000E+00  0.000000E+00  0.000000E+00  1.992999E+00  7.721063E-01
  1.016000E+00  2.256681E+00  2.012044E+00  1.265773E+00  0.000000E+00  0.000000E+00  0.000000E+00  1.994237E+00  7.860698E-01
  1.018000E+00  2.256363E+00  2.012991E+00  1.268310E+00  0.000000E+00  0.000000E+00  0.000000E+00  1.995464E+00  7.996995E-01
  1.020000E+00  2.256046E+00  2.013930E+00  1.270822E+00  0.000000E+00  0.000000E+00  0.000000E+00  1.996678E+00  8.130153E-01
  1.022000E+00  2.255729E+00  2.014862E+00  1.273310E+00  0.000000E+00  0.000000E+00  0.000000E+00  1.997881E+00  8.260351E-01
  1.024000E+00  2.255413E+00  2.015787E+00  1.275774E+00  0.000000E+00  0.000000E+00  0.000000E+00  1.999073E+00  8.387753E-01
  1.026000E+00  2.255097E+00  2.016705E+00  1.278215E+00  0.000000E+00  0.000000E+00  0.000000E+00  2.000255E+00  8.512509E-01
  1.028000E+00  2.254781E+00  2.017617E+00  1.280635E+00  0.000000E+00  0.000000E+00  0.000000E+00  2.001425E+00  8.634756E-01
  1.030000E+00  2.254466E+00  2.018523E+00  1.283033E+00  0.000000E+00  0.000000E+00  0.000000E+00  2.002586E+00  8.754620E-01
  1.032000E+00  2.254151E+00  2.019423E+00  1.285411E+00  0.000000E+00  0.000000E+00  0.000000E+00  2.003736E+00  8.872217E-01
  1.034000E+00  2.253837E+00  2.020317E+00  1.287768E+00  0.000000E+00  0.000000E+00  0.000000E+00  2.004877E+00  8.987654E-01
  1.036000E+00  2.253523E+00  2.021205E+00  1.290106E+00  0.000000E+00  0.000000E+00  0.000000E+00  2.006007E+00  9.101030E-01
  1.038000E+00  2.253209E+00  2.022088E+00  1.292425E+00  0.000000E+00  0.000000E+00  0.000000E+00  2.007128E+00  9.212438E-01
  1.040000E+00  2.252896E+00  2.022966E+00  1.294726E+00  0.000000E+00  0.000000E+00  0.000000E+00  2.008240E+00  9.321963E-01
  1.042000E+00  2.252583E+00  2.023839E+00  1.297009E+00  0.000000E+00  0.000000E+00  0.000000E+00  2.009343E+00  9.429685E-01
  1.044000E+00  2.252271E+00  2.024707E+00  1.299275E+00  0.000000E+00  0.000000E+00  0.000000E+00  2.010437E+00  9.535679E-01
  1.046000E+00  2.251959E+00  2.025571E+00  1.301524E+00  0.000000E+00  0.000000E+00  0.000000E+00  2.011521E+00  9.640015E-01
  1.048000E+00  2.251647E+00  2.026430E+00  1.303756E+00  0.000000E+00  0.000000E+00  0.000000E+00  2.012597E+00  9.742758E-01
  1.050000E+00  2.251336E+00  2.027285E+00  1.305973E+00  0.000000E+00  0.000000E+00  0.000000E+00  2.013664E+00  9.843970E-01
  1.052000E+00  2.251025E+00  2.028136E+00  1.308173E+00  0.000000E+00  0.000000E+00  0.000000E+00  2.014722E+00  9.943709E-01
  1.054000E+00  2.250715E+00  2.028983E+00  1.310359E+00  0.000000E+00  0.000000E+00  0.000000E+00  2.015771E+00  1.004203E+00
  1.056000E+00  2.250405E+00  2.029826E+00  1.312530E+00  0.000000E+00  0.000000E+00  0.000000E+00  2.016811E+00  1.013898E+00
  1.058000E+00  2.250096E+00  2.030666E+00  1.314686E+00  0.000000E+00  0.000000E+00  0.000000E+00  2.017843E+00  1.023462E+00
  1.060000E+00  2.249787E+00  2.031503E+00  1.316828E+00  0.000000E+00  0.000000E+00  0.000000E+00  2.018864E+00  1.032899E+00
  1.062000E+00  2.249479E+00  2.032339E+00  1.318957E+00  0.000000E+00  0.000000E+00  0.000000E+00  2.019875E+00  1.042215E+00
  1.064000E+00  2.249172E+00  2.033173E+00  1.321073E+00  0.000000E+00  0.000000E+00  0.000000E+00  2.020874E+00  1.051413E+00
  1.066000E+00  2.248866E+00  2.034003E+00  1.323175E+00  0.000000E+00  0.000000E+00  0.000000E+00  2.021867E+00  1.060494E+00
  1.068000E+00  2.248559E+00  2.034829E+00  1.325264E+00  0.000000E+00  0.000000E+00  0.000000E+00  2.022854E+00  1.069463E+00
  1.070000E+00  2.248253E+00  2.035650E+00  1.327340E+00  0.000000E+00  0.000000E+00  0.000000E+00  2.023835E+00  1.078323E+00
  1.072000E+00  2.247946E+00  2.036467E+00  1.329403E+00  0.000000E+00  0.000000E+00  0.000000E+00  2.024811E+00  1.087077E+00
  1.074000E+00  2.247640E+00  2.037280E+00  1.331454E+00  0.000000E+00  0.000000E+00  0.000000E+00  2.025781E+00  1.095728E+00
  1.076000E+00  2.247334E+00  2.038090E+00  1.333492E+00  0.000000E+00  0.000000E+00  0.000000E+00  2.026745E+00  1.104280E+00
  1.078000E+00  2.247028E+00  2.038895E+00  1.335518E+00  0.000000E+00  0.000000E+00  0.000000E+00  2.027704E+00  1.112735E+00
  1.080000E+00  2.246721E+00  2.039697E+00  1.337532E+00  0.000000E+00  0.000000E+00  0.000000E+00  2.028658E+00  1.121095E+00
  1.082000E+00  2.246415E+00  2.040495E+00  1.339535E+00  0.000000E+00  0.000000E+00  0.000000E+00  2.029606E+00  1.129365E+00
  1.084000E+00  2.246110E+00  2.041289E+00  1.341526E+00  0.000000E+00  0.000000E+00  0.000000E+00  2.030550E+00  1.137545E+00
  1.086000E+00  2.245804E+00  2.042079E+00  1.343506E+00  0.000000E+00  0.000000E+00  0.000000E+00  2.031488E+00  1.145639E+00
  1.088000E+00  2.245498E+00  2.042866E+00  1.345475E+00  0.000000E+00  0.000000E+00  0.000000E+00  2.032421E+00  1.153649E+00
  1.090000E+00  2.245192E+00  2.043650E+00  1.347433E+00  0.000000E+00  0.000000E+00  0.000000E+00  2.033349E+00  1.161577E+00
  1.092000E+00  2.244887E+00  2.044430E+00  1.349380E+00  0.000000E+00  0.000000E+00  0.000000E+00  2.034272E+00  1.169424E+00
  1.094000E+00  2.244581E+00  2.045207E+00  1.351317E+00  0.000000E+00  0.000000E+00  0.000000E+00  2.035190E+00  1.177194E+00
  1.096000E+00  2.244276E+00  2.045980E+00  1.353243E+00  0.000000E+00  0.000000E+00  0.000000E+00  2.036104E+00  1.184889E+00
  1.098000E+00  2.243970E+00  2.046751E+00  1.355160E+00  0.000000E+00  0.000000E+00  0.000000E+00  2.037013E+00  1.192509E+00
  1.100000E+00  2.243665E+00  2.047518E+00  1.357066E+00  0.000000E+00  0.000000E+00  0.000000E+00  2.037918E+00  1.200056E+00
  1.102000E+00  2.243359E+00  2.048282E+00  1.358963E+00  0.000000E+00  0.000000E+00  0.000000E+00  2.038817E+00  1.207534E+00
  1.104000E+00  2.243054E+00  2.049043E+00  1.360850E+00  0.000000E+00  0.000000E+00  0.000000E+00  2.039713E+00  1.214942E+00
  1.106000E+00  2.242749E+00  2.049800E+00  1.362728E+00  0.000000E+00  0.000000E+00  0.000000E+00  2.040604E+00  1.222283E+00
  1.108000E+00  2.242444E+00  2.050555E+00  1.364596E+00  0.000000E+00  0.000000E+00  0.000000E+00  2.041490E+00  1.229559E+00
  1.110000E+00  2.242139E+00  2.051307E+00  1.366455E+00  0.000000E+00  0.000000E+00  0.000000E+00  2.042372E+00  1.236770E+00
  1.112000E+00  2.241834E+00  2.052056E+00  1.368304E+00  0.000000E+00  0.000000E+00  0.000000E+00  2.043250E+00  1.243919E+00
  1.114000E+00  2.241529E+00  2.052802E+00  1.370145E+00  0.000000E+00  0.000000E+00  0.000000E+00  2.044124E+00  1.251006E+00
  1.116000E+00  2.241224E+00  2.053545E+00  1.371977E+00  0.000000E+00  0.000000E+00  0.000000E+00  2.044994E+00  1.258033E+00
  1.118000E+00  2.240919E+00  2.054285E+00  1.373801E+00  0.000000E+00  0.000000E+00  0.000000E+00  2.045859E+00  1.265001E+00
  1.120000E+00  2.240614E+00  2.055023E+00  1.375615E+00  0.000000E+00  0.000000E+00  0.000000E+00  2.046721E+00  1.271912E+00
  1.122000E+00  2.240309E+00  2.055758E+00  1.377422E+00  0.000000E+00  0.000000E+00  0.000000E+00  2.047578E+00  1.278766E+00
  1.124000E+00  2.240004E+00  2.056490E+00  1.379219E+00  0.000000E+00  0.000000E+00  0.000000E+00  2.048431E+00  1.285565E+00
  1.126000E+00  2.239700E+00  2.057220E+00  1.381009E+00  0.000000E+00  0.000000E+00  0.000000E+00  2.049281E+00  1.292310E+00
  1.128000E+00  2.239395E+00  2.057947E+00  1.382791E+00  0.000000E+00  0.000000E+00  0.000000E+00  2.050126E+00  1.299002E+00
  1.130000E+00  2.239090E+00  2.058672E+00  1.384564E+00  0.000000E+00  0.000000E+00  0.000000E+00  2.050968E+00  1.305643E+00
  1.132000E+00  2.238786E+00  2.059394E+00  1.386330E+00  0.000000E+00  0.000000E+00  0.000000E+00  2.051806E+00  1.312232E+00
  1.134000E+00  2.238481E+00  2.060113E+00  1.388088E+00  0.000000E+00  0.000000E+00  0.000000E+00  2.052641E+00  1.318771E+00
  1.136000E+00  2.238177E+00  2.060830E+00  1.389838E+00  0.000000E+00  0.000000E+00  0.000000E+00  2.053471E+00  1.325262E+00
  1.138000E+00  2.237872E+00  2.061545E+00  1.391580E+00  0.000000E+00  0.000000E+00  0.000000E+00  2.054298E+00  1.331704E+00
  1.140000E+00  2.237568E+00  2.062257E+00  1.393315E+00  0.000000E+00  0.000000E+00  0.000000E+00  2.055121E+00  1.338100E+00
  1.142000E+00  2.237264E+00  2.062967E+00  1.395043E+00  0.000000E+00  0.000000E+00  0.000000E+00  2.055941E+00  1.344449E+00
  1.144000E+00  2.236959E+00  2.063674E+00  1.396763E+00  0.000000E+00  0.000000E+00  0.000000E+00  2.056757E+00  1.350753E+00
  1.146000E+00  2.236655E+00  2.064379E+00  1.398476E+00  0.000000E+00  0.000000E+00  0.000000E+00  2.057569E+00  1.357012E+00
  1.148000E+00  2.236351E+00  2.065082E+00  1.400182E+00  0.000000E+00  0.000000E+00  0.000000E+00  2.058379E+00  1.363227E+00
  1.150000E+00  2.236046E+00  2.065782E+00  1.401881E+00  0.000000E+00  0.000000E+00  0.000000E+00  2.059184E+00  1.369400E+00
  1.152000E+00  2.235742E+00  2.066481E+00  1.403573E+00  0.000000E+00  0.000000E+00  0.000000E+00  2.059986E+00  1.375530E+00
  1.154000E+00  2.235438E+00  2.067177E+00  1.405257E+00  0.000000E+00  0.000000E+00  0.000000E+00  2.060785E+00  1.381619E+00
  1.156000E+00  2.235134E+00  2.067871E+00  1.406935E+00  0.000000E+00  0.000000E+00  0.000000E+00  2.061581E+00  1.387667E+00
  1.158000E+00  2.234830E+00  2.068562E+00  1.408607E+00  0.000000E+00  0.000000E+00  0.000000E+00  2.062373E+00  1.393674E+00
  1.160000E+00  2.234526E+00  2.069252E+00  1.410271E+00  0.000000E+00  0.000000E+00  0.000000E+00  2.063162E+00  1.399643E+00
  1.162000E+00  2.234222E+00  2.069939E+00  1.411929E+00  0.000000E+00  0.000000E+00  0.000000E+00  2.063948E+00  1.405573E+00
  1.164000E+00  2.233918E+00  2.070625E+00  1.413581E+00  0.000000E+00  0.000000E+00  0.000000E+00  2.064730E+00  1.411464E+00
  1.166000E+00  2.233614E+00  2.071308E+00  1.415226E+00  0.000000E+00  0.000000E+00  0.000000E+00  2.065509E+00  1.417318E+00
  1.168000E+00  2.233310E+00  2.071989E+00  1.416865E+00  0.000000E+00  0.000000E+00  0.000000E+00  2.066286E+00  1.423135E+00
  1.170000E+00  2.233006E+00  2.072668E+00  1.418497E+00  0.000000E+00  0.000000E+00  0.000000E+00  2.067059E+00  1.428916E+00
  1.172000E+00  2.232702E+00  2.073345E+00  1.420123E+00  0.000000E+00  0.000000E+00  0.000000E+00  2.067829E+00  1.434662E+00
  1.174000E+00  2.232398E+00  2.074021E+00  1.421743E+00  0.000000E+00  0.000000E+00  0.000000E+00  2.068595E+00  1.440372E+00
  1.176000E+00  2.232094E+00  2.074694E+00  1.423357E+00  0.000000E+00  0.000000E+00  0.000000E+00  2.069359E+00  1.446047E+00
  1.178000E+00  2.231790E+00  2.075365E+00  1.424965E+00  0.000000E+00  0.000000E+00  0.000000E+00  2.070120E+00  1.451688E+00
  1.180000E+00  2.231487E+00  2.076034E+00  1.426566E+00  0.000000E+00  0.000000E+00  0.000000E+00  2.070878E+00  1.457296E+00
  1.182000E+00  2.231183E+00  2.076702E+00  1.428162E+00  0.000000E+00  0.000000E+00  0.000000E+00  2.071633E+00  1.462871E+00
  1.184000E+00  2.230879E+00  2.077367E+00  1.429752E+00  0.000000E+00  0.000000E+00  0.000000E+00  2.072384E+00  1.468413E+00
  1.186000E+00  2.230575E+00  2.078031E+00  1.431336E+00  0.000000E+00  0.000000E+00  0.000000E+00  2.073133E+00  1.473924E+00
  1.188000E+00  2.230272E+00  2.078693E+00  1.432914E+00  0.000000E+00  0.000000E+00  0.000000E+00  2.073880E+00  1.479402E+00
  1.190000E+00  2.229968E+00  2.079353E+00  1.434487E+00  0.000000E+00  0.000000E+00  0.000000E+00  2.074623E+00  1.484850E+00
  1.192000E+00  2.229664E+00  2.080011E+00  1.436054E+00  0.000000E+00  0.000000E+00  0.000000E+00  2.075363E+00  1.490267E+00
  1.194000E+00  2.229361E+00  2.080667E+00  1.437616E+00  0.000000E+00  0.000000E+00  0.000000E+00  2.076101E+00  1.495653E+00
  1.196000E+00  2.229057E+00  2.081321E+00  1.439171E+00  0.000000E+00  0.000000E+00  0.000000E+00  2.076836E+00  1.501010E+00
  1.198000E+00  2.228753E+00  2.081974E+00  1.440722E+00  0.000000E+00  0.000000E+00  0.000000E+00  2.077568E+00  1.506338E+00
  1.200000E+00  2.228450E+00  2.082625E+00  1.442267E+00  0.000000E+00  0.000000E+00  0.000000E+00  2.078297E+00  1.511636E+00
