  1.000000E-02  1.107221E+03
  1.200000E-02  1.105509E+03
  1.400000E-02  1.103810E+03
  1.600000E-02  1.102124E+03
  1.800000E-02  1.100452E+03
  2.000000E-02  1.098793E+03
  2.200000E-02  1.097147E+03
  2.400000E-02  1.095513E+03
  2.600000E-02  1.093892E+03
  2.800000E-02  1.092283E+03
  3.000000E-02  1.090686E+03
  3.200000E-02  1.089101E+03
  3.400000E-02  1.087528E+03
  3.600000E-02  1.085967E+03
  3.800000E-02  1.084417E+03
  4.000000E-02  1.082879E+03
  4.200000E-02  1.081352E+03
  4.400000E-02  1.079836E+03
  4.600000E-02  1.078332E+03
  4.800000E-02  1.076838E+03
  5.000000E-02  1.075356E+03
  5.200000E-02  1.073884E+03
  5.400000E-02  1.072422E+03
  5.600000E-02  1.070971E+03
  5.800000E-02  1.069531E+03
  6.000000E-02  1.068101E+03
  6.200000E-02  1.066680E+03
  6.400000E-02  1.065271E+03
  6.600000E-02  1.063871E+03
  6.800000E-02  1.062480E+03
  7.000000E-02  1.061100E+03
  7.200000E-02  1.059730E+03
  7.400000E-02  1.058369E+03
  7.600000E-02  1.057017E+03
  7.800000E-02  1.055675E+03
  8.000000E-02  1.054342E+03
  8.200000E-02  1.053018E+03
  8.400000E-02  1.051704E+03
  8.600000E-02  1.050398E+03
  8.800000E-02  1.049102E+03
  9.000000E-02  1.047814E+03
  9.200000E-02  1.046535E+03
  9.400000E-02  1.045265E+03
  9.600000E-02  1.044003E+03
  9.800000E-02  1.042750E+03
  1.000000E-01  1.041506E+03
  1.020000E-01  1.040269E+03
  1.040000E-01  1.039041E+03
  1.060000E-01  1.037822E+03
  1.080000E-01  1.036610E+03
  1.100000E-01  1.035407E+03
  1.120000E-01  1.034211E+03
  1.140000E-01  1.033023E+03
  1.160000E-01  1.031843E+03
  1.180000E-01  1.030671E+03
  1.200000E-01  1.029507E+03
  1.220000E-01  1.028350E+03
  1.240000E-01  1.027201E+03
  1.260000E-01  1.026060E+03
  1.280000E-01  1.024925E+03
  1.300000E-01  1.023798E+03
  1.320000E-01  1.022678E+03
  1.340000E-01  1.021565E+03
  1.360000E-01  1.020459E+03
  1.380000E-01  1.019360E+03
  1.400000E-01  1.018268E+03
  1.420000E-01  1.017182E+03
  1.440000E-01  1.016104E+03
  1.460000E-01  1.015032E+03
  1.480000E-01  1.013966E+03
  1.500000E-01  1.012908E+03
  1.520000E-01  1.011856E+03
  1.540000E-01  1.010810E+03
  1.560000E-01  1.009771E+03
  1.580000E-01  1.008738E+03
  1.600000E-01  1.007712E+03
  1.620000E-01  1.006692E+03
  1.640000E-01  1.005678E+03
  1.660000E-01  1.004671E+03
  1.680000E-01  1.003669E+03
  1.700000E-01  1.002674E+03
  1.720000E-01  1.001685E+03
  1.740000E-01  1.000702E+03
  1.760000E-01  9.997244E+02
  1.780000E-01  9.987531E+02
  1.800000E-01  9.977876E+02
  1.820000E-01  9.968279E+02
  1.840000E-01  9.958740E+02
  1.860000E-01  9.949258E+02
  1.880000E-01  9.939833E+02
  1.900000E-01  9.930464E+02
  1.920000E-01  9.921151E+02
  1.940000E-01  9.911893E+02
  1.960000E-01  9.902689E+02
  1.980000E-01  9.893541E+02
  2.000000E-01  9.884446E+02
  2.020000E-01  9.875404E+02
  2.040000E-01  9.866416E+02
  2.060000E-01  9.857481E+02
  2.080000E-01  9.848597E+02
  2.100000E-01  9.839766E+02
  2.120000E-01  9.830986E+02
  2.140000E-01  9.822257E+02
  2.160000E-01  9.813578E+02
  2.180000E-01  9.804950E+02
  2.200000E-01  9.796372E+02
  2.220000E-01  9.787843E+02
  2.240000E-01  9.779362E+02
  2.260000E-01  9.770931E+02
  2.280000E-01  9.762548E+02
  2.300000E-01  9.754212E+02
  2.320000E-01  9.745925E+02
  2.340000E-01  9.737684E+02
  2.360000E-01  9.729490E+02
  2.380000E-01  9.721342E+02
  2.400000E-01  9.713241E+02
  2.420000E-01  9.705185E+02
  2.440000E-01  9.697174E+02
  2.460000E-01  9.689208E+02
  2.480000E-01  9.681287E+02
  2.500000E-01  9.673410E+02
  2.520000E-01  9.665578E+02
  2.540000E-01  9.657788E+02
  2.560000E-01  9.650042E+02
  2.580000E-01  9.642339E+02
  2.600000E-01  9.634679E+02
  2.620000E-01  9.627060E+02
  2.640000E-01  9.619484E+02
  2.660000E-01  9.611950E+02
  2.680000E-01  9.604456E+02
  2.700000E-01  9.597004E+02
  2.720000E-01  9.589592E+02
  2.740000E-01  9.582221E+02
  2.760000E-01  9.574890E+02
  2.780000E-01  9.567599E+02
  2.800000E-01  9.560347E+02
  2.820000E-01  9.553134E+02
  2.840000E-01  9.545961E+02
  2.860000E-01  9.538825E+02
  2.880000E-01  9.531729E+02
  2.900000E-01  9.524670E+02
  2.920000E-01  9.517649E+02
  2.940000E-01  9.510666E+02
  2.960000E-01  9.503719E+02
  2.980000E-01  9.496810E+02
  3.000000E-01  9.489937E+02
  3.020000E-01  9.483101E+02
  3.040000E-01  9.476301E+02
  3.060000E-01  9.469537E+02
  3.080000E-01  9.462808E+02
  3.100000E-01  9.456115E+02
  3.120000E-01  9.449456E+02
  3.140000E-01  9.442833E+02
  3.160000E-01  9.436244E+02
  3.180000E-01  9.429690E+02
  3.200000E-01  9.423170E+02
  3.220000E-01  9.416683E+02
  3.240000E-01  9.410230E+02
  3.260000E-01  9.403811E+02
  3.280000E-01  9.397424E+02
  3.300000E-01  9.391071E+02
  3.320000E-01  9.384750E+02
  3.340000E-01  9.378461E+02
  3.360000E-01  9.372205E+02
  3.380000E-01  9.365981E+02
  3.400000E-01  9.359788E+02
  3.420000E-01  9.353627E+02
  3.440000E-01  9.347497E+02
  3.460000E-01  9.341398E+02
  3.480000E-01  9.335331E+02
  3.500000E-01  9.329293E+02
  3.520000E-01  9.323286E+02
  3.540000E-01  9.317310E+02
  3.560000E-01  9.311363E+02
  3.580000E-01  9.305446E+02
  3.600000E-01  9.299559E+02
  3.620000E-01  9.293701E+02
  3.640000E-01  9.287873E+02
  3.660000E-01  9.282073E+02
  3.680000E-01  9.276302E+02
  3.700000E-01  9.270559E+02
  3.720000E-01  9.264845E+02
  3.740000E-01  9.259160E+02
  3.760000E-01  9.253502E+02
  3.780000E-01  9.247872E+02
  3.800000E-01  9.242269E+02
  3.820000E-01  9.236694E+02
  3.840000E-01  9.231146E+02
  3.860000E-01  9.225626E+02
  3.880000E-01  9.220132E+02
  3.900000E-01  9.214665E+02
  3.920000E-01  9.209224E+02
  3.940000E-01  9.203809E+02
  3.960000E-01  9.198421E+02
  3.980000E-01  9.193059E+02
  4.000000E-01  9.187722E+02
  4.020000E-01  9.182412E+02
  4.040000E-01  9.177126E+02
  4.060000E-01  9.171866E+02
  4.080000E-01  9.166631E+02
  4.100000E-01  9.161421E+02
  4.120000E-01  9.156236E+02
  4.140000E-01  9.151075E+02
  4.160000E-01  9.145939E+02
  4.180000E-01  9.140827E+02
  4.200000E-01  9.135739E+02
  4.220000E-01  9.130675E+02
  4.240000E-01  9.125635E+02
  4.260000E-01  9.120618E+02
  4.280000E-01  9.115626E+02
  4.300000E-01  9.110656E+02
  4.320000E-01  9.105710E+02
  4.340000E-01  9.100786E+02
  4.360000E-01  9.095886E+02
  4.380000E-01  9.091008E+02
  4.400000E-01  9.086153E+02
  4.420000E-01  9.081320E+02
  4.440000E-01  9.076510E+02
  4.460000E-01  9.071722E+02
  4.480000E-01  9.066955E+02
  4.500000E-01  9.062211E+02
  4.520000E-01  9.057488E+02
  4.540000E-01  9.052787E+02
  4.560000E-01  9.048108E+02
  4.580000E-01  9.044695E+02
  4.600000E-01  9.040634E+02
  4.620000E-01  9.036627E+02
  4.640000E-01  9.032663E+02
  4.660000E-01  9.028736E+02
  4.680000E-01  9.024840E+02
  4.700000E-01  9.020971E+02
  4.720000E-01  9.017127E+02
  4.740000E-01  9.013827E+02
  4.760000E-01  9.010287E+02
  4.780000E-01  9.006790E+02
  4.800000E-01  9.003334E+02
  4.820000E-01  8.999914E+02
  4.840000E-01  8.996527E+02
  4.860000E-01  8.993171E+02
  4.880000E-01  8.989845E+02
  4.900000E-01  8.986546E+02
  4.920000E-01  8.983275E+02
  4.940000E-01  8.980029E+02
  4.960000E-01  8.976807E+02
  4.980000E-01  8.973609E+02
  5.000000E-01  8.970433E+02
  5.020000E-01  8.967279E+02
  5.040000E-01  8.964147E+02
  5.060000E-01  8.961035E+02
  5.080000E-01  8.957942E+02
  5.100000E-01  8.954869E+02
  5.120000E-01  8.951814E+02
  5.140000E-01  8.948777E+02
  5.160000E-01  8.945757E+02
  5.180000E-01  8.942754E+02
  5.200000E-01  8.939767E+02
  5.220000E-01  8.936795E+02
  5.240000E-01  8.933838E+02
  5.260000E-01  8.930895E+02
  5.280000E-01  8.927966E+02
  5.300000E-01  8.925050E+02
  5.320000E-01  8.922146E+02
  5.340000E-01  8.919254E+02
  5.360000E-01  8.916373E+02
  5.380000E-01  8.913503E+02
  5.400000E-01  8.910642E+02
  5.420000E-01  8.907791E+02
  5.440000E-01  8.904949E+02
  5.460000E-01  8.902115E+02
  5.480000E-01  8.899289E+02
  5.500000E-01  8.896471E+02
  5.520000E-01  8.893660E+02
  5.540000E-01  8.890856E+02
  5.560000E-01  8.888059E+02
  5.580000E-01  8.885267E+02
  5.600000E-01  8.882482E+02
  5.620000E-01  8.879703E+02
  5.640000E-01  8.876929E+02
  5.660000E-01  8.874160E+02
  5.680000E-01  8.871394E+02
  5.700000E-01  8.868634E+02
  5.720000E-01  8.865883E+02
  5.740000E-01  8.863141E+02
  5.760000E-01  8.860408E+02
  5.780000E-01  8.857684E+02
  5.800000E-01  8.854969E+02
  5.820000E-01  8.852262E+02
  5.840000E-01  8.849565E+02
  5.860000E-01  8.846875E+02
  5.880000E-01  8.844194E+02
  5.900000E-01  8.841522E+02
  5.920000E-01  8.838858E+02
  5.940000E-01  8.836202E+02
  5.960000E-01  8.833555E+02
  5.980000E-01  8.830915E+02
  6.000000E-01  8.828284E+02
  6.020000E-01  8.825661E+02
  6.040000E-01  8.823046E+02
  6.060000E-01  8.820439E+02
  6.080000E-01  8.817840E+02
  6.100000E-01  8.815249E+02
  6.120000E-01  8.812665E+02
  6.140000E-01  8.810090E+02
  6.160000E-01  8.807522E+02
  6.180000E-01  8.804962E+02
  6.200000E-01  8.802409E+02
  6.220000E-01  8.799864E+02
  6.240000E-01  8.797326E+02
  6.260000E-01  8.794796E+02
  6.280000E-01  8.792273E+02
  6.300000E-01  8.789758E+02
  6.320000E-01  8.787250E+02
  6.340000E-01  8.784749E+02
  6.360000E-01  8.782256E+02
  6.380000E-01  8.779769E+02
  6.400000E-01  8.777290E+02
  6.420000E-01  8.774818E+02
  6.440000E-01  8.772353E+02
  6.460000E-01  8.769895E+02
  6.480000E-01  8.767444E+02
  6.500000E-01  8.765000E+02
  6.520000E-01  8.762563E+02
  6.540000E-01  8.760133E+02
  6.560000E-01  8.757710E+02
  6.580000E-01  8.755293E+02
  6.600000E-01  8.752883E+02
  6.620000E-01  8.750480E+02
  6.640000E-01  8.748084E+02
  6.660000E-01  8.745694E+02
  6.680000E-01  8.743311E+02
  6.700000E-01  8.740934E+02
  6.720000E-01  8.738564E+02
  6.740000E-01  8.736201E+02
  6.760000E-01  8.733844E+02
  6.780000E-01  8.731493E+02
  6.800000E-01  8.729149E+02
  6.820000E-01  8.726811E+02
  6.840000E-01  8.724480E+02
  6.860000E-01  8.722154E+02
  6.880000E-01  8.719836E+02
  6.900000E-01  8.717523E+02
  6.920000E-01  8.715216E+02
  6.940000E-01  8.712916E+02
  6.960000E-01  8.710622E+02
  6.980000E-01  8.708334E+02
  7.000000E-01  8.706052E+02
  7.020000E-01  8.703776E+02
  7.040000E-01  8.701506E+02
  7.060000E-01  8.699242E+02
  7.080000E-01  8.696984E+02
  7.100000E-01  8.694732E+02
  7.120000E-01  8.692486E+02
  7.140000E-01  8.690246E+02
  7.160000E-01  8.688012E+02
  7.180000E-01  8.685783E+02
  7.200000E-01  8.683560E+02
  7.220000E-01  8.681343E+02
  7.240000E-01  8.679132E+02
  7.260000E-01  8.676927E+02
  7.280000E-01  8.674727E+02
  7.300000E-01  8.672533E+02
  7.320000E-01  8.670344E+02
  7.340000E-01  8.668161E+02
  7.360000E-01  8.665984E+02
  7.380000E-01  8.663812E+02
  7.400000E-01  8.661646E+02
  7.420000E-01  8.659403E+02
  7.440000E-01  8.657224E+02
  7.460000E-01  8.655049E+02
  7.480000E-01  8.652877E+02
  7.500000E-01  8.650709E+02
  7.520000E-01  8.648545E+02
  7.540000E-01  8.646384E+02
  7.560000E-01  8.644228E+02
  7.580000E-01  8.642075E+02
  7.600000E-01  8.639927E+02
  7.620000E-01  8.637782E+02
  7.640000E-01  8.635642E+02
  7.660000E-01  8.633505E+02
  7.680000E-01  8.631373E+02
  7.700000E-01  8.629245E+02
  7.720000E-01  8.627120E+02
  7.740000E-01  8.625000E+02
  7.760000E-01  8.622884E+02
  7.780000E-01  8.620772E+02
  7.800000E-01  8.618664E+02
  7.820000E-01  8.616561E+02
  7.840000E-01  8.614461E+02
  7.860000E-01  8.612366E+02
  7.880000E-01  8.610274E+02
  7.900000E-01  8.608187E+02
  7.920000E-01  8.606104E+02
  7.940000E-01  8.604025E+02
  7.960000E-01  8.601950E+02
  7.980000E-01  8.599879E+02
  8.000000E-01  8.597813E+02
  8.020000E-01  8.595750E+02
  8.040000E-01  8.593692E+02
  8.060000E-01  8.591638E+02
  8.080000E-01  8.589588E+02
  8.100000E-01  8.587542E+02
  8.120000E-01  8.585500E+02
  8.140000E-01  8.583462E+02
  8.160000E-01  8.581428E+02
  8.180000E-01  8.579398E+02
  8.200000E-01  8.577373E+02
  8.220000E-01  8.575351E+02
  8.240000E-01  8.573334E+02
  8.260000E-01  8.571320E+02
  8.280000E-01  8.569311E+02
  8.300000E-01  8.567306E+02
  8.320000E-01  8.565304E+02
  8.340000E-01  8.563307E+02
  8.360000E-01  8.561314E+02
  8.380000E-01  8.559325E+02
  8.400000E-01  8.557340E+02
  8.420000E-01  8.555358E+02
  8.440000E-01  8.553381E+02
  8.460000E-01  8.551408E+02
  8.480000E-01  8.549439E+02
  8.500000E-01  8.547474E+02
  8.520000E-01  8.545512E+02
  8.540000E-01  8.543555E+02
  8.560000E-01  8.541602E+02
  8.580000E-01  8.539652E+02
  8.600000E-01  8.537707E+02
  8.620000E-01  8.535765E+02
  8.640000E-01  8.533827E+02
  8.660000E-01  8.531894E+02
  8.680000E-01  8.529964E+02
  8.700000E-01  8.528038E+02
  8.720000E-01  8.526116E+02
  8.740000E-01  8.524197E+02
  8.760000E-01  8.522283E+02
  8.780000E-01  8.520373E+02
  8.800000E-01  8.518466E+02
  8.820000E-01  8.516563E+02
  8.840000E-01  8.514664E+02
  8.860000E-01  8.512769E+02
  8.880000E-01  8.510878E+02
  8.900000E-01  8.508990E+02
  8.920000E-01  8.507106E+02
  8.940000E-01  8.505226E+02
  8.960000E-01  8.503350E+02
  8.980000E-01  8.501478E+02
  9.000000E-01  8.499609E+02
  9.020000E-01  8.497744E+02
  9.040000E-01  8.495883E+02
  9.060000E-01  8.494026E+02
  9.080000E-01  8.492172E+02
  9.100000E-01  8.490322E+02
  9.120000E-01  8.488476E+02
  9.140000E-01  8.486633E+02
  9.160000E-01  8.484794E+02
  9.180000E-01  8.482959E+02
  9.200000E-01  8.481127E+02
  9.220000E-01  8.479300E+02
  9.240000E-01  8.477475E+02
  9.260000E-01  8.475655E+02
  9.280000E-01  8.473838E+02
  9.300000E-01  8.472025E+02
  9.320000E-01  8.470215E+02
  9.340000E-01  8.468409E+02
  9.360000E-01  8.466606E+02
  9.380000E-01  8.464807E+02
  9.400000E-01  8.463012E+02
  9.420000E-01  8.461220E+02
  9.440000E-01  8.459432E+02
  9.460000E-01  8.457648E+02
  9.480000E-01  8.455867E+02
  9.500000E-01  8.454089E+02
  9.520000E-01  8.452315E+02
  9.540000E-01  8.450545E+02
  9.560000E-01  8.448778E+02
  9.580000E-01  8.447014E+02
  9.600000E-01  8.445254E+02
  9.620000E-01  8.443498E+02
  9.640000E-01  8.441745E+02
  9.660000E-01  8.439995E+02
  9.680000E-01  8.438249E+02
  9.700000E-01  8.436710E+02
  9.720000E-01  8.435126E+02
  9.740000E-01  8.433566E+02
  9.760000E-01  8.432027E+02
  9.780000E-01  8.430505E+02
  9.800000E-01  8.428998E+02
  9.820000E-01  8.427506E+02
  9.840000E-01  8.426026E+02
  9.860000E-01  8.424558E+02
  9.880000E-01  8.423100E+02
  9.900000E-01  8.421653E+02
  9.920000E-01  8.420215E+02
  9.940000E-01  8.418786E+02
  9.960000E-01  8.417365E+02
  9.980000E-01  8.415953E+02
  1.000000E+00  8.414548E+02
  1.002000E+00  8.413150E+02
  1.004000E+00  8.411760E+02
  1.006000E+00  8.410376E+02
  1.008000E+00  8.408999E+02
  1.010000E+00  8.407628E+02
  1.012000E+00  8.406263E+02
  1.014000E+00  8.404904E+02
  1.016000E+00  8.403551E+02
  1.018000E+00  8.402203E+02
  1.020000E+00  8.400860E+02
  1.022000E+00  8.399523E+02
  1.024000E+00  8.398191E+02
  1.026000E+00  8.396864E+02
  1.028000E+00  8.395541E+02
  1.030000E+00  8.394224E+02
  1.032000E+00  8.392910E+02
  1.034000E+00  8.391602E+02
  1.036000E+00  8.390297E+02
  1.038000E+00  8.388997E+02
  1.040000E+00  8.387701E+02
  1.042000E+00  8.386410E+02
  1.044000E+00  8.385122E+02
  1.046000E+00  8.383838E+02
  1.048000E+00  8.382558E+02
  1.050000E+00  8.381282E+02
  1.052000E+00  8.380009E+02
  1.054000E+00  8.378740E+02
  1.056000E+00  8.377474E+02
  1.058000E+00  8.376212E+02
  1.060000E+00  8.374953E+02
  1.062000E+00  8.373696E+02
  1.064000E+00  8.372442E+02
  1.066000E+00  8.371192E+02
  1.068000E+00  8.369945E+02
  1.070000E+00  8.368702E+02
  1.072000E+00  8.367462E+02
  1.074000E+00  8.366226E+02
  1.076000E+00  8.364993E+02
  1.078000E+00  8.363764E+02
  1.080000E+00  8.362539E+02
  1.082000E+00  8.361316E+02
  1.084000E+00  8.360097E+02
  1.086000E+00  8.358881E+02
  1.088000E+00  8.357669E+02
  1.090000E+00  8.356459E+02
  1.092000E+00  8.355253E+02
  1.094000E+00  8.354050E+02
  1.096000E+00  8.352850E+02
  1.098000E+00  8.351654E+02
  1.100000E+00  8.350460E+02
  1.102000E+00  8.349269E+02
  1.104000E+00  8.348082E+02
  1.106000E+00  8.346897E+02
  1.108000E+00  8.345715E+02
  1.110000E+00  8.344536E+02
  1.112000E+00  8.343360E+02
  1.114000E+00  8.342187E+02
  1.116000E+00  8.341017E+02
  1.118000E+00  8.339850E+02
  1.120000E+00  8.338685E+02
  1.122000E+00  8.337523E+02
  1.124000E+00  8.336364E+02
  1.126000E+00  8.335208E+02
  1.128000E+00  8.334054E+02
  1.130000E+00  8.332904E+02
  1.132000E+00  8.331755E+02
  1.134000E+00  8.330610E+02
  1.136000E+00  8.329467E+02
  1.138000E+00  8.328327E+02
  1.140000E+00  8.327189E+02
  1.142000E+00  8.326054E+02
  1.144000E+00  8.324921E+02
  1.146000E+00  8.323791E+02
  1.148000E+00  8.322664E+02
  1.150000E+00  8.321539E+02
  1.152000E+00  8.320417E+02
  1.154000E+00  8.319297E+02
  1.156000E+00  8.318179E+02
  1.158000E+00  8.317064E+02
  1.160000E+00  8.315952E+02
  1.162000E+00  8.314841E+02
  1.164000E+00  8.313734E+02
  1.166000E+00  8.312628E+02
  1.168000E+00  8.311525E+02
  1.170000E+00  8.310425E+02
  1.172000E+00  8.309326E+02
  1.174000E+00  8.308230E+02
  1.176000E+00  8.307137E+02
  1.178000E+00  8.306045E+02
  1.180000E+00  8.304956E+02
  1.182000E+00  8.303870E+02
  1.184000E+00  8.302785E+02
  1.186000E+00  8.301703E+02
  1.188000E+00  8.300623E+02
  1.190000E+00  8.299545E+02
  1.192000E+00  8.298470E+02
  1.194000E+00  8.297397E+02
  1.196000E+00  8.296326E+02
  1.198000E+00  8.295257E+02
  1.200000E+00  8.294190E+02
