  1.000000E-02  9.985076E-01  1.492408E-03  0.000000E+00  0.000000E+00  0.000000E+00  0.000000E+00  0.000000E+00  0.000000E+00  1.492408E-03  0.000000E+00
  1.200000E-02  9.980956E-01  1.904371E-03  0.000000E+00  0.000000E+00  0.000000E+00  0.000000E+00  0.000000E+00  0.000000E+00  1.904371E-03  0.000000E+00
  1.400000E-02  9.976596E-01  2.340438E-03  0.000000E+00  0.000000E+00  0.000000E+00  0.000000E+00  0.000000E+00  0.000000E+00  2.340438E-03  0.000000E+00
  1.600000E-02  9.972021E-01  2.797901E-03  0.000000E+00  0.000000E+00  0.000000E+00  0.000000E+00  0.000000E+00  0.000000E+00  2.797901E-03  0.000000E+00
  1.800000E-02  9.967255E-01  3.274544E-03  0.000000E+00  0.000000E+00  0.000000E+00  0.000000E+00  0.000000E+00  0.000000E+00  3.274544E-03  0.000000E+00
  2.000000E-02  9.962315E-01  3.768511E-03  0.000000E+00  0.000000E+00  0.000000E+00  0.000000E+00  0.000000E+00  0.000000E+00  3.768511E-03  0.000000E+00
  2.200000E-02  9.957218E-01  4.278210E-03  0.000000E+00  0.000000E+00  0.000000E+00  0.000000E+00  0.000000E+00  0.000000E+00  4.278210E-03  0.000000E+00
  2.400000E-02  9.951977E-01  4.802262E-03  0.000000E+00  0.000000E+00  0.000000E+00  0.000000E+00  0.000000E+00  0.000000E+00  4.802262E-03  0.000000E+00
  2.600000E-02  9.946605E-01  5.339453E-03  0.000000E+00  0.000000E+00  0.000000E+00  0.000000E+00  0.000000E+00  0.000000E+00  5.339453E-03  0.000000E+00
  2.800000E-02  9.941113E-01  5.888708E-03  0.000000E+00  0.000000E+00  0.000000E+00  0.000000E+00  0.000000E+00  0.000000E+00  5.888708E-03  0.000000E+00
  3.000000E-02  9.935509E-01  6.449062E-03  0.000000E+00  0.000000E+00  0.000000E+00  0.000000E+00  0.000000E+00  0.000000E+00  6.449062E-03  0.000000E+00
  3.200000E-02  9.929803E-01  7.019650E-03  0.000000E+00  0.000000E+00  0.000000E+00  0.000000E+00  0.000000E+00  0.000000E+00  7.019650E-03  0.000000E+00
  3.400000E-02  9.924003E-01  7.599687E-03  0.000000E+00  0.000000E+00  0.000000E+00  0.000000E+00  0.000000E+00  0.000000E+00  7.599687E-03  0.000000E+00
  3.600000E-02  9.918115E-01  8.188459E-03  0.000000E+00  0.000000E+00  0.000000E+00  0.000000E+00  0.000000E+00  0.000000E+00  8.188459E-03  0.000000E+00
  3.800000E-02  9.912147E-01  8.785315E-03  0.000000E+00  0.000000E+00  0.000000E+00  0.000000E+00  0.000000E+00  0.000000E+00  8.785315E-03  0.000000E+00
  4.000000E-02  9.906103E-01  9.389657E-03  0.000000E+00  0.000000E+00  0.000000E+00  0.000000E+00  0.000000E+00  0.000000E+00  9.389657E-03  0.000000E+00
  4.200000E-02  9.899991E-01  1.000094E-02  0.000000E+00  0.000000E+00  0.000000E+00  0.000000E+00  0.000000E+00  0.000000E+00  1.000094E-02  0.000000E+00
  4.400000E-02  9.893814E-01  1.061865E-02  0.000000E+00  0.000000E+00  0.000000E+00  0.000000E+00  0.000000E+00  0.000000E+00  1.061865E-02  0.000000E+00
  4.600000E-02  9.887577E-01  1.124233E-02  0.000000E+00  0.000000E+00  0.000000E+00  0.000000E+00  0.000000E+00  0.000000E+00  1.124233E-02  0.000000E+00
  4.800000E-02  9.881285E-01  1.187154E-02  0.000000E+00  0.000000E+00  0.000000E+00  0.000000E+00  0.000000E+00  0.000000E+00  1.187154E-02  0.000000E+00
  5.000000E-02  9.874941E-01  1.250588E-02  0.000000E+00  0.000000E+00  0.000000E+00  0.000000E+00  0.000000E+00  0.000000E+00  1.250588E-02  0.000000E+00
  5.200000E-02  9.868550E-01  1.314498E-02  0.000000E+00  0.000000E+00  0.000000E+00  0.000000E+00  0.000000E+00  0.000000E+00  1.314498E-02  0.000000E+00
  5.400000E-02  9.862115E-01  1.378849E-02  0.000000E+00  0.000000E+00  0.000000E+00  0.000000E+00  0.000000E+00  0.000000E+00  1.378849E-02  0.000000E+00
  5.600000E-02  9.855639E-01  1.443609E-02  0.000000E+00  0.000000E+00  0.000000E+00  0.000000E+00  0.000000E+00  0.000000E+00  1.443609E-02  0.000000E+00
  5.800000E-02  9.849125E-01  1.508747E-02  0.000000E+00  0.000000E+00  0.000000E+00  0.000000E+00  0.000000E+00  0.000000E+00  1.508747E-02  0.000000E+00
  6.000000E-02  9.842576E-01  1.574236E-02  0.000000E+00  0.000000E+00  0.000000E+00  0.000000E+00  0.000000E+00  0.000000E+00  1.574236E-02  0.000000E+00
  6.200000E-02  9.835995E-01  1.640049E-02  0.000000E+00  0.000000E+00  0.000000E+00  0.000000E+00  0.000000E+00  0.000000E+00  1.640049E-02  0.000000E+00
  6.400000E-02  9.829384E-01  1.706162E-02  0.000000E+00  0.000000E+00  0.000000E+00  0.000000E+00  0.000000E+00  0.000000E+00  1.706162E-02  0.000000E+00
  6.600000E-02  9.822745E-01  1.772551E-02  0.000000E+00  0.000000E+00  0.000000E+00  0.000000E+00  0.000000E+00  0.000000E+00  1.772551E-02  0.000000E+00
  6.800000E-02  9.816081E-01  1.839194E-02  0.000000E+00  0.000000E+00  0.000000E+00  0.000000E+00  0.000000E+00  0.000000E+00  1.839194E-02  0.000000E+00
  7.000000E-02  9.809393E-01  1.906071E-02  0.000000E+00  0.000000E+00  0.000000E+00  0.000000E+00  0.000000E+00  0.000000E+00  1.906071E-02  0.000000E+00
  7.200000E-02  9.802684E-01  1.973164E-02  0.000000E+00  0.000000E+00  0.000000E+00  0.000000E+00  0.000000E+00  0.000000E+00  1.973164E-02  0.000000E+00
  7.400000E-02  9.795955E-01  2.040453E-02  0.000000E+00  0.000000E+00  0.000000E+00  0.000000E+00  0.000000E+00  0.000000E+00  2.040453E-02  0.000000E+00
  7.600000E-02  9.789208E-01  2.107923E-02  0.000000E+00  0.000000E+00  0.000000E+00  0.000000E+00  0.000000E+00  0.000000E+00  2.107923E-02  0.000000E+00
  7.800000E-02  9.782444E-01  2.175556E-02  0.000000E+00  0.000000E+00  0.000000E+00  0.000000E+00  0.000000E+00  0.000000E+00  2.175556E-02  0.000000E+00
  8.000000E-02  9.775666E-01  2.243338E-02  0.000000E+00  0.000000E+00  0.000000E+00  0.000000E+00  0.000000E+00  0.000000E+00  2.243338E-02  0.000000E+00
  8.200000E-02  9.768875E-01  2.311255E-02  0.000000E+00  0.000000E+00  0.000000E+00  0.000000E+00  0.000000E+00  0.000000E+00  2.311255E-02  0.000000E+00
  8.400000E-02  9.762071E-01  2.379292E-02  0.000000E+00  0.000000E+00  0.000000E+00  0.000000E+00  0.000000E+00  0.000000E+00  2.379292E-02  0.000000E+00
  8.600000E-02  9.755256E-01  2.447438E-02  0.000000E+00  0.000000E+00  0.000000E+00  0.000000E+00  0.000000E+00  0.000000E+00  2.447438E-02  0.000000E+00
  8.800000E-02  9.748432E-01  2.515681E-02  0.000000E+00  0.000000E+00  0.000000E+00  0.000000E+00  0.000000E+00  0.000000E+00  2.515681E-02  0.000000E+00
  9.000000E-02  9.741599E-01  2.584008E-02  0.000000E+00  0.000000E+00  0.000000E+00  0.000000E+00  0.000000E+00  0.000000E+00  2.584008E-02  0.000000E+00
  9.200000E-02  9.734759E-01  2.652410E-02  0.000000E+00  0.000000E+00  0.000000E+00  0.000000E+00  0.000000E+00  0.000000E+00  2.652410E-02  0.000000E+00
  9.400000E-02  9.727912E-01  2.720875E-02  0.000000E+00  0.000000E+00  0.000000E+00  0.000000E+00  0.000000E+00  0.000000E+00  2.720875E-02  0.000000E+00
  9.600000E-02  9.721060E-01  2.789395E-02  0.000000E+00  0.000000E+00  0.000000E+00  0.000000E+00  0.000000E+00  0.000000E+00  2.789395E-02  0.000000E+00
  9.800000E-02  9.714204E-01  2.857960E-02  0.000000E+00  0.000000E+00  0.000000E+00  0.000000E+00  0.000000E+00  0.000000E+00  2.857960E-02  0.000000E+00
  1.000000E-01  9.707344E-01  2.926561E-02  0.000000E+00  0.000000E+00  0.000000E+00  0.000000E+00  0.000000E+00  0.000000E+00  2.926561E-02  0.000000E+00
  1.020000E-01  9.700481E-01  2.995190E-02  0.000000E+00  0.000000E+00  0.000000E+00  0.000000E+00  0.000000E+00  0.000000E+00  2.995190E-02  0.000000E+00
  1.040000E-01  9.693616E-01  3.063839E-02  0.000000E+00  0.000000E+00  0.000000E+00  0.000000E+00  0.000000E+00  0.000000E+00  3.063839E-02  0.000000E+00
  1.060000E-01  9.686750E-01  3.132500E-02  0.000000E+00  0.000000E+00  0.000000E+00  0.000000E+00  0.000000E+00  0.000000E+00  3.132500E-02  0.000000E+00
  1.080000E-01  9.679883E-01  3.201167E-02  0.000000E+00  0.000000E+00  0.000000E+00  0.000000E+00  0.000000E+00  0.000000E+00  3.201167E-02  0.000000E+00
  1.100000E-01  9.673017E-01  3.269832E-02  0.000000E+00  0.000000E+00  0.000000E+00  0.000000E+00  0.000000E+00  0.000000E+00  3.269832E-02  0.000000E+00
  1.120000E-01  9.666151E-01  3.338489E-02  0.000000E+00  0.000000E+00  0.000000E+00  0.000000E+00  0.000000E+00  0.000000E+00  3.338489E-02  0.000000E+00
  1.140000E-01  9.659287E-01  3.407131E-02  0.000000E+00  0.000000E+00  0.000000E+00  0.000000E+00  0.000000E+00  0.000000E+00  3.407131E-02  0.000000E+00
  1.160000E-01  9.652425E-01  3.475754E-02  0.000000E+00  0.000000E+00  0.000000E+00  0.000000E+00  0.000000E+00  0.000000E+00  3.475754E-02  0.000000E+00
  1.180000E-01  9.645565E-01  3.544350E-02  0.000000E+00  0.000000E+00  0.000000E+00  0.000000E+00  0.000000E+00  0.000000E+00  3.544350E-02  0.000000E+00
  1.200000E-01  9.638708E-01  3.612915E-02  0.000000E+00  0.000000E+00  0.000000E+00  0.000000E+00  0.000000E+00  0.000000E+00  3.612915E-02  0.000000E+00
  1.220000E-01  9.631856E-01  3.681444E-02  0.000000E+00  0.000000E+00  0.000000E+00  0.000000E+00  0.000000E+00  0.000000E+00  3.681444E-02  0.000000E+00
  1.240000E-01  9.625007E-01  3.749931E-02  0.000000E+00  0.000000E+00  0.000000E+00  0.000000E+00  0.000000E+00  0.000000E+00  3.749931E-02  0.000000E+00
  1.260000E-01  9.618163E-01  3.818371E-02  0.000000E+00  0.000000E+00  0.000000E+00  0.000000E+00  0.000000E+00  0.000000E+00  3.818371E-02  0.000000E+00
  1.280000E-01  9.611324E-01  3.886761E-02  0.000000E+00  0.000000E+00  0.000000E+00  0.000000E+00  0.000000E+00  0.000000E+00  3.886761E-02  0.000000E+00
  1.300000E-01  9.604491E-01  3.955095E-02  0.000000E+00  0.000000E+00  0.000000E+00  0.000000E+00  0.000000E+00  0.000000E+00  3.955095E-02  0.000000E+00
  1.320000E-01  9.597073E-01  4.029265E-02  0.000000E+00  0.000000E+00  0.000000E+00  0.000000E+00  0.000000E+00  0.000000E+00  4.021429E-02  7.836311E-05
  1.340000E-01  9.588792E-01  4.112078E-02  0.000000E+00  0.000000E+00  0.000000E+00  0.000000E+00  0.000000E+00  0.000000E+00  4.084737E-02  2.734088E-04
  1.360000E-01  9.580088E-01  4.199123E-02  0.000000E+00  0.000000E+00  0.000000E+00  0.000000E+00  0.000000E+00  0.000000E+00  4.146389E-02  5.273449E-04
  1.380000E-01  9.571090E-01  4.289100E-02  0.000000E+00  0.000000E+00  0.000000E+00  0.000000E+00  0.000000E+00  0.000000E+00  4.206767E-02  8.233283E-04
  1.400000E-01  9.561871E-01  4.381287E-02  0.000000E+00  0.000000E+00  0.000000E+00  0.000000E+00  0.000000E+00  0.000000E+00  4.266081E-02  1.152062E-03
  1.420000E-01  9.552480E-01  4.475204E-02  0.000000E+00  0.000000E+00  0.000000E+00  0.000000E+00  0.000000E+00  0.000000E+00  4.324465E-02  1.507394E-03
  1.440000E-01  9.542950E-01  4.570504E-02  0.000000E+00  0.000000E+00  0.000000E+00  0.000000E+00  0.000000E+00  0.000000E+00  4.382017E-02  1.884872E-03
  1.460000E-01  9.533308E-01  4.666920E-02  0.000000E+00  0.000000E+00  0.000000E+00  0.000000E+00  0.000000E+00  0.000000E+00  4.438811E-02  2.281088E-03
  1.480000E-01  9.523576E-01  4.764239E-02  0.000000E+00  0.000000E+00  0.000000E+00  0.000000E+00  0.000000E+00  0.000000E+00  4.494905E-02  2.693337E-03
  1.500000E-01  9.513771E-01  4.862290E-02  0.000000E+00  0.000000E+00  0.000000E+00  0.000000E+00  0.000000E+00  0.000000E+00  4.550348E-02  3.119414E-03
  1.520000E-01  9.503907E-01  4.960929E-02  0.000000E+00  0.000000E+00  0.000000E+00  0.000000E+00  0.000000E+00  0.000000E+00  4.605180E-02  3.557484E-03
  1.540000E-01  9.493997E-01  5.060035E-02  0.000000E+00  0.000000E+00  0.000000E+00  0.000000E+00  0.000000E+00  0.000000E+00  4.659435E-02  4.005999E-03
  1.560000E-01  9.484049E-01  5.159505E-02  0.000000E+00  0.000000E+00  0.000000E+00  0.000000E+00  0.000000E+00  0.000000E+00  4.713142E-02  4.463634E-03
  1.580000E-01  9.474075E-01  5.259251E-02  0.000000E+00  0.000000E+00  0.000000E+00  0.000000E+00  0.000000E+00  0.000000E+00  4.766326E-02  4.929245E-03
  1.600000E-01  9.464081E-01  5.359195E-02  0.000000E+00  0.000000E+00  0.000000E+00  0.000000E+00  0.000000E+00  0.000000E+00  4.819011E-02  5.401833E-03
  1.620000E-01  9.454073E-01  5.459269E-02  0.000000E+00  0.000000E+00  0.000000E+00  0.000000E+00  0.000000E+00  0.000000E+00  4.871217E-02  5.880525E-03
  1.640000E-01  9.444058E-01  5.559415E-02  0.000000E+00  0.000000E+00  0.000000E+00  0.000000E+00  0.000000E+00  0.000000E+00  4.922960E-02  6.364549E-03
  1.660000E-01  9.434042E-01  5.659580E-02  0.000000E+00  0.000000E+00  0.000000E+00  0.000000E+00  0.000000E+00  0.000000E+00  4.974258E-02  6.853218E-03
  1.680000E-01  9.424028E-01  5.759717E-02  0.000000E+00  0.000000E+00  0.000000E+00  0.000000E+00  0.000000E+00  0.000000E+00  5.025125E-02  7.345922E-03
  1.700000E-01  9.414021E-01  5.859786E-02  0.000000E+00  0.000000E+00  0.000000E+00  0.000000E+00  0.000000E+00  0.000000E+00  5.075574E-02  7.842114E-03
  1.720000E-01  9.404025E-01  5.959748E-02  0.000000E+00  0.000000E+00  0.000000E+00  0.000000E+00  0.000000E+00  0.000000E+00  5.125618E-02  8.341304E-03
  1.740000E-01  9.394043E-01  6.059572E-02  0.000000E+00  0.000000E+00  0.000000E+00  0.000000E+00  0.000000E+00  0.000000E+00  5.175268E-02  8.843048E-03
  1.760000E-01  9.384077E-01  6.159228E-02  0.000000E+00  0.000000E+00  0.000000E+00  0.000000E+00  0.000000E+00  0.000000E+00  5.224533E-02  9.346947E-03
  1.780000E-01  9.374131E-01  6.258688E-02  0.000000E+00  0.000000E+00  0.000000E+00  0.000000E+00  0.000000E+00  0.000000E+00  5.273424E-02  9.852639E-03
  1.800000E-01  9.364207E-01  6.357929E-02  0.000000E+00  0.000000E+00  0.000000E+00  0.000000E+00  0.000000E+00  0.000000E+00  5.321950E-02  1.035979E-02
  1.820000E-01  9.354307E-01  6.456930E-02  0.000000E+00  0.000000E+00  0.000000E+00  0.000000E+00  0.000000E+00  0.000000E+00  5.370118E-02  1.086812E-02
  1.840000E-01  9.344433E-01  6.555670E-02  0.000000E+00  0.000000E+00  0.000000E+00  0.000000E+00  0.000000E+00  0.000000E+00  5.417937E-02  1.137733E-02
  1.860000E-01  9.334587E-01  6.654132E-02  0.000000E+00  0.000000E+00  0.000000E+00  0.000000E+00  0.000000E+00  0.000000E+00  5.465413E-02  1.188719E-02
  1.880000E-01  9.324770E-01  6.752300E-02  0.000000E+00  0.000000E+00  0.000000E+00  0.000000E+00  0.000000E+00  0.000000E+00  5.512554E-02  1.239746E-02
  1.900000E-01  9.314984E-01  6.850160E-02  0.000000E+00  0.000000E+00  0.000000E+00  0.000000E+00  0.000000E+00  0.000000E+00  5.559366E-02  1.290794E-02
  1.920000E-01  9.305230E-01  6.947698E-02  0.000000E+00  0.000000E+00  0.000000E+00  0.000000E+00  0.000000E+00  0.000000E+00  5.605854E-02  1.341844E-02
  1.940000E-01  9.295510E-01  7.044903E-02  0.000000E+00  0.000000E+00  0.000000E+00  0.000000E+00  0.000000E+00  0.000000E+00  5.652025E-02  1.392878E-02
  1.960000E-01  9.285824E-01  7.141763E-02  0.000000E+00  0.000000E+00  0.000000E+00  0.000000E+00  0.000000E+00  0.000000E+00  5.697883E-02  1.443880E-02
  1.980000E-01  9.276173E-01  7.238270E-02  0.000000E+00  0.000000E+00  0.000000E+00  0.000000E+00  0.000000E+00  0.000000E+00  5.743435E-02  1.494835E-02
  2.000000E-01  9.266559E-01  7.334414E-02  0.000000E+00  0.000000E+00  0.000000E+00  0.000000E+00  0.000000E+00  0.000000E+00  5.788684E-02  1.545730E-02
  2.020000E-01  9.256981E-01  7.430188E-02  0.000000E+00  0.000000E+00  0.000000E+00  0.000000E+00  0.000000E+00  0.000000E+00  5.833635E-02  1.596552E-02
  2.040000E-01  9.247442E-01  7.525584E-02  0.000000E+00  0.000000E+00  0.000000E+00  0.000000E+00  0.000000E+00  0.000000E+00  5.878293E-02  1.647290E-02
  2.060000E-01  9.237940E-01  7.620595E-02  0.000000E+00  0.000000E+00  0.000000E+00  0.000000E+00  0.000000E+00  0.000000E+00  5.922662E-02  1.697933E-02
  2.080000E-01  9.228478E-01  7.715217E-02  0.000000E+00  0.000000E+00  0.000000E+00  0.000000E+00  0.000000E+00  0.000000E+00  5.966746E-02  1.748471E-02
  2.100000E-01  9.219056E-01  7.809443E-02  0.000000E+00  0.000000E+00  0.000000E+00  0.000000E+00  0.000000E+00  0.000000E+00  6.010548E-02  1.798895E-02
  2.120000E-01  9.209673E-01  7.903270E-02  0.000000E+00  0.000000E+00  0.000000E+00  0.000000E+00  0.000000E+00  0.000000E+00  6.054073E-02  1.849197E-02
  2.140000E-01  9.200331E-01  7.996692E-02  0.000000E+00  0.000000E+00  0.000000E+00  0.000000E+00  0.000000E+00  0.000000E+00  6.097323E-02  1.899369E-02
  2.160000E-01  9.191029E-01  8.089707E-02  0.000000E+00  0.000000E+00  0.000000E+00  0.000000E+00  0.000000E+00  0.000000E+00  6.140303E-02  1.949404E-02
  2.180000E-01  9.181769E-01  8.182310E-02  0.000000E+00  0.000000E+00  0.000000E+00  0.000000E+00  0.000000E+00  0.000000E+00  6.183015E-02  1.999295E-02
  2.200000E-01  9.172550E-01  8.274499E-02  0.000000E+00  0.000000E+00  0.000000E+00  0.000000E+00  0.000000E+00  0.000000E+00  6.225462E-02  2.049036E-02
  2.220000E-01  9.163373E-01  8.366271E-02  0.000000E+00  0.000000E+00  0.000000E+00  0.000000E+00  0.000000E+00  0.000000E+00  6.267648E-02  2.098622E-02
  2.240000E-01  9.154238E-01  8.457624E-02  0.000000E+00  0.000000E+00  0.000000E+00  0.000000E+00  0.000000E+00  0.000000E+00  6.309576E-02  2.148048E-02
  2.260000E-01  9.145144E-01  8.548556E-02  0.000000E+00  0.000000E+00  0.000000E+00  0.000000E+00  0.000000E+00  0.000000E+00  6.351247E-02  2.197309E-02
  2.280000E-01  9.136093E-01  8.639066E-02  0.000000E+00  0.000000E+00  0.000000E+00  0.000000E+00  0.000000E+00  0.000000E+00  6.392666E-02  2.246400E-02
  2.300000E-01  9.127085E-01  8.729151E-02  0.000000E+00  0.000000E+00  0.000000E+00  0.000000E+00  0.000000E+00  0.000000E+00  6.433834E-02  2.295318E-02
  2.320000E-01  9.118119E-01  8.818812E-02  0.000000E+00  0.000000E+00  0.000000E+00  0.000000E+00  0.000000E+00  0.000000E+00  6.474754E-02  2.344058E-02
  2.340000E-01  9.109195E-01  8.908046E-02  0.000000E+00  0.000000E+00  0.000000E+00  0.000000E+00  0.000000E+00  0.000000E+00  6.515428E-02  2.392617E-02
  2.360000E-01  9.100315E-01  8.996853E-02  0.000000E+00  0.000000E+00  0.000000E+00  0.000000E+00  0.000000E+00  0.000000E+00  6.555860E-02  2.440993E-02
  2.380000E-01  9.091477E-01  9.085233E-02  0.000000E+00  0.000000E+00  0.000000E+00  0.000000E+00  0.000000E+00  0.000000E+00  6.596050E-02  2.489182E-02
  2.400000E-01  9.082682E-01  9.173184E-02  0.000000E+00  0.000000E+00  0.000000E+00  0.000000E+00  0.000000E+00  0.000000E+00  6.636002E-02  2.537182E-02
  2.420000E-01  9.073929E-01  9.260708E-02  0.000000E+00  0.000000E+00  0.000000E+00  0.000000E+00  0.000000E+00  0.000000E+00  6.675718E-02  2.584990E-02
  2.440000E-01  9.065220E-01  9.347804E-02  0.000000E+00  0.000000E+00  0.000000E+00  0.000000E+00  0.000000E+00  0.000000E+00  6.715199E-02  2.632605E-02
  2.460000E-01  9.056553E-01  9.434471E-02  0.000000E+00  0.000000E+00  0.000000E+00  0.000000E+00  0.000000E+00  0.000000E+00  6.754448E-02  2.680023E-02
  2.480000E-01  9.047929E-01  9.520711E-02  0.000000E+00  0.000000E+00  0.000000E+00  0.000000E+00  0.000000E+00  0.000000E+00  6.793467E-02  2.727244E-02
  2.500000E-01  9.039348E-01  9.606523E-02  0.000000E+00  0.000000E+00  0.000000E+00  0.000000E+00  0.000000E+00  0.000000E+00  6.832258E-02  2.774265E-02
  2.520000E-01  9.030809E-01  9.691908E-02  0.000000E+00  0.000000E+00  0.000000E+00  0.000000E+00  0.000000E+00  0.000000E+00  6.870823E-02  2.821086E-02
  2.540000E-01  9.022313E-01  9.776867E-02  0.000000E+00  0.000000E+00  0.000000E+00  0.000000E+00  0.000000E+00  0.000000E+00  6.909163E-02  2.867704E-02
  2.560000E-01  9.013860E-01  9.861400E-02  0.000000E+00  0.000000E+00  0.000000E+00  0.000000E+00  0.000000E+00  0.000000E+00  6.947280E-02  2.914119E-02
  2.580000E-01  9.005449E-01  9.945508E-02  0.000000E+00  0.000000E+00  0.000000E+00  0.000000E+00  0.000000E+00  0.000000E+00  6.985177E-02  2.960330E-02
  2.600000E-01  8.997081E-01  1.002919E-01  0.000000E+00  0.000000E+00  0.000000E+00  0.000000E+00  0.000000E+00  0.000000E+00  7.022855E-02  3.006336E-02
  2.620000E-01  8.988755E-01  1.011245E-01  0.000000E+00  0.000000E+00  0.000000E+00  0.000000E+00  0.000000E+00  0.000000E+00  7.060316E-02  3.052135E-02
  2.640000E-01  8.980471E-01  1.019529E-01  0.000000E+00  0.000000E+00  0.000000E+00  0.000000E+00  0.000000E+00  0.000000E+00  7.097561E-02  3.097728E-02
  2.660000E-01  8.972229E-01  1.027771E-01  0.000000E+00  0.000000E+00  0.000000E+00  0.000000E+00  0.000000E+00  0.000000E+00  7.134592E-02  3.143113E-02
  2.680000E-01  8.964030E-01  1.035970E-01  0.000000E+00  0.000000E+00  0.000000E+00  0.000000E+00  0.000000E+00  0.000000E+00  7.171411E-02  3.188291E-02
  2.700000E-01  8.955872E-01  1.044128E-01  0.000000E+00  0.000000E+00  0.000000E+00  0.000000E+00  0.000000E+00  0.000000E+00  7.208019E-02  3.233260E-02
  2.720000E-01  8.947756E-01  1.052244E-01  0.000000E+00  0.000000E+00  0.000000E+00  0.000000E+00  0.000000E+00  0.000000E+00  7.244418E-02  3.278020E-02
  2.740000E-01  8.939682E-01  1.060318E-01  0.000000E+00  0.000000E+00  0.000000E+00  0.000000E+00  0.000000E+00  0.000000E+00  7.280610E-02  3.322572E-02
  2.760000E-01  8.931649E-01  1.068351E-01  0.000000E+00  0.000000E+00  0.000000E+00  0.000000E+00  0.000000E+00  0.000000E+00  7.316595E-02  3.366914E-02
  2.780000E-01  8.923658E-01  1.076342E-01  0.000000E+00  0.000000E+00  0.000000E+00  0.000000E+00  0.000000E+00  0.000000E+00  7.352376E-02  3.411048E-02
  2.800000E-01  8.915707E-01  1.084293E-01  0.000000E+00  0.000000E+00  0.000000E+00  0.000000E+00  0.000000E+00  0.000000E+00  7.387954E-02  3.454972E-02
  2.820000E-01  8.907798E-01  1.092202E-01  0.000000E+00  0.000000E+00  0.000000E+00  0.000000E+00  0.000000E+00  0.000000E+00  7.423330E-02  3.498687E-02
  2.840000E-01  8.899930E-01  1.100070E-01  0.000000E+00  0.000000E+00  0.000000E+00  0.000000E+00  0.000000E+00  0.000000E+00  7.458506E-02  3.542193E-02
  2.860000E-01  8.892103E-01  1.107897E-01  0.000000E+00  0.000000E+00  0.000000E+00  0.000000E+00  0.000000E+00  0.000000E+00  7.493483E-02  3.585490E-02
  2.880000E-01  8.884316E-01  1.115684E-01  0.000000E+00  0.000000E+00  0.000000E+00  0.000000E+00  0.000000E+00  0.000000E+00  7.528263E-02  3.628578E-02
  2.900000E-01  8.876570E-01  1.123430E-01  0.000000E+00  0.000000E+00  0.000000E+00  0.000000E+00  0.000000E+00  0.000000E+00  7.562846E-02  3.671457E-02
  2.920000E-01  8.868864E-01  1.131136E-01  0.000000E+00  0.000000E+00  0.000000E+00  0.000000E+00  0.000000E+00  0.000000E+00  7.597235E-02  3.714128E-02
  2.940000E-01  8.861198E-01  1.138802E-01  0.000000E+00  0.000000E+00  0.000000E+00  0.000000E+00  0.000000E+00  0.000000E+00  7.631430E-02  3.756592E-02
  2.960000E-01  8.853572E-01  1.146428E-01  0.000000E+00  0.000000E+00  0.000000E+00  0.000000E+00  0.000000E+00  0.000000E+00  7.665433E-02  3.798847E-02
  2.980000E-01  8.845986E-01  1.154014E-01  0.000000E+00  0.000000E+00  0.000000E+00  0.000000E+00  0.000000E+00  0.000000E+00  7.699245E-02  3.840896E-02
  3.000000E-01  8.838439E-01  1.161561E-01  0.000000E+00  0.000000E+00  0.000000E+00  0.000000E+00  0.000000E+00  0.000000E+00  7.732868E-02  3.882738E-02
  3.020000E-01  8.830932E-01  1.169068E-01  0.000000E+00  0.000000E+00  0.000000E+00  0.000000E+00  0.000000E+00  0.000000E+00  7.766302E-02  3.924373E-02
  3.040000E-01  8.823465E-01  1.176535E-01  0.000000E+00  0.000000E+00  0.000000E+00  0.000000E+00  0.000000E+00  0.000000E+00  7.799550E-02  3.965803E-02
  3.060000E-01  8.816036E-01  1.183964E-01  0.000000E+00  0.000000E+00  0.000000E+00  0.000000E+00  0.000000E+00  0.000000E+00  7.832611E-02  4.007027E-02
  3.080000E-01  8.808647E-01  1.191353E-01  0.000000E+00  0.000000E+00  0.000000E+00  0.000000E+00  0.000000E+00  0.000000E+00  7.865488E-02  4.048047E-02
  3.100000E-01  8.801296E-01  1.198704E-01  0.000000E+00  0.000000E+00  0.000000E+00  0.000000E+00  0.000000E+00  0.000000E+00  7.898181E-02  4.088862E-02
  3.120000E-01  8.793983E-01  1.206017E-01  0.000000E+00  0.000000E+00  0.000000E+00  0.000000E+00  0.000000E+00  0.000000E+00  7.930692E-02  4.129474E-02
  3.140000E-01  8.786709E-01  1.213291E-01  0.000000E+00  0.000000E+00  0.000000E+00  0.000000E+00  0.000000E+00  0.000000E+00  7.963023E-02  4.169884E-02
  3.160000E-01  8.779474E-01  1.220526E-01  0.000000E+00  0.000000E+00  0.000000E+00  0.000000E+00  0.000000E+00  0.000000E+00  7.995173E-02  4.210091E-02
  3.180000E-01  8.772276E-01  1.227724E-01  0.000000E+00  0.000000E+00  0.000000E+00  0.000000E+00  0.000000E+00  0.000000E+00  8.027144E-02  4.250096E-02
  3.200000E-01  8.765116E-01  1.234884E-01  0.000000E+00  0.000000E+00  0.000000E+00  0.000000E+00  0.000000E+00  0.000000E+00  8.058938E-02  4.289901E-02
  3.220000E-01  8.757994E-01  1.242006E-01  0.000000E+00  0.000000E+00  0.000000E+00  0.000000E+00  0.000000E+00  0.000000E+00  8.090556E-02  4.329505E-02
  3.240000E-01  8.750909E-01  1.249091E-01  0.000000E+00  0.000000E+00  0.000000E+00  0.000000E+00  0.000000E+00  0.000000E+00  8.121998E-02  4.368910E-02
  3.260000E-01  8.743862E-01  1.256138E-01  0.000000E+00  0.000000E+00  0.000000E+00  0.000000E+00  0.000000E+00  0.000000E+00  8.153266E-02  4.408117E-02
  3.280000E-01  8.736851E-01  1.263149E-01  0.000000E+00  0.000000E+00  0.000000E+00  0.000000E+00  0.000000E+00  0.000000E+00  8.184361E-02  4.447125E-02
  3.300000E-01  8.729878E-01  1.270122E-01  0.000000E+00  0.000000E+00  0.000000E+00  0.000000E+00  0.000000E+00  0.000000E+00  8.215284E-02  4.485937E-02
  3.320000E-01  8.722941E-01  1.277059E-01  0.000000E+00  0.000000E+00  0.000000E+00  0.000000E+00  0.000000E+00  0.000000E+00  8.246035E-02  4.524552E-02
  3.340000E-01  8.716041E-01  1.283959E-01  0.000000E+00  0.000000E+00  0.000000E+00  0.000000E+00  0.000000E+00  0.000000E+00  8.276617E-02  4.562971E-02
  3.360000E-01  8.709177E-01  1.290823E-01  0.000000E+00  0.000000E+00  0.000000E+00  0.000000E+00  0.000000E+00  0.000000E+00  8.307031E-02  4.601196E-02
  3.380000E-01  8.702350E-01  1.297650E-01  0.000000E+00  0.000000E+00  0.000000E+00  0.000000E+00  0.000000E+00  0.000000E+00  8.337276E-02  4.639227E-02
  3.400000E-01  8.695558E-01  1.304442E-01  0.000000E+00  0.000000E+00  0.000000E+00  0.000000E+00  0.000000E+00  0.000000E+00  8.367355E-02  4.677065E-02
  3.420000E-01  8.688802E-01  1.311198E-01  0.000000E+00  0.000000E+00  0.000000E+00  0.000000E+00  0.000000E+00  0.000000E+00  8.397268E-02  4.714710E-02
  3.440000E-01  8.682082E-01  1.317918E-01  0.000000E+00  0.000000E+00  0.000000E+00  0.000000E+00  0.000000E+00  0.000000E+00  8.427016E-02  4.752164E-02
  3.460000E-01  8.675397E-01  1.324603E-01  0.000000E+00  0.000000E+00  0.000000E+00  0.000000E+00  0.000000E+00  0.000000E+00  8.456601E-02  4.789428E-02
  3.480000E-01  8.668747E-01  1.331253E-01  0.000000E+00  0.000000E+00  0.000000E+00  0.000000E+00  0.000000E+00  0.000000E+00  8.486023E-02  4.826502E-02
  3.500000E-01  8.662133E-01  1.337867E-01  0.000000E+00  0.000000E+00  0.000000E+00  0.000000E+00  0.000000E+00  0.000000E+00  8.515284E-02  4.863387E-02
  3.520000E-01  8.655553E-01  1.344447E-01  0.000000E+00  0.000000E+00  0.000000E+00  0.000000E+00  0.000000E+00  0.000000E+00  8.544384E-02  4.900084E-02
  3.540000E-01  8.649008E-01  1.350992E-01  0.000000E+00  0.000000E+00  0.000000E+00  0.000000E+00  0.000000E+00  0.000000E+00  8.573324E-02  4.936594E-02
  3.560000E-01  8.642498E-01  1.357502E-01  0.000000E+00  0.000000E+00  0.000000E+00  0.000000E+00  0.000000E+00  0.000000E+00  8.602106E-02  4.972918E-02
  3.580000E-01  8.636021E-01  1.363979E-01  0.000000E+00  0.000000E+00  0.000000E+00  0.000000E+00  0.000000E+00  0.000000E+00  8.630730E-02  5.009057E-02
  3.600000E-01  8.629579E-01  1.370421E-01  0.000000E+00  0.000000E+00  0.000000E+00  0.000000E+00  0.000000E+00  0.000000E+00  8.659198E-02  5.045011E-02
  3.620000E-01  8.623171E-01  1.376829E-01  0.000000E+00  0.000000E+00  0.000000E+00  0.000000E+00  0.000000E+00  0.000000E+00  8.687510E-02  5.080782E-02
  3.640000E-01  8.616796E-01  1.383204E-01  0.000000E+00  0.000000E+00  0.000000E+00  0.000000E+00  0.000000E+00  0.000000E+00  8.715667E-02  5.116370E-02
  3.660000E-01  8.610455E-01  1.389545E-01  0.000000E+00  0.000000E+00  0.000000E+00  0.000000E+00  0.000000E+00  0.000000E+00  8.743670E-02  5.151777E-02
  3.680000E-01  8.604148E-01  1.395852E-01  0.000000E+00  0.000000E+00  0.000000E+00  0.000000E+00  0.000000E+00  0.000000E+00  8.771520E-02  5.187002E-02
  3.700000E-01  8.597873E-01  1.402127E-01  0.000000E+00  0.000000E+00  0.000000E+00  0.000000E+00  0.000000E+00  0.000000E+00  8.799219E-02  5.222048E-02
  3.720000E-01  8.591632E-01  1.408368E-01  0.000000E+00  0.000000E+00  0.000000E+00  0.000000E+00  0.000000E+00  0.000000E+00  8.826766E-02  5.256915E-02
  3.740000E-01  8.585423E-01  1.414577E-01  0.000000E+00  0.000000E+00  0.000000E+00  0.000000E+00  0.000000E+00  0.000000E+00  8.854164E-02  5.291604E-02
  3.760000E-01  8.579247E-01  1.420753E-01  0.000000E+00  0.000000E+00  0.000000E+00  0.000000E+00  0.000000E+00  0.000000E+00  8.881412E-02  5.326116E-02
  3.780000E-01  8.573104E-01  1.426896E-01  0.000000E+00  0.000000E+00  0.000000E+00  0.000000E+00  0.000000E+00  0.000000E+00  8.908512E-02  5.360451E-02
  3.800000E-01  8.566992E-01  1.433008E-01  0.000000E+00  0.000000E+00  0.000000E+00  0.000000E+00  0.000000E+00  0.000000E+00  8.935465E-02  5.394612E-02
  3.820000E-01  8.560913E-01  1.439087E-01  0.000000E+00  0.000000E+00  0.000000E+00  0.000000E+00  0.000000E+00  0.000000E+00  8.962272E-02  5.428597E-02
  3.840000E-01  8.554866E-01  1.445134E-01  0.000000E+00  0.000000E+00  0.000000E+00  0.000000E+00  0.000000E+00  0.000000E+00  8.988933E-02  5.462410E-02
  3.860000E-01  8.548850E-01  1.451150E-01  0.000000E+00  0.000000E+00  0.000000E+00  0.000000E+00  0.000000E+00  0.000000E+00  9.015449E-02  5.496050E-02
  3.880000E-01  8.542866E-01  1.457134E-01  0.000000E+00  0.000000E+00  0.000000E+00  0.000000E+00  0.000000E+00  0.000000E+00  9.041822E-02  5.529518E-02
  3.900000E-01  8.536913E-01  1.463087E-01  0.000000E+00  0.000000E+00  0.000000E+00  0.000000E+00  0.000000E+00  0.000000E+00  9.068051E-02  5.562815E-02
  3.920000E-01  8.530992E-01  1.469008E-01  0.000000E+00  0.000000E+00  0.000000E+00  0.000000E+00  0.000000E+00  0.000000E+00  9.094139E-02  5.595943E-02
  3.940000E-01  8.525101E-01  1.474899E-01  0.000000E+00  0.000000E+00  0.000000E+00  0.000000E+00  0.000000E+00  0.000000E+00  9.120086E-02  5.628902E-02
  3.960000E-01  8.519242E-01  1.480758E-01  0.000000E+00  0.000000E+00  0.000000E+00  0.000000E+00  0.000000E+00  0.000000E+00  9.145892E-02  5.661693E-02
  3.980000E-01  8.513412E-01  1.486588E-01  0.000000E+00  0.000000E+00  0.000000E+00  0.000000E+00  0.000000E+00  0.000000E+00  9.171559E-02  5.694316E-02
  4.000000E-01  8.507614E-01  1.492386E-01  0.000000E+00  0.000000E+00  0.000000E+00  0.000000E+00  0.000000E+00  0.000000E+00  9.197088E-02  5.726774E-02
  4.020000E-01  8.501845E-01  1.498155E-01  0.000000E+00  0.000000E+00  0.000000E+00  0.000000E+00  0.000000E+00  0.000000E+00  9.222479E-02  5.759066E-02
  4.040000E-01  8.496107E-01  1.503893E-01  0.000000E+00  0.000000E+00  0.000000E+00  0.000000E+00  0.000000E+00  0.000000E+00  9.247733E-02  5.791194E-02
  4.060000E-01  8.490399E-01  1.509601E-01  0.000000E+00  0.000000E+00  0.000000E+00  0.000000E+00  0.000000E+00  0.000000E+00  9.272851E-02  5.823159E-02
  4.080000E-01  8.484720E-01  1.515280E-01  0.000000E+00  0.000000E+00  0.000000E+00  0.000000E+00  0.000000E+00  0.000000E+00  9.297834E-02  5.854961E-02
  4.100000E-01  8.479072E-01  1.520928E-01  0.000000E+00  0.000000E+00  0.000000E+00  0.000000E+00  0.000000E+00  0.000000E+00  9.322682E-02  5.886602E-02
  4.120000E-01  8.473452E-01  1.526548E-01  0.000000E+00  0.000000E+00  0.000000E+00  0.000000E+00  0.000000E+00  0.000000E+00  9.347398E-02  5.918081E-02
  4.140000E-01  8.467862E-01  1.532138E-01  0.000000E+00  0.000000E+00  0.000000E+00  0.000000E+00  0.000000E+00  0.000000E+00  9.371980E-02  5.949401E-02
  4.160000E-01  8.462301E-01  1.537699E-01  0.000000E+00  0.000000E+00  0.000000E+00  0.000000E+00  0.000000E+00  0.000000E+00  9.396430E-02  5.980562E-02
  4.180000E-01  8.456768E-01  1.543232E-01  0.000000E+00  0.000000E+00  0.000000E+00  0.000000E+00  0.000000E+00  0.000000E+00  9.420750E-02  6.011566E-02
  4.200000E-01  8.451265E-01  1.548735E-01  0.000000E+00  0.000000E+00  0.000000E+00  0.000000E+00  0.000000E+00  0.000000E+00  9.444939E-02  6.042411E-02
  4.220000E-01  8.445790E-01  1.554210E-01  0.000000E+00  0.000000E+00  0.000000E+00  0.000000E+00  0.000000E+00  0.000000E+00  9.468999E-02  6.073101E-02
  4.240000E-01  8.440343E-01  1.559657E-01  0.000000E+00  0.000000E+00  0.000000E+00  0.000000E+00  0.000000E+00  0.000000E+00  9.492930E-02  6.103636E-02
  4.260000E-01  8.434925E-01  1.565075E-01  0.000000E+00  0.000000E+00  0.000000E+00  0.000000E+00  0.000000E+00  0.000000E+00  9.516733E-02  6.134015E-02
  4.280000E-01  8.429535E-01  1.570465E-01  0.000000E+00  0.000000E+00  0.000000E+00  0.000000E+00  0.000000E+00  0.000000E+00  9.540409E-02  6.164242E-02
  4.300000E-01  8.424173E-01  1.575827E-01  0.000000E+00  0.000000E+00  0.000000E+00  0.000000E+00  0.000000E+00  0.000000E+00  9.563959E-02  6.194315E-02
  4.320000E-01  8.418838E-01  1.581162E-01  0.000000E+00  0.000000E+00  0.000000E+00  0.000000E+00  0.000000E+00  0.000000E+00  9.587383E-02  6.224237E-02
  4.340000E-01  8.413531E-01  1.586469E-01  0.000000E+00  0.000000E+00  0.000000E+00  0.000000E+00  0.000000E+00  0.000000E+00  9.610683E-02  6.254008E-02
  4.360000E-01  8.408251E-01  1.591749E-01  0.000000E+00  0.000000E+00  0.000000E+00  0.000000E+00  0.000000E+00  0.000000E+00  9.633858E-02  6.283628E-02
  4.380000E-01  8.402999E-01  1.597001E-01  0.000000E+00  0.000000E+00  0.000000E+00  0.000000E+00  0.000000E+00  0.000000E+00  9.656910E-02  6.313100E-02
  4.400000E-01  8.397774E-01  1.602226E-01  0.000000E+00  0.000000E+00  0.000000E+00  0.000000E+00  0.000000E+00  0.000000E+00  9.679840E-02  6.342423E-02
  4.420000E-01  8.392575E-01  1.607425E-01  0.000000E+00  0.000000E+00  0.000000E+00  0.000000E+00  0.000000E+00  0.000000E+00  9.702648E-02  6.371599E-02
  4.440000E-01  8.387404E-01  1.612596E-01  0.000000E+00  0.000000E+00  0.000000E+00  0.000000E+00  0.000000E+00  0.000000E+00  9.725335E-02  6.400627E-02
  4.460000E-01  8.382259E-01  1.617741E-01  0.000000E+00  0.000000E+00  0.000000E+00  0.000000E+00  0.000000E+00  0.000000E+00  9.747902E-02  6.429511E-02
  4.480000E-01  8.377140E-01  1.622860E-01  0.000000E+00  0.000000E+00  0.000000E+00  0.000000E+00  0.000000E+00  0.000000E+00  9.770350E-02  6.458249E-02
  4.500000E-01  8.372048E-01  1.627952E-01  0.000000E+00  0.000000E+00  0.000000E+00  0.000000E+00  0.000000E+00  0.000000E+00  9.792678E-02  6.486843E-02
  4.520000E-01  8.366982E-01  1.633018E-01  0.000000E+00  0.000000E+00  0.000000E+00  0.000000E+00  0.000000E+00  0.000000E+00  9.814889E-02  6.515294E-02
  4.540000E-01  8.361942E-01  1.638058E-01  0.000000E+00  0.000000E+00  0.000000E+00  0.000000E+00  0.000000E+00  0.000000E+00  9.836982E-02  6.543602E-02
  4.560000E-01  8.356927E-01  1.643073E-01  0.000000E+00  0.000000E+00  0.000000E+00  0.000000E+00  0.000000E+00  0.000000E+00  9.858959E-02  6.571769E-02
  4.580000E-01  8.304543E-01  1.657297E-01  0.000000E+00  3.816065E-03  0.000000E+00  0.000000E+00  0.000000E+00  0.000000E+00  9.726421E-02  6.464939E-02
  4.600000E-01  8.277714E-01  1.666504E-01  0.000000E+00  5.578108E-03  0.000000E+00  0.000000E+00  0.000000E+00  0.000000E+00  9.676801E-02  6.430432E-02
  4.620000E-01  8.249693E-01  1.675916E-01  0.000000E+00  7.439056E-03  0.000000E+00  0.000000E+00  0.000000E+00  0.000000E+00  9.623028E-02  6.392227E-02
  4.640000E-01  8.220881E-01  1.685454E-01  0.000000E+00  9.366470E-03  0.000000E+00  0.000000E+00  0.000000E+00  0.000000E+00  9.566420E-02  6.351474E-02
  4.660000E-01  8.191545E-01  1.695067E-01  0.000000E+00  1.133881E-02  0.000000E+00  0.000000E+00  0.000000E+00  0.000000E+00  9.507850E-02  6.308939E-02
  4.680000E-01  8.161870E-01  1.704719E-01  0.000000E+00  1.334108E-02  0.000000E+00  0.000000E+00  0.000000E+00  0.000000E+00  9.447929E-02  6.265155E-02
  4.700000E-01  8.131990E-01  1.714385E-01  0.000000E+00  1.536250E-02  0.000000E+00  0.000000E+00  0.000000E+00  0.000000E+00  9.387095E-02  6.220507E-02
  4.720000E-01  8.102003E-01  1.724046E-01  0.000000E+00  1.739508E-02  0.000000E+00  0.000000E+00  0.000000E+00  0.000000E+00  9.325673E-02  6.175280E-02
  4.740000E-01  8.076283E-01  1.731476E-01  0.000000E+00  1.685689E-02  0.000000E+00  0.000000E+00  2.367190E-03  0.000000E+00  9.263245E-02  6.129109E-02
  4.760000E-01  8.048746E-01  1.739904E-01  0.000000E+00  1.755515E-02  0.000000E+00  0.000000E+00  3.579800E-03  0.000000E+00  9.201807E-02  6.083739E-02
  4.780000E-01  8.021629E-01  1.748150E-01  0.000000E+00  1.810073E-02  0.000000E+00  0.000000E+00  4.921354E-03  0.000000E+00  9.140698E-02  6.038591E-02
  4.800000E-01  7.994910E-01  1.756229E-01  0.000000E+00  1.851387E-02  0.000000E+00  0.000000E+00  6.372189E-03  0.000000E+00  9.079969E-02  5.993713E-02
  4.820000E-01  7.968571E-01  1.764154E-01  0.000000E+00  1.880960E-02  0.000000E+00  0.000000E+00  7.917933E-03  0.000000E+00  9.019653E-02  5.949132E-02
  4.840000E-01  7.942594E-01  1.771934E-01  0.000000E+00  1.899970E-02  0.000000E+00  0.000000E+00  9.547429E-03  0.000000E+00  8.959765E-02  5.904865E-02
  4.860000E-01  7.916966E-01  1.779579E-01  0.000000E+00  1.909391E-02  0.000000E+00  0.000000E+00  1.125164E-02  0.000000E+00  8.900316E-02  5.860920E-02
  4.880000E-01  7.891671E-01  1.787095E-01  0.000000E+00  1.910043E-02  0.000000E+00  0.000000E+00  1.302299E-02  0.000000E+00  8.841308E-02  5.817301E-02
  4.900000E-01  7.866696E-01  1.794489E-01  0.000000E+00  1.902643E-02  0.000000E+00  0.000000E+00  1.485502E-02  0.000000E+00  8.782742E-02  5.774007E-02
  4.920000E-01  7.842030E-01  1.801768E-01  0.000000E+00  1.887821E-02  0.000000E+00  0.000000E+00  1.674205E-02  0.000000E+00  8.724612E-02  5.731037E-02
  4.940000E-01  7.817659E-01  1.808935E-01  0.000000E+00  1.866148E-02  0.000000E+00  0.000000E+00  1.867906E-02  0.000000E+00  8.666913E-02  5.688386E-02
  4.960000E-01  7.793573E-01  1.815998E-01  0.000000E+00  1.838143E-02  0.000000E+00  0.000000E+00  2.066148E-02  0.000000E+00  8.609639E-02  5.646048E-02
  4.980000E-01  7.769759E-01  1.822960E-01  0.000000E+00  1.804288E-02  0.000000E+00  0.000000E+00  2.268517E-02  0.000000E+00  8.552778E-02  5.604016E-02
  5.000000E-01  7.746207E-01  1.829827E-01  0.000000E+00  1.765034E-02  0.000000E+00  0.000000E+00  2.474628E-02  0.000000E+00  8.496322E-02  5.562281E-02
  5.020000E-01  7.722905E-01  1.836602E-01  0.000000E+00  1.720808E-02  0.000000E+00  0.000000E+00  2.684120E-02  0.000000E+00  8.440257E-02  5.520834E-02
  5.040000E-01  7.699842E-01  1.843291E-01  0.000000E+00  1.672022E-02  0.000000E+00  0.000000E+00  2.896651E-02  0.000000E+00  8.384572E-02  5.479665E-02
  5.060000E-01  7.677006E-01  1.849898E-01  0.000000E+00  1.619073E-02  0.000000E+00  0.000000E+00  3.111893E-02  0.000000E+00  8.329251E-02  5.438760E-02
  5.080000E-01  7.654385E-01  1.856427E-01  0.000000E+00  1.562351E-02  0.000000E+00  0.000000E+00  3.329527E-02  0.000000E+00  8.274279E-02  5.398109E-02
  5.100000E-01  7.631969E-01  1.862882E-01  0.000000E+00  1.502244E-02  0.000000E+00  0.000000E+00  3.549245E-02  0.000000E+00  8.219640E-02  5.357696E-02
  5.120000E-01  7.609743E-01  1.869269E-01  0.000000E+00  1.439137E-02  0.000000E+00  0.000000E+00  3.770737E-02  0.000000E+00  8.165314E-02  5.317506E-02
  5.140000E-01  7.587696E-01  1.875592E-01  0.000000E+00  1.373417E-02  0.000000E+00  0.000000E+00  3.993699E-02  0.000000E+00  8.111282E-02  5.277524E-02
  5.160000E-01  7.565815E-01  1.881855E-01  0.000000E+00  1.305477E-02  0.000000E+00  0.000000E+00  4.217823E-02  0.000000E+00  8.057524E-02  5.237731E-02
  5.180000E-01  7.544084E-01  1.888064E-01  0.000000E+00  1.235716E-02  0.000000E+00  0.000000E+00  4.442800E-02  0.000000E+00  8.004016E-02  5.198109E-02
  5.200000E-01  7.522491E-01  1.894223E-01  0.000000E+00  1.164542E-02  0.000000E+00  0.000000E+00  4.668316E-02  0.000000E+00  7.950736E-02  5.158639E-02
  5.220000E-01  7.501020E-01  1.900338E-01  0.000000E+00  1.092368E-02  0.000000E+00  0.000000E+00  4.894054E-02  0.000000E+00  7.897658E-02  5.119298E-02
  5.240000E-01  7.479656E-01  1.906413E-01  0.000000E+00  1.019618E-02  0.000000E+00  0.000000E+00  5.119691E-02  0.000000E+00  7.844756E-02  5.080066E-02
  5.260000E-01  7.458383E-01  1.912455E-01  0.000000E+00  9.467187E-03  0.000000E+00  0.000000E+00  5.344902E-02  0.000000E+00  7.792004E-02  5.040921E-02
  5.280000E-01  7.437186E-01  1.918467E-01  0.000000E+00  8.741040E-03  0.000000E+00  0.000000E+00  5.569357E-02  0.000000E+00  7.739375E-02  5.001839E-02
  5.300000E-01  7.416049E-01  1.924457E-01  0.000000E+00  8.022062E-03  0.000000E+00  0.000000E+00  5.792730E-02  0.000000E+00  7.686841E-02  4.962798E-02
  5.320000E-01  7.394955E-01  1.930430E-01  0.000000E+00  7.314540E-03  0.000000E+00  0.000000E+00  6.014694E-02  0.000000E+00  7.634375E-02  4.923775E-02
  5.340000E-01  7.373890E-01  1.936390E-01  0.000000E+00  6.622667E-03  0.000000E+00  0.000000E+00  6.234932E-02  0.000000E+00  7.581953E-02  4.884749E-02
  5.360000E-01  7.352838E-01  1.942343E-01  0.000000E+00  5.950487E-03  0.000000E+00  0.000000E+00  6.453135E-02  0.000000E+00  7.529549E-02  4.845700E-02
  5.380000E-01  7.331786E-01  1.948294E-01  0.000000E+00  5.301828E-03  0.000000E+00  0.000000E+00  6.669010E-02  0.000000E+00  7.477141E-02  4.806609E-02
  5.400000E-01  7.310721E-01  1.954248E-01  0.000000E+00  4.680247E-03  0.000000E+00  0.000000E+00  6.882284E-02  0.000000E+00  7.424708E-02  4.767460E-02
  5.420000E-01  7.289632E-01  1.960208E-01  0.000000E+00  4.088974E-03  0.000000E+00  0.000000E+00  7.092708E-02  0.000000E+00  7.372234E-02  4.728238E-02
  5.440000E-01  7.268508E-01  1.966178E-01  0.000000E+00  3.530867E-03  0.000000E+00  0.000000E+00  7.300056E-02  0.000000E+00  7.319706E-02  4.688933E-02
  5.460000E-01  7.247341E-01  1.972162E-01  0.000000E+00  3.008384E-03  0.000000E+00  0.000000E+00  7.504135E-02  0.000000E+00  7.267111E-02  4.649537E-02
  5.480000E-01  7.226124E-01  1.978162E-01  0.000000E+00  2.523562E-03  0.000000E+00  0.000000E+00  7.704779E-02  0.000000E+00  7.214444E-02  4.610044E-02
  5.500000E-01  7.204853E-01  1.984181E-01  0.000000E+00  2.078028E-03  0.000000E+00  0.000000E+00  7.901855E-02  0.000000E+00  7.161700E-02  4.570451E-02
  5.520000E-01  7.183524E-01  1.990220E-01  0.000000E+00  1.673021E-03  0.000000E+00  0.000000E+00  8.095257E-02  0.000000E+00  7.108879E-02  4.530761E-02
  5.540000E-01  7.162135E-01  1.996280E-01  0.000000E+00  1.309432E-03  0.000000E+00  0.000000E+00  8.284902E-02  0.000000E+00  7.055983E-02  4.490974E-02
  5.560000E-01  7.140685E-01  2.002363E-01  0.000000E+00  9.878822E-04  0.000000E+00  0.000000E+00  8.470732E-02  0.000000E+00  7.003014E-02  4.451095E-02
  5.580000E-01  7.119173E-01  2.008469E-01  0.000000E+00  7.088128E-04  0.000000E+00  0.000000E+00  8.652699E-02  0.000000E+00  6.949980E-02  4.411129E-02
  5.600000E-01  7.097599E-01  2.014599E-01  0.000000E+00  4.726410E-04  0.000000E+00  0.000000E+00  8.830760E-02  0.000000E+00  6.896883E-02  4.371081E-02
  5.620000E-01  7.075961E-01  2.020754E-01  0.000000E+00  2.800084E-04  0.000000E+00  0.000000E+00  9.004857E-02  0.000000E+00  6.843725E-02  4.330954E-02
  5.640000E-01  7.054254E-01  2.026936E-01  0.000000E+00  1.323003E-04  0.000000E+00  0.000000E+00  9.174878E-02  0.000000E+00  6.790504E-02  4.290744E-02
  5.660000E-01  7.032464E-01  2.033150E-01  0.000000E+00  3.319921E-05  0.000000E+00  0.000000E+00  9.340548E-02  0.000000E+00  6.737194E-02  4.250434E-02
  5.680000E-01  7.010520E-01  2.039418E-01  0.000000E+00  0.000000E+00  0.000000E+00  0.000000E+00  9.500618E-02  0.000000E+00  6.683659E-02  4.209905E-02
  5.700000E-01  6.988559E-01  2.045699E-01  0.000000E+00  0.000000E+00  0.000000E+00  0.000000E+00  9.657416E-02  0.000000E+00  6.630179E-02  4.169400E-02
  5.720000E-01  6.966717E-01  2.051951E-01  0.000000E+00  0.000000E+00  0.000000E+00  0.000000E+00  9.813318E-02  0.000000E+00  6.577032E-02  4.129157E-02
  5.740000E-01  6.944995E-01  2.058172E-01  0.000000E+00  0.000000E+00  0.000000E+00  0.000000E+00  9.968328E-02  0.000000E+00  6.524218E-02  4.089176E-02
  5.760000E-01  6.923391E-01  2.064364E-01  0.000000E+00  0.000000E+00  0.000000E+00  0.000000E+00  1.012245E-01  0.000000E+00  6.471735E-02  4.049457E-02
  5.780000E-01  6.901905E-01  2.070527E-01  0.000000E+00  0.000000E+00  0.000000E+00  0.000000E+00  1.027569E-01  0.000000E+00  6.419583E-02  4.009999E-02
  5.800000E-01  6.880535E-01  2.076660E-01  0.000000E+00  0.000000E+00  0.000000E+00  0.000000E+00  1.042804E-01  0.000000E+00  6.367761E-02  3.970803E-02
  5.820000E-01  6.859282E-01  2.082765E-01  0.000000E+00  0.000000E+00  0.000000E+00  0.000000E+00  1.057952E-01  0.000000E+00  6.316267E-02  3.931866E-02
  5.840000E-01  6.838145E-01  2.088842E-01  0.000000E+00  0.000000E+00  0.000000E+00  0.000000E+00  1.073013E-01  0.000000E+00  6.265100E-02  3.893189E-02
  5.860000E-01  6.817123E-01  2.094890E-01  0.000000E+00  0.000000E+00  0.000000E+00  0.000000E+00  1.087987E-01  0.000000E+00  6.214260E-02  3.854772E-02
  5.880000E-01  6.796215E-01  2.100911E-01  0.000000E+00  0.000000E+00  0.000000E+00  0.000000E+00  1.102875E-01  0.000000E+00  6.163745E-02  3.816613E-02
  5.900000E-01  6.775420E-01  2.106903E-01  0.000000E+00  0.000000E+00  0.000000E+00  0.000000E+00  1.117677E-01  0.000000E+00  6.113553E-02  3.778711E-02
  5.920000E-01  6.754738E-01  2.112869E-01  0.000000E+00  0.000000E+00  0.000000E+00  0.000000E+00  1.132393E-01  0.000000E+00  6.063685E-02  3.741067E-02
  5.940000E-01  6.734168E-01  2.118807E-01  0.000000E+00  0.000000E+00  0.000000E+00  0.000000E+00  1.147025E-01  0.000000E+00  6.014137E-02  3.703679E-02
  5.960000E-01  6.713710E-01  2.124718E-01  0.000000E+00  0.000000E+00  0.000000E+00  0.000000E+00  1.161572E-01  0.000000E+00  5.964910E-02  3.666546E-02
  5.980000E-01  6.693362E-01  2.130602E-01  0.000000E+00  0.000000E+00  0.000000E+00  0.000000E+00  1.176036E-01  0.000000E+00  5.916000E-02  3.629668E-02
  6.000000E-01  6.673124E-01  2.136461E-01  0.000000E+00  0.000000E+00  0.000000E+00  0.000000E+00  1.190415E-01  0.000000E+00  5.867408E-02  3.593044E-02
  6.020000E-01  6.652995E-01  2.142293E-01  0.000000E+00  0.000000E+00  0.000000E+00  0.000000E+00  1.204712E-01  0.000000E+00  5.819132E-02  3.556672E-02
  6.040000E-01  6.632975E-01  2.148099E-01  0.000000E+00  0.000000E+00  0.000000E+00  0.000000E+00  1.218926E-01  0.000000E+00  5.771170E-02  3.520552E-02
  6.060000E-01  6.613062E-01  2.153879E-01  0.000000E+00  0.000000E+00  0.000000E+00  0.000000E+00  1.233059E-01  0.000000E+00  5.723521E-02  3.484683E-02
  6.080000E-01  6.593257E-01  2.159634E-01  0.000000E+00  0.000000E+00  0.000000E+00  0.000000E+00  1.247109E-01  0.000000E+00  5.676183E-02  3.449064E-02
  6.100000E-01  6.573557E-01  2.165364E-01  0.000000E+00  0.000000E+00  0.000000E+00  0.000000E+00  1.261079E-01  0.000000E+00  5.629155E-02  3.413694E-02
  6.120000E-01  6.553963E-01  2.171069E-01  0.000000E+00  0.000000E+00  0.000000E+00  0.000000E+00  1.274968E-01  0.000000E+00  5.582435E-02  3.378572E-02
  6.140000E-01  6.534474E-01  2.176749E-01  0.000000E+00  0.000000E+00  0.000000E+00  0.000000E+00  1.288777E-01  0.000000E+00  5.536022E-02  3.343697E-02
  6.160000E-01  6.515089E-01  2.182405E-01  0.000000E+00  0.000000E+00  0.000000E+00  0.000000E+00  1.302506E-01  0.000000E+00  5.489915E-02  3.309068E-02
  6.180000E-01  6.495807E-01  2.188036E-01  0.000000E+00  0.000000E+00  0.000000E+00  0.000000E+00  1.316157E-01  0.000000E+00  5.444111E-02  3.274683E-02
  6.200000E-01  6.476628E-01  2.193644E-01  0.000000E+00  0.000000E+00  0.000000E+00  0.000000E+00  1.329728E-01  0.000000E+00  5.398609E-02  3.240543E-02
  6.220000E-01  6.457551E-01  2.199227E-01  0.000000E+00  0.000000E+00  0.000000E+00  0.000000E+00  1.343222E-01  0.000000E+00  5.353408E-02  3.206645E-02
  6.240000E-01  6.438575E-01  2.204787E-01  0.000000E+00  0.000000E+00  0.000000E+00  0.000000E+00  1.356638E-01  0.000000E+00  5.308506E-02  3.172988E-02
  6.260000E-01  6.419699E-01  2.210324E-01  0.000000E+00  0.000000E+00  0.000000E+00  0.000000E+00  1.369977E-01  0.000000E+00  5.263901E-02  3.139573E-02
  6.280000E-01  6.400923E-01  2.215838E-01  0.000000E+00  0.000000E+00  0.000000E+00  0.000000E+00  1.383239E-01  0.000000E+00  5.219593E-02  3.106396E-02
  6.300000E-01  6.382246E-01  2.221329E-01  0.000000E+00  0.000000E+00  0.000000E+00  0.000000E+00  1.396425E-01  0.000000E+00  5.175578E-02  3.073459E-02
  6.320000E-01  6.363668E-01  2.226797E-01  0.000000E+00  0.000000E+00  0.000000E+00  0.000000E+00  1.409535E-01  0.000000E+00  5.131857E-02  3.040758E-02
  6.340000E-01  6.345187E-01  2.232243E-01  0.000000E+00  0.000000E+00  0.000000E+00  0.000000E+00  1.422571E-01  0.000000E+00  5.088426E-02  3.008294E-02
  6.360000E-01  6.326803E-01  2.237666E-01  0.000000E+00  0.000000E+00  0.000000E+00  0.000000E+00  1.435531E-01  0.000000E+00  5.045286E-02  2.976064E-02
  6.380000E-01  6.308515E-01  2.243068E-01  0.000000E+00  0.000000E+00  0.000000E+00  0.000000E+00  1.448418E-01  0.000000E+00  5.002433E-02  2.944069E-02
  6.400000E-01  6.290322E-01  2.248447E-01  0.000000E+00  0.000000E+00  0.000000E+00  0.000000E+00  1.461230E-01  0.000000E+00  4.959867E-02  2.912306E-02
  6.420000E-01  6.272225E-01  2.253806E-01  0.000000E+00  0.000000E+00  0.000000E+00  0.000000E+00  1.473969E-01  0.000000E+00  4.917585E-02  2.880775E-02
  6.440000E-01  6.254222E-01  2.259142E-01  0.000000E+00  0.000000E+00  0.000000E+00  0.000000E+00  1.486636E-01  0.000000E+00  4.875587E-02  2.849475E-02
  6.460000E-01  6.236312E-01  2.264458E-01  0.000000E+00  0.000000E+00  0.000000E+00  0.000000E+00  1.499230E-01  0.000000E+00  4.833871E-02  2.818404E-02
  6.480000E-01  6.218495E-01  2.269752E-01  0.000000E+00  0.000000E+00  0.000000E+00  0.000000E+00  1.511753E-01  0.000000E+00  4.792435E-02  2.787562E-02
  6.500000E-01  6.200770E-01  2.275026E-01  0.000000E+00  0.000000E+00  0.000000E+00  0.000000E+00  1.524204E-01  0.000000E+00  4.751277E-02  2.756946E-02
  6.520000E-01  6.183137E-01  2.280279E-01  0.000000E+00  0.000000E+00  0.000000E+00  0.000000E+00  1.536584E-01  0.000000E+00  4.710397E-02  2.726557E-02
  6.540000E-01  6.165594E-01  2.285512E-01  0.000000E+00  0.000000E+00  0.000000E+00  0.000000E+00  1.548894E-01  0.000000E+00  4.669792E-02  2.696393E-02
  6.560000E-01  6.148142E-01  2.290725E-01  0.000000E+00  0.000000E+00  0.000000E+00  0.000000E+00  1.561133E-01  0.000000E+00  4.629461E-02  2.666452E-02
  6.580000E-01  6.130779E-01  2.295917E-01  0.000000E+00  0.000000E+00  0.000000E+00  0.000000E+00  1.573304E-01  0.000000E+00  4.589402E-02  2.636735E-02
  6.600000E-01  6.113505E-01  2.301090E-01  0.000000E+00  0.000000E+00  0.000000E+00  0.000000E+00  1.585405E-01  0.000000E+00  4.549614E-02  2.607239E-02
  6.620000E-01  6.096319E-01  2.306243E-01  0.000000E+00  0.000000E+00  0.000000E+00  0.000000E+00  1.597438E-01  0.000000E+00  4.510095E-02  2.577963E-02
  6.640000E-01  6.079221E-01  2.311377E-01  0.000000E+00  0.000000E+00  0.000000E+00  0.000000E+00  1.609402E-01  0.000000E+00  4.470845E-02  2.548907E-02
  6.660000E-01  6.062209E-01  2.316492E-01  0.000000E+00  0.000000E+00  0.000000E+00  0.000000E+00  1.621299E-01  0.000000E+00  4.431860E-02  2.520068E-02
  6.680000E-01  6.045284E-01  2.321587E-01  0.000000E+00  0.000000E+00  0.000000E+00  0.000000E+00  1.633129E-01  0.000000E+00  4.393140E-02  2.491447E-02
  6.700000E-01  6.028445E-01  2.326664E-01  0.000000E+00  0.000000E+00  0.000000E+00  0.000000E+00  1.644891E-01  0.000000E+00  4.354683E-02  2.463042E-02
  6.720000E-01  6.011691E-01  2.331722E-01  0.000000E+00  0.000000E+00  0.000000E+00  0.000000E+00  1.656588E-01  0.000000E+00  4.316489E-02  2.434852E-02
  6.740000E-01  5.995021E-01  2.336761E-01  0.000000E+00  0.000000E+00  0.000000E+00  0.000000E+00  1.668218E-01  0.000000E+00  4.278554E-02  2.406876E-02
  6.760000E-01  5.978435E-01  2.341782E-01  0.000000E+00  0.000000E+00  0.000000E+00  0.000000E+00  1.679783E-01  0.000000E+00  4.240878E-02  2.379113E-02
  6.780000E-01  5.961932E-01  2.346785E-01  0.000000E+00  0.000000E+00  0.000000E+00  0.000000E+00  1.691283E-01  0.000000E+00  4.203459E-02  2.351561E-02
  6.800000E-01  5.945512E-01  2.351770E-01  0.000000E+00  0.000000E+00  0.000000E+00  0.000000E+00  1.702718E-01  0.000000E+00  4.166296E-02  2.324219E-02
  6.820000E-01  5.929173E-01  2.356737E-01  0.000000E+00  0.000000E+00  0.000000E+00  0.000000E+00  1.714090E-01  0.000000E+00  4.129387E-02  2.297087E-02
  6.840000E-01  5.912917E-01  2.361686E-01  0.000000E+00  0.000000E+00  0.000000E+00  0.000000E+00  1.725397E-01  0.000000E+00  4.092732E-02  2.270164E-02
  6.860000E-01  5.896741E-01  2.366618E-01  0.000000E+00  0.000000E+00  0.000000E+00  0.000000E+00  1.736641E-01  0.000000E+00  4.056327E-02  2.243447E-02
  6.880000E-01  5.880645E-01  2.371533E-01  0.000000E+00  0.000000E+00  0.000000E+00  0.000000E+00  1.747822E-01  0.000000E+00  4.020172E-02  2.216937E-02
  6.900000E-01  5.864629E-01  2.376430E-01  0.000000E+00  0.000000E+00  0.000000E+00  0.000000E+00  1.758941E-01  0.000000E+00  3.984266E-02  2.190632E-02
  6.920000E-01  5.848692E-01  2.381311E-01  0.000000E+00  0.000000E+00  0.000000E+00  0.000000E+00  1.769997E-01  0.000000E+00  3.948607E-02  2.164532E-02
  6.940000E-01  5.832834E-01  2.386175E-01  0.000000E+00  0.000000E+00  0.000000E+00  0.000000E+00  1.780992E-01  0.000000E+00  3.913194E-02  2.138634E-02
  6.960000E-01  5.817053E-01  2.391021E-01  0.000000E+00  0.000000E+00  0.000000E+00  0.000000E+00  1.791925E-01  0.000000E+00  3.878025E-02  2.112938E-02
  6.980000E-01  5.801350E-01  2.395852E-01  0.000000E+00  0.000000E+00  0.000000E+00  0.000000E+00  1.802798E-01  0.000000E+00  3.843098E-02  2.087443E-02
  7.000000E-01  5.785724E-01  2.400666E-01  0.000000E+00  0.000000E+00  0.000000E+00  0.000000E+00  1.813610E-01  0.000000E+00  3.808413E-02  2.062148E-02
  7.020000E-01  5.770174E-01  2.405464E-01  0.000000E+00  0.000000E+00  0.000000E+00  0.000000E+00  1.824362E-01  0.000000E+00  3.773968E-02  2.037052E-02
  7.040000E-01  5.754700E-01  2.410246E-01  0.000000E+00  0.000000E+00  0.000000E+00  0.000000E+00  1.835054E-01  0.000000E+00  3.739762E-02  2.012153E-02
  7.060000E-01  5.739301E-01  2.415012E-01  0.000000E+00  0.000000E+00  0.000000E+00  0.000000E+00  1.845687E-01  0.000000E+00  3.705793E-02  1.987451E-02
  7.080000E-01  5.723977E-01  2.419762E-01  0.000000E+00  0.000000E+00  0.000000E+00  0.000000E+00  1.856261E-01  0.000000E+00  3.672060E-02  1.962946E-02
  7.100000E-01  5.708727E-01  2.424496E-01  0.000000E+00  0.000000E+00  0.000000E+00  0.000000E+00  1.866777E-01  0.000000E+00  3.638561E-02  1.938634E-02
  7.120000E-01  5.693551E-01  2.429215E-01  0.000000E+00  0.000000E+00  0.000000E+00  0.000000E+00  1.877234E-01  0.000000E+00  3.605295E-02  1.914517E-02
  7.140000E-01  5.678447E-01  2.433919E-01  0.000000E+00  0.000000E+00  0.000000E+00  0.000000E+00  1.887634E-01  0.000000E+00  3.572262E-02  1.890592E-02
  7.160000E-01  5.663416E-01  2.438608E-01  0.000000E+00  0.000000E+00  0.000000E+00  0.000000E+00  1.897976E-01  0.000000E+00  3.539459E-02  1.866859E-02
  7.180000E-01  5.648457E-01  2.443281E-01  0.000000E+00  0.000000E+00  0.000000E+00  0.000000E+00  1.908261E-01  0.000000E+00  3.506885E-02  1.843317E-02
  7.200000E-01  5.633570E-01  2.447940E-01  0.000000E+00  0.000000E+00  0.000000E+00  0.000000E+00  1.918490E-01  0.000000E+00  3.474539E-02  1.819964E-02
  7.220000E-01  5.618754E-01  2.452584E-01  0.000000E+00  0.000000E+00  0.000000E+00  0.000000E+00  1.928662E-01  0.000000E+00  3.442419E-02  1.796801E-02
  7.240000E-01  5.604008E-01  2.457213E-01  0.000000E+00  0.000000E+00  0.000000E+00  0.000000E+00  1.938778E-01  0.000000E+00  3.410525E-02  1.773825E-02
  7.260000E-01  5.589332E-01  2.461828E-01  0.000000E+00  0.000000E+00  0.000000E+00  0.000000E+00  1.948839E-01  0.000000E+00  3.378855E-02  1.751035E-02
  7.280000E-01  5.574726E-01  2.466429E-01  0.000000E+00  0.000000E+00  0.000000E+00  0.000000E+00  1.958845E-01  0.000000E+00  3.347408E-02  1.728432E-02
  7.300000E-01  5.560189E-01  2.471015E-01  0.000000E+00  0.000000E+00  0.000000E+00  0.000000E+00  1.968796E-01  0.000000E+00  3.316182E-02  1.706014E-02
  7.320000E-01  5.545720E-01  2.475588E-01  0.000000E+00  0.000000E+00  0.000000E+00  0.000000E+00  1.978692E-01  0.000000E+00  3.285176E-02  1.683779E-02
  7.340000E-01  5.531320E-01  2.480146E-01  0.000000E+00  0.000000E+00  0.000000E+00  0.000000E+00  1.988534E-01  0.000000E+00  3.254389E-02  1.661727E-02
  7.360000E-01  5.516987E-01  2.484690E-01  0.000000E+00  0.000000E+00  0.000000E+00  0.000000E+00  1.998323E-01  0.000000E+00  3.223819E-02  1.639858E-02
  7.380000E-01  5.502721E-01  2.489221E-01  0.000000E+00  0.000000E+00  0.000000E+00  0.000000E+00  2.008058E-01  0.000000E+00  3.193466E-02  1.618169E-02
  7.400000E-01  5.488522E-01  2.493739E-01  0.000000E+00  0.000000E+00  0.000000E+00  0.000000E+00  2.017740E-01  0.000000E+00  3.163329E-02  1.596661E-02
  7.420000E-01  5.471971E-01  2.495505E-01  7.991863E-04  0.000000E+00  0.000000E+00  0.000000E+00  2.024532E-01  0.000000E+00  3.133962E-02  1.575775E-02
  7.440000E-01  5.457222E-01  2.499219E-01  1.025616E-03  0.000000E+00  0.000000E+00  0.000000E+00  2.033303E-01  0.000000E+00  3.104410E-02  1.554750E-02
  7.460000E-01  5.442487E-01  2.502859E-01  1.269438E-03  0.000000E+00  0.000000E+00  0.000000E+00  2.041959E-01  0.000000E+00  3.075082E-02  1.533912E-02
  7.480000E-01  5.427771E-01  2.506430E-01  1.529231E-03  0.000000E+00  0.000000E+00  0.000000E+00  2.050507E-01  0.000000E+00  3.045975E-02  1.513259E-02
  7.500000E-01  5.413076E-01  2.509937E-01  1.803816E-03  0.000000E+00  0.000000E+00  0.000000E+00  2.058949E-01  0.000000E+00  3.017089E-02  1.492789E-02
  7.520000E-01  5.398406E-01  2.513382E-01  2.092192E-03  0.000000E+00  0.000000E+00  0.000000E+00  2.067290E-01  0.000000E+00  2.988420E-02  1.472502E-02
  7.540000E-01  5.383762E-01  2.516770E-01  2.393491E-03  0.000000E+00  0.000000E+00  0.000000E+00  2.075533E-01  0.000000E+00  2.959968E-02  1.452396E-02
  7.560000E-01  5.369146E-01  2.520102E-01  2.706954E-03  0.000000E+00  0.000000E+00  0.000000E+00  2.083682E-01  0.000000E+00  2.931730E-02  1.432469E-02
  7.580000E-01  5.354561E-01  2.523381E-01  3.031904E-03  0.000000E+00  0.000000E+00  0.000000E+00  2.091739E-01  0.000000E+00  2.903704E-02  1.412720E-02
  7.600000E-01  5.340007E-01  2.526610E-01  3.367734E-03  0.000000E+00  0.000000E+00  0.000000E+00  2.099706E-01  0.000000E+00  2.875890E-02  1.393147E-02
  7.620000E-01  5.325486E-01  2.529789E-01  3.713894E-03  0.000000E+00  0.000000E+00  0.000000E+00  2.107586E-01  0.000000E+00  2.848285E-02  1.373750E-02
  7.640000E-01  5.310999E-01  2.532922E-01  4.069883E-03  0.000000E+00  0.000000E+00  0.000000E+00  2.115380E-01  0.000000E+00  2.820889E-02  1.354528E-02
  7.660000E-01  5.296548E-01  2.536009E-01  4.435242E-03  0.000000E+00  0.000000E+00  0.000000E+00  2.123091E-01  0.000000E+00  2.793698E-02  1.335478E-02
  7.680000E-01  5.282132E-01  2.539052E-01  4.809545E-03  0.000000E+00  0.000000E+00  0.000000E+00  2.130720E-01  0.000000E+00  2.766713E-02  1.316601E-02
  7.700000E-01  5.267754E-01  2.542052E-01  5.192400E-03  0.000000E+00  0.000000E+00  0.000000E+00  2.138270E-01  0.000000E+00  2.739931E-02  1.297894E-02
  7.720000E-01  5.253413E-01  2.545012E-01  5.583440E-03  0.000000E+00  0.000000E+00  0.000000E+00  2.145741E-01  0.000000E+00  2.713352E-02  1.279357E-02
  7.740000E-01  5.239110E-01  2.547931E-01  5.982323E-03  0.000000E+00  0.000000E+00  0.000000E+00  2.153135E-01  0.000000E+00  2.686973E-02  1.260989E-02
  7.760000E-01  5.224846E-01  2.550812E-01  6.388727E-03  0.000000E+00  0.000000E+00  0.000000E+00  2.160454E-01  0.000000E+00  2.660793E-02  1.242788E-02
  7.780000E-01  5.210622E-01  2.553655E-01  6.802353E-03  0.000000E+00  0.000000E+00  0.000000E+00  2.167699E-01  0.000000E+00  2.634812E-02  1.224753E-02
  7.800000E-01  5.196438E-01  2.556462E-01  7.222914E-03  0.000000E+00  0.000000E+00  0.000000E+00  2.174871E-01  0.000000E+00  2.609027E-02  1.206884E-02
  7.820000E-01  5.182294E-01  2.559233E-01  7.650144E-03  0.000000E+00  0.000000E+00  0.000000E+00  2.181971E-01  0.000000E+00  2.583437E-02  1.189179E-02
  7.840000E-01  5.168191E-01  2.561970E-01  8.083787E-03  0.000000E+00  0.000000E+00  0.000000E+00  2.189002E-01  0.000000E+00  2.558042E-02  1.171638E-02
  7.860000E-01  5.154129E-01  2.564672E-01  8.523601E-03  0.000000E+00  0.000000E+00  0.000000E+00  2.195962E-01  0.000000E+00  2.532839E-02  1.154259E-02
  7.880000E-01  5.140109E-01  2.567342E-01  8.969358E-03  0.000000E+00  0.000000E+00  0.000000E+00  2.202855E-01  0.000000E+00  2.507828E-02  1.137041E-02
  7.900000E-01  5.126131E-01  2.569980E-01  9.420839E-03  0.000000E+00  0.000000E+00  0.000000E+00  2.209681E-01  0.000000E+00  2.483007E-02  1.119984E-02
  7.920000E-01  5.112194E-01  2.572587E-01  9.877836E-03  0.000000E+00  0.000000E+00  0.000000E+00  2.216441E-01  0.000000E+00  2.458375E-02  1.103086E-02
  7.940000E-01  5.098301E-01  2.575163E-01  1.034015E-02  0.000000E+00  0.000000E+00  0.000000E+00  2.223135E-01  0.000000E+00  2.433930E-02  1.086346E-02
  7.960000E-01  5.084449E-01  2.577709E-01  1.080759E-02  0.000000E+00  0.000000E+00  0.000000E+00  2.229766E-01  0.000000E+00  2.409672E-02  1.069764E-02
  7.980000E-01  5.070641E-01  2.580227E-01  1.127997E-02  0.000000E+00  0.000000E+00  0.000000E+00  2.236333E-01  0.000000E+00  2.385599E-02  1.053339E-02
  8.000000E-01  5.056875E-01  2.582716E-01  1.175713E-02  0.000000E+00  0.000000E+00  0.000000E+00  2.242838E-01  0.000000E+00  2.361710E-02  1.037068E-02
  8.020000E-01  5.043153E-01  2.585177E-01  1.223888E-02  0.000000E+00  0.000000E+00  0.000000E+00  2.249281E-01  0.000000E+00  2.338005E-02  1.020953E-02
  8.040000E-01  5.029474E-01  2.587611E-01  1.272508E-02  0.000000E+00  0.000000E+00  0.000000E+00  2.255664E-01  0.000000E+00  2.314480E-02  1.004991E-02
  8.060000E-01  5.015838E-01  2.590019E-01  1.321556E-02  0.000000E+00  0.000000E+00  0.000000E+00  2.261987E-01  0.000000E+00  2.291137E-02  9.891820E-03
  8.080000E-01  5.002246E-01  2.592401E-01  1.371019E-02  0.000000E+00  0.000000E+00  0.000000E+00  2.268251E-01  0.000000E+00  2.267972E-02  9.735248E-03
  8.100000E-01  4.988697E-01  2.594757E-01  1.420880E-02  0.000000E+00  0.000000E+00  0.000000E+00  2.274457E-01  0.000000E+00  2.244986E-02  9.580186E-03
  8.120000E-01  4.975193E-01  2.597089E-01  1.471128E-02  0.000000E+00  0.000000E+00  0.000000E+00  2.280605E-01  0.000000E+00  2.222177E-02  9.426626E-03
  8.140000E-01  4.961731E-01  2.599397E-01  1.521748E-02  0.000000E+00  0.000000E+00  0.000000E+00  2.286697E-01  0.000000E+00  2.199544E-02  9.274558E-03
  8.160000E-01  4.948314E-01  2.601681E-01  1.572727E-02  0.000000E+00  0.000000E+00  0.000000E+00  2.292733E-01  0.000000E+00  2.177086E-02  9.123973E-03
  8.180000E-01  4.934940E-01  2.603942E-01  1.624054E-02  0.000000E+00  0.000000E+00  0.000000E+00  2.298713E-01  0.000000E+00  2.154801E-02  8.974864E-03
  8.200000E-01  4.921611E-01  2.606179E-01  1.675716E-02  0.000000E+00  0.000000E+00  0.000000E+00  2.304638E-01  0.000000E+00  2.132689E-02  8.827221E-03
  8.220000E-01  4.908325E-01  2.608395E-01  1.727702E-02  0.000000E+00  0.000000E+00  0.000000E+00  2.310510E-01  0.000000E+00  2.110749E-02  8.681036E-03
  8.240000E-01  4.895083E-01  2.610589E-01  1.780000E-02  0.000000E+00  0.000000E+00  0.000000E+00  2.316328E-01  0.000000E+00  2.088979E-02  8.536301E-03
  8.260000E-01  4.881885E-01  2.612762E-01  1.832600E-02  0.000000E+00  0.000000E+00  0.000000E+00  2.322094E-01  0.000000E+00  2.067378E-02  8.393007E-03
  8.280000E-01  4.868730E-01  2.614913E-01  1.885491E-02  0.000000E+00  0.000000E+00  0.000000E+00  2.327807E-01  0.000000E+00  2.045946E-02  8.251147E-03
  8.300000E-01  4.855620E-01  2.617044E-01  1.938664E-02  0.000000E+00  0.000000E+00  0.000000E+00  2.333469E-01  0.000000E+00  2.024680E-02  8.110712E-03
  8.320000E-01  4.842553E-01  2.619155E-01  1.992108E-02  0.000000E+00  0.000000E+00  0.000000E+00  2.339080E-01  0.000000E+00  2.003582E-02  7.971694E-03
  8.340000E-01  4.829531E-01  2.621247E-01  2.045813E-02  0.000000E+00  0.000000E+00  0.000000E+00  2.344641E-01  0.000000E+00  1.982648E-02  7.834085E-03
  8.360000E-01  4.816552E-01  2.623319E-01  2.099772E-02  0.000000E+00  0.000000E+00  0.000000E+00  2.350152E-01  0.000000E+00  1.961878E-02  7.697877E-03
  8.380000E-01  4.803616E-01  2.625372E-01  2.153974E-02  0.000000E+00  0.000000E+00  0.000000E+00  2.355614E-01  0.000000E+00  1.941272E-02  7.563063E-03
  8.400000E-01  4.790725E-01  2.627407E-01  2.208411E-02  0.000000E+00  0.000000E+00  0.000000E+00  2.361028E-01  0.000000E+00  1.920827E-02  7.429634E-03
  8.420000E-01  4.777877E-01  2.629423E-01  2.263075E-02  0.000000E+00  0.000000E+00  0.000000E+00  2.366393E-01  0.000000E+00  1.900544E-02  7.297583E-03
  8.440000E-01  4.765072E-01  2.631422E-01  2.317957E-02  0.000000E+00  0.000000E+00  0.000000E+00  2.371710E-01  0.000000E+00  1.880421E-02  7.166902E-03
  8.460000E-01  4.752311E-01  2.633403E-01  2.373050E-02  0.000000E+00  0.000000E+00  0.000000E+00  2.376981E-01  0.000000E+00  1.860457E-02  7.037584E-03
  8.480000E-01  4.739594E-01  2.635366E-01  2.428346E-02  0.000000E+00  0.000000E+00  0.000000E+00  2.382205E-01  0.000000E+00  1.840651E-02  6.909621E-03
  8.500000E-01  4.726919E-01  2.637314E-01  2.483837E-02  0.000000E+00  0.000000E+00  0.000000E+00  2.387383E-01  0.000000E+00  1.821002E-02  6.783006E-03
  8.520000E-01  4.714288E-01  2.639244E-01  2.539517E-02  0.000000E+00  0.000000E+00  0.000000E+00  2.392516E-01  0.000000E+00  1.801509E-02  6.657731E-03
  8.540000E-01  4.701701E-01  2.641158E-01  2.595378E-02  0.000000E+00  0.000000E+00  0.000000E+00  2.397603E-01  0.000000E+00  1.782172E-02  6.533790E-03
  8.560000E-01  4.689156E-01  2.643057E-01  2.651413E-02  0.000000E+00  0.000000E+00  0.000000E+00  2.402646E-01  0.000000E+00  1.762988E-02  6.411174E-03
  8.580000E-01  4.676654E-01  2.644940E-01  2.707615E-02  0.000000E+00  0.000000E+00  0.000000E+00  2.407645E-01  0.000000E+00  1.743959E-02  6.289877E-03
  8.600000E-01  4.664195E-01  2.646807E-01  2.763979E-02  0.000000E+00  0.000000E+00  0.000000E+00  2.412600E-01  0.000000E+00  1.725081E-02  6.169892E-03
  8.620000E-01  4.651779E-01  2.648659E-01  2.820498E-02  0.000000E+00  0.000000E+00  0.000000E+00  2.417512E-01  0.000000E+00  1.706355E-02  6.051211E-03
  8.640000E-01  4.639406E-01  2.650497E-01  2.877166E-02  0.000000E+00  0.000000E+00  0.000000E+00  2.422381E-01  0.000000E+00  1.687779E-02  5.933828E-03
  8.660000E-01  4.627075E-01  2.652320E-01  2.933976E-02  0.000000E+00  0.000000E+00  0.000000E+00  2.427208E-01  0.000000E+00  1.669353E-02  5.817736E-03
  8.680000E-01  4.614786E-01  2.654129E-01  2.990924E-02  0.000000E+00  0.000000E+00  0.000000E+00  2.431992E-01  0.000000E+00  1.651076E-02  5.702927E-03
  8.700000E-01  4.602540E-01  2.655924E-01  3.048002E-02  0.000000E+00  0.000000E+00  0.000000E+00  2.436736E-01  0.000000E+00  1.632946E-02  5.589396E-03
  8.720000E-01  4.590336E-01  2.657705E-01  3.105207E-02  0.000000E+00  0.000000E+00  0.000000E+00  2.441438E-01  0.000000E+00  1.614964E-02  5.477135E-03
  8.740000E-01  4.578175E-01  2.659473E-01  3.162532E-02  0.000000E+00  0.000000E+00  0.000000E+00  2.446099E-01  0.000000E+00  1.597127E-02  5.366139E-03
  8.760000E-01  4.566055E-01  2.661228E-01  3.219973E-02  0.000000E+00  0.000000E+00  0.000000E+00  2.450720E-01  0.000000E+00  1.579435E-02  5.256399E-03
  8.780000E-01  4.553977E-01  2.662969E-01  3.277523E-02  0.000000E+00  0.000000E+00  0.000000E+00  2.455301E-01  0.000000E+00  1.561888E-02  5.147910E-03
  8.800000E-01  4.541941E-01  2.664698E-01  3.335179E-02  0.000000E+00  0.000000E+00  0.000000E+00  2.459843E-01  0.000000E+00  1.544483E-02  5.040666E-03
  8.820000E-01  4.529946E-01  2.666414E-01  3.392936E-02  0.000000E+00  0.000000E+00  0.000000E+00  2.464346E-01  0.000000E+00  1.527222E-02  4.934660E-03
  8.840000E-01  4.517993E-01  2.668118E-01  3.450788E-02  0.000000E+00  0.000000E+00  0.000000E+00  2.468809E-01  0.000000E+00  1.510101E-02  4.829885E-03
  8.860000E-01  4.506082E-01  2.669810E-01  3.508732E-02  0.000000E+00  0.000000E+00  0.000000E+00  2.473235E-01  0.000000E+00  1.493122E-02  4.726336E-03
  8.880000E-01  4.494211E-01  2.671490E-01  3.566762E-02  0.000000E+00  0.000000E+00  0.000000E+00  2.477622E-01  0.000000E+00  1.476282E-02  4.624006E-03
  8.900000E-01  4.482382E-01  2.673159E-01  3.624875E-02  0.000000E+00  0.000000E+00  0.000000E+00  2.481972E-01  0.000000E+00  1.459582E-02  4.522889E-03
  8.920000E-01  4.470594E-01  2.674816E-01  3.683066E-02  0.000000E+00  0.000000E+00  0.000000E+00  2.486284E-01  0.000000E+00  1.443020E-02  4.422979E-03
  8.940000E-01  4.458846E-01  2.676461E-01  3.741331E-02  0.000000E+00  0.000000E+00  0.000000E+00  2.490559E-01  0.000000E+00  1.426595E-02  4.324271E-03
  8.960000E-01  4.447139E-01  2.678096E-01  3.799667E-02  0.000000E+00  0.000000E+00  0.000000E+00  2.494798E-01  0.000000E+00  1.410306E-02  4.226757E-03
  8.980000E-01  4.435473E-01  2.679720E-01  3.858068E-02  0.000000E+00  0.000000E+00  0.000000E+00  2.499000E-01  0.000000E+00  1.394153E-02  4.130433E-03
  9.000000E-01  4.423847E-01  2.681333E-01  3.916532E-02  0.000000E+00  0.000000E+00  0.000000E+00  2.503167E-01  0.000000E+00  1.378135E-02  4.035293E-03
  9.020000E-01  4.412262E-01  2.682936E-01  3.975054E-02  0.000000E+00  0.000000E+00  0.000000E+00  2.507297E-01  0.000000E+00  1.362251E-02  3.941330E-03
  9.040000E-01  4.400716E-01  2.684528E-01  4.033632E-02  0.000000E+00  0.000000E+00  0.000000E+00  2.511392E-01  0.000000E+00  1.346501E-02  3.848540E-03
  9.060000E-01  4.389211E-01  2.686110E-01  4.092261E-02  0.000000E+00  0.000000E+00  0.000000E+00  2.515453E-01  0.000000E+00  1.330883E-02  3.756917E-03
  9.080000E-01  4.377745E-01  2.687682E-01  4.150938E-02  0.000000E+00  0.000000E+00  0.000000E+00  2.519478E-01  0.000000E+00  1.315396E-02  3.666454E-03
  9.100000E-01  4.366320E-01  2.689245E-01  4.209659E-02  0.000000E+00  0.000000E+00  0.000000E+00  2.523469E-01  0.000000E+00  1.300040E-02  3.577148E-03
  9.120000E-01  4.354933E-01  2.690798E-01  4.268422E-02  0.000000E+00  0.000000E+00  0.000000E+00  2.527426E-01  0.000000E+00  1.284815E-02  3.488992E-03
  9.140000E-01  4.343587E-01  2.692341E-01  4.327224E-02  0.000000E+00  0.000000E+00  0.000000E+00  2.531350E-01  0.000000E+00  1.269718E-02  3.401981E-03
  9.160000E-01  4.332279E-01  2.693876E-01  4.386060E-02  0.000000E+00  0.000000E+00  0.000000E+00  2.535239E-01  0.000000E+00  1.254751E-02  3.316110E-03
  9.180000E-01  4.321011E-01  2.695401E-01  4.444928E-02  0.000000E+00  0.000000E+00  0.000000E+00  2.539096E-01  0.000000E+00  1.239910E-02  3.231373E-03
  9.200000E-01  4.309781E-01  2.696917E-01  4.503825E-02  0.000000E+00  0.000000E+00  0.000000E+00  2.542920E-01  0.000000E+00  1.225197E-02  3.147767E-03
  9.220000E-01  4.298590E-01  2.698424E-01  4.562748E-02  0.000000E+00  0.000000E+00  0.000000E+00  2.546710E-01  0.000000E+00  1.210610E-02  3.065285E-03
  9.240000E-01  4.287439E-01  2.699923E-01  4.621695E-02  0.000000E+00  0.000000E+00  0.000000E+00  2.550469E-01  0.000000E+00  1.196149E-02  2.983922E-03
  9.260000E-01  4.276325E-01  2.701413E-01  4.680662E-02  0.000000E+00  0.000000E+00  0.000000E+00  2.554195E-01  0.000000E+00  1.181812E-02  2.903675E-03
  9.280000E-01  4.265250E-01  2.702895E-01  4.739647E-02  0.000000E+00  0.000000E+00  0.000000E+00  2.557890E-01  0.000000E+00  1.167599E-02  2.824538E-03
  9.300000E-01  4.254213E-01  2.704369E-01  4.798647E-02  0.000000E+00  0.000000E+00  0.000000E+00  2.561553E-01  0.000000E+00  1.153509E-02  2.746507E-03
  9.320000E-01  4.243215E-01  2.705835E-01  4.857660E-02  0.000000E+00  0.000000E+00  0.000000E+00  2.565185E-01  0.000000E+00  1.139541E-02  2.669576E-03
  9.340000E-01  4.232254E-01  2.707292E-01  4.916683E-02  0.000000E+00  0.000000E+00  0.000000E+00  2.568785E-01  0.000000E+00  1.125696E-02  2.593742E-03
  9.360000E-01  4.221331E-01  2.708742E-01  4.975713E-02  0.000000E+00  0.000000E+00  0.000000E+00  2.572355E-01  0.000000E+00  1.111971E-02  2.519001E-03
  9.380000E-01  4.210446E-01  2.710185E-01  5.034749E-02  0.000000E+00  0.000000E+00  0.000000E+00  2.575895E-01  0.000000E+00  1.098366E-02  2.445346E-03
  9.400000E-01  4.199598E-01  2.711619E-01  5.093788E-02  0.000000E+00  0.000000E+00  0.000000E+00  2.579404E-01  0.000000E+00  1.084881E-02  2.372776E-03
  9.420000E-01  4.188788E-01  2.713047E-01  5.152827E-02  0.000000E+00  0.000000E+00  0.000000E+00  2.582883E-01  0.000000E+00  1.071515E-02  2.301285E-03
  9.440000E-01  4.178015E-01  2.714467E-01  5.211865E-02  0.000000E+00  0.000000E+00  0.000000E+00  2.586332E-01  0.000000E+00  1.058267E-02  2.230869E-03
  9.460000E-01  4.167278E-01  2.715880E-01  5.270899E-02  0.000000E+00  0.000000E+00  0.000000E+00  2.589751E-01  0.000000E+00  1.045136E-02  2.161525E-03
  9.480000E-01  4.156579E-01  2.717286E-01  5.329928E-02  0.000000E+00  0.000000E+00  0.000000E+00  2.593142E-01  0.000000E+00  1.032122E-02  2.093248E-03
  9.500000E-01  4.145917E-01  2.718686E-01  5.388948E-02  0.000000E+00  0.000000E+00  0.000000E+00  2.596503E-01  0.000000E+00  1.019224E-02  2.026035E-03
  9.520000E-01  4.135291E-01  2.720078E-01  5.447959E-02  0.000000E+00  0.000000E+00  0.000000E+00  2.599835E-01  0.000000E+00  1.006440E-02  1.959883E-03
  9.540000E-01  4.124701E-01  2.721464E-01  5.506958E-02  0.000000E+00  0.000000E+00  0.000000E+00  2.603139E-01  0.000000E+00  9.937719E-03  1.894787E-03
  9.560000E-01  4.114148E-01  2.722843E-01  5.565943E-02  0.000000E+00  0.000000E+00  0.000000E+00  2.606414E-01  0.000000E+00  9.812172E-03  1.830745E-03
  9.580000E-01  4.103631E-01  2.724216E-01  5.624913E-02  0.000000E+00  0.000000E+00  0.000000E+00  2.609661E-01  0.000000E+00  9.687755E-03  1.767753E-03
  9.600000E-01  4.093150E-01  2.725583E-01  5.683865E-02  0.000000E+00  0.000000E+00  0.000000E+00  2.612880E-01  0.000000E+00  9.564464E-03  1.705809E-03
  9.620000E-01  4.082705E-01  2.726943E-01  5.742798E-02  0.000000E+00  0.000000E+00  0.000000E+00  2.616071E-01  0.000000E+00  9.442290E-03  1.644908E-03
  9.640000E-01  4.072296E-01  2.728298E-01  5.801710E-02  0.000000E+00  0.000000E+00  0.000000E+00  2.619235E-01  0.000000E+00  9.321227E-03  1.585049E-03
  9.660000E-01  4.061922E-01  2.729646E-01  5.860599E-02  0.000000E+00  0.000000E+00  0.000000E+00  2.622372E-01  0.000000E+00  9.201267E-03  1.526229E-03
  9.680000E-01  4.051584E-01  2.730989E-01  5.919464E-02  0.000000E+00  0.000000E+00  0.000000E+00  2.625481E-01  0.000000E+00  9.082405E-03  1.468445E-03
  9.700000E-01  4.041456E-01  2.730537E-01  5.960123E-02  0.000000E+00  0.000000E+00  0.000000E+00  2.626695E-01  5.300683E-04  8.969758E-03  1.414462E-03
  9.720000E-01  4.031324E-01  2.730507E-01  6.005017E-02  0.000000E+00  0.000000E+00  0.000000E+00  2.628330E-01  9.336315E-04  8.856929E-03  1.360785E-03
  9.740000E-01  4.021250E-01  2.730287E-01  6.047911E-02  0.000000E+00  0.000000E+00  0.000000E+00  2.629747E-01  1.392503E-03  8.745669E-03  1.308361E-03
  9.760000E-01  4.011229E-01  2.729914E-01  6.089180E-02  0.000000E+00  0.000000E+00  0.000000E+00  2.630984E-01  1.895503E-03  8.635859E-03  1.257120E-03
  9.780000E-01  4.001259E-01  2.729413E-01  6.129070E-02  0.000000E+00  0.000000E+00  0.000000E+00  2.632069E-01  2.435223E-03  8.527413E-03  1.207013E-03
  9.800000E-01  3.991338E-01  2.728803E-01  6.167758E-02  0.000000E+00  0.000000E+00  0.000000E+00  2.633020E-01  3.006327E-03  8.420271E-03  1.158005E-03
  9.820000E-01  3.981465E-01  2.728097E-01  6.205378E-02  0.000000E+00  0.000000E+00  0.000000E+00  2.633852E-01  3.604754E-03  8.314383E-03  1.110065E-03
  9.840000E-01  3.971639E-01  2.727306E-01  6.242037E-02  0.000000E+00  0.000000E+00  0.000000E+00  2.634578E-01  4.227294E-03  8.209707E-03  1.063172E-03
  9.860000E-01  3.961860E-01  2.726440E-01  6.277820E-02  0.000000E+00  0.000000E+00  0.000000E+00  2.635205E-01  4.871340E-03  8.106210E-03  1.017306E-03
  9.880000E-01  3.952125E-01  2.725506E-01  6.312799E-02  0.000000E+00  0.000000E+00  0.000000E+00  2.635742E-01  5.534724E-03  8.003862E-03  9.724505E-04
  9.900000E-01  3.942435E-01  2.724509E-01  6.347035E-02  0.000000E+00  0.000000E+00  0.000000E+00  2.636197E-01  6.215615E-03  7.902636E-03  9.285909E-04
  9.920000E-01  3.932789E-01  2.723456E-01  6.380579E-02  0.000000E+00  0.000000E+00  0.000000E+00  2.636573E-01  6.912441E-03  7.802509E-03  8.857152E-04
  9.940000E-01  3.923186E-01  2.722351E-01  6.413477E-02  0.000000E+00  0.000000E+00  0.000000E+00  2.636878E-01  7.623842E-03  7.703459E-03  8.438126E-04
  9.960000E-01  3.913625E-01  2.721198E-01  6.445767E-02  0.000000E+00  0.000000E+00  0.000000E+00  2.637114E-01  8.348624E-03  7.605467E-03  8.028737E-04
  9.980000E-01  3.904108E-01  2.720000E-01  6.477484E-02  0.000000E+00  0.000000E+00  0.000000E+00  2.637286E-01  9.085731E-03  7.508514E-03  7.628903E-04
  1.000000E+00  3.894632E-01  2.718762E-01  6.508661E-02  0.000000E+00  0.000000E+00  0.000000E+00  2.637398E-01  9.834226E-03  7.412585E-03  7.238554E-04
  1.002000E+00  3.885197E-01  2.717486E-01  6.539323E-02  0.000000E+00  0.000000E+00  0.000000E+00  2.637452E-01  1.059327E-02  7.317663E-03  6.857625E-04
  1.004000E+00  3.875804E-01  2.716174E-01  6.569497E-02  0.000000E+00  0.000000E+00  0.000000E+00  2.637451E-01  1.136210E-02  7.223733E-03  6.486066E-04
  1.006000E+00  3.866451E-01  2.714830E-01  6.599206E-02  0.000000E+00  0.000000E+00  0.000000E+00  2.637398E-01  1.214003E-02  7.130781E-03  6.123831E-04
  1.008000E+00  3.857139E-01  2.713454E-01  6.628470E-02  0.000000E+00  0.000000E+00  0.000000E+00  2.637295E-01  1.292644E-02  7.038795E-03  5.770884E-04
  1.010000E+00  3.847867E-01  2.712050E-01  6.657308E-02  0.000000E+00  0.000000E+00  0.000000E+00  2.637145E-01  1.372075E-02  6.947761E-03  5.427197E-04
  1.012000E+00  3.838634E-01  2.710619E-01  6.685739E-02  0.000000E+00  0.000000E+00  0.000000E+00  2.636949E-01  1.452246E-02  6.857668E-03  5.092751E-04
  1.014000E+00  3.829441E-01  2.709162E-01  6.713777E-02  0.000000E+00  0.000000E+00  0.000000E+00  2.636709E-01  1.533106E-02  6.768503E-03  4.767534E-04
  1.016000E+00  3.820286E-01  2.707681E-01  6.741438E-02  0.000000E+00  0.000000E+00  0.000000E+00  2.636427E-01  1.614614E-02  6.680255E-03  4.451542E-04
  1.018000E+00  3.811171E-01  2.706179E-01  6.768736E-02  0.000000E+00  0.000000E+00  0.000000E+00  2.636105E-01  1.696726E-02  6.592914E-03  4.144780E-04
  1.020000E+00  3.802093E-01  2.704655E-01  6.795684E-02  0.000000E+00  0.000000E+00  0.000000E+00  2.635743E-01  1.779406E-02  6.506469E-03  3.847265E-04
  1.022000E+00  3.793054E-01  2.703111E-01  6.822293E-02  0.000000E+00  0.000000E+00  0.000000E+00  2.635343E-01  1.862617E-02  6.420910E-03  3.559020E-04
  1.024000E+00  3.784053E-01  2.701549E-01  6.848576E-02  0.000000E+00  0.000000E+00  0.000000E+00  2.634907E-01  1.946328E-02  6.336227E-03  3.280081E-04
  1.026000E+00  3.775090E-01  2.699970E-01  6.874542E-02  0.000000E+00  0.000000E+00  0.000000E+00  2.634435E-01  2.030507E-02  6.252411E-03  3.010496E-04
  1.028000E+00  3.766164E-01  2.698374E-01  6.900202E-02  0.000000E+00  0.000000E+00  0.000000E+00  2.633929E-01  2.115126E-02  6.169451E-03  2.750325E-04
  1.030000E+00  3.757275E-01  2.696763E-01  6.925566E-02  0.000000E+00  0.000000E+00  0.000000E+00  2.633390E-01  2.200157E-02  6.087339E-03  2.499643E-04
  1.032000E+00  3.748422E-01  2.695138E-01  6.950641E-02  0.000000E+00  0.000000E+00  0.000000E+00  2.632818E-01  2.285576E-02  6.006066E-03  2.258543E-04
  1.034000E+00  3.739607E-01  2.693498E-01  6.975436E-02  0.000000E+00  0.000000E+00  0.000000E+00  2.632215E-01  2.371360E-02  5.925623E-03  2.027137E-04
  1.036000E+00  3.730828E-01  2.691847E-01  6.999959E-02  0.000000E+00  0.000000E+00  0.000000E+00  2.631581E-01  2.457485E-02  5.846000E-03  1.805558E-04
  1.038000E+00  3.722085E-01  2.690183E-01  7.024219E-02  0.000000E+00  0.000000E+00  0.000000E+00  2.630917E-01  2.543931E-02  5.767190E-03  1.593967E-04
  1.040000E+00  3.713378E-01  2.688508E-01  7.048220E-02  0.000000E+00  0.000000E+00  0.000000E+00  2.630224E-01  2.630678E-02  5.689183E-03  1.392558E-04
  1.042000E+00  3.704707E-01  2.686823E-01  7.071972E-02  0.000000E+00  0.000000E+00  0.000000E+00  2.629502E-01  2.717708E-02  5.611971E-03  1.201561E-04
  1.044000E+00  3.696071E-01  2.685129E-01  7.095480E-02  0.000000E+00  0.000000E+00  0.000000E+00  2.628752E-01  2.805003E-02  5.535546E-03  1.021259E-04
  1.046000E+00  3.687471E-01  2.683425E-01  7.118749E-02  0.000000E+00  0.000000E+00  0.000000E+00  2.627974E-01  2.892547E-02  5.459898E-03  8.519929E-05
  1.048000E+00  3.678906E-01  2.681713E-01  7.141788E-02  0.000000E+00  0.000000E+00  0.000000E+00  2.627169E-01  2.980324E-02  5.385019E-03  6.941885E-05
  1.050000E+00  3.670377E-01  2.679994E-01  7.164600E-02  0.000000E+00  0.000000E+00  0.000000E+00  2.626337E-01  3.068319E-02  5.310900E-03  5.483807E-05
  1.052000E+00  3.661882E-01  2.678269E-01  7.187192E-02  0.000000E+00  0.000000E+00  0.000000E+00  2.625478E-01  3.156520E-02  5.237531E-03  4.152602E-05
  1.054000E+00  3.653422E-01  2.676537E-01  7.209569E-02  0.000000E+00  0.000000E+00  0.000000E+00  2.624593E-01  3.244912E-02  5.164901E-03  2.957522E-05
  1.056000E+00  3.644997E-01  2.674801E-01  7.231736E-02  0.000000E+00  0.000000E+00  0.000000E+00  2.623680E-01  3.333485E-02  5.093000E-03  1.911598E-05
  1.058000E+00  3.636606E-01  2.673061E-01  7.253699E-02  0.000000E+00  0.000000E+00  0.000000E+00  2.622740E-01  3.422227E-02  5.021812E-03  1.034784E-05
  1.060000E+00  3.628251E-01  2.671319E-01  7.275464E-02  0.000000E+00  0.000000E+00  0.000000E+00  2.621770E-01  3.511131E-02  4.951318E-03  3.627308E-06
  1.062000E+00  3.619932E-01  2.669580E-01  7.297039E-02  0.000000E+00  0.000000E+00  0.000000E+00  2.620765E-01  3.600194E-02  4.881469E-03  0.000000E+00
  1.064000E+00  3.611650E-01  2.667844E-01  7.318431E-02  0.000000E+00  0.000000E+00  0.000000E+00  2.619722E-01  3.689411E-02  4.812240E-03  0.000000E+00
  1.066000E+00  3.603399E-01  2.666101E-01  7.339629E-02  0.000000E+00  0.000000E+00  0.000000E+00  2.618663E-01  3.778740E-02  4.743772E-03  0.000000E+00
  1.068000E+00  3.595180E-01  2.664350E-01  7.360635E-02  0.000000E+00  0.000000E+00  0.000000E+00  2.617589E-01  3.868170E-02  4.676058E-03  0.000000E+00
  1.070000E+00  3.586993E-01  2.662591E-01  7.381455E-02  0.000000E+00  0.000000E+00  0.000000E+00  2.616501E-01  3.957693E-02  4.609092E-03  0.000000E+00
  1.072000E+00  3.578837E-01  2.660826E-01  7.402091E-02  0.000000E+00  0.000000E+00  0.000000E+00  2.615397E-01  4.047299E-02  4.542866E-03  0.000000E+00
  1.074000E+00  3.570713E-01  2.659054E-01  7.422546E-02  0.000000E+00  0.000000E+00  0.000000E+00  2.614280E-01  4.136980E-02  4.477374E-03  0.000000E+00
  1.076000E+00  3.562619E-01  2.657276E-01  7.442825E-02  0.000000E+00  0.000000E+00  0.000000E+00  2.613150E-01  4.226728E-02  4.412609E-03  0.000000E+00
  1.078000E+00  3.554557E-01  2.655491E-01  7.462930E-02  0.000000E+00  0.000000E+00  0.000000E+00  2.612006E-01  4.316534E-02  4.348565E-03  0.000000E+00
  1.080000E+00  3.546524E-01  2.653701E-01  7.482864E-02  0.000000E+00  0.000000E+00  0.000000E+00  2.610849E-01  4.406391E-02  4.285234E-03  0.000000E+00
  1.082000E+00  3.538523E-01  2.651906E-01  7.502631E-02  0.000000E+00  0.000000E+00  0.000000E+00  2.609679E-01  4.496291E-02  4.222612E-03  0.000000E+00
  1.084000E+00  3.530551E-01  2.650105E-01  7.522233E-02  0.000000E+00  0.000000E+00  0.000000E+00  2.608498E-01  4.586228E-02  4.160690E-03  0.000000E+00
  1.086000E+00  3.522610E-01  2.648299E-01  7.541673E-02  0.000000E+00  0.000000E+00  0.000000E+00  2.607304E-01  4.676195E-02  4.099464E-03  0.000000E+00
  1.088000E+00  3.514699E-01  2.646488E-01  7.560953E-02  0.000000E+00  0.000000E+00  0.000000E+00  2.606099E-01  4.766186E-02  4.038926E-03  0.000000E+00
  1.090000E+00  3.506817E-01  2.644673E-01  7.580077E-02  0.000000E+00  0.000000E+00  0.000000E+00  2.604883E-01  4.856194E-02  3.979071E-03  0.000000E+00
  1.092000E+00  3.498965E-01  2.642854E-01  7.599047E-02  0.000000E+00  0.000000E+00  0.000000E+00  2.603655E-01  4.946213E-02  3.919892E-03  0.000000E+00
  1.094000E+00  3.491142E-01  2.641031E-01  7.617864E-02  0.000000E+00  0.000000E+00  0.000000E+00  2.602417E-01  5.036238E-02  3.861384E-03  0.000000E+00
  1.096000E+00  3.483349E-01  2.639204E-01  7.636533E-02  0.000000E+00  0.000000E+00  0.000000E+00  2.601168E-01  5.126264E-02  3.803541E-03  0.000000E+00
  1.098000E+00  3.475584E-01  2.637373E-01  7.655054E-02  0.000000E+00  0.000000E+00  0.000000E+00  2.599909E-01  5.216284E-02  3.746357E-03  0.000000E+00
  1.100000E+00  3.467849E-01  2.635538E-01  7.673431E-02  0.000000E+00  0.000000E+00  0.000000E+00  2.598640E-01  5.306294E-02  3.689826E-03  0.000000E+00
  1.102000E+00  3.460142E-01  2.633701E-01  7.691664E-02  0.000000E+00  0.000000E+00  0.000000E+00  2.597361E-01  5.396290E-02  3.633942E-03  0.000000E+00
  1.104000E+00  3.452464E-01  2.631860E-01  7.709758E-02  0.000000E+00  0.000000E+00  0.000000E+00  2.596073E-01  5.486265E-02  3.578699E-03  0.000000E+00
  1.106000E+00  3.444814E-01  2.630017E-01  7.727713E-02  0.000000E+00  0.000000E+00  0.000000E+00  2.594776E-01  5.576217E-02  3.524093E-03  0.000000E+00
  1.108000E+00  3.437193E-01  2.628171E-01  7.745531E-02  0.000000E+00  0.000000E+00  0.000000E+00  2.593469E-01  5.666140E-02  3.470116E-03  0.000000E+00
  1.110000E+00  3.429600E-01  2.626322E-01  7.763215E-02  0.000000E+00  0.000000E+00  0.000000E+00  2.592154E-01  5.756031E-02  3.416765E-03  0.000000E+00
  1.112000E+00  3.422034E-01  2.624471E-01  7.780766E-02  0.000000E+00  0.000000E+00  0.000000E+00  2.590830E-01  5.845884E-02  3.364033E-03  0.000000E+00
  1.114000E+00  3.414496E-01  2.622617E-01  7.798186E-02  0.000000E+00  0.000000E+00  0.000000E+00  2.589498E-01  5.935698E-02  3.311915E-03  0.000000E+00
  1.116000E+00  3.406986E-01  2.620762E-01  7.815477E-02  0.000000E+00  0.000000E+00  0.000000E+00  2.588158E-01  6.025467E-02  3.260405E-03  0.000000E+00
  1.118000E+00  3.399504E-01  2.618904E-01  7.832641E-02  0.000000E+00  0.000000E+00  0.000000E+00  2.586809E-01  6.115188E-02  3.209499E-03  0.000000E+00
  1.120000E+00  3.392049E-01  2.617045E-01  7.849679E-02  0.000000E+00  0.000000E+00  0.000000E+00  2.585453E-01  6.204859E-02  3.159191E-03  0.000000E+00
  1.122000E+00  3.384620E-01  2.615184E-01  7.866594E-02  0.000000E+00  0.000000E+00  0.000000E+00  2.584089E-01  6.294474E-02  3.109475E-03  0.000000E+00
  1.124000E+00  3.377219E-01  2.613321E-01  7.883386E-02  0.000000E+00  0.000000E+00  0.000000E+00  2.582718E-01  6.384032E-02  3.060347E-03  0.000000E+00
  1.126000E+00  3.369845E-01  2.611457E-01  7.900057E-02  0.000000E+00  0.000000E+00  0.000000E+00  2.581339E-01  6.473528E-02  3.011801E-03  0.000000E+00
  1.128000E+00  3.362498E-01  2.609592E-01  7.916610E-02  0.000000E+00  0.000000E+00  0.000000E+00  2.579953E-01  6.562961E-02  2.963833E-03  0.000000E+00
  1.130000E+00  3.355177E-01  2.607725E-01  7.933044E-02  0.000000E+00  0.000000E+00  0.000000E+00  2.578561E-01  6.652327E-02  2.916437E-03  0.000000E+00
  1.132000E+00  3.347882E-01  2.605858E-01  7.949363E-02  0.000000E+00  0.000000E+00  0.000000E+00  2.577161E-01  6.741623E-02  2.869608E-03  0.000000E+00
  1.134000E+00  3.340614E-01  2.603989E-01  7.965566E-02  0.000000E+00  0.000000E+00  0.000000E+00  2.575755E-01  6.830847E-02  2.823342E-03  0.000000E+00
  1.136000E+00  3.333372E-01  2.602119E-01  7.981657E-02  0.000000E+00  0.000000E+00  0.000000E+00  2.574343E-01  6.919997E-02  2.777633E-03  0.000000E+00
  1.138000E+00  3.326156E-01  2.600249E-01  7.997635E-02  0.000000E+00  0.000000E+00  0.000000E+00  2.572924E-01  7.009069E-02  2.732476E-03  0.000000E+00
  1.140000E+00  3.318966E-01  2.598378E-01  8.013503E-02  0.000000E+00  0.000000E+00  0.000000E+00  2.571499E-01  7.098061E-02  2.687867E-03  0.000000E+00
  1.142000E+00  3.311802E-01  2.596507E-01  8.029261E-02  0.000000E+00  0.000000E+00  0.000000E+00  2.570069E-01  7.186971E-02  2.643801E-03  0.000000E+00
  1.144000E+00  3.304663E-01  2.594635E-01  8.044912E-02  0.000000E+00  0.000000E+00  0.000000E+00  2.568632E-01  7.275796E-02  2.600273E-03  0.000000E+00
  1.146000E+00  3.297549E-01  2.592762E-01  8.060455E-02  0.000000E+00  0.000000E+00  0.000000E+00  2.567189E-01  7.364536E-02  2.557278E-03  0.000000E+00
  1.148000E+00  3.290461E-01  2.590889E-01  8.075893E-02  0.000000E+00  0.000000E+00  0.000000E+00  2.565741E-01  7.453186E-02  2.514812E-03  0.000000E+00
  1.150000E+00  3.283398E-01  2.589017E-01  8.091227E-02  0.000000E+00  0.000000E+00  0.000000E+00  2.564288E-01  7.541746E-02  2.472870E-03  0.000000E+00
  1.152000E+00  3.276360E-01  2.587143E-01  8.106458E-02  0.000000E+00  0.000000E+00  0.000000E+00  2.562829E-01  7.630214E-02  2.431448E-03  0.000000E+00
  1.154000E+00  3.269347E-01  2.585270E-01  8.121586E-02  0.000000E+00  0.000000E+00  0.000000E+00  2.561365E-01  7.718587E-02  2.390540E-03  0.000000E+00
  1.156000E+00  3.262359E-01  2.583397E-01  8.136614E-02  0.000000E+00  0.000000E+00  0.000000E+00  2.559896E-01  7.806863E-02  2.350143E-03  0.000000E+00
  1.158000E+00  3.255396E-01  2.581524E-01  8.151542E-02  0.000000E+00  0.000000E+00  0.000000E+00  2.558422E-01  7.895042E-02  2.310251E-03  0.000000E+00
  1.160000E+00  3.248457E-01  2.579651E-01  8.166371E-02  0.000000E+00  0.000000E+00  0.000000E+00  2.556943E-01  7.983121E-02  2.270861E-03  0.000000E+00
  1.162000E+00  3.241542E-01  2.577779E-01  8.181103E-02  0.000000E+00  0.000000E+00  0.000000E+00  2.555459E-01  8.071099E-02  2.231968E-03  0.000000E+00
  1.164000E+00  3.234651E-01  2.575907E-01  8.195738E-02  0.000000E+00  0.000000E+00  0.000000E+00  2.553971E-01  8.158974E-02  2.193567E-03  0.000000E+00
  1.166000E+00  3.227785E-01  2.574035E-01  8.210277E-02  0.000000E+00  0.000000E+00  0.000000E+00  2.552478E-01  8.246745E-02  2.155655E-03  0.000000E+00
  1.168000E+00  3.220943E-01  2.572163E-01  8.224722E-02  0.000000E+00  0.000000E+00  0.000000E+00  2.550981E-01  8.334410E-02  2.118226E-03  0.000000E+00
  1.170000E+00  3.214124E-01  2.570292E-01  8.239074E-02  0.000000E+00  0.000000E+00  0.000000E+00  2.549479E-01  8.421967E-02  2.081276E-03  0.000000E+00
  1.172000E+00  3.207330E-01  2.568422E-01  8.253332E-02  0.000000E+00  0.000000E+00  0.000000E+00  2.547974E-01  8.509416E-02  2.044802E-03  0.000000E+00
  1.174000E+00  3.200559E-01  2.566552E-01  8.267500E-02  0.000000E+00  0.000000E+00  0.000000E+00  2.546464E-01  8.596755E-02  2.008799E-03  0.000000E+00
  1.176000E+00  3.193811E-01  2.564683E-01  8.281576E-02  0.000000E+00  0.000000E+00  0.000000E+00  2.544950E-01  8.683983E-02  1.973262E-03  0.000000E+00
  1.178000E+00  3.187087E-01  2.562815E-01  8.295563E-02  0.000000E+00  0.000000E+00  0.000000E+00  2.543433E-01  8.771098E-02  1.938189E-03  0.000000E+00
  1.180000E+00  3.180386E-01  2.560947E-01  8.309461E-02  0.000000E+00  0.000000E+00  0.000000E+00  2.541911E-01  8.858100E-02  1.903573E-03  0.000000E+00
  1.182000E+00  3.173708E-01  2.559080E-01  8.323270E-02  0.000000E+00  0.000000E+00  0.000000E+00  2.540386E-01  8.944987E-02  1.869412E-03  0.000000E+00
  1.184000E+00  3.167053E-01  2.557214E-01  8.336993E-02  0.000000E+00  0.000000E+00  0.000000E+00  2.538857E-01  9.031758E-02  1.835701E-03  0.000000E+00
  1.186000E+00  3.160421E-01  2.555349E-01  8.350629E-02  0.000000E+00  0.000000E+00  0.000000E+00  2.537325E-01  9.118413E-02  1.802436E-03  0.000000E+00
  1.188000E+00  3.153812E-01  2.553486E-01  8.364180E-02  0.000000E+00  0.000000E+00  0.000000E+00  2.535789E-01  9.204949E-02  1.769613E-03  0.000000E+00
  1.190000E+00  3.147226E-01  2.551623E-01  8.377646E-02  0.000000E+00  0.000000E+00  0.000000E+00  2.534250E-01  9.291367E-02  1.737229E-03  0.000000E+00
  1.192000E+00  3.140662E-01  2.549761E-01  8.391029E-02  0.000000E+00  0.000000E+00  0.000000E+00  2.532708E-01  9.377665E-02  1.705278E-03  0.000000E+00
  1.194000E+00  3.134120E-01  2.547900E-01  8.404328E-02  0.000000E+00  0.000000E+00  0.000000E+00  2.531163E-01  9.463842E-02  1.673758E-03  0.000000E+00
  1.196000E+00  3.127601E-01  2.546041E-01  8.417545E-02  0.000000E+00  0.000000E+00  0.000000E+00  2.529614E-01  9.549897E-02  1.642663E-03  0.000000E+00
  1.198000E+00  3.121104E-01  2.544182E-01  8.430681E-02  0.000000E+00  0.000000E+00  0.000000E+00  2.528062E-01  9.635830E-02  1.611991E-03  0.000000E+00
  1.200000E+00  3.114629E-01  2.542325E-01  8.443736E-02  0.000000E+00  0.000000E+00  0.000000E+00  2.526508E-01  9.721640E-02  1.581738E-03  0.000000E+00
