  1.000000E-02  9.987104E-01  1.289576E-03  0.000000E+00  0.000000E+00  0.000000E+00  0.000000E+00  0.000000E+00  0.000000E+00  1.289576E-03  0.000000E+00
  1.200000E-02  9.983563E-01  1.643708E-03  0.000000E+00  0.000000E+00  0.000000E+00  0.000000E+00  0.000000E+00  0.000000E+00  1.643708E-03  0.000000E+00
  1.400000E-02  9.979805E-01  2.019462E-03  0.000000E+00  0.000000E+00  0.000000E+00  0.000000E+00  0.000000E+00  0.000000E+00  2.019462E-03  0.000000E+00
  1.600000E-02  9.975851E-01  2.414861E-03  0.000000E+00  0.000000E+00  0.000000E+00  0.000000E+00  0.000000E+00  0.000000E+00  2.414861E-03  0.000000E+00
  1.800000E-02  9.971717E-01  2.828299E-03  0.000000E+00  0.000000E+00  0.000000E+00  0.000000E+00  0.000000E+00  0.000000E+00  2.828299E-03  0.000000E+00
  2.000000E-02  9.967416E-01  3.258437E-03  0.000000E+00  0.000000E+00  0.000000E+00  0.000000E+00  0.000000E+00  0.000000E+00  3.258437E-03  0.000000E+00
  2.200000E-02  9.962959E-01  3.704129E-03  0.000000E+00  0.000000E+00  0.000000E+00  0.000000E+00  0.000000E+00  0.000000E+00  3.704129E-03  0.000000E+00
  2.400000E-02  9.958356E-01  4.164387E-03  0.000000E+00  0.000000E+00  0.000000E+00  0.000000E+00  0.000000E+00  0.000000E+00  4.164387E-03  0.000000E+00
  2.600000E-02  9.953617E-01  4.638337E-03  0.000000E+00  0.000000E+00  0.000000E+00  0.000000E+00  0.000000E+00  0.000000E+00  4.638337E-03  0.000000E+00
  2.800000E-02  9.948748E-01  5.125207E-03  0.000000E+00  0.000000E+00  0.000000E+00  0.000000E+00  0.000000E+00  0.000000E+00  5.125207E-03  0.000000E+00
  3.000000E-02  9.943757E-01  5.624304E-03  0.000000E+00  0.000000E+00  0.000000E+00  0.000000E+00  0.000000E+00  0.000000E+00  5.624304E-03  0.000000E+00
  3.200000E-02  9.938650E-01  6.135001E-03  0.000000E+00  0.000000E+00  0.000000E+00  0.000000E+00  0.000000E+00  0.000000E+00  6.135001E-03  0.000000E+00
  3.400000E-02  9.933433E-01  6.656731E-03  0.000000E+00  0.000000E+00  0.000000E+00  0.000000E+00  0.000000E+00  0.000000E+00  6.656731E-03  0.000000E+00
  3.600000E-02  9.928110E-01  7.188975E-03  0.000000E+00  0.000000E+00  0.000000E+00  0.000000E+00  0.000000E+00  0.000000E+00  7.188975E-03  0.000000E+00
  3.800000E-02  9.922687E-01  7.731256E-03  0.000000E+00  0.000000E+00  0.000000E+00  0.000000E+00  0.000000E+00  0.000000E+00  7.731256E-03  0.000000E+00
  4.000000E-02  9.917169E-01  8.283134E-03  0.000000E+00  0.000000E+00  0.000000E+00  0.000000E+00  0.000000E+00  0.000000E+00  8.283134E-03  0.000000E+00
  4.200000E-02  9.911558E-01  8.844204E-03  0.000000E+00  0.000000E+00  0.000000E+00  0.000000E+00  0.000000E+00  0.000000E+00  8.844204E-03  0.000000E+00
  4.400000E-02  9.905859E-01  9.414089E-03  0.000000E+00  0.000000E+00  0.000000E+00  0.000000E+00  0.000000E+00  0.000000E+00  9.414089E-03  0.000000E+00
  4.600000E-02  9.900076E-01  9.992438E-03  0.000000E+00  0.000000E+00  0.000000E+00  0.000000E+00  0.000000E+00  0.000000E+00  9.992438E-03  0.000000E+00
  4.800000E-02  9.894211E-01  1.057892E-02  0.000000E+00  0.000000E+00  0.000000E+00  0.000000E+00  0.000000E+00  0.000000E+00  1.057892E-02  0.000000E+00
  5.000000E-02  9.888268E-01  1.117324E-02  0.000000E+00  0.000000E+00  0.000000E+00  0.000000E+00  0.000000E+00  0.000000E+00  1.117324E-02  0.000000E+00
  5.200000E-02  9.882249E-01  1.177510E-02  0.000000E+00  0.000000E+00  0.000000E+00  0.000000E+00  0.000000E+00  0.000000E+00  1.177510E-02  0.000000E+00
  5.400000E-02  9.876158E-01  1.238424E-02  0.000000E+00  0.000000E+00  0.000000E+00  0.000000E+00  0.000000E+00  0.000000E+00  1.238424E-02  0.000000E+00
  5.600000E-02  9.869996E-01  1.300039E-02  0.000000E+00  0.000000E+00  0.000000E+00  0.000000E+00  0.000000E+00  0.000000E+00  1.300039E-02  0.000000E+00
  5.800000E-02  9.863767E-01  1.362332E-02  0.000000E+00  0.000000E+00  0.000000E+00  0.000000E+00  0.000000E+00  0.000000E+00  1.362332E-02  0.000000E+00
  6.000000E-02  9.857472E-01  1.425281E-02  0.000000E+00  0.000000E+00  0.000000E+00  0.000000E+00  0.000000E+00  0.000000E+00  1.425281E-02  0.000000E+00
  6.200000E-02  9.851114E-01  1.488864E-02  0.000000E+00  0.000000E+00  0.000000E+00  0.000000E+00  0.000000E+00  0.000000E+00  1.488864E-02  0.000000E+00
  6.400000E-02  9.844694E-01  1.553061E-02  0.000000E+00  0.000000E+00  0.000000E+00  0.000000E+00  0.000000E+00  0.000000E+00  1.553061E-02  0.000000E+00
  6.600000E-02  9.838215E-01  1.617852E-02  0.000000E+00  0.000000E+00  0.000000E+00  0.000000E+00  0.000000E+00  0.000000E+00  1.617852E-02  0.000000E+00
  6.800000E-02  9.831678E-01  1.683219E-02  0.000000E+00  0.000000E+00  0.000000E+00  0.000000E+00  0.000000E+00  0.000000E+00  1.683219E-02  0.000000E+00
  7.000000E-02  9.825086E-01  1.749145E-02  0.000000E+00  0.000000E+00  0.000000E+00  0.000000E+00  0.000000E+00  0.000000E+00  1.749145E-02  0.000000E+00
  7.200000E-02  9.818439E-01  1.815613E-02  0.000000E+00  0.000000E+00  0.000000E+00  0.000000E+00  0.000000E+00  0.000000E+00  1.815613E-02  0.000000E+00
  7.400000E-02  9.811739E-01  1.882607E-02  0.000000E+00  0.000000E+00  0.000000E+00  0.000000E+00  0.000000E+00  0.000000E+00  1.882607E-02  0.000000E+00
  7.600000E-02  9.804989E-01  1.950112E-02  0.000000E+00  0.000000E+00  0.000000E+00  0.000000E+00  0.000000E+00  0.000000E+00  1.950112E-02  0.000000E+00
  7.800000E-02  9.798189E-01  2.018113E-02  0.000000E+00  0.000000E+00  0.000000E+00  0.000000E+00  0.000000E+00  0.000000E+00  2.018113E-02  0.000000E+00
  8.000000E-02  9.791340E-01  2.086598E-02  0.000000E+00  0.000000E+00  0.000000E+00  0.000000E+00  0.000000E+00  0.000000E+00  2.086598E-02  0.000000E+00
  8.200000E-02  9.784445E-01  2.155551E-02  0.000000E+00  0.000000E+00  0.000000E+00  0.000000E+00  0.000000E+00  0.000000E+00  2.155551E-02  0.000000E+00
  8.400000E-02  9.777504E-01  2.224960E-02  0.000000E+00  0.000000E+00  0.000000E+00  0.000000E+00  0.000000E+00  0.000000E+00  2.224960E-02  0.000000E+00
  8.600000E-02  9.770519E-01  2.294814E-02  0.000000E+00  0.000000E+00  0.000000E+00  0.000000E+00  0.000000E+00  0.000000E+00  2.294814E-02  0.000000E+00
  8.800000E-02  9.763490E-01  2.365099E-02  0.000000E+00  0.000000E+00  0.000000E+00  0.000000E+00  0.000000E+00  0.000000E+00  2.365099E-02  0.000000E+00
  9.000000E-02  9.756419E-01  2.435805E-02  0.000000E+00  0.000000E+00  0.000000E+00  0.000000E+00  0.000000E+00  0.000000E+00  2.435805E-02  0.000000E+00
  9.200000E-02  9.749308E-01  2.506920E-02  0.000000E+00  0.000000E+00  0.000000E+00  0.000000E+00  0.000000E+00  0.000000E+00  2.506920E-02  0.000000E+00
  9.400000E-02  9.742157E-01  2.578435E-02  0.000000E+00  0.000000E+00  0.000000E+00  0.000000E+00  0.000000E+00  0.000000E+00  2.578435E-02  0.000000E+00
  9.600000E-02  9.734966E-01  2.650337E-02  0.000000E+00  0.000000E+00  0.000000E+00  0.000000E+00  0.000000E+00  0.000000E+00  2.650337E-02  0.000000E+00
  9.800000E-02  9.727738E-01  2.722617E-02  0.000000E+00  0.000000E+00  0.000000E+00  0.000000E+00  0.000000E+00  0.000000E+00  2.722617E-02  0.000000E+00
  1.000000E-01  9.720473E-01  2.795266E-02  0.000000E+00  0.000000E+00  0.000000E+00  0.000000E+00  0.000000E+00  0.000000E+00  2.795266E-02  0.000000E+00
  1.020000E-01  9.713173E-01  2.868274E-02  0.000000E+00  0.000000E+00  0.000000E+00  0.000000E+00  0.000000E+00  0.000000E+00  2.868274E-02  0.000000E+00
  1.040000E-01  9.705837E-01  2.941632E-02  0.000000E+00  0.000000E+00  0.000000E+00  0.000000E+00  0.000000E+00  0.000000E+00  2.941632E-02  0.000000E+00
  1.060000E-01  9.698467E-01  3.015330E-02  0.000000E+00  0.000000E+00  0.000000E+00  0.000000E+00  0.000000E+00  0.000000E+00  3.015330E-02  0.000000E+00
  1.080000E-01  9.691064E-01  3.089360E-02  0.000000E+00  0.000000E+00  0.000000E+00  0.000000E+00  0.000000E+00  0.000000E+00  3.089360E-02  0.000000E+00
  1.100000E-01  9.683629E-01  3.163714E-02  0.000000E+00  0.000000E+00  0.000000E+00  0.000000E+00  0.000000E+00  0.000000E+00  3.163714E-02  0.000000E+00
  1.120000E-01  9.676162E-01  3.238382E-02  0.000000E+00  0.000000E+00  0.000000E+00  0.000000E+00  0.000000E+00  0.000000E+00  3.238382E-02  0.000000E+00
  1.140000E-01  9.668664E-01  3.313358E-02  0.000000E+00  0.000000E+00  0.000000E+00  0.000000E+00  0.000000E+00  0.000000E+00  3.313358E-02  0.000000E+00
  1.160000E-01  9.661137E-01  3.388632E-02  0.000000E+00  0.000000E+00  0.000000E+00  0.000000E+00  0.000000E+00  0.000000E+00  3.388632E-02  0.000000E+00
  1.180000E-01  9.653580E-01  3.464198E-02  0.000000E+00  0.000000E+00  0.000000E+00  0.000000E+00  0.000000E+00  0.000000E+00  3.464198E-02  0.000000E+00
  1.200000E-01  9.645995E-01  3.540047E-02  0.000000E+00  0.000000E+00  0.000000E+00  0.000000E+00  0.000000E+00  0.000000E+00  3.540047E-02  0.000000E+00
  1.220000E-01  9.638383E-01  3.616172E-02  0.000000E+00  0.000000E+00  0.000000E+00  0.000000E+00  0.000000E+00  0.000000E+00  3.616172E-02  0.000000E+00
  1.240000E-01  9.630743E-01  3.692566E-02  0.000000E+00  0.000000E+00  0.000000E+00  0.000000E+00  0.000000E+00  0.000000E+00  3.692566E-02  0.000000E+00
  1.260000E-01  9.623078E-01  3.769221E-02  0.000000E+00  0.000000E+00  0.000000E+00  0.000000E+00  0.000000E+00  0.000000E+00  3.769221E-02  0.000000E+00
  1.280000E-01  9.615387E-01  3.846130E-02  0.000000E+00  0.000000E+00  0.000000E+00  0.000000E+00  0.000000E+00  0.000000E+00  3.846130E-02  0.000000E+00
  1.300000E-01  9.607671E-01  3.923287E-02  0.000000E+00  0.000000E+00  0.000000E+00  0.000000E+00  0.000000E+00  0.000000E+00  3.923287E-02  0.000000E+00
  1.320000E-01  9.599540E-01  4.004605E-02  0.000000E+00  0.000000E+00  0.000000E+00  0.000000E+00  0.000000E+00  0.000000E+00  3.999359E-02  5.246034E-05
  1.340000E-01  9.590311E-01  4.096895E-02  0.000000E+00  0.000000E+00  0.000000E+00  0.000000E+00  0.000000E+00  0.000000E+00  4.071933E-02  2.496233E-04
  1.360000E-01  9.580537E-01  4.194634E-02  0.000000E+00  0.000000E+00  0.000000E+00  0.000000E+00  0.000000E+00  0.000000E+00  4.142747E-02  5.188662E-04
  1.380000E-01  9.570386E-01  4.296136E-02  0.000000E+00  0.000000E+00  0.000000E+00  0.000000E+00  0.000000E+00  0.000000E+00  4.212307E-02  8.382975E-04
  1.400000E-01  9.559947E-01  4.400527E-02  0.000000E+00  0.000000E+00  0.000000E+00  0.000000E+00  0.000000E+00  0.000000E+00  4.280861E-02  1.196661E-03
  1.420000E-01  9.549276E-01  4.507238E-02  0.000000E+00  0.000000E+00  0.000000E+00  0.000000E+00  0.000000E+00  0.000000E+00  4.348565E-02  1.586727E-03
  1.440000E-01  9.538414E-01  4.615864E-02  0.000000E+00  0.000000E+00  0.000000E+00  0.000000E+00  0.000000E+00  0.000000E+00  4.415529E-02  2.003349E-03
  1.460000E-01  9.527391E-01  4.726095E-02  0.000000E+00  0.000000E+00  0.000000E+00  0.000000E+00  0.000000E+00  0.000000E+00  4.481832E-02  2.442627E-03
  1.480000E-01  9.516231E-01  4.837685E-02  0.000000E+00  0.000000E+00  0.000000E+00  0.000000E+00  0.000000E+00  0.000000E+00  4.547537E-02  2.901485E-03
  1.500000E-01  9.504956E-01  4.950436E-02  0.000000E+00  0.000000E+00  0.000000E+00  0.000000E+00  0.000000E+00  0.000000E+00  4.612694E-02  3.377427E-03
  1.520000E-01  9.493582E-01  5.064181E-02  0.000000E+00  0.000000E+00  0.000000E+00  0.000000E+00  0.000000E+00  0.000000E+00  4.677343E-02  3.868381E-03
  1.540000E-01  9.482122E-01  5.178778E-02  0.000000E+00  0.000000E+00  0.000000E+00  0.000000E+00  0.000000E+00  0.000000E+00  4.741518E-02  4.372601E-03
  1.560000E-01  9.470589E-01  5.294108E-02  0.000000E+00  0.000000E+00  0.000000E+00  0.000000E+00  0.000000E+00  0.000000E+00  4.805249E-02  4.888591E-03
  1.580000E-01  9.458994E-01  5.410065E-02  0.000000E+00  0.000000E+00  0.000000E+00  0.000000E+00  0.000000E+00  0.000000E+00  4.868559E-02  5.415060E-03
  1.600000E-01  9.447344E-01  5.526558E-02  0.000000E+00  0.000000E+00  0.000000E+00  0.000000E+00  0.000000E+00  0.000000E+00  4.931469E-02  5.950882E-03
  1.620000E-01  9.435649E-01  5.643506E-02  0.000000E+00  0.000000E+00  0.000000E+00  0.000000E+00  0.000000E+00  0.000000E+00  4.994000E-02  6.495065E-03
  1.640000E-01  9.423916E-01  5.760838E-02  0.000000E+00  0.000000E+00  0.000000E+00  0.000000E+00  0.000000E+00  0.000000E+00  5.056165E-02  7.046732E-03
  1.660000E-01  9.412151E-01  5.878490E-02  0.000000E+00  0.000000E+00  0.000000E+00  0.000000E+00  0.000000E+00  0.000000E+00  5.117980E-02  7.605104E-03
  1.680000E-01  9.400359E-01  5.996405E-02  0.000000E+00  0.000000E+00  0.000000E+00  0.000000E+00  0.000000E+00  0.000000E+00  5.179457E-02  8.169482E-03
  1.700000E-01  9.388547E-01  6.114531E-02  0.000000E+00  0.000000E+00  0.000000E+00  0.000000E+00  0.000000E+00  0.000000E+00  5.240608E-02  8.739238E-03
  1.720000E-01  9.376718E-01  6.232822E-02  0.000000E+00  0.000000E+00  0.000000E+00  0.000000E+00  0.000000E+00  0.000000E+00  5.301442E-02  9.313808E-03
  1.740000E-01  9.364876E-01  6.351236E-02  0.000000E+00  0.000000E+00  0.000000E+00  0.000000E+00  0.000000E+00  0.000000E+00  5.361968E-02  9.892678E-03
  1.760000E-01  9.353027E-01  6.469734E-02  0.000000E+00  0.000000E+00  0.000000E+00  0.000000E+00  0.000000E+00  0.000000E+00  5.422196E-02  1.047538E-02
  1.780000E-01  9.341172E-01  6.588281E-02  0.000000E+00  0.000000E+00  0.000000E+00  0.000000E+00  0.000000E+00  0.000000E+00  5.482131E-02  1.106150E-02
  1.800000E-01  9.329316E-01  6.706844E-02  0.000000E+00  0.000000E+00  0.000000E+00  0.000000E+00  0.000000E+00  0.000000E+00  5.541781E-02  1.165064E-02
  1.820000E-01  9.317460E-01  6.825396E-02  0.000000E+00  0.000000E+00  0.000000E+00  0.000000E+00  0.000000E+00  0.000000E+00  5.601151E-02  1.224245E-02
  1.840000E-01  9.305609E-01  6.943907E-02  0.000000E+00  0.000000E+00  0.000000E+00  0.000000E+00  0.000000E+00  0.000000E+00  5.660247E-02  1.283660E-02
  1.860000E-01  9.293765E-01  7.062354E-02  0.000000E+00  0.000000E+00  0.000000E+00  0.000000E+00  0.000000E+00  0.000000E+00  5.719075E-02  1.343280E-02
  1.880000E-01  9.281929E-01  7.180714E-02  0.000000E+00  0.000000E+00  0.000000E+00  0.000000E+00  0.000000E+00  0.000000E+00  5.777638E-02  1.403076E-02
  1.900000E-01  9.270104E-01  7.298964E-02  0.000000E+00  0.000000E+00  0.000000E+00  0.000000E+00  0.000000E+00  0.000000E+00  5.835940E-02  1.463024E-02
  1.920000E-01  9.258291E-01  7.417086E-02  0.000000E+00  0.000000E+00  0.000000E+00  0.000000E+00  0.000000E+00  0.000000E+00  5.893987E-02  1.523100E-02
  1.940000E-01  9.246494E-01  7.535061E-02  0.000000E+00  0.000000E+00  0.000000E+00  0.000000E+00  0.000000E+00  0.000000E+00  5.951780E-02  1.583281E-02
  1.960000E-01  9.234713E-01  7.652871E-02  0.000000E+00  0.000000E+00  0.000000E+00  0.000000E+00  0.000000E+00  0.000000E+00  6.009323E-02  1.643548E-02
  1.980000E-01  9.222950E-01  7.770502E-02  0.000000E+00  0.000000E+00  0.000000E+00  0.000000E+00  0.000000E+00  0.000000E+00  6.066619E-02  1.703883E-02
  2.000000E-01  9.211206E-01  7.887937E-02  0.000000E+00  0.000000E+00  0.000000E+00  0.000000E+00  0.000000E+00  0.000000E+00  6.123671E-02  1.764266E-02
  2.020000E-01  9.199484E-01  8.005164E-02  0.000000E+00  0.000000E+00  0.000000E+00  0.000000E+00  0.000000E+00  0.000000E+00  6.180481E-02  1.824683E-02
  2.040000E-01  9.187783E-01  8.122169E-02  0.000000E+00  0.000000E+00  0.000000E+00  0.000000E+00  0.000000E+00  0.000000E+00  6.237051E-02  1.885118E-02
  2.060000E-01  9.176106E-01  8.238940E-02  0.000000E+00  0.000000E+00  0.000000E+00  0.000000E+00  0.000000E+00  0.000000E+00  6.293384E-02  1.945556E-02
  2.080000E-01  9.164453E-01  8.355467E-02  0.000000E+00  0.000000E+00  0.000000E+00  0.000000E+00  0.000000E+00  0.000000E+00  6.349481E-02  2.005985E-02
  2.100000E-01  9.152826E-01  8.471737E-02  0.000000E+00  0.000000E+00  0.000000E+00  0.000000E+00  0.000000E+00  0.000000E+00  6.405345E-02  2.066392E-02
  2.120000E-01  9.141226E-01  8.587742E-02  0.000000E+00  0.000000E+00  0.000000E+00  0.000000E+00  0.000000E+00  0.000000E+00  6.460976E-02  2.126766E-02
  2.140000E-01  9.129653E-01  8.703471E-02  0.000000E+00  0.000000E+00  0.000000E+00  0.000000E+00  0.000000E+00  0.000000E+00  6.516376E-02  2.187095E-02
  2.160000E-01  9.118108E-01  8.818916E-02  0.000000E+00  0.000000E+00  0.000000E+00  0.000000E+00  0.000000E+00  0.000000E+00  6.571547E-02  2.247369E-02
  2.180000E-01  9.106593E-01  8.934069E-02  0.000000E+00  0.000000E+00  0.000000E+00  0.000000E+00  0.000000E+00  0.000000E+00  6.626490E-02  2.307580E-02
  2.200000E-01  9.095108E-01  9.048922E-02  0.000000E+00  0.000000E+00  0.000000E+00  0.000000E+00  0.000000E+00  0.000000E+00  6.681206E-02  2.367717E-02
  2.220000E-01  9.083653E-01  9.163468E-02  0.000000E+00  0.000000E+00  0.000000E+00  0.000000E+00  0.000000E+00  0.000000E+00  6.735696E-02  2.427772E-02
  2.240000E-01  9.072230E-01  9.277698E-02  0.000000E+00  0.000000E+00  0.000000E+00  0.000000E+00  0.000000E+00  0.000000E+00  6.789961E-02  2.487738E-02
  2.260000E-01  9.060839E-01  9.391608E-02  0.000000E+00  0.000000E+00  0.000000E+00  0.000000E+00  0.000000E+00  0.000000E+00  6.844002E-02  2.547606E-02
  2.280000E-01  9.049481E-01  9.505190E-02  0.000000E+00  0.000000E+00  0.000000E+00  0.000000E+00  0.000000E+00  0.000000E+00  6.897820E-02  2.607370E-02
  2.300000E-01  9.038156E-01  9.618439E-02  0.000000E+00  0.000000E+00  0.000000E+00  0.000000E+00  0.000000E+00  0.000000E+00  6.951416E-02  2.667024E-02
  2.320000E-01  9.026865E-01  9.731350E-02  0.000000E+00  0.000000E+00  0.000000E+00  0.000000E+00  0.000000E+00  0.000000E+00  7.004790E-02  2.726560E-02
  2.340000E-01  9.015608E-01  9.843916E-02  0.000000E+00  0.000000E+00  0.000000E+00  0.000000E+00  0.000000E+00  0.000000E+00  7.057943E-02  2.785973E-02
  2.360000E-01  9.004387E-01  9.956133E-02  0.000000E+00  0.000000E+00  0.000000E+00  0.000000E+00  0.000000E+00  0.000000E+00  7.110876E-02  2.845257E-02
  2.380000E-01  8.993200E-01  1.006800E-01  0.000000E+00  0.000000E+00  0.000000E+00  0.000000E+00  0.000000E+00  0.000000E+00  7.163590E-02  2.904407E-02
  2.400000E-01  8.982050E-01  1.017950E-01  0.000000E+00  0.000000E+00  0.000000E+00  0.000000E+00  0.000000E+00  0.000000E+00  7.216084E-02  2.963419E-02
  2.420000E-01  8.970935E-01  1.029065E-01  0.000000E+00  0.000000E+00  0.000000E+00  0.000000E+00  0.000000E+00  0.000000E+00  7.268360E-02  3.022286E-02
  2.440000E-01  8.959858E-01  1.040142E-01  0.000000E+00  0.000000E+00  0.000000E+00  0.000000E+00  0.000000E+00  0.000000E+00  7.320417E-02  3.081005E-02
  2.460000E-01  8.948817E-01  1.051183E-01  0.000000E+00  0.000000E+00  0.000000E+00  0.000000E+00  0.000000E+00  0.000000E+00  7.372257E-02  3.139572E-02
  2.480000E-01  8.937814E-01  1.062186E-01  0.000000E+00  0.000000E+00  0.000000E+00  0.000000E+00  0.000000E+00  0.000000E+00  7.423880E-02  3.197983E-02
  2.500000E-01  8.926848E-01  1.073152E-01  0.000000E+00  0.000000E+00  0.000000E+00  0.000000E+00  0.000000E+00  0.000000E+00  7.475286E-02  3.256233E-02
  2.520000E-01  8.915920E-01  1.084080E-01  0.000000E+00  0.000000E+00  0.000000E+00  0.000000E+00  0.000000E+00  0.000000E+00  7.526476E-02  3.314320E-02
  2.540000E-01  8.905031E-01  1.094969E-01  0.000000E+00  0.000000E+00  0.000000E+00  0.000000E+00  0.000000E+00  0.000000E+00  7.577449E-02  3.372239E-02
  2.560000E-01  8.894180E-01  1.105820E-01  0.000000E+00  0.000000E+00  0.000000E+00  0.000000E+00  0.000000E+00  0.000000E+00  7.628207E-02  3.429988E-02
  2.580000E-01  8.883369E-01  1.116631E-01  0.000000E+00  0.000000E+00  0.000000E+00  0.000000E+00  0.000000E+00  0.000000E+00  7.678749E-02  3.487564E-02
  2.600000E-01  8.872596E-01  1.127404E-01  0.000000E+00  0.000000E+00  0.000000E+00  0.000000E+00  0.000000E+00  0.000000E+00  7.729076E-02  3.544964E-02
  2.620000E-01  8.861863E-01  1.138137E-01  0.000000E+00  0.000000E+00  0.000000E+00  0.000000E+00  0.000000E+00  0.000000E+00  7.779188E-02  3.602185E-02
  2.640000E-01  8.851169E-01  1.148831E-01  0.000000E+00  0.000000E+00  0.000000E+00  0.000000E+00  0.000000E+00  0.000000E+00  7.829086E-02  3.659224E-02
  2.660000E-01  8.840515E-01  1.159485E-01  0.000000E+00  0.000000E+00  0.000000E+00  0.000000E+00  0.000000E+00  0.000000E+00  7.878769E-02  3.716079E-02
  2.680000E-01  8.829901E-01  1.170099E-01  0.000000E+00  0.000000E+00  0.000000E+00  0.000000E+00  0.000000E+00  0.000000E+00  7.928239E-02  3.772748E-02
  2.700000E-01  8.819328E-01  1.180672E-01  0.000000E+00  0.000000E+00  0.000000E+00  0.000000E+00  0.000000E+00  0.000000E+00  7.977494E-02  3.829229E-02
  2.720000E-01  8.808794E-01  1.191206E-01  0.000000E+00  0.000000E+00  0.000000E+00  0.000000E+00  0.000000E+00  0.000000E+00  8.026537E-02  3.885519E-02
  2.740000E-01  8.798302E-01  1.201698E-01  0.000000E+00  0.000000E+00  0.000000E+00  0.000000E+00  0.000000E+00  0.000000E+00  8.075366E-02  3.941617E-02
  2.760000E-01  8.787850E-01  1.212150E-01  0.000000E+00  0.000000E+00  0.000000E+00  0.000000E+00  0.000000E+00  0.000000E+00  8.123982E-02  3.997521E-02
  2.780000E-01  8.777439E-01  1.222561E-01  0.000000E+00  0.000000E+00  0.000000E+00  0.000000E+00  0.000000E+00  0.000000E+00  8.172385E-02  4.053229E-02
  2.800000E-01  8.767068E-01  1.232932E-01  0.000000E+00  0.000000E+00  0.000000E+00  0.000000E+00  0.000000E+00  0.000000E+00  8.220577E-02  4.108739E-02
  2.820000E-01  8.756739E-01  1.243261E-01  0.000000E+00  0.000000E+00  0.000000E+00  0.000000E+00  0.000000E+00  0.000000E+00  8.268556E-02  4.164050E-02
  2.840000E-01  8.746452E-01  1.253548E-01  0.000000E+00  0.000000E+00  0.000000E+00  0.000000E+00  0.000000E+00  0.000000E+00  8.316323E-02  4.219161E-02
  2.860000E-01  8.736205E-01  1.263795E-01  0.000000E+00  0.000000E+00  0.000000E+00  0.000000E+00  0.000000E+00  0.000000E+00  8.363878E-02  4.274070E-02
  2.880000E-01  8.726000E-01  1.274000E-01  0.000000E+00  0.000000E+00  0.000000E+00  0.000000E+00  0.000000E+00  0.000000E+00  8.411222E-02  4.328776E-02
  2.900000E-01  8.715837E-01  1.284163E-01  0.000000E+00  0.000000E+00  0.000000E+00  0.000000E+00  0.000000E+00  0.000000E+00  8.458355E-02  4.383278E-02
  2.920000E-01  8.705715E-01  1.294285E-01  0.000000E+00  0.000000E+00  0.000000E+00  0.000000E+00  0.000000E+00  0.000000E+00  8.505277E-02  4.437574E-02
  2.940000E-01  8.695635E-01  1.304365E-01  0.000000E+00  0.000000E+00  0.000000E+00  0.000000E+00  0.000000E+00  0.000000E+00  8.551989E-02  4.491664E-02
  2.960000E-01  8.685596E-01  1.314404E-01  0.000000E+00  0.000000E+00  0.000000E+00  0.000000E+00  0.000000E+00  0.000000E+00  8.598490E-02  4.545547E-02
  2.980000E-01  8.675600E-01  1.324400E-01  0.000000E+00  0.000000E+00  0.000000E+00  0.000000E+00  0.000000E+00  0.000000E+00  8.644782E-02  4.599221E-02
  3.000000E-01  8.665645E-01  1.334355E-01  0.000000E+00  0.000000E+00  0.000000E+00  0.000000E+00  0.000000E+00  0.000000E+00  8.690863E-02  4.652686E-02
  3.020000E-01  8.655732E-01  1.344268E-01  0.000000E+00  0.000000E+00  0.000000E+00  0.000000E+00  0.000000E+00  0.000000E+00  8.736736E-02  4.705941E-02
  3.040000E-01  8.645862E-01  1.354138E-01  0.000000E+00  0.000000E+00  0.000000E+00  0.000000E+00  0.000000E+00  0.000000E+00  8.782399E-02  4.758985E-02
  3.060000E-01  8.636033E-01  1.363967E-01  0.000000E+00  0.000000E+00  0.000000E+00  0.000000E+00  0.000000E+00  0.000000E+00  8.827854E-02  4.811819E-02
  3.080000E-01  8.626246E-01  1.373754E-01  0.000000E+00  0.000000E+00  0.000000E+00  0.000000E+00  0.000000E+00  0.000000E+00  8.873100E-02  4.864440E-02
  3.100000E-01  8.616501E-01  1.383499E-01  0.000000E+00  0.000000E+00  0.000000E+00  0.000000E+00  0.000000E+00  0.000000E+00  8.918138E-02  4.916848E-02
  3.120000E-01  8.606799E-01  1.393201E-01  0.000000E+00  0.000000E+00  0.000000E+00  0.000000E+00  0.000000E+00  0.000000E+00  8.962968E-02  4.969044E-02
  3.140000E-01  8.597138E-01  1.402862E-01  0.000000E+00  0.000000E+00  0.000000E+00  0.000000E+00  0.000000E+00  0.000000E+00  9.007591E-02  5.021026E-02
  3.160000E-01  8.587520E-01  1.412480E-01  0.000000E+00  0.000000E+00  0.000000E+00  0.000000E+00  0.000000E+00  0.000000E+00  9.052006E-02  5.072795E-02
  3.180000E-01  8.577944E-01  1.422056E-01  0.000000E+00  0.000000E+00  0.000000E+00  0.000000E+00  0.000000E+00  0.000000E+00  9.096215E-02  5.124349E-02
  3.200000E-01  8.568409E-01  1.431591E-01  0.000000E+00  0.000000E+00  0.000000E+00  0.000000E+00  0.000000E+00  0.000000E+00  9.140218E-02  5.175688E-02
  3.220000E-01  8.558917E-01  1.441083E-01  0.000000E+00  0.000000E+00  0.000000E+00  0.000000E+00  0.000000E+00  0.000000E+00  9.184015E-02  5.226813E-02
  3.240000E-01  8.549467E-01  1.450533E-01  0.000000E+00  0.000000E+00  0.000000E+00  0.000000E+00  0.000000E+00  0.000000E+00  9.227606E-02  5.277723E-02
  3.260000E-01  8.540059E-01  1.459941E-01  0.000000E+00  0.000000E+00  0.000000E+00  0.000000E+00  0.000000E+00  0.000000E+00  9.270992E-02  5.328417E-02
  3.280000E-01  8.530693E-01  1.469307E-01  0.000000E+00  0.000000E+00  0.000000E+00  0.000000E+00  0.000000E+00  0.000000E+00  9.314173E-02  5.378896E-02
  3.300000E-01  8.521369E-01  1.478631E-01  0.000000E+00  0.000000E+00  0.000000E+00  0.000000E+00  0.000000E+00  0.000000E+00  9.357150E-02  5.429160E-02
  3.320000E-01  8.512087E-01  1.487913E-01  0.000000E+00  0.000000E+00  0.000000E+00  0.000000E+00  0.000000E+00  0.000000E+00  9.399924E-02  5.479208E-02
  3.340000E-01  8.502847E-01  1.497153E-01  0.000000E+00  0.000000E+00  0.000000E+00  0.000000E+00  0.000000E+00  0.000000E+00  9.442493E-02  5.529040E-02
  3.360000E-01  8.493648E-01  1.506352E-01  0.000000E+00  0.000000E+00  0.000000E+00  0.000000E+00  0.000000E+00  0.000000E+00  9.484860E-02  5.578656E-02
  3.380000E-01  8.484492E-01  1.515508E-01  0.000000E+00  0.000000E+00  0.000000E+00  0.000000E+00  0.000000E+00  0.000000E+00  9.527024E-02  5.628057E-02
  3.400000E-01  8.475377E-01  1.524623E-01  0.000000E+00  0.000000E+00  0.000000E+00  0.000000E+00  0.000000E+00  0.000000E+00  9.568986E-02  5.677242E-02
  3.420000E-01  8.466304E-01  1.533696E-01  0.000000E+00  0.000000E+00  0.000000E+00  0.000000E+00  0.000000E+00  0.000000E+00  9.610746E-02  5.726211E-02
  3.440000E-01  8.457273E-01  1.542727E-01  0.000000E+00  0.000000E+00  0.000000E+00  0.000000E+00  0.000000E+00  0.000000E+00  9.652305E-02  5.774965E-02
  3.460000E-01  8.448283E-01  1.551717E-01  0.000000E+00  0.000000E+00  0.000000E+00  0.000000E+00  0.000000E+00  0.000000E+00  9.693663E-02  5.823504E-02
  3.480000E-01  8.439335E-01  1.560665E-01  0.000000E+00  0.000000E+00  0.000000E+00  0.000000E+00  0.000000E+00  0.000000E+00  9.734822E-02  5.871827E-02
  3.500000E-01  8.430428E-01  1.569572E-01  0.000000E+00  0.000000E+00  0.000000E+00  0.000000E+00  0.000000E+00  0.000000E+00  9.775780E-02  5.919935E-02
  3.520000E-01  8.421563E-01  1.578437E-01  0.000000E+00  0.000000E+00  0.000000E+00  0.000000E+00  0.000000E+00  0.000000E+00  9.816540E-02  5.967829E-02
  3.540000E-01  8.412739E-01  1.587261E-01  0.000000E+00  0.000000E+00  0.000000E+00  0.000000E+00  0.000000E+00  0.000000E+00  9.857101E-02  6.015508E-02
  3.560000E-01  8.403956E-01  1.596044E-01  0.000000E+00  0.000000E+00  0.000000E+00  0.000000E+00  0.000000E+00  0.000000E+00  9.897464E-02  6.062972E-02
  3.580000E-01  8.395215E-01  1.604785E-01  0.000000E+00  0.000000E+00  0.000000E+00  0.000000E+00  0.000000E+00  0.000000E+00  9.937629E-02  6.110223E-02
  3.600000E-01  8.386514E-01  1.613486E-01  0.000000E+00  0.000000E+00  0.000000E+00  0.000000E+00  0.000000E+00  0.000000E+00  9.977597E-02  6.157259E-02
  3.620000E-01  8.377855E-01  1.622145E-01  0.000000E+00  0.000000E+00  0.000000E+00  0.000000E+00  0.000000E+00  0.000000E+00  1.001737E-01  6.204082E-02
  3.640000E-01  8.369236E-01  1.630764E-01  0.000000E+00  0.000000E+00  0.000000E+00  0.000000E+00  0.000000E+00  0.000000E+00  1.005694E-01  6.250692E-02
  3.660000E-01  8.360659E-01  1.639341E-01  0.000000E+00  0.000000E+00  0.000000E+00  0.000000E+00  0.000000E+00  0.000000E+00  1.009633E-01  6.297090E-02
  3.680000E-01  8.352121E-01  1.647879E-01  0.000000E+00  0.000000E+00  0.000000E+00  0.000000E+00  0.000000E+00  0.000000E+00  1.013551E-01  6.343274E-02
  3.700000E-01  8.343625E-01  1.656375E-01  0.000000E+00  0.000000E+00  0.000000E+00  0.000000E+00  0.000000E+00  0.000000E+00  1.017450E-01  6.389247E-02
  3.720000E-01  8.335169E-01  1.664831E-01  0.000000E+00  0.000000E+00  0.000000E+00  0.000000E+00  0.000000E+00  0.000000E+00  1.021330E-01  6.435009E-02
  3.740000E-01  8.326753E-01  1.673247E-01  0.000000E+00  0.000000E+00  0.000000E+00  0.000000E+00  0.000000E+00  0.000000E+00  1.025191E-01  6.480559E-02
  3.760000E-01  8.318378E-01  1.681622E-01  0.000000E+00  0.000000E+00  0.000000E+00  0.000000E+00  0.000000E+00  0.000000E+00  1.029032E-01  6.525899E-02
  3.780000E-01  8.310043E-01  1.689957E-01  0.000000E+00  0.000000E+00  0.000000E+00  0.000000E+00  0.000000E+00  0.000000E+00  1.032854E-01  6.571028E-02
  3.800000E-01  8.301748E-01  1.698252E-01  0.000000E+00  0.000000E+00  0.000000E+00  0.000000E+00  0.000000E+00  0.000000E+00  1.036657E-01  6.615948E-02
  3.820000E-01  8.293493E-01  1.706507E-01  0.000000E+00  0.000000E+00  0.000000E+00  0.000000E+00  0.000000E+00  0.000000E+00  1.040441E-01  6.660658E-02
  3.840000E-01  8.285278E-01  1.714722E-01  0.000000E+00  0.000000E+00  0.000000E+00  0.000000E+00  0.000000E+00  0.000000E+00  1.044206E-01  6.705160E-02
  3.860000E-01  8.277102E-01  1.722898E-01  0.000000E+00  0.000000E+00  0.000000E+00  0.000000E+00  0.000000E+00  0.000000E+00  1.047952E-01  6.749453E-02
  3.880000E-01  8.268967E-01  1.731033E-01  0.000000E+00  0.000000E+00  0.000000E+00  0.000000E+00  0.000000E+00  0.000000E+00  1.051679E-01  6.793539E-02
  3.900000E-01  8.260870E-01  1.739130E-01  0.000000E+00  0.000000E+00  0.000000E+00  0.000000E+00  0.000000E+00  0.000000E+00  1.055388E-01  6.837418E-02
  3.920000E-01  8.252813E-01  1.747187E-01  0.000000E+00  0.000000E+00  0.000000E+00  0.000000E+00  0.000000E+00  0.000000E+00  1.059078E-01  6.881090E-02
  3.940000E-01  8.244796E-01  1.755204E-01  0.000000E+00  0.000000E+00  0.000000E+00  0.000000E+00  0.000000E+00  0.000000E+00  1.062749E-01  6.924557E-02
  3.960000E-01  8.236817E-01  1.763183E-01  0.000000E+00  0.000000E+00  0.000000E+00  0.000000E+00  0.000000E+00  0.000000E+00  1.066401E-01  6.967818E-02
  3.980000E-01  8.228877E-01  1.771123E-01  0.000000E+00  0.000000E+00  0.000000E+00  0.000000E+00  0.000000E+00  0.000000E+00  1.070035E-01  7.010874E-02
  4.000000E-01  8.220977E-01  1.779023E-01  0.000000E+00  0.000000E+00  0.000000E+00  0.000000E+00  0.000000E+00  0.000000E+00  1.073651E-01  7.053726E-02
  4.020000E-01  8.213115E-01  1.786885E-01  0.000000E+00  0.000000E+00  0.000000E+00  0.000000E+00  0.000000E+00  0.000000E+00  1.077248E-01  7.096375E-02
  4.040000E-01  8.205291E-01  1.794709E-01  0.000000E+00  0.000000E+00  0.000000E+00  0.000000E+00  0.000000E+00  0.000000E+00  1.080827E-01  7.138821E-02
  4.060000E-01  8.197506E-01  1.802494E-01  0.000000E+00  0.000000E+00  0.000000E+00  0.000000E+00  0.000000E+00  0.000000E+00  1.084387E-01  7.181065E-02
  4.080000E-01  8.189759E-01  1.810241E-01  0.000000E+00  0.000000E+00  0.000000E+00  0.000000E+00  0.000000E+00  0.000000E+00  1.087930E-01  7.223107E-02
  4.100000E-01  8.182051E-01  1.817949E-01  0.000000E+00  0.000000E+00  0.000000E+00  0.000000E+00  0.000000E+00  0.000000E+00  1.091454E-01  7.264948E-02
  4.120000E-01  8.174380E-01  1.825620E-01  0.000000E+00  0.000000E+00  0.000000E+00  0.000000E+00  0.000000E+00  0.000000E+00  1.094961E-01  7.306589E-02
  4.140000E-01  8.166748E-01  1.833252E-01  0.000000E+00  0.000000E+00  0.000000E+00  0.000000E+00  0.000000E+00  0.000000E+00  1.098449E-01  7.348031E-02
  4.160000E-01  8.159153E-01  1.840847E-01  0.000000E+00  0.000000E+00  0.000000E+00  0.000000E+00  0.000000E+00  0.000000E+00  1.101920E-01  7.389274E-02
  4.180000E-01  8.151596E-01  1.848404E-01  0.000000E+00  0.000000E+00  0.000000E+00  0.000000E+00  0.000000E+00  0.000000E+00  1.105372E-01  7.430318E-02
  4.200000E-01  8.144076E-01  1.855924E-01  0.000000E+00  0.000000E+00  0.000000E+00  0.000000E+00  0.000000E+00  0.000000E+00  1.108807E-01  7.471166E-02
  4.220000E-01  8.136594E-01  1.863406E-01  0.000000E+00  0.000000E+00  0.000000E+00  0.000000E+00  0.000000E+00  0.000000E+00  1.112225E-01  7.511816E-02
  4.240000E-01  8.129149E-01  1.870851E-01  0.000000E+00  0.000000E+00  0.000000E+00  0.000000E+00  0.000000E+00  0.000000E+00  1.115624E-01  7.552271E-02
  4.260000E-01  8.121740E-01  1.878260E-01  0.000000E+00  0.000000E+00  0.000000E+00  0.000000E+00  0.000000E+00  0.000000E+00  1.119007E-01  7.592531E-02
  4.280000E-01  8.114369E-01  1.885631E-01  0.000000E+00  0.000000E+00  0.000000E+00  0.000000E+00  0.000000E+00  0.000000E+00  1.122371E-01  7.632596E-02
  4.300000E-01  8.107035E-01  1.892965E-01  0.000000E+00  0.000000E+00  0.000000E+00  0.000000E+00  0.000000E+00  0.000000E+00  1.125719E-01  7.672467E-02
  4.320000E-01  8.099737E-01  1.900263E-01  0.000000E+00  0.000000E+00  0.000000E+00  0.000000E+00  0.000000E+00  0.000000E+00  1.129049E-01  7.712145E-02
  4.340000E-01  8.092475E-01  1.907525E-01  0.000000E+00  0.000000E+00  0.000000E+00  0.000000E+00  0.000000E+00  0.000000E+00  1.132362E-01  7.751631E-02
  4.360000E-01  8.085250E-01  1.914750E-01  0.000000E+00  0.000000E+00  0.000000E+00  0.000000E+00  0.000000E+00  0.000000E+00  1.135658E-01  7.790926E-02
  4.380000E-01  8.078061E-01  1.921939E-01  0.000000E+00  0.000000E+00  0.000000E+00  0.000000E+00  0.000000E+00  0.000000E+00  1.138936E-01  7.830030E-02
  4.400000E-01  8.070907E-01  1.929093E-01  0.000000E+00  0.000000E+00  0.000000E+00  0.000000E+00  0.000000E+00  0.000000E+00  1.142198E-01  7.868943E-02
  4.420000E-01  8.063790E-01  1.936210E-01  0.000000E+00  0.000000E+00  0.000000E+00  0.000000E+00  0.000000E+00  0.000000E+00  1.145443E-01  7.907668E-02
  4.440000E-01  8.056708E-01  1.943292E-01  0.000000E+00  0.000000E+00  0.000000E+00  0.000000E+00  0.000000E+00  0.000000E+00  1.148671E-01  7.946205E-02
  4.460000E-01  8.049662E-01  1.950338E-01  0.000000E+00  0.000000E+00  0.000000E+00  0.000000E+00  0.000000E+00  0.000000E+00  1.151882E-01  7.984553E-02
  4.480000E-01  8.042651E-01  1.957349E-01  0.000000E+00  0.000000E+00  0.000000E+00  0.000000E+00  0.000000E+00  0.000000E+00  1.155077E-01  8.022715E-02
  4.500000E-01  8.035676E-01  1.964324E-01  0.000000E+00  0.000000E+00  0.000000E+00  0.000000E+00  0.000000E+00  0.000000E+00  1.158255E-01  8.060691E-02
  4.520000E-01  8.028735E-01  1.971265E-01  0.000000E+00  0.000000E+00  0.000000E+00  0.000000E+00  0.000000E+00  0.000000E+00  1.161417E-01  8.098482E-02
  4.540000E-01  7.979163E-01  1.980522E-01  0.000000E+00  0.000000E+00  0.000000E+00  0.000000E+00  4.031472E-03  0.000000E+00  1.144439E-01  7.957678E-02
  4.560000E-01  7.951988E-01  1.988478E-01  0.000000E+00  0.000000E+00  0.000000E+00  0.000000E+00  5.953401E-03  0.000000E+00  1.137960E-01  7.909843E-02
  4.580000E-01  7.924070E-01  1.996424E-01  0.000000E+00  0.000000E+00  0.000000E+00  0.000000E+00  7.950619E-03  0.000000E+00  1.131080E-01  7.858377E-02
  4.600000E-01  7.895654E-01  2.004346E-01  0.000000E+00  0.000000E+00  0.000000E+00  0.000000E+00  1.000003E-02  0.000000E+00  1.123915E-01  7.804309E-02
  4.620000E-01  7.866890E-01  2.012238E-01  0.000000E+00  0.000000E+00  0.000000E+00  0.000000E+00  1.208718E-02  0.000000E+00  1.116538E-01  7.748284E-02
  4.640000E-01  7.837884E-01  2.020094E-01  0.000000E+00  0.000000E+00  0.000000E+00  0.000000E+00  1.420218E-02  0.000000E+00  1.108998E-01  7.690745E-02
  4.660000E-01  7.808708E-01  2.027912E-01  0.000000E+00  0.000000E+00  0.000000E+00  0.000000E+00  1.633793E-02  0.000000E+00  1.101332E-01  7.632014E-02
  4.680000E-01  7.779419E-01  2.035690E-01  0.000000E+00  0.000000E+00  0.000000E+00  0.000000E+00  1.848906E-02  0.000000E+00  1.093566E-01  7.572331E-02
  4.700000E-01  7.750060E-01  2.043426E-01  0.000000E+00  0.000000E+00  0.000000E+00  0.000000E+00  2.065142E-02  0.000000E+00  1.085722E-01  7.511888E-02
  4.720000E-01  7.720665E-01  2.051118E-01  0.000000E+00  0.000000E+00  0.000000E+00  0.000000E+00  2.282168E-02  0.000000E+00  1.077818E-01  7.450836E-02
  4.740000E-01  7.691262E-01  2.058767E-01  0.000000E+00  0.000000E+00  0.000000E+00  0.000000E+00  2.499718E-02  0.000000E+00  1.069865E-01  7.389298E-02
  4.760000E-01  7.661872E-01  2.066371E-01  0.000000E+00  0.000000E+00  0.000000E+00  0.000000E+00  2.717569E-02  0.000000E+00  1.061877E-01  7.327377E-02
  4.780000E-01  7.632515E-01  2.073931E-01  0.000000E+00  0.000000E+00  0.000000E+00  0.000000E+00  2.935538E-02  0.000000E+00  1.053862E-01  7.265159E-02
  4.800000E-01  7.603206E-01  2.081447E-01  0.000000E+00  0.000000E+00  0.000000E+00  0.000000E+00  3.153468E-02  0.000000E+00  1.045828E-01  7.202718E-02
  4.820000E-01  7.573959E-01  2.088918E-01  0.000000E+00  0.000000E+00  0.000000E+00  0.000000E+00  3.371227E-02  0.000000E+00  1.037784E-01  7.140116E-02
  4.840000E-01  7.544785E-01  2.096344E-01  0.000000E+00  0.000000E+00  0.000000E+00  0.000000E+00  3.588702E-02  0.000000E+00  1.029733E-01  7.077407E-02
  4.860000E-01  7.515694E-01  2.103727E-01  0.000000E+00  0.000000E+00  0.000000E+00  0.000000E+00  3.805794E-02  0.000000E+00  1.021683E-01  7.014641E-02
  4.880000E-01  7.486694E-01  2.111065E-01  0.000000E+00  0.000000E+00  0.000000E+00  0.000000E+00  4.022418E-02  0.000000E+00  1.013637E-01  6.951857E-02
  4.900000E-01  7.457791E-01  2.118359E-01  0.000000E+00  0.000000E+00  0.000000E+00  0.000000E+00  4.238499E-02  0.000000E+00  1.005600E-01  6.889093E-02
  4.920000E-01  7.428993E-01  2.125609E-01  0.000000E+00  0.000000E+00  0.000000E+00  0.000000E+00  4.453973E-02  0.000000E+00  9.975740E-02  6.826381E-02
  4.940000E-01  7.400305E-01  2.132817E-01  0.000000E+00  0.000000E+00  0.000000E+00  0.000000E+00  4.668782E-02  0.000000E+00  9.895635E-02  6.763751E-02
  4.960000E-01  7.371731E-01  2.139981E-01  0.000000E+00  0.000000E+00  0.000000E+00  0.000000E+00  4.882875E-02  0.000000E+00  9.815708E-02  6.701228E-02
  4.980000E-01  7.343276E-01  2.147103E-01  0.000000E+00  0.000000E+00  0.000000E+00  0.000000E+00  5.096207E-02  0.000000E+00  9.735986E-02  6.638836E-02
  5.000000E-01  7.314944E-01  2.154182E-01  0.000000E+00  0.000000E+00  0.000000E+00  0.000000E+00  5.308739E-02  0.000000E+00  9.656491E-02  6.576595E-02
  5.020000E-01  7.286736E-01  2.161220E-01  0.000000E+00  0.000000E+00  0.000000E+00  0.000000E+00  5.520436E-02  0.000000E+00  9.577242E-02  6.514525E-02
  5.040000E-01  7.258657E-01  2.168217E-01  0.000000E+00  0.000000E+00  0.000000E+00  0.000000E+00  5.731267E-02  0.000000E+00  9.498257E-02  6.452641E-02
  5.060000E-01  7.230708E-01  2.175172E-01  0.000000E+00  0.000000E+00  0.000000E+00  0.000000E+00  5.941204E-02  0.000000E+00  9.419554E-02  6.390961E-02
  5.080000E-01  7.202891E-01  2.182087E-01  0.000000E+00  0.000000E+00  0.000000E+00  0.000000E+00  6.150221E-02  0.000000E+00  9.341147E-02  6.329497E-02
  5.100000E-01  7.175209E-01  2.188961E-01  0.000000E+00  0.000000E+00  0.000000E+00  0.000000E+00  6.358299E-02  0.000000E+00  9.263049E-02  6.268263E-02
  5.120000E-01  7.147663E-01  2.195796E-01  0.000000E+00  0.000000E+00  0.000000E+00  0.000000E+00  6.565416E-02  0.000000E+00  9.185272E-02  6.207269E-02
  5.140000E-01  7.120254E-01  2.202591E-01  0.000000E+00  0.000000E+00  0.000000E+00  0.000000E+00  6.771555E-02  0.000000E+00  9.107827E-02  6.146527E-02
  5.160000E-01  7.092982E-01  2.209347E-01  0.000000E+00  0.000000E+00  0.000000E+00  0.000000E+00  6.976702E-02  0.000000E+00  9.030724E-02  6.086046E-02
  5.180000E-01  7.065851E-01  2.216065E-01  0.000000E+00  0.000000E+00  0.000000E+00  0.000000E+00  7.180844E-02  0.000000E+00  8.953972E-02  6.025835E-02
  5.200000E-01  7.038859E-01  2.222745E-01  0.000000E+00  0.000000E+00  0.000000E+00  0.000000E+00  7.383967E-02  0.000000E+00  8.877579E-02  5.965901E-02
  5.220000E-01  7.012007E-01  2.229387E-01  0.000000E+00  0.000000E+00  0.000000E+00  0.000000E+00  7.586062E-02  0.000000E+00  8.801552E-02  5.906252E-02
  5.240000E-01  6.985297E-01  2.235991E-01  0.000000E+00  0.000000E+00  0.000000E+00  0.000000E+00  7.787120E-02  0.000000E+00  8.725898E-02  5.846895E-02
  5.260000E-01  6.958728E-01  2.242559E-01  0.000000E+00  0.000000E+00  0.000000E+00  0.000000E+00  7.987133E-02  0.000000E+00  8.650624E-02  5.787836E-02
  5.280000E-01  6.932300E-01  2.249091E-01  0.000000E+00  0.000000E+00  0.000000E+00  0.000000E+00  8.186094E-02  0.000000E+00  8.575733E-02  5.729079E-02
  5.300000E-01  6.906014E-01  2.255586E-01  0.000000E+00  0.000000E+00  0.000000E+00  0.000000E+00  8.383997E-02  0.000000E+00  8.501231E-02  5.670631E-02
  5.320000E-01  6.879871E-01  2.262046E-01  0.000000E+00  0.000000E+00  0.000000E+00  0.000000E+00  8.580837E-02  0.000000E+00  8.427123E-02  5.612495E-02
  5.340000E-01  6.853869E-01  2.268470E-01  0.000000E+00  0.000000E+00  0.000000E+00  0.000000E+00  8.776611E-02  0.000000E+00  8.353413E-02  5.554677E-02
  5.360000E-01  6.828009E-01  2.274860E-01  0.000000E+00  0.000000E+00  0.000000E+00  0.000000E+00  8.971315E-02  0.000000E+00  8.280103E-02  5.497179E-02
  5.380000E-01  6.802290E-01  2.281215E-01  0.000000E+00  0.000000E+00  0.000000E+00  0.000000E+00  9.164947E-02  0.000000E+00  8.207198E-02  5.440005E-02
  5.400000E-01  6.776713E-01  2.287536E-01  0.000000E+00  0.000000E+00  0.000000E+00  0.000000E+00  9.357504E-02  0.000000E+00  8.134699E-02  5.383158E-02
  5.420000E-01  6.751278E-01  2.293824E-01  0.000000E+00  0.000000E+00  0.000000E+00  0.000000E+00  9.548986E-02  0.000000E+00  8.062610E-02  5.326642E-02
  5.440000E-01  6.725983E-01  2.300078E-01  0.000000E+00  0.000000E+00  0.000000E+00  0.000000E+00  9.739391E-02  0.000000E+00  7.990933E-02  5.270458E-02
  5.460000E-01  6.700828E-01  2.306300E-01  0.000000E+00  0.000000E+00  0.000000E+00  0.000000E+00  9.928719E-02  0.000000E+00  7.919668E-02  5.214609E-02
  5.480000E-01  6.675814E-01  2.312489E-01  0.000000E+00  0.000000E+00  0.000000E+00  0.000000E+00  1.011697E-01  0.000000E+00  7.848819E-02  5.159096E-02
  5.500000E-01  6.650940E-01  2.318646E-01  0.000000E+00  0.000000E+00  0.000000E+00  0.000000E+00  1.030415E-01  0.000000E+00  7.778386E-02  5.103923E-02
  5.520000E-01  6.626204E-01  2.324771E-01  0.000000E+00  0.000000E+00  0.000000E+00  0.000000E+00  1.049025E-01  0.000000E+00  7.708371E-02  5.049090E-02
  5.540000E-01  6.601608E-01  2.330865E-01  0.000000E+00  0.000000E+00  0.000000E+00  0.000000E+00  1.067527E-01  0.000000E+00  7.638774E-02  4.994598E-02
  5.560000E-01  6.577149E-01  2.336928E-01  0.000000E+00  0.000000E+00  0.000000E+00  0.000000E+00  1.085923E-01  0.000000E+00  7.569597E-02  4.940450E-02
  5.580000E-01  6.552829E-01  2.342960E-01  0.000000E+00  0.000000E+00  0.000000E+00  0.000000E+00  1.104211E-01  0.000000E+00  7.500840E-02  4.886646E-02
  5.600000E-01  6.528645E-01  2.348962E-01  0.000000E+00  0.000000E+00  0.000000E+00  0.000000E+00  1.122393E-01  0.000000E+00  7.432503E-02  4.833186E-02
  5.620000E-01  6.504597E-01  2.354934E-01  0.000000E+00  0.000000E+00  0.000000E+00  0.000000E+00  1.140468E-01  0.000000E+00  7.364586E-02  4.780073E-02
  5.640000E-01  6.480686E-01  2.360877E-01  0.000000E+00  0.000000E+00  0.000000E+00  0.000000E+00  1.158437E-01  0.000000E+00  7.297090E-02  4.727305E-02
  5.660000E-01  6.456910E-01  2.366790E-01  0.000000E+00  0.000000E+00  0.000000E+00  0.000000E+00  1.176300E-01  0.000000E+00  7.230015E-02  4.674885E-02
  5.680000E-01  6.433268E-01  2.372675E-01  0.000000E+00  0.000000E+00  0.000000E+00  0.000000E+00  1.194058E-01  0.000000E+00  7.163361E-02  4.622812E-02
  5.700000E-01  6.409760E-01  2.378531E-01  0.000000E+00  0.000000E+00  0.000000E+00  0.000000E+00  1.211710E-01  0.000000E+00  7.097127E-02  4.571087E-02
  5.720000E-01  6.386385E-01  2.384359E-01  0.000000E+00  0.000000E+00  0.000000E+00  0.000000E+00  1.229257E-01  0.000000E+00  7.031313E-02  4.519709E-02
  5.740000E-01  6.363142E-01  2.390159E-01  0.000000E+00  0.000000E+00  0.000000E+00  0.000000E+00  1.246699E-01  0.000000E+00  6.965919E-02  4.468679E-02
  5.760000E-01  6.340031E-01  2.395932E-01  0.000000E+00  0.000000E+00  0.000000E+00  0.000000E+00  1.264037E-01  0.000000E+00  6.900943E-02  4.417997E-02
  5.780000E-01  6.317051E-01  2.401677E-01  0.000000E+00  0.000000E+00  0.000000E+00  0.000000E+00  1.281272E-01  0.000000E+00  6.836387E-02  4.367663E-02
  5.800000E-01  6.294201E-01  2.407395E-01  0.000000E+00  0.000000E+00  0.000000E+00  0.000000E+00  1.298403E-01  0.000000E+00  6.772248E-02  4.317676E-02
  5.820000E-01  6.271481E-01  2.413087E-01  0.000000E+00  0.000000E+00  0.000000E+00  0.000000E+00  1.315431E-01  0.000000E+00  6.708525E-02  4.268037E-02
  5.840000E-01  6.248890E-01  2.418753E-01  0.000000E+00  0.000000E+00  0.000000E+00  0.000000E+00  1.332357E-01  0.000000E+00  6.645219E-02  4.218745E-02
  5.860000E-01  6.226426E-01  2.424393E-01  0.000000E+00  0.000000E+00  0.000000E+00  0.000000E+00  1.349180E-01  0.000000E+00  6.582328E-02  4.169799E-02
  5.880000E-01  6.204090E-01  2.430007E-01  0.000000E+00  0.000000E+00  0.000000E+00  0.000000E+00  1.365902E-01  0.000000E+00  6.519852E-02  4.121200E-02
  5.900000E-01  6.181881E-01  2.435596E-01  0.000000E+00  0.000000E+00  0.000000E+00  0.000000E+00  1.382523E-01  0.000000E+00  6.457788E-02  4.072946E-02
  5.920000E-01  6.159797E-01  2.441160E-01  0.000000E+00  0.000000E+00  0.000000E+00  0.000000E+00  1.399043E-01  0.000000E+00  6.396136E-02  4.025037E-02
  5.940000E-01  6.137838E-01  2.446700E-01  0.000000E+00  0.000000E+00  0.000000E+00  0.000000E+00  1.415463E-01  0.000000E+00  6.334896E-02  3.977473E-02
  5.960000E-01  6.116003E-01  2.452214E-01  0.000000E+00  0.000000E+00  0.000000E+00  0.000000E+00  1.431783E-01  0.000000E+00  6.274065E-02  3.930252E-02
  5.980000E-01  6.094291E-01  2.457705E-01  0.000000E+00  0.000000E+00  0.000000E+00  0.000000E+00  1.448003E-01  0.000000E+00  6.213642E-02  3.883375E-02
  6.000000E-01  6.072702E-01  2.463172E-01  0.000000E+00  0.000000E+00  0.000000E+00  0.000000E+00  1.464125E-01  0.000000E+00  6.153627E-02  3.836840E-02
  6.020000E-01  6.051235E-01  2.468615E-01  0.000000E+00  0.000000E+00  0.000000E+00  0.000000E+00  1.480149E-01  0.000000E+00  6.094017E-02  3.790647E-02
  6.040000E-01  6.029890E-01  2.474036E-01  0.000000E+00  0.000000E+00  0.000000E+00  0.000000E+00  1.496075E-01  0.000000E+00  6.034812E-02  3.744795E-02
  6.060000E-01  6.008664E-01  2.479433E-01  0.000000E+00  0.000000E+00  0.000000E+00  0.000000E+00  1.511903E-01  0.000000E+00  5.976010E-02  3.699282E-02
  6.080000E-01  5.987558E-01  2.484807E-01  0.000000E+00  0.000000E+00  0.000000E+00  0.000000E+00  1.527635E-01  0.000000E+00  5.917610E-02  3.654109E-02
  6.100000E-01  5.966570E-01  2.490159E-01  0.000000E+00  0.000000E+00  0.000000E+00  0.000000E+00  1.543271E-01  0.000000E+00  5.859610E-02  3.609274E-02
  6.120000E-01  5.945701E-01  2.495489E-01  0.000000E+00  0.000000E+00  0.000000E+00  0.000000E+00  1.558810E-01  0.000000E+00  5.802009E-02  3.564776E-02
  6.140000E-01  5.924949E-01  2.500797E-01  0.000000E+00  0.000000E+00  0.000000E+00  0.000000E+00  1.574255E-01  0.000000E+00  5.744806E-02  3.520614E-02
  6.160000E-01  5.904313E-01  2.506083E-01  0.000000E+00  0.000000E+00  0.000000E+00  0.000000E+00  1.589604E-01  0.000000E+00  5.687998E-02  3.476788E-02
  6.180000E-01  5.883793E-01  2.511348E-01  0.000000E+00  0.000000E+00  0.000000E+00  0.000000E+00  1.604860E-01  0.000000E+00  5.631584E-02  3.433296E-02
  6.200000E-01  5.863387E-01  2.516591E-01  0.000000E+00  0.000000E+00  0.000000E+00  0.000000E+00  1.620021E-01  0.000000E+00  5.575563E-02  3.390137E-02
  6.220000E-01  5.843096E-01  2.521814E-01  0.000000E+00  0.000000E+00  0.000000E+00  0.000000E+00  1.635090E-01  0.000000E+00  5.519934E-02  3.347310E-02
  6.240000E-01  5.822918E-01  2.527016E-01  0.000000E+00  0.000000E+00  0.000000E+00  0.000000E+00  1.650065E-01  0.000000E+00  5.464694E-02  3.304815E-02
  6.260000E-01  5.802853E-01  2.532198E-01  0.000000E+00  0.000000E+00  0.000000E+00  0.000000E+00  1.664949E-01  0.000000E+00  5.409842E-02  3.262649E-02
  6.280000E-01  5.782900E-01  2.537360E-01  0.000000E+00  0.000000E+00  0.000000E+00  0.000000E+00  1.679741E-01  0.000000E+00  5.355376E-02  3.220812E-02
  6.300000E-01  5.763057E-01  2.542501E-01  0.000000E+00  0.000000E+00  0.000000E+00  0.000000E+00  1.694441E-01  0.000000E+00  5.301295E-02  3.179303E-02
  6.320000E-01  5.743325E-01  2.547623E-01  0.000000E+00  0.000000E+00  0.000000E+00  0.000000E+00  1.709051E-01  0.000000E+00  5.247597E-02  3.138121E-02
  6.340000E-01  5.723703E-01  2.552726E-01  0.000000E+00  0.000000E+00  0.000000E+00  0.000000E+00  1.723571E-01  0.000000E+00  5.194281E-02  3.097264E-02
  6.360000E-01  5.704189E-01  2.557809E-01  0.000000E+00  0.000000E+00  0.000000E+00  0.000000E+00  1.738002E-01  0.000000E+00  5.141345E-02  3.056732E-02
  6.380000E-01  5.684784E-01  2.562874E-01  0.000000E+00  0.000000E+00  0.000000E+00  0.000000E+00  1.752343E-01  0.000000E+00  5.088787E-02  3.016522E-02
  6.400000E-01  5.665485E-01  2.567919E-01  0.000000E+00  0.000000E+00  0.000000E+00  0.000000E+00  1.766595E-01  0.000000E+00  5.036605E-02  2.976635E-02
  6.420000E-01  5.646294E-01  2.572946E-01  0.000000E+00  0.000000E+00  0.000000E+00  0.000000E+00  1.780760E-01  0.000000E+00  4.984798E-02  2.937069E-02
  6.440000E-01  5.627208E-01  2.577955E-01  0.000000E+00  0.000000E+00  0.000000E+00  0.000000E+00  1.794837E-01  0.000000E+00  4.933364E-02  2.897822E-02
  6.460000E-01  5.608227E-01  2.582946E-01  0.000000E+00  0.000000E+00  0.000000E+00  0.000000E+00  1.808826E-01  0.000000E+00  4.882302E-02  2.858894E-02
  6.480000E-01  5.589351E-01  2.587919E-01  0.000000E+00  0.000000E+00  0.000000E+00  0.000000E+00  1.822730E-01  0.000000E+00  4.831610E-02  2.820283E-02
  6.500000E-01  5.570579E-01  2.592874E-01  0.000000E+00  0.000000E+00  0.000000E+00  0.000000E+00  1.836547E-01  0.000000E+00  4.781286E-02  2.781987E-02
  6.520000E-01  5.551910E-01  2.597812E-01  0.000000E+00  0.000000E+00  0.000000E+00  0.000000E+00  1.850278E-01  0.000000E+00  4.731328E-02  2.744007E-02
  6.540000E-01  5.533342E-01  2.602733E-01  0.000000E+00  0.000000E+00  0.000000E+00  0.000000E+00  1.863925E-01  0.000000E+00  4.681735E-02  2.706340E-02
  6.560000E-01  5.514877E-01  2.607636E-01  0.000000E+00  0.000000E+00  0.000000E+00  0.000000E+00  1.877487E-01  0.000000E+00  4.632505E-02  2.668986E-02
  6.580000E-01  5.496512E-01  2.612523E-01  0.000000E+00  0.000000E+00  0.000000E+00  0.000000E+00  1.890965E-01  0.000000E+00  4.583637E-02  2.631943E-02
  6.600000E-01  5.478248E-01  2.617393E-01  0.000000E+00  0.000000E+00  0.000000E+00  0.000000E+00  1.904359E-01  0.000000E+00  4.535128E-02  2.595209E-02
  6.620000E-01  5.460083E-01  2.622247E-01  0.000000E+00  0.000000E+00  0.000000E+00  0.000000E+00  1.917670E-01  0.000000E+00  4.486977E-02  2.558785E-02
  6.640000E-01  5.442017E-01  2.627084E-01  0.000000E+00  0.000000E+00  0.000000E+00  0.000000E+00  1.930899E-01  0.000000E+00  4.439183E-02  2.522667E-02
  6.660000E-01  5.424049E-01  2.631906E-01  0.000000E+00  0.000000E+00  0.000000E+00  0.000000E+00  1.944046E-01  0.000000E+00  4.391743E-02  2.486856E-02
  6.680000E-01  5.406178E-01  2.636711E-01  0.000000E+00  0.000000E+00  0.000000E+00  0.000000E+00  1.957111E-01  0.000000E+00  4.344657E-02  2.451350E-02
  6.700000E-01  5.388405E-01  2.641501E-01  0.000000E+00  0.000000E+00  0.000000E+00  0.000000E+00  1.970094E-01  0.000000E+00  4.297921E-02  2.416147E-02
  6.720000E-01  5.370727E-01  2.646276E-01  0.000000E+00  0.000000E+00  0.000000E+00  0.000000E+00  1.982997E-01  0.000000E+00  4.251535E-02  2.381247E-02
  6.740000E-01  5.353145E-01  2.651035E-01  0.000000E+00  0.000000E+00  0.000000E+00  0.000000E+00  1.995820E-01  0.000000E+00  4.205497E-02  2.346649E-02
  6.760000E-01  5.335657E-01  2.655779E-01  0.000000E+00  0.000000E+00  0.000000E+00  0.000000E+00  2.008564E-01  0.000000E+00  4.159805E-02  2.312350E-02
  6.780000E-01  5.318264E-01  2.660508E-01  0.000000E+00  0.000000E+00  0.000000E+00  0.000000E+00  2.021228E-01  0.000000E+00  4.114458E-02  2.278350E-02
  6.800000E-01  5.300964E-01  2.665223E-01  0.000000E+00  0.000000E+00  0.000000E+00  0.000000E+00  2.033813E-01  0.000000E+00  4.069454E-02  2.244647E-02
  6.820000E-01  5.283757E-01  2.669923E-01  0.000000E+00  0.000000E+00  0.000000E+00  0.000000E+00  2.046320E-01  0.000000E+00  4.024791E-02  2.211241E-02
  6.840000E-01  5.266643E-01  2.674609E-01  0.000000E+00  0.000000E+00  0.000000E+00  0.000000E+00  2.058749E-01  0.000000E+00  3.980468E-02  2.178130E-02
  6.860000E-01  5.249620E-01  2.679280E-01  0.000000E+00  0.000000E+00  0.000000E+00  0.000000E+00  2.071101E-01  0.000000E+00  3.936482E-02  2.145312E-02
  6.880000E-01  5.232687E-01  2.683937E-01  0.000000E+00  0.000000E+00  0.000000E+00  0.000000E+00  2.083375E-01  0.000000E+00  3.892833E-02  2.112787E-02
  6.900000E-01  5.215845E-01  2.688581E-01  0.000000E+00  0.000000E+00  0.000000E+00  0.000000E+00  2.095574E-01  0.000000E+00  3.849519E-02  2.080554E-02
  6.920000E-01  5.199093E-01  2.693211E-01  0.000000E+00  0.000000E+00  0.000000E+00  0.000000E+00  2.107696E-01  0.000000E+00  3.806537E-02  2.048611E-02
  6.940000E-01  5.182430E-01  2.697827E-01  0.000000E+00  0.000000E+00  0.000000E+00  0.000000E+00  2.119743E-01  0.000000E+00  3.763887E-02  2.016956E-02
  6.960000E-01  5.165855E-01  2.702430E-01  0.000000E+00  0.000000E+00  0.000000E+00  0.000000E+00  2.131715E-01  0.000000E+00  3.721567E-02  1.985590E-02
  6.980000E-01  5.149368E-01  2.707020E-01  0.000000E+00  0.000000E+00  0.000000E+00  0.000000E+00  2.143612E-01  0.000000E+00  3.679574E-02  1.954509E-02
  7.000000E-01  5.132969E-01  2.711597E-01  0.000000E+00  0.000000E+00  0.000000E+00  0.000000E+00  2.155435E-01  0.000000E+00  3.637909E-02  1.923714E-02
  7.020000E-01  5.116655E-01  2.716161E-01  0.000000E+00  0.000000E+00  0.000000E+00  0.000000E+00  2.167184E-01  0.000000E+00  3.596568E-02  1.893204E-02
  7.040000E-01  5.100428E-01  2.720712E-01  0.000000E+00  0.000000E+00  0.000000E+00  0.000000E+00  2.178859E-01  0.000000E+00  3.555550E-02  1.862976E-02
  7.060000E-01  5.084287E-01  2.725251E-01  0.000000E+00  0.000000E+00  0.000000E+00  0.000000E+00  2.190462E-01  0.000000E+00  3.514855E-02  1.833029E-02
  7.080000E-01  5.068230E-01  2.729777E-01  0.000000E+00  0.000000E+00  0.000000E+00  0.000000E+00  2.201993E-01  0.000000E+00  3.474479E-02  1.803363E-02
  7.100000E-01  5.052258E-01  2.734291E-01  0.000000E+00  0.000000E+00  0.000000E+00  0.000000E+00  2.213451E-01  0.000000E+00  3.434422E-02  1.773977E-02
  7.120000E-01  5.036369E-01  2.738793E-01  0.000000E+00  0.000000E+00  0.000000E+00  0.000000E+00  2.224838E-01  0.000000E+00  3.394682E-02  1.744868E-02
  7.140000E-01  5.020564E-01  2.743283E-01  0.000000E+00  0.000000E+00  0.000000E+00  0.000000E+00  2.236154E-01  0.000000E+00  3.355257E-02  1.716037E-02
  7.160000E-01  5.004841E-01  2.747761E-01  0.000000E+00  0.000000E+00  0.000000E+00  0.000000E+00  2.247398E-01  0.000000E+00  3.316146E-02  1.687481E-02
  7.180000E-01  4.989200E-01  2.752228E-01  0.000000E+00  0.000000E+00  0.000000E+00  0.000000E+00  2.258573E-01  0.000000E+00  3.277347E-02  1.659199E-02
  7.200000E-01  4.973640E-01  2.756682E-01  0.000000E+00  0.000000E+00  0.000000E+00  0.000000E+00  2.269677E-01  0.000000E+00  3.238859E-02  1.631191E-02
  7.220000E-01  4.958161E-01  2.761126E-01  0.000000E+00  0.000000E+00  0.000000E+00  0.000000E+00  2.280713E-01  0.000000E+00  3.200680E-02  1.603456E-02
  7.240000E-01  4.942763E-01  2.765558E-01  0.000000E+00  0.000000E+00  0.000000E+00  0.000000E+00  2.291679E-01  0.000000E+00  3.162809E-02  1.575991E-02
  7.260000E-01  4.927444E-01  2.769980E-01  0.000000E+00  0.000000E+00  0.000000E+00  0.000000E+00  2.302576E-01  0.000000E+00  3.125243E-02  1.548796E-02
  7.280000E-01  4.912205E-01  2.774390E-01  0.000000E+00  0.000000E+00  0.000000E+00  0.000000E+00  2.313405E-01  0.000000E+00  3.087982E-02  1.521870E-02
  7.300000E-01  4.897045E-01  2.778790E-01  0.000000E+00  0.000000E+00  0.000000E+00  0.000000E+00  2.324166E-01  0.000000E+00  3.051025E-02  1.495212E-02
  7.320000E-01  4.881962E-01  2.783178E-01  0.000000E+00  0.000000E+00  0.000000E+00  0.000000E+00  2.334860E-01  0.000000E+00  3.014368E-02  1.468820E-02
  7.340000E-01  4.866957E-01  2.787557E-01  0.000000E+00  0.000000E+00  0.000000E+00  0.000000E+00  2.345486E-01  0.000000E+00  2.978012E-02  1.442693E-02
  7.360000E-01  4.852030E-01  2.791924E-01  0.000000E+00  0.000000E+00  0.000000E+00  0.000000E+00  2.356046E-01  0.000000E+00  2.941954E-02  1.416831E-02
  7.380000E-01  4.837179E-01  2.796282E-01  0.000000E+00  0.000000E+00  0.000000E+00  0.000000E+00  2.366539E-01  0.000000E+00  2.906194E-02  1.391231E-02
  7.400000E-01  4.822404E-01  2.800629E-01  0.000000E+00  0.000000E+00  0.000000E+00  0.000000E+00  2.376967E-01  0.000000E+00  2.870728E-02  1.365894E-02
  7.420000E-01  4.807704E-01  2.804967E-01  0.000000E+00  0.000000E+00  0.000000E+00  0.000000E+00  2.387329E-01  0.000000E+00  2.835557E-02  1.340818E-02
  7.440000E-01  4.793080E-01  2.809294E-01  0.000000E+00  0.000000E+00  0.000000E+00  0.000000E+00  2.397626E-01  0.000000E+00  2.800678E-02  1.316001E-02
  7.460000E-01  4.778530E-01  2.813612E-01  0.000000E+00  0.000000E+00  0.000000E+00  0.000000E+00  2.407858E-01  0.000000E+00  2.766091E-02  1.291443E-02
  7.480000E-01  4.764055E-01  2.817919E-01  0.000000E+00  0.000000E+00  0.000000E+00  0.000000E+00  2.418026E-01  0.000000E+00  2.731793E-02  1.267142E-02
  7.500000E-01  4.749652E-01  2.822218E-01  0.000000E+00  0.000000E+00  0.000000E+00  0.000000E+00  2.428130E-01  0.000000E+00  2.697783E-02  1.243098E-02
  7.520000E-01  4.735323E-01  2.826507E-01  0.000000E+00  0.000000E+00  0.000000E+00  0.000000E+00  2.438170E-01  0.000000E+00  2.664060E-02  1.219310E-02
  7.540000E-01  4.721067E-01  2.830787E-01  0.000000E+00  0.000000E+00  0.000000E+00  0.000000E+00  2.448147E-01  0.000000E+00  2.630622E-02  1.195776E-02
  7.560000E-01  4.706882E-01  2.835057E-01  0.000000E+00  0.000000E+00  0.000000E+00  0.000000E+00  2.458061E-01  0.000000E+00  2.597468E-02  1.172495E-02
  7.580000E-01  4.692769E-01  2.839318E-01  0.000000E+00  0.000000E+00  0.000000E+00  0.000000E+00  2.467912E-01  0.000000E+00  2.564596E-02  1.149466E-02
  7.600000E-01  4.678728E-01  2.843571E-01  0.000000E+00  0.000000E+00  0.000000E+00  0.000000E+00  2.477701E-01  0.000000E+00  2.532005E-02  1.126688E-02
  7.620000E-01  4.664757E-01  2.847814E-01  0.000000E+00  0.000000E+00  0.000000E+00  0.000000E+00  2.487429E-01  0.000000E+00  2.499694E-02  1.104161E-02
  7.640000E-01  4.650856E-01  2.852049E-01  0.000000E+00  0.000000E+00  0.000000E+00  0.000000E+00  2.497095E-01  0.000000E+00  2.467661E-02  1.081882E-02
  7.660000E-01  4.637025E-01  2.856276E-01  0.000000E+00  0.000000E+00  0.000000E+00  0.000000E+00  2.506700E-01  0.000000E+00  2.435905E-02  1.059852E-02
  7.680000E-01  4.623263E-01  2.860493E-01  0.000000E+00  0.000000E+00  0.000000E+00  0.000000E+00  2.516244E-01  0.000000E+00  2.404424E-02  1.038069E-02
  7.700000E-01  4.609570E-01  2.864703E-01  0.000000E+00  0.000000E+00  0.000000E+00  0.000000E+00  2.525728E-01  0.000000E+00  2.373218E-02  1.016531E-02
  7.720000E-01  4.595945E-01  2.868904E-01  0.000000E+00  0.000000E+00  0.000000E+00  0.000000E+00  2.535151E-01  0.000000E+00  2.342283E-02  9.952388E-03
  7.740000E-01  4.582388E-01  2.873097E-01  0.000000E+00  0.000000E+00  0.000000E+00  0.000000E+00  2.544515E-01  0.000000E+00  2.311620E-02  9.741902E-03
  7.760000E-01  4.568899E-01  2.877281E-01  0.000000E+00  0.000000E+00  0.000000E+00  0.000000E+00  2.553820E-01  0.000000E+00  2.281227E-02  9.533847E-03
  7.780000E-01  4.555476E-01  2.881458E-01  0.000000E+00  0.000000E+00  0.000000E+00  0.000000E+00  2.563066E-01  0.000000E+00  2.251102E-02  9.328210E-03
  7.800000E-01  4.542120E-01  2.885627E-01  0.000000E+00  0.000000E+00  0.000000E+00  0.000000E+00  2.572253E-01  0.000000E+00  2.221245E-02  9.124984E-03
  7.820000E-01  4.528830E-01  2.889788E-01  0.000000E+00  0.000000E+00  0.000000E+00  0.000000E+00  2.581381E-01  0.000000E+00  2.191653E-02  8.924157E-03
  7.840000E-01  4.515606E-01  2.893942E-01  0.000000E+00  0.000000E+00  0.000000E+00  0.000000E+00  2.590452E-01  0.000000E+00  2.162325E-02  8.725720E-03
  7.860000E-01  4.502448E-01  2.898088E-01  0.000000E+00  0.000000E+00  0.000000E+00  0.000000E+00  2.599465E-01  0.000000E+00  2.133261E-02  8.529664E-03
  7.880000E-01  4.489354E-01  2.902226E-01  0.000000E+00  0.000000E+00  0.000000E+00  0.000000E+00  2.608420E-01  0.000000E+00  2.104458E-02  8.335979E-03
  7.900000E-01  4.476324E-01  2.906357E-01  0.000000E+00  0.000000E+00  0.000000E+00  0.000000E+00  2.617319E-01  0.000000E+00  2.075916E-02  8.144655E-03
  7.920000E-01  4.463358E-01  2.910481E-01  0.000000E+00  0.000000E+00  0.000000E+00  0.000000E+00  2.626161E-01  0.000000E+00  2.047632E-02  7.955683E-03
  7.940000E-01  4.450456E-01  2.914597E-01  0.000000E+00  0.000000E+00  0.000000E+00  0.000000E+00  2.634946E-01  0.000000E+00  2.019607E-02  7.769053E-03
  7.960000E-01  4.437617E-01  2.918707E-01  0.000000E+00  0.000000E+00  0.000000E+00  0.000000E+00  2.643676E-01  0.000000E+00  1.991838E-02  7.584757E-03
  7.980000E-01  4.424841E-01  2.922810E-01  0.000000E+00  0.000000E+00  0.000000E+00  0.000000E+00  2.652349E-01  0.000000E+00  1.964324E-02  7.402785E-03
  8.000000E-01  4.412127E-01  2.926905E-01  0.000000E+00  0.000000E+00  0.000000E+00  0.000000E+00  2.660968E-01  0.000000E+00  1.937063E-02  7.223128E-03
  8.020000E-01  4.399475E-01  2.930994E-01  0.000000E+00  0.000000E+00  0.000000E+00  0.000000E+00  2.669531E-01  0.000000E+00  1.910056E-02  7.045777E-03
  8.040000E-01  4.386885E-01  2.935076E-01  0.000000E+00  0.000000E+00  0.000000E+00  0.000000E+00  2.678039E-01  0.000000E+00  1.883299E-02  6.870723E-03
  8.060000E-01  4.374356E-01  2.939152E-01  0.000000E+00  0.000000E+00  0.000000E+00  0.000000E+00  2.686493E-01  0.000000E+00  1.856793E-02  6.697957E-03
  8.080000E-01  4.361887E-01  2.943221E-01  0.000000E+00  0.000000E+00  0.000000E+00  0.000000E+00  2.694892E-01  0.000000E+00  1.830535E-02  6.527471E-03
  8.100000E-01  4.349479E-01  2.947283E-01  0.000000E+00  0.000000E+00  0.000000E+00  0.000000E+00  2.703238E-01  0.000000E+00  1.804524E-02  6.359255E-03
  8.120000E-01  4.337131E-01  2.951339E-01  0.000000E+00  0.000000E+00  0.000000E+00  0.000000E+00  2.711530E-01  0.000000E+00  1.778759E-02  6.193302E-03
  8.140000E-01  4.324842E-01  2.955389E-01  0.000000E+00  0.000000E+00  0.000000E+00  0.000000E+00  2.719769E-01  0.000000E+00  1.753240E-02  6.029603E-03
  8.160000E-01  4.312612E-01  2.959433E-01  0.000000E+00  0.000000E+00  0.000000E+00  0.000000E+00  2.727955E-01  0.000000E+00  1.727964E-02  5.868148E-03
  8.180000E-01  4.300442E-01  2.963470E-01  0.000000E+00  0.000000E+00  0.000000E+00  0.000000E+00  2.736088E-01  0.000000E+00  1.702930E-02  5.708931E-03
  8.200000E-01  4.288329E-01  2.967502E-01  0.000000E+00  0.000000E+00  0.000000E+00  0.000000E+00  2.744169E-01  0.000000E+00  1.678137E-02  5.551943E-03
  8.220000E-01  4.276275E-01  2.971527E-01  0.000000E+00  0.000000E+00  0.000000E+00  0.000000E+00  2.752197E-01  0.000000E+00  1.653584E-02  5.397176E-03
  8.240000E-01  4.264279E-01  2.975547E-01  0.000000E+00  0.000000E+00  0.000000E+00  0.000000E+00  2.760174E-01  0.000000E+00  1.629269E-02  5.244622E-03
  8.260000E-01  4.252339E-01  2.979561E-01  0.000000E+00  0.000000E+00  0.000000E+00  0.000000E+00  2.768099E-01  0.000000E+00  1.605192E-02  5.094272E-03
  8.280000E-01  4.240457E-01  2.983570E-01  0.000000E+00  0.000000E+00  0.000000E+00  0.000000E+00  2.775973E-01  0.000000E+00  1.581351E-02  4.946120E-03
  8.300000E-01  4.228631E-01  2.987572E-01  0.000000E+00  0.000000E+00  0.000000E+00  0.000000E+00  2.783796E-01  0.000000E+00  1.557745E-02  4.800158E-03
  8.320000E-01  4.216862E-01  2.991569E-01  0.000000E+00  0.000000E+00  0.000000E+00  0.000000E+00  2.791569E-01  0.000000E+00  1.534372E-02  4.656378E-03
  8.340000E-01  4.204189E-01  2.990879E-01  0.000000E+00  0.000000E+00  0.000000E+00  0.000000E+00  2.794790E-01  1.014188E-03  1.510137E-02  4.507455E-03
  8.360000E-01  4.191846E-01  2.991486E-01  0.000000E+00  0.000000E+00  0.000000E+00  0.000000E+00  2.799209E-01  1.745926E-03  1.486469E-02  4.363020E-03
  8.380000E-01  4.179478E-01  2.991661E-01  0.000000E+00  0.000000E+00  0.000000E+00  0.000000E+00  2.803162E-01  2.569885E-03  1.462962E-02  4.220340E-03
  8.400000E-01  4.167102E-01  2.991495E-01  0.000000E+00  0.000000E+00  0.000000E+00  0.000000E+00  2.806736E-01  3.466707E-03  1.439637E-02  4.079575E-03
  8.420000E-01  4.154732E-01  2.991046E-01  0.000000E+00  0.000000E+00  0.000000E+00  0.000000E+00  2.809986E-01  4.423545E-03  1.416510E-02  3.940831E-03
  8.440000E-01  4.142377E-01  2.990356E-01  0.000000E+00  0.000000E+00  0.000000E+00  0.000000E+00  2.812956E-01  5.431144E-03  1.393590E-02  3.804182E-03
  8.460000E-01  4.130041E-01  2.989460E-01  0.000000E+00  0.000000E+00  0.000000E+00  0.000000E+00  2.815674E-01  6.482474E-03  1.370885E-02  3.669684E-03
  8.480000E-01  4.117732E-01  2.988381E-01  0.000000E+00  0.000000E+00  0.000000E+00  0.000000E+00  2.818167E-01  7.571986E-03  1.348401E-02  3.537376E-03
  8.500000E-01  4.105453E-01  2.987141E-01  0.000000E+00  0.000000E+00  0.000000E+00  0.000000E+00  2.820454E-01  8.695181E-03  1.326142E-02  3.407291E-03
  8.520000E-01  4.093206E-01  2.985758E-01  0.000000E+00  0.000000E+00  0.000000E+00  0.000000E+00  2.822552E-01  9.848328E-03  1.304111E-02  3.279452E-03
  8.540000E-01  4.080996E-01  2.984245E-01  0.000000E+00  0.000000E+00  0.000000E+00  0.000000E+00  2.824476E-01  1.102828E-02  1.282311E-02  3.153879E-03
  8.560000E-01  4.068824E-01  2.982616E-01  0.000000E+00  0.000000E+00  0.000000E+00  0.000000E+00  2.826236E-01  1.223235E-02  1.260743E-02  3.030588E-03
  8.580000E-01  4.056692E-01  2.980881E-01  0.000000E+00  0.000000E+00  0.000000E+00  0.000000E+00  2.827845E-01  1.345821E-02  1.239408E-02  2.909588E-03
  8.600000E-01  4.044602E-01  2.979050E-01  0.000000E+00  0.000000E+00  0.000000E+00  0.000000E+00  2.829310E-01  1.470382E-02  1.218307E-02  2.790889E-03
  8.620000E-01  4.032555E-01  2.977130E-01  0.000000E+00  0.000000E+00  0.000000E+00  0.000000E+00  2.830641E-01  1.596739E-02  1.197441E-02  2.674498E-03
  8.640000E-01  4.020552E-01  2.975130E-01  0.000000E+00  0.000000E+00  0.000000E+00  0.000000E+00  2.831845E-01  1.724732E-02  1.176810E-02  2.560420E-03
  8.660000E-01  4.008595E-01  2.973055E-01  0.000000E+00  0.000000E+00  0.000000E+00  0.000000E+00  2.832927E-01  1.854220E-02  1.156415E-02  2.448659E-03
  8.680000E-01  3.996684E-01  2.970913E-01  0.000000E+00  0.000000E+00  0.000000E+00  0.000000E+00  2.833896E-01  1.985073E-02  1.136254E-02  2.339217E-03
  8.700000E-01  3.984820E-01  2.968708E-01  0.000000E+00  0.000000E+00  0.000000E+00  0.000000E+00  2.834754E-01  2.117178E-02  1.116328E-02  2.232096E-03
  8.720000E-01  3.973004E-01  2.966445E-01  0.000000E+00  0.000000E+00  0.000000E+00  0.000000E+00  2.835509E-01  2.250428E-02  1.096635E-02  2.127298E-03
  8.740000E-01  3.961235E-01  2.964129E-01  0.000000E+00  0.000000E+00  0.000000E+00  0.000000E+00  2.836163E-01  2.384729E-02  1.077176E-02  2.024821E-03
  8.760000E-01  3.949516E-01  2.961763E-01  0.000000E+00  0.000000E+00  0.000000E+00  0.000000E+00  2.836722E-01  2.519993E-02  1.057950E-02  1.924668E-03
  8.780000E-01  3.937845E-01  2.959352E-01  0.000000E+00  0.000000E+00  0.000000E+00  0.000000E+00  2.837188E-01  2.656140E-02  1.038956E-02  1.826838E-03
  8.800000E-01  3.926224E-01  2.956899E-01  0.000000E+00  0.000000E+00  0.000000E+00  0.000000E+00  2.837567E-01  2.793098E-02  1.020192E-02  1.731332E-03
  8.820000E-01  3.914653E-01  2.954407E-01  0.000000E+00  0.000000E+00  0.000000E+00  0.000000E+00  2.837860E-01  2.930797E-02  1.001658E-02  1.638148E-03
  8.840000E-01  3.903131E-01  2.951880E-01  0.000000E+00  0.000000E+00  0.000000E+00  0.000000E+00  2.838071E-01  3.069176E-02  9.833531E-03  1.547289E-03
  8.860000E-01  3.891660E-01  2.949319E-01  0.000000E+00  0.000000E+00  0.000000E+00  0.000000E+00  2.838203E-01  3.208176E-02  9.652757E-03  1.458754E-03
  8.880000E-01  3.880240E-01  2.946727E-01  0.000000E+00  0.000000E+00  0.000000E+00  0.000000E+00  2.838259E-01  3.347743E-02  9.474246E-03  1.372544E-03
  8.900000E-01  3.868869E-01  2.944107E-01  0.000000E+00  0.000000E+00  0.000000E+00  0.000000E+00  2.838241E-01  3.487828E-02  9.297987E-03  1.288662E-03
  8.920000E-01  3.857550E-01  2.941461E-01  0.000000E+00  0.000000E+00  0.000000E+00  0.000000E+00  2.838151E-01  3.628382E-02  9.123967E-03  1.207109E-03
  8.940000E-01  3.846281E-01  2.938792E-01  0.000000E+00  0.000000E+00  0.000000E+00  0.000000E+00  2.837991E-01  3.769364E-02  8.952171E-03  1.127890E-03
  8.960000E-01  3.835062E-01  2.936100E-01  0.000000E+00  0.000000E+00  0.000000E+00  0.000000E+00  2.837764E-01  3.910731E-02  8.782588E-03  1.051008E-03
  8.980000E-01  3.823895E-01  2.933389E-01  0.000000E+00  0.000000E+00  0.000000E+00  0.000000E+00  2.837472E-01  4.052446E-02  8.615202E-03  9.764688E-04
  9.000000E-01  3.812778E-01  2.930659E-01  0.000000E+00  0.000000E+00  0.000000E+00  0.000000E+00  2.837116E-01  4.194473E-02  8.450000E-03  9.042797E-04
  9.020000E-01  3.801712E-01  2.927912E-01  0.000000E+00  0.000000E+00  0.000000E+00  0.000000E+00  2.836698E-01  4.336778E-02  8.286966E-03  8.344493E-04
  9.040000E-01  3.790697E-01  2.925150E-01  0.000000E+00  0.000000E+00  0.000000E+00  0.000000E+00  2.836219E-01  4.479330E-02  8.126086E-03  7.669879E-04
  9.060000E-01  3.779733E-01  2.922375E-01  0.000000E+00  0.000000E+00  0.000000E+00  0.000000E+00  2.835682E-01  4.622098E-02  7.967345E-03  7.019085E-04
  9.080000E-01  3.768820E-01  2.919587E-01  0.000000E+00  0.000000E+00  0.000000E+00  0.000000E+00  2.835088E-01  4.765055E-02  7.810727E-03  6.392263E-04
  9.100000E-01  3.757957E-01  2.916789E-01  0.000000E+00  0.000000E+00  0.000000E+00  0.000000E+00  2.834437E-01  4.908175E-02  7.656217E-03  5.789597E-04
  9.120000E-01  3.747145E-01  2.913981E-01  0.000000E+00  0.000000E+00  0.000000E+00  0.000000E+00  2.833731E-01  5.051431E-02  7.503799E-03  5.211308E-04
  9.140000E-01  3.736384E-01  2.911164E-01  0.000000E+00  0.000000E+00  0.000000E+00  0.000000E+00  2.832972E-01  5.194802E-02  7.353457E-03  4.657658E-04
  9.160000E-01  3.725673E-01  2.908341E-01  0.000000E+00  0.000000E+00  0.000000E+00  0.000000E+00  2.832160E-01  5.338264E-02  7.205173E-03  4.128961E-04
  9.180000E-01  3.715013E-01  2.905511E-01  0.000000E+00  0.000000E+00  0.000000E+00  0.000000E+00  2.831296E-01  5.481796E-02  7.058933E-03  3.625594E-04
  9.200000E-01  3.704403E-01  2.902677E-01  0.000000E+00  0.000000E+00  0.000000E+00  0.000000E+00  2.830382E-01  5.625378E-02  6.914718E-03  3.148009E-04
  9.220000E-01  3.693845E-01  2.899839E-01  0.000000E+00  0.000000E+00  0.000000E+00  0.000000E+00  2.829417E-01  5.768991E-02  6.772512E-03  2.696754E-04
  9.240000E-01  3.683336E-01  2.896999E-01  0.000000E+00  0.000000E+00  0.000000E+00  0.000000E+00  2.828403E-01  5.912617E-02  6.632297E-03  2.272498E-04
  9.260000E-01  3.672879E-01  2.894157E-01  0.000000E+00  0.000000E+00  0.000000E+00  0.000000E+00  2.827340E-01  6.056239E-02  6.494054E-03  1.876069E-04
  9.280000E-01  3.662472E-01  2.891315E-01  0.000000E+00  0.000000E+00  0.000000E+00  0.000000E+00  2.826229E-01  6.199840E-02  6.357764E-03  1.508503E-04
  9.300000E-01  3.652116E-01  2.888475E-01  0.000000E+00  0.000000E+00  0.000000E+00  0.000000E+00  2.825069E-01  6.343404E-02  6.223407E-03  1.171129E-04
  9.320000E-01  3.641811E-01  2.885636E-01  0.000000E+00  0.000000E+00  0.000000E+00  0.000000E+00  2.823861E-01  6.486916E-02  6.090963E-03  8.657039E-05
  9.340000E-01  3.631558E-01  2.882802E-01  0.000000E+00  0.000000E+00  0.000000E+00  0.000000E+00  2.822604E-01  6.630361E-02  5.960407E-03  5.946386E-05
  9.360000E-01  3.621357E-01  2.879975E-01  0.000000E+00  0.000000E+00  0.000000E+00  0.000000E+00  2.821296E-01  6.773724E-02  5.831711E-03  3.614647E-05
  9.380000E-01  3.611209E-01  2.877156E-01  0.000000E+00  0.000000E+00  0.000000E+00  0.000000E+00  2.819936E-01  6.916991E-02  5.704841E-03  1.719229E-05
  9.400000E-01  3.601118E-01  2.874352E-01  0.000000E+00  0.000000E+00  0.000000E+00  0.000000E+00  2.818517E-01  7.060142E-02  5.579739E-03  3.764745E-06
  9.420000E-01  3.591092E-01  2.871578E-01  0.000000E+00  0.000000E+00  0.000000E+00  0.000000E+00  2.817016E-01  7.203147E-02  5.456243E-03  0.000000E+00
  9.440000E-01  3.581117E-01  2.868813E-01  0.000000E+00  0.000000E+00  0.000000E+00  0.000000E+00  2.815467E-01  7.346025E-02  5.334561E-03  0.000000E+00
  9.460000E-01  3.571185E-01  2.866042E-01  0.000000E+00  0.000000E+00  0.000000E+00  0.000000E+00  2.813894E-01  7.488786E-02  5.214817E-03  0.000000E+00
  9.480000E-01  3.561295E-01  2.863267E-01  0.000000E+00  0.000000E+00  0.000000E+00  0.000000E+00  2.812297E-01  7.631418E-02  5.096992E-03  0.000000E+00
  9.500000E-01  3.551447E-01  2.860486E-01  0.000000E+00  0.000000E+00  0.000000E+00  0.000000E+00  2.810676E-01  7.773914E-02  4.981067E-03  0.000000E+00
  9.520000E-01  3.541640E-01  2.857702E-01  0.000000E+00  0.000000E+00  0.000000E+00  0.000000E+00  2.809031E-01  7.916265E-02  4.867024E-03  0.000000E+00
  9.540000E-01  3.531876E-01  2.854913E-01  0.000000E+00  0.000000E+00  0.000000E+00  0.000000E+00  2.807365E-01  8.058461E-02  4.754843E-03  0.000000E+00
  9.560000E-01  3.522152E-01  2.852122E-01  0.000000E+00  0.000000E+00  0.000000E+00  0.000000E+00  2.805677E-01  8.200496E-02  4.644508E-03  0.000000E+00
  9.580000E-01  3.512470E-01  2.849327E-01  0.000000E+00  0.000000E+00  0.000000E+00  0.000000E+00  2.803967E-01  8.342361E-02  4.535998E-03  0.000000E+00
  9.600000E-01  3.502828E-01  2.846530E-01  0.000000E+00  0.000000E+00  0.000000E+00  0.000000E+00  2.802237E-01  8.484049E-02  4.429295E-03  0.000000E+00
  9.620000E-01  3.493228E-01  2.843730E-01  0.000000E+00  0.000000E+00  0.000000E+00  0.000000E+00  2.800487E-01  8.625553E-02  4.324382E-03  0.000000E+00
  9.640000E-01  3.483667E-01  2.840929E-01  0.000000E+00  0.000000E+00  0.000000E+00  0.000000E+00  2.798717E-01  8.766867E-02  4.221240E-03  0.000000E+00
  9.660000E-01  3.474148E-01  2.838126E-01  0.000000E+00  0.000000E+00  0.000000E+00  0.000000E+00  2.796928E-01  8.907984E-02  4.119851E-03  0.000000E+00
  9.680000E-01  3.464668E-01  2.835322E-01  0.000000E+00  0.000000E+00  0.000000E+00  0.000000E+00  2.795120E-01  9.048899E-02  4.020196E-03  0.000000E+00
  9.700000E-01  3.455228E-01  2.832517E-01  0.000000E+00  0.000000E+00  0.000000E+00  0.000000E+00  2.793294E-01  9.189605E-02  3.922258E-03  0.000000E+00
  9.720000E-01  3.445828E-01  2.829711E-01  0.000000E+00  0.000000E+00  0.000000E+00  0.000000E+00  2.791451E-01  9.330096E-02  3.826019E-03  0.000000E+00
  9.740000E-01  3.436467E-01  2.826905E-01  0.000000E+00  0.000000E+00  0.000000E+00  0.000000E+00  2.789591E-01  9.470369E-02  3.731460E-03  0.000000E+00
  9.760000E-01  3.427146E-01  2.824099E-01  0.000000E+00  0.000000E+00  0.000000E+00  0.000000E+00  2.787713E-01  9.610417E-02  3.638564E-03  0.000000E+00
  9.780000E-01  3.417864E-01  2.821293E-01  0.000000E+00  0.000000E+00  0.000000E+00  0.000000E+00  2.785820E-01  9.750236E-02  3.547313E-03  0.000000E+00
  9.800000E-01  3.408620E-01  2.818487E-01  0.000000E+00  0.000000E+00  0.000000E+00  0.000000E+00  2.783910E-01  9.889822E-02  3.457689E-03  0.000000E+00
  9.820000E-01  3.399416E-01  2.815682E-01  0.000000E+00  0.000000E+00  0.000000E+00  0.000000E+00  2.781985E-01  1.002917E-01  3.369675E-03  0.000000E+00
  9.840000E-01  3.390249E-01  2.812878E-01  0.000000E+00  0.000000E+00  0.000000E+00  0.000000E+00  2.780045E-01  1.016828E-01  3.283253E-03  0.000000E+00
  9.860000E-01  3.381121E-01  2.810075E-01  0.000000E+00  0.000000E+00  0.000000E+00  0.000000E+00  2.778091E-01  1.030714E-01  3.198406E-03  0.000000E+00
  9.880000E-01  3.372031E-01  2.807273E-01  0.000000E+00  0.000000E+00  0.000000E+00  0.000000E+00  2.776121E-01  1.044575E-01  3.115116E-03  0.000000E+00
  9.900000E-01  3.362979E-01  2.804472E-01  0.000000E+00  0.000000E+00  0.000000E+00  0.000000E+00  2.774138E-01  1.058410E-01  3.033366E-03  0.000000E+00
  9.920000E-01  3.353965E-01  2.801673E-01  0.000000E+00  0.000000E+00  0.000000E+00  0.000000E+00  2.772142E-01  1.072220E-01  2.953139E-03  0.000000E+00
  9.940000E-01  3.344987E-01  2.798876E-01  0.000000E+00  0.000000E+00  0.000000E+00  0.000000E+00  2.770132E-01  1.086005E-01  2.874418E-03  0.000000E+00
  9.960000E-01  3.336047E-01  2.796081E-01  0.000000E+00  0.000000E+00  0.000000E+00  0.000000E+00  2.768109E-01  1.099762E-01  2.797185E-03  0.000000E+00
  9.980000E-01  3.327145E-01  2.793288E-01  0.000000E+00  0.000000E+00  0.000000E+00  0.000000E+00  2.766074E-01  1.113494E-01  2.721424E-03  0.000000E+00
  1.000000E+00  3.318278E-01  2.790497E-01  0.000000E+00  0.000000E+00  0.000000E+00  0.000000E+00  2.764026E-01  1.127198E-01  2.647118E-03  0.000000E+00
  1.002000E+00  3.309449E-01  2.787709E-01  0.000000E+00  0.000000E+00  0.000000E+00  0.000000E+00  2.761967E-01  1.140875E-01  2.574249E-03  0.000000E+00
  1.004000E+00  3.300656E-01  2.784924E-01  0.000000E+00  0.000000E+00  0.000000E+00  0.000000E+00  2.759896E-01  1.154525E-01  2.502801E-03  0.000000E+00
  1.006000E+00  3.291899E-01  2.782141E-01  0.000000E+00  0.000000E+00  0.000000E+00  0.000000E+00  2.757813E-01  1.168147E-01  2.432758E-03  0.000000E+00
  1.008000E+00  3.283178E-01  2.779361E-01  0.000000E+00  0.000000E+00  0.000000E+00  0.000000E+00  2.755720E-01  1.181742E-01  2.364103E-03  0.000000E+00
  1.010000E+00  3.274492E-01  2.776584E-01  0.000000E+00  0.000000E+00  0.000000E+00  0.000000E+00  2.753615E-01  1.195308E-01  2.296819E-03  0.000000E+00
  1.012000E+00  3.265843E-01  2.773810E-01  0.000000E+00  0.000000E+00  0.000000E+00  0.000000E+00  2.751501E-01  1.208847E-01  2.230890E-03  0.000000E+00
  1.014000E+00  3.257229E-01  2.771039E-01  0.000000E+00  0.000000E+00  0.000000E+00  0.000000E+00  2.749376E-01  1.222356E-01  2.166299E-03  0.000000E+00
  1.016000E+00  3.248649E-01  2.768272E-01  0.000000E+00  0.000000E+00  0.000000E+00  0.000000E+00  2.747241E-01  1.235837E-01  2.103031E-03  0.000000E+00
  1.018000E+00  3.240105E-01  2.765508E-01  0.000000E+00  0.000000E+00  0.000000E+00  0.000000E+00  2.745097E-01  1.249290E-01  2.041069E-03  0.000000E+00
  1.020000E+00  3.231596E-01  2.762748E-01  0.000000E+00  0.000000E+00  0.000000E+00  0.000000E+00  2.742944E-01  1.262713E-01  1.980397E-03  0.000000E+00
  1.022000E+00  3.223121E-01  2.759991E-01  0.000000E+00  0.000000E+00  0.000000E+00  0.000000E+00  2.740781E-01  1.276107E-01  1.920999E-03  0.000000E+00
  1.024000E+00  3.214680E-01  2.757238E-01  0.000000E+00  0.000000E+00  0.000000E+00  0.000000E+00  2.738609E-01  1.289472E-01  1.862859E-03  0.000000E+00
  1.026000E+00  3.206274E-01  2.754489E-01  0.000000E+00  0.000000E+00  0.000000E+00  0.000000E+00  2.736429E-01  1.302808E-01  1.805962E-03  0.000000E+00
  1.028000E+00  3.197902E-01  2.751743E-01  0.000000E+00  0.000000E+00  0.000000E+00  0.000000E+00  2.734241E-01  1.316114E-01  1.750291E-03  0.000000E+00
  1.030000E+00  3.189563E-01  2.749002E-01  0.000000E+00  0.000000E+00  0.000000E+00  0.000000E+00  2.732044E-01  1.329391E-01  1.695830E-03  0.000000E+00
  1.032000E+00  3.181258E-01  2.746265E-01  0.000000E+00  0.000000E+00  0.000000E+00  0.000000E+00  2.729839E-01  1.342638E-01  1.642565E-03  0.000000E+00
  1.034000E+00  3.172987E-01  2.743532E-01  0.000000E+00  0.000000E+00  0.000000E+00  0.000000E+00  2.727627E-01  1.355855E-01  1.590479E-03  0.000000E+00
  1.036000E+00  3.164748E-01  2.740803E-01  0.000000E+00  0.000000E+00  0.000000E+00  0.000000E+00  2.725407E-01  1.369042E-01  1.539557E-03  0.000000E+00
  1.038000E+00  3.156543E-01  2.738078E-01  0.000000E+00  0.000000E+00  0.000000E+00  0.000000E+00  2.723180E-01  1.382199E-01  1.489784E-03  0.000000E+00
  1.040000E+00  3.148370E-01  2.735358E-01  0.000000E+00  0.000000E+00  0.000000E+00  0.000000E+00  2.720947E-01  1.395325E-01  1.441145E-03  0.000000E+00
  1.042000E+00  3.140230E-01  2.732642E-01  0.000000E+00  0.000000E+00  0.000000E+00  0.000000E+00  2.718706E-01  1.408422E-01  1.393624E-03  0.000000E+00
  1.044000E+00  3.132123E-01  2.729930E-01  0.000000E+00  0.000000E+00  0.000000E+00  0.000000E+00  2.716458E-01  1.421489E-01  1.347206E-03  0.000000E+00
  1.046000E+00  3.124047E-01  2.727223E-01  0.000000E+00  0.000000E+00  0.000000E+00  0.000000E+00  2.714205E-01  1.434525E-01  1.301875E-03  0.000000E+00
  1.048000E+00  3.116004E-01  2.724521E-01  0.000000E+00  0.000000E+00  0.000000E+00  0.000000E+00  2.711945E-01  1.447530E-01  1.257618E-03  0.000000E+00
  1.050000E+00  3.107993E-01  2.721823E-01  0.000000E+00  0.000000E+00  0.000000E+00  0.000000E+00  2.709679E-01  1.460506E-01  1.214419E-03  0.000000E+00
  1.052000E+00  3.100013E-01  2.719130E-01  0.000000E+00  0.000000E+00  0.000000E+00  0.000000E+00  2.707407E-01  1.473451E-01  1.172264E-03  0.000000E+00
  1.054000E+00  3.092064E-01  2.716441E-01  0.000000E+00  0.000000E+00  0.000000E+00  0.000000E+00  2.705130E-01  1.486365E-01  1.131136E-03  0.000000E+00
  1.056000E+00  3.084148E-01  2.713757E-01  0.000000E+00  0.000000E+00  0.000000E+00  0.000000E+00  2.702847E-01  1.499249E-01  1.091023E-03  0.000000E+00
  1.058000E+00  3.076262E-01  2.711078E-01  0.000000E+00  0.000000E+00  0.000000E+00  0.000000E+00  2.700559E-01  1.512102E-01  1.051909E-03  0.000000E+00
  1.060000E+00  3.068407E-01  2.708403E-01  0.000000E+00  0.000000E+00  0.000000E+00  0.000000E+00  2.698266E-01  1.524924E-01  1.013779E-03  0.000000E+00
  1.062000E+00  3.060583E-01  2.705734E-01  0.000000E+00  0.000000E+00  0.000000E+00  0.000000E+00  2.695967E-01  1.537716E-01  9.766203E-04  0.000000E+00
  1.064000E+00  3.052789E-01  2.703069E-01  0.000000E+00  0.000000E+00  0.000000E+00  0.000000E+00  2.693665E-01  1.550477E-01  9.404170E-04  0.000000E+00
  1.066000E+00  3.045026E-01  2.700409E-01  0.000000E+00  0.000000E+00  0.000000E+00  0.000000E+00  2.691357E-01  1.563208E-01  9.051554E-04  0.000000E+00
  1.068000E+00  3.037293E-01  2.697754E-01  0.000000E+00  0.000000E+00  0.000000E+00  0.000000E+00  2.689045E-01  1.575908E-01  8.708211E-04  0.000000E+00
  1.070000E+00  3.029590E-01  2.695103E-01  0.000000E+00  0.000000E+00  0.000000E+00  0.000000E+00  2.686729E-01  1.588577E-01  8.374001E-04  0.000000E+00
  1.072000E+00  3.021917E-01  2.692458E-01  0.000000E+00  0.000000E+00  0.000000E+00  0.000000E+00  2.684409E-01  1.601215E-01  8.048783E-04  0.000000E+00
  1.074000E+00  3.014274E-01  2.689818E-01  0.000000E+00  0.000000E+00  0.000000E+00  0.000000E+00  2.682085E-01  1.613823E-01  7.732415E-04  0.000000E+00
  1.076000E+00  3.006660E-01  2.687182E-01  0.000000E+00  0.000000E+00  0.000000E+00  0.000000E+00  2.679758E-01  1.626400E-01  7.424761E-04  0.000000E+00
  1.078000E+00  2.999075E-01  2.684552E-01  0.000000E+00  0.000000E+00  0.000000E+00  0.000000E+00  2.677426E-01  1.638946E-01  7.125680E-04  0.000000E+00
  1.080000E+00  2.991520E-01  2.681927E-01  0.000000E+00  0.000000E+00  0.000000E+00  0.000000E+00  2.675092E-01  1.651462E-01  6.835036E-04  0.000000E+00
  1.082000E+00  2.983994E-01  2.679306E-01  0.000000E+00  0.000000E+00  0.000000E+00  0.000000E+00  2.672753E-01  1.663947E-01  6.552690E-04  0.000000E+00
  1.084000E+00  2.976496E-01  2.676691E-01  0.000000E+00  0.000000E+00  0.000000E+00  0.000000E+00  2.670412E-01  1.676401E-01  6.278508E-04  0.000000E+00
  1.086000E+00  2.969027E-01  2.674080E-01  0.000000E+00  0.000000E+00  0.000000E+00  0.000000E+00  2.668068E-01  1.688824E-01  6.012353E-04  0.000000E+00
  1.088000E+00  2.961587E-01  2.671475E-01  0.000000E+00  0.000000E+00  0.000000E+00  0.000000E+00  2.665721E-01  1.701217E-01  5.754090E-04  0.000000E+00
  1.090000E+00  2.954175E-01  2.668874E-01  0.000000E+00  0.000000E+00  0.000000E+00  0.000000E+00  2.663371E-01  1.713580E-01  5.503586E-04  0.000000E+00
  1.092000E+00  2.946791E-01  2.666279E-01  0.000000E+00  0.000000E+00  0.000000E+00  0.000000E+00  2.661018E-01  1.725911E-01  5.260707E-04  0.000000E+00
  1.094000E+00  2.939435E-01  2.663689E-01  0.000000E+00  0.000000E+00  0.000000E+00  0.000000E+00  2.658663E-01  1.738212E-01  5.025320E-04  0.000000E+00
  1.096000E+00  2.932107E-01  2.661104E-01  0.000000E+00  0.000000E+00  0.000000E+00  0.000000E+00  2.656306E-01  1.750483E-01  4.797294E-04  0.000000E+00
  1.098000E+00  2.924807E-01  2.658523E-01  0.000000E+00  0.000000E+00  0.000000E+00  0.000000E+00  2.653947E-01  1.762723E-01  4.576496E-04  0.000000E+00
  1.100000E+00  2.917534E-01  2.655948E-01  0.000000E+00  0.000000E+00  0.000000E+00  0.000000E+00  2.651585E-01  1.774933E-01  4.362798E-04  0.000000E+00
  1.102000E+00  2.910288E-01  2.653378E-01  0.000000E+00  0.000000E+00  0.000000E+00  0.000000E+00  2.649222E-01  1.787112E-01  4.156068E-04  0.000000E+00
  1.104000E+00  2.903070E-01  2.650813E-01  0.000000E+00  0.000000E+00  0.000000E+00  0.000000E+00  2.646857E-01  1.799261E-01  3.956178E-04  0.000000E+00
  1.106000E+00  2.895878E-01  2.648253E-01  0.000000E+00  0.000000E+00  0.000000E+00  0.000000E+00  2.644490E-01  1.811379E-01  3.763000E-04  0.000000E+00
  1.108000E+00  2.888714E-01  2.645698E-01  0.000000E+00  0.000000E+00  0.000000E+00  0.000000E+00  2.642121E-01  1.823467E-01  3.576405E-04  0.000000E+00
  1.110000E+00  2.881576E-01  2.643148E-01  0.000000E+00  0.000000E+00  0.000000E+00  0.000000E+00  2.639751E-01  1.835525E-01  3.396267E-04  0.000000E+00
  1.112000E+00  2.874465E-01  2.640603E-01  0.000000E+00  0.000000E+00  0.000000E+00  0.000000E+00  2.637380E-01  1.847552E-01  3.222459E-04  0.000000E+00
  1.114000E+00  2.867380E-01  2.638063E-01  0.000000E+00  0.000000E+00  0.000000E+00  0.000000E+00  2.635008E-01  1.859550E-01  3.054856E-04  0.000000E+00
  1.116000E+00  2.860321E-01  2.635528E-01  0.000000E+00  0.000000E+00  0.000000E+00  0.000000E+00  2.632634E-01  1.871517E-01  2.893332E-04  0.000000E+00
  1.118000E+00  2.853288E-01  2.632998E-01  0.000000E+00  0.000000E+00  0.000000E+00  0.000000E+00  2.630260E-01  1.883454E-01  2.737764E-04  0.000000E+00
  1.120000E+00  2.846282E-01  2.630473E-01  0.000000E+00  0.000000E+00  0.000000E+00  0.000000E+00  2.627885E-01  1.895361E-01  2.588029E-04  0.000000E+00
  1.122000E+00  2.839301E-01  2.627952E-01  0.000000E+00  0.000000E+00  0.000000E+00  0.000000E+00  2.625508E-01  1.907238E-01  2.444002E-04  0.000000E+00
  1.124000E+00  2.832345E-01  2.625437E-01  0.000000E+00  0.000000E+00  0.000000E+00  0.000000E+00  2.623132E-01  1.919086E-01  2.305562E-04  0.000000E+00
  1.126000E+00  2.825415E-01  2.622927E-01  0.000000E+00  0.000000E+00  0.000000E+00  0.000000E+00  2.620755E-01  1.930903E-01  2.172588E-04  0.000000E+00
  1.128000E+00  2.818511E-01  2.620422E-01  0.000000E+00  0.000000E+00  0.000000E+00  0.000000E+00  2.618377E-01  1.942691E-01  2.044959E-04  0.000000E+00
  1.130000E+00  2.811631E-01  2.617921E-01  0.000000E+00  0.000000E+00  0.000000E+00  0.000000E+00  2.615999E-01  1.954448E-01  1.922554E-04  0.000000E+00
  1.132000E+00  2.804777E-01  2.615426E-01  0.000000E+00  0.000000E+00  0.000000E+00  0.000000E+00  2.613621E-01  1.966176E-01  1.805254E-04  0.000000E+00
  1.134000E+00  2.797947E-01  2.612935E-01  0.000000E+00  0.000000E+00  0.000000E+00  0.000000E+00  2.611242E-01  1.977875E-01  1.692941E-04  0.000000E+00
  1.136000E+00  2.791142E-01  2.610450E-01  0.000000E+00  0.000000E+00  0.000000E+00  0.000000E+00  2.608864E-01  1.989544E-01  1.585495E-04  0.000000E+00
  1.138000E+00  2.784362E-01  2.607969E-01  0.000000E+00  0.000000E+00  0.000000E+00  0.000000E+00  2.606486E-01  2.001183E-01  1.482800E-04  0.000000E+00
  1.140000E+00  2.777606E-01  2.605493E-01  0.000000E+00  0.000000E+00  0.000000E+00  0.000000E+00  2.604108E-01  2.012793E-01  1.384739E-04  0.000000E+00
  1.142000E+00  2.770875E-01  2.603022E-01  0.000000E+00  0.000000E+00  0.000000E+00  0.000000E+00  2.601730E-01  2.024374E-01  1.291196E-04  0.000000E+00
  1.144000E+00  2.764167E-01  2.600555E-01  0.000000E+00  0.000000E+00  0.000000E+00  0.000000E+00  2.599353E-01  2.035925E-01  1.202055E-04  0.000000E+00
  1.146000E+00  2.757484E-01  2.598093E-01  0.000000E+00  0.000000E+00  0.000000E+00  0.000000E+00  2.596976E-01  2.047447E-01  1.117202E-04  0.000000E+00
  1.148000E+00  2.750824E-01  2.595636E-01  0.000000E+00  0.000000E+00  0.000000E+00  0.000000E+00  2.594600E-01  2.058939E-01  1.036521E-04  0.000000E+00
  1.150000E+00  2.744188E-01  2.593184E-01  0.000000E+00  0.000000E+00  0.000000E+00  0.000000E+00  2.592224E-01  2.070403E-01  9.599004E-05  0.000000E+00
  1.152000E+00  2.737367E-01  2.590385E-01  0.000000E+00  0.000000E+00  0.000000E+00  0.000000E+00  2.590385E-01  2.081864E-01  0.000000E+00  0.000000E+00
  1.154000E+00  2.730794E-01  2.587969E-01  0.000000E+00  0.000000E+00  0.000000E+00  0.000000E+00  2.587969E-01  2.093267E-01  0.000000E+00  0.000000E+00
  1.156000E+00  2.724244E-01  2.585557E-01  0.000000E+00  0.000000E+00  0.000000E+00  0.000000E+00  2.585557E-01  2.104642E-01  0.000000E+00  0.000000E+00
  1.158000E+00  2.717716E-01  2.583148E-01  0.000000E+00  0.000000E+00  0.000000E+00  0.000000E+00  2.583148E-01  2.115988E-01  0.000000E+00  0.000000E+00
  1.160000E+00  2.711211E-01  2.580742E-01  0.000000E+00  0.000000E+00  0.000000E+00  0.000000E+00  2.580742E-01  2.127305E-01  0.000000E+00  0.000000E+00
  1.162000E+00  2.704727E-01  2.578340E-01  0.000000E+00  0.000000E+00  0.000000E+00  0.000000E+00  2.578340E-01  2.138594E-01  0.000000E+00  0.000000E+00
  1.164000E+00  2.698266E-01  2.575940E-01  0.000000E+00  0.000000E+00  0.000000E+00  0.000000E+00  2.575940E-01  2.149854E-01  0.000000E+00  0.000000E+00
  1.166000E+00  2.691826E-01  2.573544E-01  0.000000E+00  0.000000E+00  0.000000E+00  0.000000E+00  2.573544E-01  2.161086E-01  0.000000E+00  0.000000E+00
  1.168000E+00  2.685408E-01  2.571152E-01  0.000000E+00  0.000000E+00  0.000000E+00  0.000000E+00  2.571152E-01  2.172289E-01  0.000000E+00  0.000000E+00
  1.170000E+00  2.679012E-01  2.568762E-01  0.000000E+00  0.000000E+00  0.000000E+00  0.000000E+00  2.568762E-01  2.183464E-01  0.000000E+00  0.000000E+00
  1.172000E+00  2.672637E-01  2.566376E-01  0.000000E+00  0.000000E+00  0.000000E+00  0.000000E+00  2.566376E-01  2.194611E-01  0.000000E+00  0.000000E+00
  1.174000E+00  2.666284E-01  2.563993E-01  0.000000E+00  0.000000E+00  0.000000E+00  0.000000E+00  2.563993E-01  2.205729E-01  0.000000E+00  0.000000E+00
  1.176000E+00  2.659952E-01  2.561614E-01  0.000000E+00  0.000000E+00  0.000000E+00  0.000000E+00  2.561614E-01  2.216820E-01  0.000000E+00  0.000000E+00
  1.178000E+00  2.653641E-01  2.559238E-01  0.000000E+00  0.000000E+00  0.000000E+00  0.000000E+00  2.559238E-01  2.227882E-01  0.000000E+00  0.000000E+00
  1.180000E+00  2.647352E-01  2.556866E-01  0.000000E+00  0.000000E+00  0.000000E+00  0.000000E+00  2.556866E-01  2.238917E-01  0.000000E+00  0.000000E+00
  1.182000E+00  2.641083E-01  2.554497E-01  0.000000E+00  0.000000E+00  0.000000E+00  0.000000E+00  2.554497E-01  2.249924E-01  0.000000E+00  0.000000E+00
  1.184000E+00  2.634835E-01  2.552131E-01  0.000000E+00  0.000000E+00  0.000000E+00  0.000000E+00  2.552131E-01  2.260902E-01  0.000000E+00  0.000000E+00
  1.186000E+00  2.628609E-01  2.549769E-01  0.000000E+00  0.000000E+00  0.000000E+00  0.000000E+00  2.549769E-01  2.271854E-01  0.000000E+00  0.000000E+00
  1.188000E+00  2.622403E-01  2.547410E-01  0.000000E+00  0.000000E+00  0.000000E+00  0.000000E+00  2.547410E-01  2.282777E-01  0.000000E+00  0.000000E+00
  1.190000E+00  2.616217E-01  2.545055E-01  0.000000E+00  0.000000E+00  0.000000E+00  0.000000E+00  2.545055E-01  2.293673E-01  0.000000E+00  0.000000E+00
  1.192000E+00  2.610052E-01  2.542703E-01  0.000000E+00  0.000000E+00  0.000000E+00  0.000000E+00  2.542703E-01  2.304541E-01  0.000000E+00  0.000000E+00
  1.194000E+00  2.603908E-01  2.540355E-01  0.000000E+00  0.000000E+00  0.000000E+00  0.000000E+00  2.540355E-01  2.315382E-01  0.000000E+00  0.000000E+00
  1.196000E+00  2.597784E-01  2.538010E-01  0.000000E+00  0.000000E+00  0.000000E+00  0.000000E+00  2.538010E-01  2.326196E-01  0.000000E+00  0.000000E+00
  1.198000E+00  2.591680E-01  2.535669E-01  0.000000E+00  0.000000E+00  0.000000E+00  0.000000E+00  2.535669E-01  2.336982E-01  0.000000E+00  0.000000E+00
  1.200000E+00  2.585596E-01  2.533331E-01  0.000000E+00  0.000000E+00  0.000000E+00  0.000000E+00  2.533331E-01  2.347741E-01  0.000000E+00  0.000000E+00
