  1.000000E-02  9.986453E-01  1.354685E-03  0.000000E+00  0.000000E+00  0.000000E+00  0.000000E+00  0.000000E+00  0.000000E+00  1.354685E-03  0.000000E+00
  1.200000E-02  9.982809E-01  1.719060E-03  0.000000E+00  0.000000E+00  0.000000E+00  0.000000E+00  0.000000E+00  0.000000E+00  1.719060E-03  0.000000E+00
  1.400000E-02  9.978977E-01  2.102285E-03  0.000000E+00  0.000000E+00  0.000000E+00  0.000000E+00  0.000000E+00  0.000000E+00  2.102285E-03  0.000000E+00
  1.600000E-02  9.974980E-01  2.502032E-03  0.000000E+00  0.000000E+00  0.000000E+00  0.000000E+00  0.000000E+00  0.000000E+00  2.502032E-03  0.000000E+00
  1.800000E-02  9.970836E-01  2.916428E-03  0.000000E+00  0.000000E+00  0.000000E+00  0.000000E+00  0.000000E+00  0.000000E+00  2.916428E-03  0.000000E+00
  2.000000E-02  9.966561E-01  3.343924E-03  0.000000E+00  0.000000E+00  0.000000E+00  0.000000E+00  0.000000E+00  0.000000E+00  3.343924E-03  0.000000E+00
  2.200000E-02  9.962168E-01  3.783216E-03  0.000000E+00  0.000000E+00  0.000000E+00  0.000000E+00  0.000000E+00  0.000000E+00  3.783216E-03  0.000000E+00
  2.400000E-02  9.957668E-01  4.233187E-03  0.000000E+00  0.000000E+00  0.000000E+00  0.000000E+00  0.000000E+00  0.000000E+00  4.233187E-03  0.000000E+00
  2.600000E-02  9.953071E-01  4.692868E-03  0.000000E+00  0.000000E+00  0.000000E+00  0.000000E+00  0.000000E+00  0.000000E+00  4.692868E-03  0.000000E+00
  2.800000E-02  9.948386E-01  5.161412E-03  0.000000E+00  0.000000E+00  0.000000E+00  0.000000E+00  0.000000E+00  0.000000E+00  5.161412E-03  0.000000E+00
  3.000000E-02  9.943619E-01  5.638070E-03  0.000000E+00  0.000000E+00  0.000000E+00  0.000000E+00  0.000000E+00  0.000000E+00  5.638070E-03  0.000000E+00
  3.200000E-02  9.938778E-01  6.122178E-03  0.000000E+00  0.000000E+00  0.000000E+00  0.000000E+00  0.000000E+00  0.000000E+00  6.122178E-03  0.000000E+00
  3.400000E-02  9.933869E-01  6.613141E-03  0.000000E+00  0.000000E+00  0.000000E+00  0.000000E+00  0.000000E+00  0.000000E+00  6.613141E-03  0.000000E+00
  3.600000E-02  9.928896E-01  7.110424E-03  0.000000E+00  0.000000E+00  0.000000E+00  0.000000E+00  0.000000E+00  0.000000E+00  7.110424E-03  0.000000E+00
  3.800000E-02  9.923865E-01  7.613543E-03  0.000000E+00  0.000000E+00  0.000000E+00  0.000000E+00  0.000000E+00  0.000000E+00  7.613543E-03  0.000000E+00
  4.000000E-02  9.918779E-01  8.122061E-03  0.000000E+00  0.000000E+00  0.000000E+00  0.000000E+00  0.000000E+00  0.000000E+00  8.122061E-03  0.000000E+00
  4.200000E-02  9.913644E-01  8.635579E-03  0.000000E+00  0.000000E+00  0.000000E+00  0.000000E+00  0.000000E+00  0.000000E+00  8.635579E-03  0.000000E+00
  4.400000E-02  9.908463E-01  9.153734E-03  0.000000E+00  0.000000E+00  0.000000E+00  0.000000E+00  0.000000E+00  0.000000E+00  9.153734E-03  0.000000E+00
  4.600000E-02  9.903238E-01  9.676193E-03  0.000000E+00  0.000000E+00  0.000000E+00  0.000000E+00  0.000000E+00  0.000000E+00  9.676193E-03  0.000000E+00
  4.800000E-02  9.897973E-01  1.020265E-02  0.000000E+00  0.000000E+00  0.000000E+00  0.000000E+00  0.000000E+00  0.000000E+00  1.020265E-02  0.000000E+00
  5.000000E-02  9.892672E-01  1.073283E-02  0.000000E+00  0.000000E+00  0.000000E+00  0.000000E+00  0.000000E+00  0.000000E+00  1.073283E-02  0.000000E+00
  5.200000E-02  9.887335E-01  1.126646E-02  0.000000E+00  0.000000E+00  0.000000E+00  0.000000E+00  0.000000E+00  0.000000E+00  1.126646E-02  0.000000E+00
  5.400000E-02  9.881967E-01  1.180331E-02  0.000000E+00  0.000000E+00  0.000000E+00  0.000000E+00  0.000000E+00  0.000000E+00  1.180331E-02  0.000000E+00
  5.600000E-02  9.876568E-01  1.234317E-02  0.000000E+00  0.000000E+00  0.000000E+00  0.000000E+00  0.000000E+00  0.000000E+00  1.234317E-02  0.000000E+00
  5.800000E-02  9.871142E-01  1.288582E-02  0.000000E+00  0.000000E+00  0.000000E+00  0.000000E+00  0.000000E+00  0.000000E+00  1.288582E-02  0.000000E+00
  6.000000E-02  9.865689E-01  1.343107E-02  0.000000E+00  0.000000E+00  0.000000E+00  0.000000E+00  0.000000E+00  0.000000E+00  1.343107E-02  0.000000E+00
  6.200000E-02  9.860212E-01  1.397875E-02  0.000000E+00  0.000000E+00  0.000000E+00  0.000000E+00  0.000000E+00  0.000000E+00  1.397875E-02  0.000000E+00
  6.400000E-02  9.854713E-01  1.452870E-02  0.000000E+00  0.000000E+00  0.000000E+00  0.000000E+00  0.000000E+00  0.000000E+00  1.452870E-02  0.000000E+00
  6.600000E-02  9.849193E-01  1.508075E-02  0.000000E+00  0.000000E+00  0.000000E+00  0.000000E+00  0.000000E+00  0.000000E+00  1.508075E-02  0.000000E+00
  6.800000E-02  9.843652E-01  1.563477E-02  0.000000E+00  0.000000E+00  0.000000E+00  0.000000E+00  0.000000E+00  0.000000E+00  1.563477E-02  0.000000E+00
  7.000000E-02  9.838094E-01  1.619063E-02  0.000000E+00  0.000000E+00  0.000000E+00  0.000000E+00  0.000000E+00  0.000000E+00  1.619063E-02  0.000000E+00
  7.200000E-02  9.832518E-01  1.674819E-02  0.000000E+00  0.000000E+00  0.000000E+00  0.000000E+00  0.000000E+00  0.000000E+00  1.674819E-02  0.000000E+00
  7.400000E-02  9.826927E-01  1.730735E-02  0.000000E+00  0.000000E+00  0.000000E+00  0.000000E+00  0.000000E+00  0.000000E+00  1.730735E-02  0.000000E+00
  7.600000E-02  9.821320E-01  1.786799E-02  0.000000E+00  0.000000E+00  0.000000E+00  0.000000E+00  0.000000E+00  0.000000E+00  1.786799E-02  0.000000E+00
  7.800000E-02  9.815700E-01  1.843001E-02  0.000000E+00  0.000000E+00  0.000000E+00  0.000000E+00  0.000000E+00  0.000000E+00  1.843001E-02  0.000000E+00
  8.000000E-02  9.810067E-01  1.899331E-02  0.000000E+00  0.000000E+00  0.000000E+00  0.000000E+00  0.000000E+00  0.000000E+00  1.899331E-02  0.000000E+00
  8.200000E-02  9.804422E-01  1.955780E-02  0.000000E+00  0.000000E+00  0.000000E+00  0.000000E+00  0.000000E+00  0.000000E+00  1.955780E-02  0.000000E+00
  8.400000E-02  9.798766E-01  2.012339E-02  0.000000E+00  0.000000E+00  0.000000E+00  0.000000E+00  0.000000E+00  0.000000E+00  2.012339E-02  0.000000E+00
  8.600000E-02  9.793100E-01  2.069001E-02  0.000000E+00  0.000000E+00  0.000000E+00  0.000000E+00  0.000000E+00  0.000000E+00  2.069001E-02  0.000000E+00
  8.800000E-02  9.787424E-01  2.125758E-02  0.000000E+00  0.000000E+00  0.000000E+00  0.000000E+00  0.000000E+00  0.000000E+00  2.125758E-02  0.000000E+00
  9.000000E-02  9.781740E-01  2.182602E-02  0.000000E+00  0.000000E+00  0.000000E+00  0.000000E+00  0.000000E+00  0.000000E+00  2.182602E-02  0.000000E+00
  9.200000E-02  9.776047E-01  2.239527E-02  0.000000E+00  0.000000E+00  0.000000E+00  0.000000E+00  0.000000E+00  0.000000E+00  2.239527E-02  0.000000E+00
  9.400000E-02  9.770347E-01  2.296526E-02  0.000000E+00  0.000000E+00  0.000000E+00  0.000000E+00  0.000000E+00  0.000000E+00  2.296526E-02  0.000000E+00
  9.600000E-02  9.764641E-01  2.353593E-02  0.000000E+00  0.000000E+00  0.000000E+00  0.000000E+00  0.000000E+00  0.000000E+00  2.353593E-02  0.000000E+00
  9.800000E-02  9.758928E-01  2.410723E-02  0.000000E+00  0.000000E+00  0.000000E+00  0.000000E+00  0.000000E+00  0.000000E+00  2.410723E-02  0.000000E+00
  1.000000E-01  9.753209E-01  2.467909E-02  0.000000E+00  0.000000E+00  0.000000E+00  0.000000E+00  0.000000E+00  0.000000E+00  2.467909E-02  0.000000E+00
  1.020000E-01  9.747485E-01  2.525147E-02  0.000000E+00  0.000000E+00  0.000000E+00  0.000000E+00  0.000000E+00  0.000000E+00  2.525147E-02  0.000000E+00
  1.040000E-01  9.741757E-01  2.582431E-02  0.000000E+00  0.000000E+00  0.000000E+00  0.000000E+00  0.000000E+00  0.000000E+00  2.582431E-02  0.000000E+00
  1.060000E-01  9.736024E-01  2.639756E-02  0.000000E+00  0.000000E+00  0.000000E+00  0.000000E+00  0.000000E+00  0.000000E+00  2.639756E-02  0.000000E+00
  1.080000E-01  9.730288E-01  2.697119E-02  0.000000E+00  0.000000E+00  0.000000E+00  0.000000E+00  0.000000E+00  0.000000E+00  2.697119E-02  0.000000E+00
  1.100000E-01  9.724549E-01  2.754515E-02  0.000000E+00  0.000000E+00  0.000000E+00  0.000000E+00  0.000000E+00  0.000000E+00  2.754515E-02  0.000000E+00
  1.120000E-01  9.718806E-01  2.811939E-02  0.000000E+00  0.000000E+00  0.000000E+00  0.000000E+00  0.000000E+00  0.000000E+00  2.811939E-02  0.000000E+00
  1.140000E-01  9.713061E-01  2.869387E-02  0.000000E+00  0.000000E+00  0.000000E+00  0.000000E+00  0.000000E+00  0.000000E+00  2.869387E-02  0.000000E+00
  1.160000E-01  9.707314E-01  2.926856E-02  0.000000E+00  0.000000E+00  0.000000E+00  0.000000E+00  0.000000E+00  0.000000E+00  2.926856E-02  0.000000E+00
  1.180000E-01  9.701566E-01  2.984342E-02  0.000000E+00  0.000000E+00  0.000000E+00  0.000000E+00  0.000000E+00  0.000000E+00  2.984342E-02  0.000000E+00
  1.200000E-01  9.695816E-01  3.041842E-02  0.000000E+00  0.000000E+00  0.000000E+00  0.000000E+00  0.000000E+00  0.000000E+00  3.041842E-02  0.000000E+00
  1.220000E-01  9.690065E-01  3.099351E-02  0.000000E+00  0.000000E+00  0.000000E+00  0.000000E+00  0.000000E+00  0.000000E+00  3.099351E-02  0.000000E+00
  1.240000E-01  9.684313E-01  3.156867E-02  0.000000E+00  0.000000E+00  0.000000E+00  0.000000E+00  0.000000E+00  0.000000E+00  3.156867E-02  0.000000E+00
  1.260000E-01  9.678561E-01  3.214387E-02  0.000000E+00  0.000000E+00  0.000000E+00  0.000000E+00  0.000000E+00  0.000000E+00  3.214387E-02  0.000000E+00
  1.280000E-01  9.672809E-01  3.271907E-02  0.000000E+00  0.000000E+00  0.000000E+00  0.000000E+00  0.000000E+00  0.000000E+00  3.271907E-02  0.000000E+00
  1.300000E-01  9.667057E-01  3.329425E-02  0.000000E+00  0.000000E+00  0.000000E+00  0.000000E+00  0.000000E+00  0.000000E+00  3.329425E-02  0.000000E+00
  1.320000E-01  9.661306E-01  3.386938E-02  0.000000E+00  0.000000E+00  0.000000E+00  0.000000E+00  0.000000E+00  0.000000E+00  3.386938E-02  0.000000E+00
  1.340000E-01  9.655556E-01  3.444443E-02  0.000000E+00  0.000000E+00  0.000000E+00  0.000000E+00  0.000000E+00  0.000000E+00  3.444443E-02  0.000000E+00
  1.360000E-01  9.649806E-01  3.501936E-02  0.000000E+00  0.000000E+00  0.000000E+00  0.000000E+00  0.000000E+00  0.000000E+00  3.501936E-02  0.000000E+00
  1.380000E-01  9.644058E-01  3.559417E-02  0.000000E+00  0.000000E+00  0.000000E+00  0.000000E+00  0.000000E+00  0.000000E+00  3.559417E-02  0.000000E+00
  1.400000E-01  9.638312E-01  3.616881E-02  0.000000E+00  0.000000E+00  0.000000E+00  0.000000E+00  0.000000E+00  0.000000E+00  3.616881E-02  0.000000E+00
  1.420000E-01  9.632491E-01  3.675088E-02  0.000000E+00  0.000000E+00  0.000000E+00  0.000000E+00  0.000000E+00  0.000000E+00  3.674096E-02  9.923943E-06
  1.440000E-01  9.625827E-01  3.741734E-02  0.000000E+00  0.000000E+00  0.000000E+00  0.000000E+00  0.000000E+00  0.000000E+00  3.728668E-02  1.306591E-04
  1.460000E-01  9.618687E-01  3.813132E-02  0.000000E+00  0.000000E+00  0.000000E+00  0.000000E+00  0.000000E+00  0.000000E+00  3.781651E-02  3.148137E-04
  1.480000E-01  9.611246E-01  3.887543E-02  0.000000E+00  0.000000E+00  0.000000E+00  0.000000E+00  0.000000E+00  0.000000E+00  3.833540E-02  5.400310E-04
  1.500000E-01  9.603581E-01  3.964186E-02  0.000000E+00  0.000000E+00  0.000000E+00  0.000000E+00  0.000000E+00  0.000000E+00  3.884550E-02  7.963643E-04
  1.520000E-01  9.595742E-01  4.042580E-02  0.000000E+00  0.000000E+00  0.000000E+00  0.000000E+00  0.000000E+00  0.000000E+00  3.934808E-02  1.077719E-03
  1.540000E-01  9.587761E-01  4.122391E-02  0.000000E+00  0.000000E+00  0.000000E+00  0.000000E+00  0.000000E+00  0.000000E+00  3.984406E-02  1.379858E-03
  1.560000E-01  9.579663E-01  4.203368E-02  0.000000E+00  0.000000E+00  0.000000E+00  0.000000E+00  0.000000E+00  0.000000E+00  4.033407E-02  1.699614E-03
  1.580000E-01  9.571469E-01  4.285314E-02  0.000000E+00  0.000000E+00  0.000000E+00  0.000000E+00  0.000000E+00  0.000000E+00  4.081863E-02  2.034514E-03
  1.600000E-01  9.563193E-01  4.368071E-02  0.000000E+00  0.000000E+00  0.000000E+00  0.000000E+00  0.000000E+00  0.000000E+00  4.129815E-02  2.382562E-03
  1.620000E-01  9.554849E-01  4.451508E-02  0.000000E+00  0.000000E+00  0.000000E+00  0.000000E+00  0.000000E+00  0.000000E+00  4.177297E-02  2.742110E-03
  1.640000E-01  9.546448E-01  4.535516E-02  0.000000E+00  0.000000E+00  0.000000E+00  0.000000E+00  0.000000E+00  0.000000E+00  4.224339E-02  3.111772E-03
  1.660000E-01  9.538000E-01  4.620000E-02  0.000000E+00  0.000000E+00  0.000000E+00  0.000000E+00  0.000000E+00  0.000000E+00  4.270963E-02  3.490366E-03
  1.680000E-01  9.529512E-01  4.704879E-02  0.000000E+00  0.000000E+00  0.000000E+00  0.000000E+00  0.000000E+00  0.000000E+00  4.317191E-02  3.876873E-03
  1.700000E-01  9.520992E-01  4.790083E-02  0.000000E+00  0.000000E+00  0.000000E+00  0.000000E+00  0.000000E+00  0.000000E+00  4.363043E-02  4.270405E-03
  1.720000E-01  9.512445E-01  4.875551E-02  0.000000E+00  0.000000E+00  0.000000E+00  0.000000E+00  0.000000E+00  0.000000E+00  4.408533E-02  4.670182E-03
  1.740000E-01  9.503877E-01  4.961229E-02  0.000000E+00  0.000000E+00  0.000000E+00  0.000000E+00  0.000000E+00  0.000000E+00  4.453677E-02  5.075517E-03
  1.760000E-01  9.495293E-01  5.047067E-02  0.000000E+00  0.000000E+00  0.000000E+00  0.000000E+00  0.000000E+00  0.000000E+00  4.498488E-02  5.485798E-03
  1.780000E-01  9.486698E-01  5.133024E-02  0.000000E+00  0.000000E+00  0.000000E+00  0.000000E+00  0.000000E+00  0.000000E+00  4.542977E-02  5.900479E-03
  1.800000E-01  9.478094E-01  5.219061E-02  0.000000E+00  0.000000E+00  0.000000E+00  0.000000E+00  0.000000E+00  0.000000E+00  4.587154E-02  6.319069E-03
  1.820000E-01  9.469486E-01  5.305143E-02  0.000000E+00  0.000000E+00  0.000000E+00  0.000000E+00  0.000000E+00  0.000000E+00  4.631031E-02  6.741126E-03
  1.840000E-01  9.460876E-01  5.391240E-02  0.000000E+00  0.000000E+00  0.000000E+00  0.000000E+00  0.000000E+00  0.000000E+00  4.674614E-02  7.166253E-03
  1.860000E-01  9.452268E-01  5.477322E-02  0.000000E+00  0.000000E+00  0.000000E+00  0.000000E+00  0.000000E+00  0.000000E+00  4.717913E-02  7.594086E-03
  1.880000E-01  9.443663E-01  5.563365E-02  0.000000E+00  0.000000E+00  0.000000E+00  0.000000E+00  0.000000E+00  0.000000E+00  4.760935E-02  8.024298E-03
  1.900000E-01  9.435065E-01  5.649346E-02  0.000000E+00  0.000000E+00  0.000000E+00  0.000000E+00  0.000000E+00  0.000000E+00  4.803687E-02  8.456587E-03
  1.920000E-01  9.426476E-01  5.735243E-02  0.000000E+00  0.000000E+00  0.000000E+00  0.000000E+00  0.000000E+00  0.000000E+00  4.846175E-02  8.890681E-03
  1.940000E-01  9.417896E-01  5.821037E-02  0.000000E+00  0.000000E+00  0.000000E+00  0.000000E+00  0.000000E+00  0.000000E+00  4.888404E-02  9.326328E-03
  1.960000E-01  9.409329E-01  5.906711E-02  0.000000E+00  0.000000E+00  0.000000E+00  0.000000E+00  0.000000E+00  0.000000E+00  4.930381E-02  9.763299E-03
  1.980000E-01  9.400775E-01  5.992248E-02  0.000000E+00  0.000000E+00  0.000000E+00  0.000000E+00  0.000000E+00  0.000000E+00  4.972110E-02  1.020138E-02
  2.000000E-01  9.392237E-01  6.077635E-02  0.000000E+00  0.000000E+00  0.000000E+00  0.000000E+00  0.000000E+00  0.000000E+00  5.013596E-02  1.064038E-02
  2.020000E-01  9.383714E-01  6.162856E-02  0.000000E+00  0.000000E+00  0.000000E+00  0.000000E+00  0.000000E+00  0.000000E+00  5.054844E-02  1.108012E-02
  2.040000E-01  9.375210E-01  6.247901E-02  0.000000E+00  0.000000E+00  0.000000E+00  0.000000E+00  0.000000E+00  0.000000E+00  5.095858E-02  1.152043E-02
  2.060000E-01  9.366724E-01  6.332757E-02  0.000000E+00  0.000000E+00  0.000000E+00  0.000000E+00  0.000000E+00  0.000000E+00  5.136641E-02  1.196116E-02
  2.080000E-01  9.358259E-01  6.417415E-02  0.000000E+00  0.000000E+00  0.000000E+00  0.000000E+00  0.000000E+00  0.000000E+00  5.177198E-02  1.240217E-02
  2.100000E-01  9.349814E-01  6.501864E-02  0.000000E+00  0.000000E+00  0.000000E+00  0.000000E+00  0.000000E+00  0.000000E+00  5.217531E-02  1.284332E-02
  2.120000E-01  9.341390E-01  6.586095E-02  0.000000E+00  0.000000E+00  0.000000E+00  0.000000E+00  0.000000E+00  0.000000E+00  5.257645E-02  1.328450E-02
  2.140000E-01  9.332990E-01  6.670101E-02  0.000000E+00  0.000000E+00  0.000000E+00  0.000000E+00  0.000000E+00  0.000000E+00  5.297542E-02  1.372560E-02
  2.160000E-01  9.324613E-01  6.753874E-02  0.000000E+00  0.000000E+00  0.000000E+00  0.000000E+00  0.000000E+00  0.000000E+00  5.337225E-02  1.416649E-02
  2.180000E-01  9.316259E-01  6.837407E-02  0.000000E+00  0.000000E+00  0.000000E+00  0.000000E+00  0.000000E+00  0.000000E+00  5.376696E-02  1.460710E-02
  2.200000E-01  9.307931E-01  6.920692E-02  0.000000E+00  0.000000E+00  0.000000E+00  0.000000E+00  0.000000E+00  0.000000E+00  5.415960E-02  1.504733E-02
  2.220000E-01  9.299627E-01  7.003726E-02  0.000000E+00  0.000000E+00  0.000000E+00  0.000000E+00  0.000000E+00  0.000000E+00  5.455017E-02  1.548709E-02
  2.240000E-01  9.291350E-01  7.086501E-02  0.000000E+00  0.000000E+00  0.000000E+00  0.000000E+00  0.000000E+00  0.000000E+00  5.493870E-02  1.592631E-02
  2.260000E-01  9.283099E-01  7.169013E-02  0.000000E+00  0.000000E+00  0.000000E+00  0.000000E+00  0.000000E+00  0.000000E+00  5.532523E-02  1.636491E-02
  2.280000E-01  9.274874E-01  7.251258E-02  0.000000E+00  0.000000E+00  0.000000E+00  0.000000E+00  0.000000E+00  0.000000E+00  5.570976E-02  1.680282E-02
  2.300000E-01  9.266677E-01  7.333230E-02  0.000000E+00  0.000000E+00  0.000000E+00  0.000000E+00  0.000000E+00  0.000000E+00  5.609232E-02  1.723998E-02
  2.320000E-01  9.258507E-01  7.414926E-02  0.000000E+00  0.000000E+00  0.000000E+00  0.000000E+00  0.000000E+00  0.000000E+00  5.647293E-02  1.767633E-02
  2.340000E-01  9.250366E-01  7.496342E-02  0.000000E+00  0.000000E+00  0.000000E+00  0.000000E+00  0.000000E+00  0.000000E+00  5.685160E-02  1.811182E-02
  2.360000E-01  9.242252E-01  7.577475E-02  0.000000E+00  0.000000E+00  0.000000E+00  0.000000E+00  0.000000E+00  0.000000E+00  5.722837E-02  1.854639E-02
  2.380000E-01  9.234168E-01  7.658322E-02  0.000000E+00  0.000000E+00  0.000000E+00  0.000000E+00  0.000000E+00  0.000000E+00  5.760323E-02  1.897999E-02
  2.400000E-01  9.226112E-01  7.738880E-02  0.000000E+00  0.000000E+00  0.000000E+00  0.000000E+00  0.000000E+00  0.000000E+00  5.797622E-02  1.941258E-02
  2.420000E-01  9.218085E-01  7.819146E-02  0.000000E+00  0.000000E+00  0.000000E+00  0.000000E+00  0.000000E+00  0.000000E+00  5.834734E-02  1.984412E-02
  2.440000E-01  9.210088E-01  7.899117E-02  0.000000E+00  0.000000E+00  0.000000E+00  0.000000E+00  0.000000E+00  0.000000E+00  5.871661E-02  2.027456E-02
  2.460000E-01  9.202121E-01  7.978792E-02  0.000000E+00  0.000000E+00  0.000000E+00  0.000000E+00  0.000000E+00  0.000000E+00  5.908405E-02  2.070388E-02
  2.480000E-01  9.194183E-01  8.058169E-02  0.000000E+00  0.000000E+00  0.000000E+00  0.000000E+00  0.000000E+00  0.000000E+00  5.944967E-02  2.113202E-02
  2.500000E-01  9.186275E-01  8.137245E-02  0.000000E+00  0.000000E+00  0.000000E+00  0.000000E+00  0.000000E+00  0.000000E+00  5.981348E-02  2.155897E-02
  2.520000E-01  9.178398E-01  8.216019E-02  0.000000E+00  0.000000E+00  0.000000E+00  0.000000E+00  0.000000E+00  0.000000E+00  6.017550E-02  2.198469E-02
  2.540000E-01  9.170551E-01  8.294490E-02  0.000000E+00  0.000000E+00  0.000000E+00  0.000000E+00  0.000000E+00  0.000000E+00  6.053574E-02  2.240916E-02
  2.560000E-01  9.162734E-01  8.372655E-02  0.000000E+00  0.000000E+00  0.000000E+00  0.000000E+00  0.000000E+00  0.000000E+00  6.089421E-02  2.283234E-02
  2.580000E-01  9.154949E-01  8.450515E-02  0.000000E+00  0.000000E+00  0.000000E+00  0.000000E+00  0.000000E+00  0.000000E+00  6.125093E-02  2.325421E-02
  2.600000E-01  9.147193E-01  8.528067E-02  0.000000E+00  0.000000E+00  0.000000E+00  0.000000E+00  0.000000E+00  0.000000E+00  6.160591E-02  2.367476E-02
  2.620000E-01  9.139469E-01  8.605311E-02  0.000000E+00  0.000000E+00  0.000000E+00  0.000000E+00  0.000000E+00  0.000000E+00  6.195916E-02  2.409395E-02
  2.640000E-01  9.131775E-01  8.682245E-02  0.000000E+00  0.000000E+00  0.000000E+00  0.000000E+00  0.000000E+00  0.000000E+00  6.231068E-02  2.451177E-02
  2.660000E-01  9.124113E-01  8.758869E-02  0.000000E+00  0.000000E+00  0.000000E+00  0.000000E+00  0.000000E+00  0.000000E+00  6.266050E-02  2.492820E-02
  2.680000E-01  9.116482E-01  8.835183E-02  0.000000E+00  0.000000E+00  0.000000E+00  0.000000E+00  0.000000E+00  0.000000E+00  6.300861E-02  2.534322E-02
  2.700000E-01  9.108881E-01  8.911186E-02  0.000000E+00  0.000000E+00  0.000000E+00  0.000000E+00  0.000000E+00  0.000000E+00  6.335504E-02  2.575681E-02
  2.720000E-01  9.101312E-01  8.986876E-02  0.000000E+00  0.000000E+00  0.000000E+00  0.000000E+00  0.000000E+00  0.000000E+00  6.369979E-02  2.616897E-02
  2.740000E-01  9.093775E-01  9.062254E-02  0.000000E+00  0.000000E+00  0.000000E+00  0.000000E+00  0.000000E+00  0.000000E+00  6.404287E-02  2.657967E-02
  2.760000E-01  9.086268E-01  9.137320E-02  0.000000E+00  0.000000E+00  0.000000E+00  0.000000E+00  0.000000E+00  0.000000E+00  6.438429E-02  2.698891E-02
  2.780000E-01  9.078793E-01  9.212073E-02  0.000000E+00  0.000000E+00  0.000000E+00  0.000000E+00  0.000000E+00  0.000000E+00  6.472407E-02  2.739667E-02
  2.800000E-01  9.071349E-01  9.286513E-02  0.000000E+00  0.000000E+00  0.000000E+00  0.000000E+00  0.000000E+00  0.000000E+00  6.506220E-02  2.780293E-02
  2.820000E-01  9.063936E-01  9.360640E-02  0.000000E+00  0.000000E+00  0.000000E+00  0.000000E+00  0.000000E+00  0.000000E+00  6.539869E-02  2.820770E-02
  2.840000E-01  9.056555E-01  9.434453E-02  0.000000E+00  0.000000E+00  0.000000E+00  0.000000E+00  0.000000E+00  0.000000E+00  6.573357E-02  2.861096E-02
  2.860000E-01  9.049205E-01  9.507954E-02  0.000000E+00  0.000000E+00  0.000000E+00  0.000000E+00  0.000000E+00  0.000000E+00  6.606683E-02  2.901271E-02
  2.880000E-01  9.041886E-01  9.581141E-02  0.000000E+00  0.000000E+00  0.000000E+00  0.000000E+00  0.000000E+00  0.000000E+00  6.639849E-02  2.941292E-02
  2.900000E-01  9.034598E-01  9.654015E-02  0.000000E+00  0.000000E+00  0.000000E+00  0.000000E+00  0.000000E+00  0.000000E+00  6.672854E-02  2.981161E-02
  2.920000E-01  9.027342E-01  9.726576E-02  0.000000E+00  0.000000E+00  0.000000E+00  0.000000E+00  0.000000E+00  0.000000E+00  6.705701E-02  3.020875E-02
  2.940000E-01  9.020117E-01  9.798825E-02  0.000000E+00  0.000000E+00  0.000000E+00  0.000000E+00  0.000000E+00  0.000000E+00  6.738390E-02  3.060436E-02
  2.960000E-01  9.012924E-01  9.870761E-02  0.000000E+00  0.000000E+00  0.000000E+00  0.000000E+00  0.000000E+00  0.000000E+00  6.770921E-02  3.099840E-02
  2.980000E-01  9.005761E-01  9.942386E-02  0.000000E+00  0.000000E+00  0.000000E+00  0.000000E+00  0.000000E+00  0.000000E+00  6.803296E-02  3.139090E-02
  3.000000E-01  8.998630E-01  1.001370E-01  0.000000E+00  0.000000E+00  0.000000E+00  0.000000E+00  0.000000E+00  0.000000E+00  6.835514E-02  3.178183E-02
  3.020000E-01  8.991530E-01  1.008470E-01  0.000000E+00  0.000000E+00  0.000000E+00  0.000000E+00  0.000000E+00  0.000000E+00  6.867578E-02  3.217121E-02
  3.040000E-01  8.984461E-01  1.015539E-01  0.000000E+00  0.000000E+00  0.000000E+00  0.000000E+00  0.000000E+00  0.000000E+00  6.899488E-02  3.255901E-02
  3.060000E-01  8.977423E-01  1.022577E-01  0.000000E+00  0.000000E+00  0.000000E+00  0.000000E+00  0.000000E+00  0.000000E+00  6.931244E-02  3.294525E-02
  3.080000E-01  8.970416E-01  1.029584E-01  0.000000E+00  0.000000E+00  0.000000E+00  0.000000E+00  0.000000E+00  0.000000E+00  6.962847E-02  3.332991E-02
  3.100000E-01  8.963440E-01  1.036560E-01  0.000000E+00  0.000000E+00  0.000000E+00  0.000000E+00  0.000000E+00  0.000000E+00  6.994298E-02  3.371300E-02
  3.120000E-01  8.956495E-01  1.043505E-01  0.000000E+00  0.000000E+00  0.000000E+00  0.000000E+00  0.000000E+00  0.000000E+00  7.025598E-02  3.409452E-02
  3.140000E-01  8.949581E-01  1.050419E-01  0.000000E+00  0.000000E+00  0.000000E+00  0.000000E+00  0.000000E+00  0.000000E+00  7.056747E-02  3.447446E-02
  3.160000E-01  8.942697E-01  1.057303E-01  0.000000E+00  0.000000E+00  0.000000E+00  0.000000E+00  0.000000E+00  0.000000E+00  7.087745E-02  3.485282E-02
  3.180000E-01  8.935844E-01  1.064156E-01  0.000000E+00  0.000000E+00  0.000000E+00  0.000000E+00  0.000000E+00  0.000000E+00  7.118595E-02  3.522960E-02
  3.200000E-01  8.929022E-01  1.070978E-01  0.000000E+00  0.000000E+00  0.000000E+00  0.000000E+00  0.000000E+00  0.000000E+00  7.149296E-02  3.560480E-02
  3.220000E-01  8.922231E-01  1.077769E-01  0.000000E+00  0.000000E+00  0.000000E+00  0.000000E+00  0.000000E+00  0.000000E+00  7.179849E-02  3.597843E-02
  3.240000E-01  8.915470E-01  1.084530E-01  0.000000E+00  0.000000E+00  0.000000E+00  0.000000E+00  0.000000E+00  0.000000E+00  7.210255E-02  3.635048E-02
  3.260000E-01  8.908739E-01  1.091261E-01  0.000000E+00  0.000000E+00  0.000000E+00  0.000000E+00  0.000000E+00  0.000000E+00  7.240515E-02  3.672095E-02
  3.280000E-01  8.902039E-01  1.097961E-01  0.000000E+00  0.000000E+00  0.000000E+00  0.000000E+00  0.000000E+00  0.000000E+00  7.270628E-02  3.708985E-02
  3.300000E-01  8.895369E-01  1.104631E-01  0.000000E+00  0.000000E+00  0.000000E+00  0.000000E+00  0.000000E+00  0.000000E+00  7.300596E-02  3.745717E-02
  3.320000E-01  8.888729E-01  1.111271E-01  0.000000E+00  0.000000E+00  0.000000E+00  0.000000E+00  0.000000E+00  0.000000E+00  7.330420E-02  3.782292E-02
  3.340000E-01  8.882119E-01  1.117881E-01  0.000000E+00  0.000000E+00  0.000000E+00  0.000000E+00  0.000000E+00  0.000000E+00  7.360100E-02  3.818710E-02
  3.360000E-01  8.875539E-01  1.124461E-01  0.000000E+00  0.000000E+00  0.000000E+00  0.000000E+00  0.000000E+00  0.000000E+00  7.389636E-02  3.854970E-02
  3.380000E-01  8.868990E-01  1.131010E-01  0.000000E+00  0.000000E+00  0.000000E+00  0.000000E+00  0.000000E+00  0.000000E+00  7.419030E-02  3.891074E-02
  3.400000E-01  8.862470E-01  1.137530E-01  0.000000E+00  0.000000E+00  0.000000E+00  0.000000E+00  0.000000E+00  0.000000E+00  7.448282E-02  3.927022E-02
  3.420000E-01  8.855979E-01  1.144021E-01  0.000000E+00  0.000000E+00  0.000000E+00  0.000000E+00  0.000000E+00  0.000000E+00  7.477392E-02  3.962813E-02
  3.440000E-01  8.849519E-01  1.150481E-01  0.000000E+00  0.000000E+00  0.000000E+00  0.000000E+00  0.000000E+00  0.000000E+00  7.506362E-02  3.998448E-02
  3.460000E-01  8.843088E-01  1.156912E-01  0.000000E+00  0.000000E+00  0.000000E+00  0.000000E+00  0.000000E+00  0.000000E+00  7.535192E-02  4.033927E-02
  3.480000E-01  8.836687E-01  1.163313E-01  0.000000E+00  0.000000E+00  0.000000E+00  0.000000E+00  0.000000E+00  0.000000E+00  7.563882E-02  4.069251E-02
  3.500000E-01  8.830315E-01  1.169685E-01  0.000000E+00  0.000000E+00  0.000000E+00  0.000000E+00  0.000000E+00  0.000000E+00  7.592434E-02  4.104419E-02
  3.520000E-01  8.823972E-01  1.176028E-01  0.000000E+00  0.000000E+00  0.000000E+00  0.000000E+00  0.000000E+00  0.000000E+00  7.620847E-02  4.139433E-02
  3.540000E-01  8.817658E-01  1.182342E-01  0.000000E+00  0.000000E+00  0.000000E+00  0.000000E+00  0.000000E+00  0.000000E+00  7.649123E-02  4.174293E-02
  3.560000E-01  8.811374E-01  1.188626E-01  0.000000E+00  0.000000E+00  0.000000E+00  0.000000E+00  0.000000E+00  0.000000E+00  7.677261E-02  4.208998E-02
  3.580000E-01  8.805119E-01  1.194881E-01  0.000000E+00  0.000000E+00  0.000000E+00  0.000000E+00  0.000000E+00  0.000000E+00  7.705264E-02  4.243549E-02
  3.600000E-01  8.798892E-01  1.201108E-01  0.000000E+00  0.000000E+00  0.000000E+00  0.000000E+00  0.000000E+00  0.000000E+00  7.733130E-02  4.277948E-02
  3.620000E-01  8.792695E-01  1.207305E-01  0.000000E+00  0.000000E+00  0.000000E+00  0.000000E+00  0.000000E+00  0.000000E+00  7.760862E-02  4.312193E-02
  3.640000E-01  8.786526E-01  1.213474E-01  0.000000E+00  0.000000E+00  0.000000E+00  0.000000E+00  0.000000E+00  0.000000E+00  7.788459E-02  4.346285E-02
  3.660000E-01  8.780385E-01  1.219615E-01  0.000000E+00  0.000000E+00  0.000000E+00  0.000000E+00  0.000000E+00  0.000000E+00  7.815922E-02  4.380226E-02
  3.680000E-01  8.774273E-01  1.225727E-01  0.000000E+00  0.000000E+00  0.000000E+00  0.000000E+00  0.000000E+00  0.000000E+00  7.843252E-02  4.414015E-02
  3.700000E-01  8.768190E-01  1.231810E-01  0.000000E+00  0.000000E+00  0.000000E+00  0.000000E+00  0.000000E+00  0.000000E+00  7.870450E-02  4.447652E-02
  3.720000E-01  8.762135E-01  1.237865E-01  0.000000E+00  0.000000E+00  0.000000E+00  0.000000E+00  0.000000E+00  0.000000E+00  7.897515E-02  4.481139E-02
  3.740000E-01  8.756108E-01  1.243892E-01  0.000000E+00  0.000000E+00  0.000000E+00  0.000000E+00  0.000000E+00  0.000000E+00  7.924449E-02  4.514476E-02
  3.760000E-01  8.750109E-01  1.249891E-01  0.000000E+00  0.000000E+00  0.000000E+00  0.000000E+00  0.000000E+00  0.000000E+00  7.951252E-02  4.547662E-02
  3.780000E-01  8.744138E-01  1.255862E-01  0.000000E+00  0.000000E+00  0.000000E+00  0.000000E+00  0.000000E+00  0.000000E+00  7.977924E-02  4.580699E-02
  3.800000E-01  8.738195E-01  1.261805E-01  0.000000E+00  0.000000E+00  0.000000E+00  0.000000E+00  0.000000E+00  0.000000E+00  8.004467E-02  4.613588E-02
  3.820000E-01  8.732279E-01  1.267721E-01  0.000000E+00  0.000000E+00  0.000000E+00  0.000000E+00  0.000000E+00  0.000000E+00  8.030881E-02  4.646327E-02
  3.840000E-01  8.726391E-01  1.273609E-01  0.000000E+00  0.000000E+00  0.000000E+00  0.000000E+00  0.000000E+00  0.000000E+00  8.057167E-02  4.678919E-02
  3.860000E-01  8.720531E-01  1.279469E-01  0.000000E+00  0.000000E+00  0.000000E+00  0.000000E+00  0.000000E+00  0.000000E+00  8.083325E-02  4.711364E-02
  3.880000E-01  8.714698E-01  1.285302E-01  0.000000E+00  0.000000E+00  0.000000E+00  0.000000E+00  0.000000E+00  0.000000E+00  8.109355E-02  4.743661E-02
  3.900000E-01  8.708893E-01  1.291107E-01  0.000000E+00  0.000000E+00  0.000000E+00  0.000000E+00  0.000000E+00  0.000000E+00  8.135259E-02  4.775812E-02
  3.920000E-01  8.703115E-01  1.296885E-01  0.000000E+00  0.000000E+00  0.000000E+00  0.000000E+00  0.000000E+00  0.000000E+00  8.161036E-02  4.807817E-02
  3.940000E-01  8.697363E-01  1.302637E-01  0.000000E+00  0.000000E+00  0.000000E+00  0.000000E+00  0.000000E+00  0.000000E+00  8.186689E-02  4.839677E-02
  3.960000E-01  8.691639E-01  1.308361E-01  0.000000E+00  0.000000E+00  0.000000E+00  0.000000E+00  0.000000E+00  0.000000E+00  8.212216E-02  4.871392E-02
  3.980000E-01  8.685942E-01  1.314058E-01  0.000000E+00  0.000000E+00  0.000000E+00  0.000000E+00  0.000000E+00  0.000000E+00  8.237619E-02  4.902962E-02
  4.000000E-01  8.680271E-01  1.319729E-01  0.000000E+00  0.000000E+00  0.000000E+00  0.000000E+00  0.000000E+00  0.000000E+00  8.262898E-02  4.934389E-02
  4.020000E-01  8.674627E-01  1.325373E-01  0.000000E+00  0.000000E+00  0.000000E+00  0.000000E+00  0.000000E+00  0.000000E+00  8.288054E-02  4.965673E-02
  4.040000E-01  8.669010E-01  1.330990E-01  0.000000E+00  0.000000E+00  0.000000E+00  0.000000E+00  0.000000E+00  0.000000E+00  8.313088E-02  4.996814E-02
  4.060000E-01  8.663419E-01  1.336581E-01  0.000000E+00  0.000000E+00  0.000000E+00  0.000000E+00  0.000000E+00  0.000000E+00  8.337999E-02  5.027812E-02
  4.080000E-01  8.657854E-01  1.342146E-01  0.000000E+00  0.000000E+00  0.000000E+00  0.000000E+00  0.000000E+00  0.000000E+00  8.362789E-02  5.058670E-02
  4.100000E-01  8.652316E-01  1.347684E-01  0.000000E+00  0.000000E+00  0.000000E+00  0.000000E+00  0.000000E+00  0.000000E+00  8.387459E-02  5.089386E-02
  4.120000E-01  8.646803E-01  1.353197E-01  0.000000E+00  0.000000E+00  0.000000E+00  0.000000E+00  0.000000E+00  0.000000E+00  8.412008E-02  5.119962E-02
  4.140000E-01  8.641317E-01  1.358683E-01  0.000000E+00  0.000000E+00  0.000000E+00  0.000000E+00  0.000000E+00  0.000000E+00  8.436437E-02  5.150398E-02
  4.160000E-01  8.635856E-01  1.364144E-01  0.000000E+00  0.000000E+00  0.000000E+00  0.000000E+00  0.000000E+00  0.000000E+00  8.460747E-02  5.180694E-02
  4.180000E-01  8.630421E-01  1.369579E-01  0.000000E+00  0.000000E+00  0.000000E+00  0.000000E+00  0.000000E+00  0.000000E+00  8.484939E-02  5.210852E-02
  4.200000E-01  8.625011E-01  1.374989E-01  0.000000E+00  0.000000E+00  0.000000E+00  0.000000E+00  0.000000E+00  0.000000E+00  8.509013E-02  5.240872E-02
  4.220000E-01  8.619628E-01  1.380372E-01  0.000000E+00  0.000000E+00  0.000000E+00  0.000000E+00  0.000000E+00  0.000000E+00  8.532970E-02  5.270754E-02
  4.240000E-01  8.614269E-01  1.385731E-01  0.000000E+00  0.000000E+00  0.000000E+00  0.000000E+00  0.000000E+00  0.000000E+00  8.556809E-02  5.300500E-02
  4.260000E-01  8.608936E-01  1.391064E-01  0.000000E+00  0.000000E+00  0.000000E+00  0.000000E+00  0.000000E+00  0.000000E+00  8.580533E-02  5.330108E-02
  4.280000E-01  8.603628E-01  1.396372E-01  0.000000E+00  0.000000E+00  0.000000E+00  0.000000E+00  0.000000E+00  0.000000E+00  8.604141E-02  5.359581E-02
  4.300000E-01  8.598345E-01  1.401655E-01  0.000000E+00  0.000000E+00  0.000000E+00  0.000000E+00  0.000000E+00  0.000000E+00  8.627633E-02  5.388919E-02
  4.320000E-01  8.593087E-01  1.406913E-01  0.000000E+00  0.000000E+00  0.000000E+00  0.000000E+00  0.000000E+00  0.000000E+00  8.651011E-02  5.418122E-02
  4.340000E-01  8.587853E-01  1.412147E-01  0.000000E+00  0.000000E+00  0.000000E+00  0.000000E+00  0.000000E+00  0.000000E+00  8.674276E-02  5.447191E-02
  4.360000E-01  8.582645E-01  1.417355E-01  0.000000E+00  0.000000E+00  0.000000E+00  0.000000E+00  0.000000E+00  0.000000E+00  8.697427E-02  5.476127E-02
  4.380000E-01  8.577461E-01  1.422539E-01  0.000000E+00  0.000000E+00  0.000000E+00  0.000000E+00  0.000000E+00  0.000000E+00  8.720465E-02  5.504930E-02
  4.400000E-01  8.572301E-01  1.427699E-01  0.000000E+00  0.000000E+00  0.000000E+00  0.000000E+00  0.000000E+00  0.000000E+00  8.743390E-02  5.533600E-02
  4.420000E-01  8.567166E-01  1.432834E-01  0.000000E+00  0.000000E+00  0.000000E+00  0.000000E+00  0.000000E+00  0.000000E+00  8.766204E-02  5.562139E-02
  4.440000E-01  8.562055E-01  1.437945E-01  0.000000E+00  0.000000E+00  0.000000E+00  0.000000E+00  0.000000E+00  0.000000E+00  8.788907E-02  5.590547E-02
  4.460000E-01  8.556968E-01  1.443032E-01  0.000000E+00  0.000000E+00  0.000000E+00  0.000000E+00  0.000000E+00  0.000000E+00  8.811499E-02  5.618824E-02
  4.480000E-01  8.551905E-01  1.448095E-01  0.000000E+00  0.000000E+00  0.000000E+00  0.000000E+00  0.000000E+00  0.000000E+00  8.833982E-02  5.646971E-02
  4.500000E-01  8.546866E-01  1.453134E-01  0.000000E+00  0.000000E+00  0.000000E+00  0.000000E+00  0.000000E+00  0.000000E+00  8.856354E-02  5.674989E-02
  4.520000E-01  8.505566E-01  1.466157E-01  0.000000E+00  2.827662E-03  0.000000E+00  0.000000E+00  0.000000E+00  0.000000E+00  8.769772E-02  5.609031E-02
  4.540000E-01  8.479194E-01  1.475852E-01  0.000000E+00  4.495410E-03  0.000000E+00  0.000000E+00  0.000000E+00  0.000000E+00  8.727658E-02  5.581323E-02
  4.560000E-01  8.451296E-01  1.485857E-01  0.000000E+00  6.284743E-03  0.000000E+00  0.000000E+00  0.000000E+00  0.000000E+00  8.680713E-02  5.549378E-02
  4.580000E-01  8.422394E-01  1.496056E-01  0.000000E+00  8.154997E-03  0.000000E+00  0.000000E+00  0.000000E+00  0.000000E+00  8.630508E-02  5.514551E-02
  4.600000E-01  8.392819E-01  1.506378E-01  0.000000E+00  1.008036E-02  0.000000E+00  0.000000E+00  0.000000E+00  0.000000E+00  8.578038E-02  5.477703E-02
  4.620000E-01  8.362793E-01  1.516774E-01  0.000000E+00  1.204337E-02  0.000000E+00  0.000000E+00  0.000000E+00  0.000000E+00  8.523982E-02  5.439419E-02
  4.640000E-01  8.332474E-01  1.527209E-01  0.000000E+00  1.403164E-02  0.000000E+00  0.000000E+00  0.000000E+00  0.000000E+00  8.468817E-02  5.400114E-02
  4.660000E-01  8.301979E-01  1.537660E-01  0.000000E+00  1.603614E-02  0.000000E+00  0.000000E+00  0.000000E+00  0.000000E+00  8.412894E-02  5.360091E-02
  4.680000E-01  8.271392E-01  1.548106E-01  0.000000E+00  1.805013E-02  0.000000E+00  0.000000E+00  0.000000E+00  0.000000E+00  8.356475E-02  5.319576E-02
  4.700000E-01  8.240781E-01  1.558535E-01  0.000000E+00  2.006845E-02  0.000000E+00  0.000000E+00  0.000000E+00  0.000000E+00  8.299760E-02  5.278743E-02
  4.720000E-01  8.210194E-01  1.568934E-01  0.000000E+00  2.208715E-02  0.000000E+00  0.000000E+00  0.000000E+00  0.000000E+00  8.242903E-02  5.237727E-02
  4.740000E-01  8.179672E-01  1.579297E-01  0.000000E+00  2.410311E-02  0.000000E+00  0.000000E+00  0.000000E+00  0.000000E+00  8.186025E-02  5.196632E-02
  4.760000E-01  8.149246E-01  1.589615E-01  0.000000E+00  2.611388E-02  0.000000E+00  0.000000E+00  0.000000E+00  0.000000E+00  8.129222E-02  5.155542E-02
  4.780000E-01  8.118940E-01  1.599885E-01  0.000000E+00  2.811754E-02  0.000000E+00  0.000000E+00  0.000000E+00  0.000000E+00  8.072569E-02  5.114523E-02
  4.800000E-01  8.088774E-01  1.610101E-01  0.000000E+00  3.011253E-02  0.000000E+00  0.000000E+00  0.000000E+00  0.000000E+00  8.016127E-02  5.073629E-02
  4.820000E-01  8.058763E-01  1.620261E-01  0.000000E+00  3.209761E-02  0.000000E+00  0.000000E+00  0.000000E+00  0.000000E+00  7.959945E-02  5.032901E-02
  4.840000E-01  8.028920E-01  1.630362E-01  0.000000E+00  3.407181E-02  0.000000E+00  0.000000E+00  0.000000E+00  0.000000E+00  7.904062E-02  4.992374E-02
  4.860000E-01  7.999255E-01  1.640402E-01  0.000000E+00  3.603431E-02  0.000000E+00  0.000000E+00  0.000000E+00  0.000000E+00  7.848509E-02  4.952076E-02
  4.880000E-01  7.969776E-01  1.650379E-01  0.000000E+00  3.798451E-02  0.000000E+00  0.000000E+00  0.000000E+00  0.000000E+00  7.793311E-02  4.912030E-02
  4.900000E-01  7.944586E-01  1.658278E-01  0.000000E+00  3.748451E-02  0.000000E+00  0.000000E+00  2.229079E-03  0.000000E+00  7.738855E-02  4.872567E-02
  4.920000E-01  7.917592E-01  1.667100E-01  0.000000E+00  3.816904E-02  0.000000E+00  0.000000E+00  3.361821E-03  0.000000E+00  7.684646E-02  4.833264E-02
  4.940000E-01  7.891027E-01  1.675744E-01  0.000000E+00  3.870523E-02  0.000000E+00  0.000000E+00  4.617710E-03  0.000000E+00  7.630866E-02  4.794278E-02
  4.960000E-01  7.864856E-01  1.684228E-01  0.000000E+00  3.911380E-02  0.000000E+00  0.000000E+00  5.977818E-03  0.000000E+00  7.577511E-02  4.755606E-02
  4.980000E-01  7.839052E-01  1.692565E-01  0.000000E+00  3.941013E-02  0.000000E+00  0.000000E+00  7.428152E-03  0.000000E+00  7.524577E-02  4.717245E-02
  5.000000E-01  7.813594E-01  1.700766E-01  0.000000E+00  3.960621E-02  0.000000E+00  0.000000E+00  8.957822E-03  0.000000E+00  7.472060E-02  4.679192E-02
  5.020000E-01  7.788464E-01  1.708838E-01  0.000000E+00  3.971175E-02  0.000000E+00  0.000000E+00  1.055804E-02  0.000000E+00  7.419955E-02  4.641444E-02
  5.040000E-01  7.763647E-01  1.716789E-01  0.000000E+00  3.973484E-02  0.000000E+00  0.000000E+00  1.222154E-02  0.000000E+00  7.368257E-02  4.603997E-02
  5.060000E-01  7.739130E-01  1.724626E-01  0.000000E+00  3.968230E-02  0.000000E+00  0.000000E+00  1.394216E-02  0.000000E+00  7.316962E-02  4.566849E-02
  5.080000E-01  7.714901E-01  1.732353E-01  0.000000E+00  3.956003E-02  0.000000E+00  0.000000E+00  1.571462E-02  0.000000E+00  7.266066E-02  4.529995E-02
  5.100000E-01  7.690950E-01  1.739975E-01  0.000000E+00  3.937316E-02  0.000000E+00  0.000000E+00  1.753434E-02  0.000000E+00  7.215564E-02  4.493433E-02
  5.120000E-01  7.667269E-01  1.747496E-01  0.000000E+00  3.912623E-02  0.000000E+00  0.000000E+00  1.939728E-02  0.000000E+00  7.165452E-02  4.457160E-02
  5.140000E-01  7.643847E-01  1.754921E-01  0.000000E+00  3.882325E-02  0.000000E+00  0.000000E+00  2.129988E-02  0.000000E+00  7.115725E-02  4.421173E-02
  5.160000E-01  7.620679E-01  1.762253E-01  0.000000E+00  3.846785E-02  0.000000E+00  0.000000E+00  2.323894E-02  0.000000E+00  7.066381E-02  4.385468E-02
  5.180000E-01  7.597757E-01  1.769494E-01  0.000000E+00  3.806328E-02  0.000000E+00  0.000000E+00  2.521159E-02  0.000000E+00  7.017413E-02  4.350044E-02
  5.200000E-01  7.575074E-01  1.776649E-01  0.000000E+00  3.761250E-02  0.000000E+00  0.000000E+00  2.721522E-02  0.000000E+00  6.968820E-02  4.314896E-02
  5.220000E-01  7.552624E-01  1.783719E-01  0.000000E+00  3.711821E-02  0.000000E+00  0.000000E+00  2.924749E-02  0.000000E+00  6.920595E-02  4.280022E-02
  5.240000E-01  7.530402E-01  1.790707E-01  0.000000E+00  3.658291E-02  0.000000E+00  0.000000E+00  3.130622E-02  0.000000E+00  6.872736E-02  4.245419E-02
  5.260000E-01  7.508401E-01  1.797616E-01  0.000000E+00  3.600889E-02  0.000000E+00  0.000000E+00  3.338943E-02  0.000000E+00  6.825238E-02  4.211084E-02
  5.280000E-01  7.486617E-01  1.804447E-01  0.000000E+00  3.539829E-02  0.000000E+00  0.000000E+00  3.549529E-02  0.000000E+00  6.778098E-02  4.177014E-02
  5.300000E-01  7.465045E-01  1.811203E-01  0.000000E+00  3.475310E-02  0.000000E+00  0.000000E+00  3.762207E-02  0.000000E+00  6.731310E-02  4.143206E-02
  5.320000E-01  7.443679E-01  1.817887E-01  0.000000E+00  3.407519E-02  0.000000E+00  0.000000E+00  3.976820E-02  0.000000E+00  6.684871E-02  4.109657E-02
  5.340000E-01  7.422516E-01  1.824499E-01  0.000000E+00  3.336634E-02  0.000000E+00  0.000000E+00  4.193218E-02  0.000000E+00  6.638776E-02  4.076363E-02
  5.360000E-01  7.401550E-01  1.831042E-01  0.000000E+00  3.262823E-02  0.000000E+00  0.000000E+00  4.411259E-02  0.000000E+00  6.593020E-02  4.043321E-02
  5.380000E-01  7.380776E-01  1.837518E-01  0.000000E+00  3.186248E-02  0.000000E+00  0.000000E+00  4.630809E-02  0.000000E+00  6.547599E-02  4.010527E-02
  5.400000E-01  7.360191E-01  1.843929E-01  0.000000E+00  3.107064E-02  0.000000E+00  0.000000E+00  4.851739E-02  0.000000E+00  6.502508E-02  3.977977E-02
  5.420000E-01  7.339789E-01  1.850276E-01  0.000000E+00  3.025422E-02  0.000000E+00  0.000000E+00  5.073927E-02  0.000000E+00  6.457741E-02  3.945668E-02
  5.440000E-01  7.319567E-01  1.856561E-01  0.000000E+00  2.941472E-02  0.000000E+00  0.000000E+00  5.297251E-02  0.000000E+00  6.413293E-02  3.913595E-02
  5.460000E-01  7.299519E-01  1.862786E-01  0.000000E+00  2.855359E-02  0.000000E+00  0.000000E+00  5.521594E-02  0.000000E+00  6.369157E-02  3.881753E-02
  5.480000E-01  7.279640E-01  1.868953E-01  0.000000E+00  2.767229E-02  0.000000E+00  0.000000E+00  5.746839E-02  0.000000E+00  6.325328E-02  3.850138E-02
  5.500000E-01  7.259925E-01  1.875064E-01  0.000000E+00  2.677230E-02  0.000000E+00  0.000000E+00  5.972871E-02  0.000000E+00  6.281799E-02  3.818744E-02
  5.520000E-01  7.240370E-01  1.881121E-01  0.000000E+00  2.585511E-02  0.000000E+00  0.000000E+00  6.199573E-02  0.000000E+00  6.238561E-02  3.787565E-02
  5.540000E-01  7.220969E-01  1.887125E-01  0.000000E+00  2.492225E-02  0.000000E+00  0.000000E+00  6.426826E-02  0.000000E+00  6.195609E-02  3.756595E-02
  5.560000E-01  7.201716E-01  1.893080E-01  0.000000E+00  2.397528E-02  0.000000E+00  0.000000E+00  6.654510E-02  0.000000E+00  6.152932E-02  3.725828E-02
  5.580000E-01  7.182606E-01  1.898986E-01  0.000000E+00  2.301586E-02  0.000000E+00  0.000000E+00  6.882498E-02  0.000000E+00  6.110521E-02  3.695255E-02
  5.600000E-01  7.163630E-01  1.904847E-01  0.000000E+00  2.204570E-02  0.000000E+00  0.000000E+00  7.110660E-02  0.000000E+00  6.068368E-02  3.664869E-02
  5.620000E-01  7.144784E-01  1.910664E-01  0.000000E+00  2.106661E-02  0.000000E+00  0.000000E+00  7.338860E-02  0.000000E+00  6.026459E-02  3.634661E-02
  5.640000E-01  7.126059E-01  1.916441E-01  0.000000E+00  2.008050E-02  0.000000E+00  0.000000E+00  7.566952E-02  0.000000E+00  5.984785E-02  3.604621E-02
  5.660000E-01  7.107447E-01  1.922180E-01  0.000000E+00  1.908943E-02  0.000000E+00  0.000000E+00  7.794786E-02  0.000000E+00  5.943332E-02  3.574740E-02
  5.680000E-01  7.088940E-01  1.927884E-01  0.000000E+00  1.809555E-02  0.000000E+00  0.000000E+00  8.022198E-02  0.000000E+00  5.902086E-02  3.545005E-02
  5.700000E-01  7.070530E-01  1.933557E-01  0.000000E+00  1.710118E-02  0.000000E+00  0.000000E+00  8.249016E-02  0.000000E+00  5.861032E-02  3.515405E-02
  5.720000E-01  7.052205E-01  1.939202E-01  0.000000E+00  1.610879E-02  0.000000E+00  0.000000E+00  8.475056E-02  0.000000E+00  5.820154E-02  3.485926E-02
  5.740000E-01  7.033956E-01  1.944822E-01  0.000000E+00  1.512101E-02  0.000000E+00  0.000000E+00  8.700123E-02  0.000000E+00  5.779435E-02  3.456555E-02
  5.760000E-01  7.015772E-01  1.950421E-01  0.000000E+00  1.414062E-02  0.000000E+00  0.000000E+00  8.924011E-02  0.000000E+00  5.738857E-02  3.427277E-02
  5.780000E-01  6.997641E-01  1.956003E-01  0.000000E+00  1.317056E-02  0.000000E+00  0.000000E+00  9.146502E-02  0.000000E+00  5.698401E-02  3.398076E-02
  5.800000E-01  6.979551E-01  1.961574E-01  0.000000E+00  1.221389E-02  0.000000E+00  0.000000E+00  9.367366E-02  0.000000E+00  5.658047E-02  3.368935E-02
  5.820000E-01  6.961489E-01  1.967136E-01  0.000000E+00  1.127381E-02  0.000000E+00  0.000000E+00  9.586367E-02  0.000000E+00  5.617773E-02  3.339838E-02
  5.840000E-01  6.943443E-01  1.972695E-01  0.000000E+00  1.035360E-02  0.000000E+00  0.000000E+00  9.803260E-02  0.000000E+00  5.577559E-02  3.310769E-02
  5.860000E-01  6.925400E-01  1.978255E-01  0.000000E+00  9.456582E-03  0.000000E+00  0.000000E+00  1.001780E-01  0.000000E+00  5.537385E-02  3.281708E-02
  5.880000E-01  6.907345E-01  1.983821E-01  0.000000E+00  8.586093E-03  0.000000E+00  0.000000E+00  1.022973E-01  0.000000E+00  5.497228E-02  3.252641E-02
  5.900000E-01  6.889268E-01  1.989397E-01  0.000000E+00  7.745404E-03  0.000000E+00  0.000000E+00  1.043881E-01  0.000000E+00  5.457069E-02  3.223550E-02
  5.920000E-01  6.871155E-01  1.994988E-01  0.000000E+00  6.937673E-03  0.000000E+00  0.000000E+00  1.064480E-01  0.000000E+00  5.416889E-02  3.194421E-02
  5.940000E-01  6.852994E-01  2.000598E-01  0.000000E+00  6.165879E-03  0.000000E+00  0.000000E+00  1.084749E-01  0.000000E+00  5.376671E-02  3.165239E-02
  5.960000E-01  6.834777E-01  2.006231E-01  0.000000E+00  5.432761E-03  0.000000E+00  0.000000E+00  1.104665E-01  0.000000E+00  5.336400E-02  3.135992E-02
  5.980000E-01  6.816492E-01  2.011891E-01  0.000000E+00  4.740761E-03  0.000000E+00  0.000000E+00  1.124210E-01  0.000000E+00  5.296062E-02  3.106672E-02
  6.000000E-01  6.798133E-01  2.017579E-01  0.000000E+00  4.091977E-03  0.000000E+00  0.000000E+00  1.143368E-01  0.000000E+00  5.255648E-02  3.077269E-02
  6.020000E-01  6.779693E-01  2.023300E-01  0.000000E+00  3.488136E-03  0.000000E+00  0.000000E+00  1.162126E-01  0.000000E+00  5.215149E-02  3.047778E-02
  6.040000E-01  6.761167E-01  2.029055E-01  0.000000E+00  2.930570E-03  0.000000E+00  0.000000E+00  1.180473E-01  0.000000E+00  5.174563E-02  3.018197E-02
  6.060000E-01  6.742552E-01  2.034845E-01  0.000000E+00  2.420228E-03  0.000000E+00  0.000000E+00  1.198401E-01  0.000000E+00  5.133886E-02  2.988525E-02
  6.080000E-01  6.723847E-01  2.040671E-01  0.000000E+00  1.957691E-03  0.000000E+00  0.000000E+00  1.215906E-01  0.000000E+00  5.093120E-02  2.958764E-02
  6.100000E-01  6.705050E-01  2.046534E-01  0.000000E+00  1.543220E-03  0.000000E+00  0.000000E+00  1.232984E-01  0.000000E+00  5.052268E-02  2.928917E-02
  6.120000E-01  6.686162E-01  2.052435E-01  0.000000E+00  1.176821E-03  0.000000E+00  0.000000E+00  1.249634E-01  0.000000E+00  5.011335E-02  2.898988E-02
  6.140000E-01  6.667185E-01  2.058373E-01  0.000000E+00  8.583361E-04  0.000000E+00  0.000000E+00  1.265858E-01  0.000000E+00  4.970327E-02  2.868985E-02
  6.160000E-01  6.648120E-01  2.064348E-01  0.000000E+00  5.875797E-04  0.000000E+00  0.000000E+00  1.281656E-01  0.000000E+00  4.929249E-02  2.838911E-02
  6.180000E-01  6.628966E-01  2.070361E-01  0.000000E+00  3.645494E-04  0.000000E+00  0.000000E+00  1.297028E-01  0.000000E+00  4.888105E-02  2.808773E-02
  6.200000E-01  6.609722E-01  2.076412E-01  0.000000E+00  1.898332E-04  0.000000E+00  0.000000E+00  1.311968E-01  0.000000E+00  4.846896E-02  2.778570E-02
  6.220000E-01  6.590379E-01  2.082506E-01  0.000000E+00  6.564692E-05  0.000000E+00  0.000000E+00  1.326459E-01  0.000000E+00  4.805610E-02  2.748294E-02
  6.240000E-01  6.570905E-01  2.088653E-01  0.000000E+00  0.000000E+00  0.000000E+00  0.000000E+00  1.340442E-01  0.000000E+00  4.764197E-02  2.717904E-02
  6.260000E-01  6.551273E-01  2.094862E-01  0.000000E+00  0.000000E+00  0.000000E+00  0.000000E+00  1.353865E-01  0.000000E+00  4.722612E-02  2.687364E-02
  6.280000E-01  6.531743E-01  2.101046E-01  0.000000E+00  0.000000E+00  0.000000E+00  0.000000E+00  1.367210E-01  0.000000E+00  4.681310E-02  2.657053E-02
  6.300000E-01  6.512317E-01  2.107205E-01  0.000000E+00  0.000000E+00  0.000000E+00  0.000000E+00  1.380479E-01  0.000000E+00  4.640290E-02  2.626969E-02
  6.320000E-01  6.492992E-01  2.113337E-01  0.000000E+00  0.000000E+00  0.000000E+00  0.000000E+00  1.393671E-01  0.000000E+00  4.599552E-02  2.597111E-02
  6.340000E-01  6.473768E-01  2.119445E-01  0.000000E+00  0.000000E+00  0.000000E+00  0.000000E+00  1.406787E-01  0.000000E+00  4.559092E-02  2.567479E-02
  6.360000E-01  6.454645E-01  2.125527E-01  0.000000E+00  0.000000E+00  0.000000E+00  0.000000E+00  1.419829E-01  0.000000E+00  4.518910E-02  2.538072E-02
  6.380000E-01  6.435621E-01  2.131584E-01  0.000000E+00  0.000000E+00  0.000000E+00  0.000000E+00  1.432795E-01  0.000000E+00  4.479003E-02  2.508888E-02
  6.400000E-01  6.416696E-01  2.137617E-01  0.000000E+00  0.000000E+00  0.000000E+00  0.000000E+00  1.445687E-01  0.000000E+00  4.439372E-02  2.479926E-02
  6.420000E-01  6.397869E-01  2.143626E-01  0.000000E+00  0.000000E+00  0.000000E+00  0.000000E+00  1.458506E-01  0.000000E+00  4.400014E-02  2.451185E-02
  6.440000E-01  6.379140E-01  2.149610E-01  0.000000E+00  0.000000E+00  0.000000E+00  0.000000E+00  1.471251E-01  0.000000E+00  4.360927E-02  2.422664E-02
  6.460000E-01  6.360507E-01  2.155570E-01  0.000000E+00  0.000000E+00  0.000000E+00  0.000000E+00  1.483923E-01  0.000000E+00  4.322110E-02  2.394363E-02
  6.480000E-01  6.341971E-01  2.161507E-01  0.000000E+00  0.000000E+00  0.000000E+00  0.000000E+00  1.496523E-01  0.000000E+00  4.283562E-02  2.366279E-02
  6.500000E-01  6.323530E-01  2.167420E-01  0.000000E+00  0.000000E+00  0.000000E+00  0.000000E+00  1.509050E-01  0.000000E+00  4.245281E-02  2.338413E-02
  6.520000E-01  6.305184E-01  2.173310E-01  0.000000E+00  0.000000E+00  0.000000E+00  0.000000E+00  1.521507E-01  0.000000E+00  4.207266E-02  2.310762E-02
  6.540000E-01  6.286931E-01  2.179176E-01  0.000000E+00  0.000000E+00  0.000000E+00  0.000000E+00  1.533892E-01  0.000000E+00  4.169515E-02  2.283326E-02
  6.560000E-01  6.268773E-01  2.185020E-01  0.000000E+00  0.000000E+00  0.000000E+00  0.000000E+00  1.546207E-01  0.000000E+00  4.132027E-02  2.256104E-02
  6.580000E-01  6.250707E-01  2.190841E-01  0.000000E+00  0.000000E+00  0.000000E+00  0.000000E+00  1.558452E-01  0.000000E+00  4.094799E-02  2.229095E-02
  6.600000E-01  6.232733E-01  2.196640E-01  0.000000E+00  0.000000E+00  0.000000E+00  0.000000E+00  1.570627E-01  0.000000E+00  4.057832E-02  2.202297E-02
  6.620000E-01  6.214850E-01  2.202417E-01  0.000000E+00  0.000000E+00  0.000000E+00  0.000000E+00  1.582733E-01  0.000000E+00  4.021123E-02  2.175710E-02
  6.640000E-01  6.197058E-01  2.208171E-01  0.000000E+00  0.000000E+00  0.000000E+00  0.000000E+00  1.594771E-01  0.000000E+00  3.984670E-02  2.149333E-02
  6.660000E-01  6.179356E-01  2.213904E-01  0.000000E+00  0.000000E+00  0.000000E+00  0.000000E+00  1.606740E-01  0.000000E+00  3.948473E-02  2.123164E-02
  6.680000E-01  6.161744E-01  2.219615E-01  0.000000E+00  0.000000E+00  0.000000E+00  0.000000E+00  1.618641E-01  0.000000E+00  3.912529E-02  2.097202E-02
  6.700000E-01  6.144220E-01  2.225304E-01  0.000000E+00  0.000000E+00  0.000000E+00  0.000000E+00  1.630476E-01  0.000000E+00  3.876838E-02  2.071447E-02
  6.720000E-01  6.126785E-01  2.230972E-01  0.000000E+00  0.000000E+00  0.000000E+00  0.000000E+00  1.642243E-01  0.000000E+00  3.841398E-02  2.045897E-02
  6.740000E-01  6.109437E-01  2.236620E-01  0.000000E+00  0.000000E+00  0.000000E+00  0.000000E+00  1.653944E-01  0.000000E+00  3.806208E-02  2.020551E-02
  6.760000E-01  6.092176E-01  2.242246E-01  0.000000E+00  0.000000E+00  0.000000E+00  0.000000E+00  1.665578E-01  0.000000E+00  3.771266E-02  1.995409E-02
  6.780000E-01  6.075001E-01  2.247851E-01  0.000000E+00  0.000000E+00  0.000000E+00  0.000000E+00  1.677148E-01  0.000000E+00  3.736570E-02  1.970469E-02
  6.800000E-01  6.055259E-01  2.250582E-01  8.482077E-04  0.000000E+00  0.000000E+00  0.000000E+00  1.685677E-01  0.000000E+00  3.702783E-02  1.946266E-02
  6.820000E-01  6.037474E-01  2.255300E-01  1.099291E-03  0.000000E+00  0.000000E+00  0.000000E+00  1.696233E-01  0.000000E+00  3.668776E-02  1.921886E-02
  6.840000E-01  6.019714E-01  2.259930E-01  1.370135E-03  0.000000E+00  0.000000E+00  0.000000E+00  1.706655E-01  0.000000E+00  3.635027E-02  1.897719E-02
  6.860000E-01  6.001983E-01  2.264478E-01  1.659015E-03  0.000000E+00  0.000000E+00  0.000000E+00  1.716949E-01  0.000000E+00  3.601534E-02  1.873762E-02
  6.880000E-01  5.984286E-01  2.268950E-01  1.964516E-03  0.000000E+00  0.000000E+00  0.000000E+00  1.727119E-01  0.000000E+00  3.568295E-02  1.850012E-02
  6.900000E-01  5.966627E-01  2.273348E-01  2.285441E-03  0.000000E+00  0.000000E+00  0.000000E+00  1.737171E-01  0.000000E+00  3.535307E-02  1.826469E-02
  6.920000E-01  5.949006E-01  2.277678E-01  2.620759E-03  0.000000E+00  0.000000E+00  0.000000E+00  1.747108E-01  0.000000E+00  3.502568E-02  1.803129E-02
  6.940000E-01  5.931429E-01  2.281941E-01  2.969570E-03  0.000000E+00  0.000000E+00  0.000000E+00  1.756934E-01  0.000000E+00  3.470076E-02  1.779993E-02
  6.960000E-01  5.913895E-01  2.286142E-01  3.331077E-03  0.000000E+00  0.000000E+00  0.000000E+00  1.766653E-01  0.000000E+00  3.437830E-02  1.757058E-02
  6.980000E-01  5.896407E-01  2.290281E-01  3.704566E-03  0.000000E+00  0.000000E+00  0.000000E+00  1.776266E-01  0.000000E+00  3.405826E-02  1.734322E-02
  7.000000E-01  5.878966E-01  2.294362E-01  4.089393E-03  0.000000E+00  0.000000E+00  0.000000E+00  1.785778E-01  0.000000E+00  3.374064E-02  1.711784E-02
  7.020000E-01  5.861574E-01  2.298387E-01  4.484974E-03  0.000000E+00  0.000000E+00  0.000000E+00  1.795189E-01  0.000000E+00  3.342541E-02  1.689444E-02
  7.040000E-01  5.844232E-01  2.302358E-01  4.890773E-03  0.000000E+00  0.000000E+00  0.000000E+00  1.804502E-01  0.000000E+00  3.311255E-02  1.667298E-02
  7.060000E-01  5.826942E-01  2.306275E-01  5.306297E-03  0.000000E+00  0.000000E+00  0.000000E+00  1.813720E-01  0.000000E+00  3.280206E-02  1.645346E-02
  7.080000E-01  5.809702E-01  2.310142E-01  5.731091E-03  0.000000E+00  0.000000E+00  0.000000E+00  1.822844E-01  0.000000E+00  3.249390E-02  1.623587E-02
  7.100000E-01  5.792516E-01  2.313960E-01  6.164730E-03  0.000000E+00  0.000000E+00  0.000000E+00  1.831877E-01  0.000000E+00  3.218806E-02  1.602020E-02
  7.120000E-01  5.775383E-01  2.317729E-01  6.606822E-03  0.000000E+00  0.000000E+00  0.000000E+00  1.840820E-01  0.000000E+00  3.188453E-02  1.580642E-02
  7.140000E-01  5.758304E-01  2.321452E-01  7.056998E-03  0.000000E+00  0.000000E+00  0.000000E+00  1.849674E-01  0.000000E+00  3.158329E-02  1.559453E-02
  7.160000E-01  5.741280E-01  2.325129E-01  7.514910E-03  0.000000E+00  0.000000E+00  0.000000E+00  1.858441E-01  0.000000E+00  3.128433E-02  1.538451E-02
  7.180000E-01  5.724312E-01  2.328763E-01  7.980236E-03  0.000000E+00  0.000000E+00  0.000000E+00  1.867123E-01  0.000000E+00  3.098762E-02  1.517635E-02
  7.200000E-01  5.707398E-01  2.332354E-01  8.452666E-03  0.000000E+00  0.000000E+00  0.000000E+00  1.875722E-01  0.000000E+00  3.069315E-02  1.497005E-02
  7.220000E-01  5.690541E-01  2.335902E-01  8.931913E-03  0.000000E+00  0.000000E+00  0.000000E+00  1.884237E-01  0.000000E+00  3.040091E-02  1.476558E-02
  7.240000E-01  5.673740E-01  2.339410E-01  9.417701E-03  0.000000E+00  0.000000E+00  0.000000E+00  1.892672E-01  0.000000E+00  3.011087E-02  1.456293E-02
  7.260000E-01  5.656996E-01  2.342879E-01  9.909770E-03  0.000000E+00  0.000000E+00  0.000000E+00  1.901027E-01  0.000000E+00  2.982303E-02  1.436210E-02
  7.280000E-01  5.640310E-01  2.346308E-01  1.040787E-02  0.000000E+00  0.000000E+00  0.000000E+00  1.909304E-01  0.000000E+00  2.953737E-02  1.416307E-02
  7.300000E-01  5.623680E-01  2.349700E-01  1.091177E-02  0.000000E+00  0.000000E+00  0.000000E+00  1.917503E-01  0.000000E+00  2.925388E-02  1.396583E-02
  7.320000E-01  5.607108E-01  2.353054E-01  1.142125E-02  0.000000E+00  0.000000E+00  0.000000E+00  1.925625E-01  0.000000E+00  2.897253E-02  1.377037E-02
  7.340000E-01  5.590593E-01  2.356373E-01  1.193609E-02  0.000000E+00  0.000000E+00  0.000000E+00  1.933673E-01  0.000000E+00  2.869332E-02  1.357667E-02
  7.360000E-01  5.574137E-01  2.359656E-01  1.245608E-02  0.000000E+00  0.000000E+00  0.000000E+00  1.941646E-01  0.000000E+00  2.841623E-02  1.338473E-02
  7.380000E-01  5.557738E-01  2.362905E-01  1.298103E-02  0.000000E+00  0.000000E+00  0.000000E+00  1.949547E-01  0.000000E+00  2.814124E-02  1.319454E-02
  7.400000E-01  5.541398E-01  2.366120E-01  1.351075E-02  0.000000E+00  0.000000E+00  0.000000E+00  1.957375E-01  0.000000E+00  2.786835E-02  1.300608E-02
  7.420000E-01  5.525115E-01  2.369301E-01  1.404507E-02  0.000000E+00  0.000000E+00  0.000000E+00  1.965133E-01  0.000000E+00  2.759753E-02  1.281934E-02
  7.440000E-01  5.508891E-01  2.372451E-01  1.458380E-02  0.000000E+00  0.000000E+00  0.000000E+00  1.972820E-01  0.000000E+00  2.732877E-02  1.263431E-02
  7.460000E-01  5.492725E-01  2.375569E-01  1.512680E-02  0.000000E+00  0.000000E+00  0.000000E+00  1.980438E-01  0.000000E+00  2.706207E-02  1.245099E-02
  7.480000E-01  5.476618E-01  2.378655E-01  1.567389E-02  0.000000E+00  0.000000E+00  0.000000E+00  1.987988E-01  0.000000E+00  2.679740E-02  1.226935E-02
  7.500000E-01  5.460568E-01  2.381712E-01  1.622492E-02  0.000000E+00  0.000000E+00  0.000000E+00  1.995471E-01  0.000000E+00  2.653475E-02  1.208940E-02
  7.520000E-01  5.444577E-01  2.384739E-01  1.677974E-02  0.000000E+00  0.000000E+00  0.000000E+00  2.002886E-01  0.000000E+00  2.627411E-02  1.191111E-02
  7.540000E-01  5.428645E-01  2.387736E-01  1.733823E-02  0.000000E+00  0.000000E+00  0.000000E+00  2.010237E-01  0.000000E+00  2.601546E-02  1.173448E-02
  7.560000E-01  5.412770E-01  2.390705E-01  1.790023E-02  0.000000E+00  0.000000E+00  0.000000E+00  2.017522E-01  0.000000E+00  2.575880E-02  1.155951E-02
  7.580000E-01  5.396954E-01  2.393646E-01  1.846561E-02  0.000000E+00  0.000000E+00  0.000000E+00  2.024744E-01  0.000000E+00  2.550410E-02  1.138617E-02
  7.600000E-01  5.381196E-01  2.396560E-01  1.903426E-02  0.000000E+00  0.000000E+00  0.000000E+00  2.031902E-01  0.000000E+00  2.525136E-02  1.121446E-02
  7.620000E-01  5.365496E-01  2.399446E-01  1.960604E-02  0.000000E+00  0.000000E+00  0.000000E+00  2.038997E-01  0.000000E+00  2.500056E-02  1.104436E-02
  7.640000E-01  5.349854E-01  2.402307E-01  2.018084E-02  0.000000E+00  0.000000E+00  0.000000E+00  2.046031E-01  0.000000E+00  2.475169E-02  1.087588E-02
  7.660000E-01  5.334270E-01  2.405141E-01  2.075855E-02  0.000000E+00  0.000000E+00  0.000000E+00  2.053004E-01  0.000000E+00  2.450474E-02  1.070900E-02
  7.680000E-01  5.318744E-01  2.407950E-01  2.133904E-02  0.000000E+00  0.000000E+00  0.000000E+00  2.059916E-01  0.000000E+00  2.425969E-02  1.054370E-02
  7.700000E-01  5.303275E-01  2.410734E-01  2.192223E-02  0.000000E+00  0.000000E+00  0.000000E+00  2.066769E-01  0.000000E+00  2.401653E-02  1.037999E-02
  7.720000E-01  5.287865E-01  2.413493E-01  2.250799E-02  0.000000E+00  0.000000E+00  0.000000E+00  2.073562E-01  0.000000E+00  2.377526E-02  1.021784E-02
  7.740000E-01  5.272511E-01  2.416229E-01  2.309624E-02  0.000000E+00  0.000000E+00  0.000000E+00  2.080298E-01  0.000000E+00  2.353585E-02  1.005726E-02
  7.760000E-01  5.257215E-01  2.418941E-01  2.368688E-02  0.000000E+00  0.000000E+00  0.000000E+00  2.086975E-01  0.000000E+00  2.329829E-02  9.898226E-03
  7.780000E-01  5.241977E-01  2.421629E-01  2.427980E-02  0.000000E+00  0.000000E+00  0.000000E+00  2.093596E-01  0.000000E+00  2.306258E-02  9.740736E-03
  7.800000E-01  5.226795E-01  2.424295E-01  2.487493E-02  0.000000E+00  0.000000E+00  0.000000E+00  2.100160E-01  0.000000E+00  2.282870E-02  9.584779E-03
  7.820000E-01  5.211670E-01  2.426939E-01  2.547217E-02  0.000000E+00  0.000000E+00  0.000000E+00  2.106669E-01  0.000000E+00  2.259664E-02  9.430346E-03
  7.840000E-01  5.196602E-01  2.429561E-01  2.607144E-02  0.000000E+00  0.000000E+00  0.000000E+00  2.113123E-01  0.000000E+00  2.236638E-02  9.277427E-03
  7.860000E-01  5.181591E-01  2.432161E-01  2.667266E-02  0.000000E+00  0.000000E+00  0.000000E+00  2.119521E-01  0.000000E+00  2.213792E-02  9.126015E-03
  7.880000E-01  5.166637E-01  2.434740E-01  2.727573E-02  0.000000E+00  0.000000E+00  0.000000E+00  2.125866E-01  0.000000E+00  2.191124E-02  8.976099E-03
  7.900000E-01  5.151738E-01  2.437298E-01  2.788060E-02  0.000000E+00  0.000000E+00  0.000000E+00  2.132158E-01  0.000000E+00  2.168634E-02  8.827672E-03
  7.920000E-01  5.136896E-01  2.439836E-01  2.848717E-02  0.000000E+00  0.000000E+00  0.000000E+00  2.138397E-01  0.000000E+00  2.146319E-02  8.680724E-03
  7.940000E-01  5.122110E-01  2.442353E-01  2.909539E-02  0.000000E+00  0.000000E+00  0.000000E+00  2.144583E-01  0.000000E+00  2.124180E-02  8.535247E-03
  7.960000E-01  5.107379E-01  2.444851E-01  2.970517E-02  0.000000E+00  0.000000E+00  0.000000E+00  2.150718E-01  0.000000E+00  2.102214E-02  8.391232E-03
  7.980000E-01  5.092704E-01  2.447330E-01  3.031644E-02  0.000000E+00  0.000000E+00  0.000000E+00  2.156801E-01  0.000000E+00  2.080422E-02  8.248671E-03
  8.000000E-01  5.078085E-01  2.449790E-01  3.092915E-02  0.000000E+00  0.000000E+00  0.000000E+00  2.162834E-01  0.000000E+00  2.058800E-02  8.107555E-03
  8.020000E-01  5.063521E-01  2.452230E-01  3.154322E-02  0.000000E+00  0.000000E+00  0.000000E+00  2.168817E-01  0.000000E+00  2.037349E-02  7.967876E-03
  8.040000E-01  5.049012E-01  2.454653E-01  3.215859E-02  0.000000E+00  0.000000E+00  0.000000E+00  2.174750E-01  0.000000E+00  2.016068E-02  7.829626E-03
  8.060000E-01  5.034558E-01  2.457057E-01  3.277520E-02  0.000000E+00  0.000000E+00  0.000000E+00  2.180633E-01  0.000000E+00  1.994955E-02  7.692796E-03
  8.080000E-01  5.020158E-01  2.459443E-01  3.339300E-02  0.000000E+00  0.000000E+00  0.000000E+00  2.186469E-01  0.000000E+00  1.974009E-02  7.557379E-03
  8.100000E-01  5.005813E-01  2.461812E-01  3.401191E-02  0.000000E+00  0.000000E+00  0.000000E+00  2.192256E-01  0.000000E+00  1.953230E-02  7.423366E-03
  8.120000E-01  4.991522E-01  2.464164E-01  3.463189E-02  0.000000E+00  0.000000E+00  0.000000E+00  2.197995E-01  0.000000E+00  1.932615E-02  7.290750E-03
  8.140000E-01  4.977286E-01  2.466499E-01  3.525288E-02  0.000000E+00  0.000000E+00  0.000000E+00  2.203687E-01  0.000000E+00  1.912165E-02  7.159521E-03
  8.160000E-01  4.963103E-01  2.468817E-01  3.587482E-02  0.000000E+00  0.000000E+00  0.000000E+00  2.209332E-01  0.000000E+00  1.891877E-02  7.029674E-03
  8.180000E-01  4.948974E-01  2.471118E-01  3.649767E-02  0.000000E+00  0.000000E+00  0.000000E+00  2.214931E-01  0.000000E+00  1.871752E-02  6.901199E-03
  8.200000E-01  4.934898E-01  2.473404E-01  3.712137E-02  0.000000E+00  0.000000E+00  0.000000E+00  2.220484E-01  0.000000E+00  1.851788E-02  6.774090E-03
  8.220000E-01  4.920876E-01  2.475674E-01  3.774588E-02  0.000000E+00  0.000000E+00  0.000000E+00  2.225992E-01  0.000000E+00  1.831983E-02  6.648338E-03
  8.240000E-01  4.906906E-01  2.477928E-01  3.837114E-02  0.000000E+00  0.000000E+00  0.000000E+00  2.231455E-01  0.000000E+00  1.812338E-02  6.523935E-03
  8.260000E-01  4.892990E-01  2.480166E-01  3.899711E-02  0.000000E+00  0.000000E+00  0.000000E+00  2.236873E-01  0.000000E+00  1.792850E-02  6.400876E-03
  8.280000E-01  4.879126E-01  2.482390E-01  3.962375E-02  0.000000E+00  0.000000E+00  0.000000E+00  2.242247E-01  0.000000E+00  1.773520E-02  6.279151E-03
  8.300000E-01  4.865314E-01  2.484599E-01  4.025101E-02  0.000000E+00  0.000000E+00  0.000000E+00  2.247577E-01  0.000000E+00  1.754345E-02  6.158754E-03
  8.320000E-01  4.851555E-01  2.486793E-01  4.087884E-02  0.000000E+00  0.000000E+00  0.000000E+00  2.252864E-01  0.000000E+00  1.735326E-02  6.039677E-03
  8.340000E-01  4.837848E-01  2.488973E-01  4.150721E-02  0.000000E+00  0.000000E+00  0.000000E+00  2.258107E-01  0.000000E+00  1.716460E-02  5.921914E-03
  8.360000E-01  4.824192E-01  2.491138E-01  4.213608E-02  0.000000E+00  0.000000E+00  0.000000E+00  2.263309E-01  0.000000E+00  1.697748E-02  5.805456E-03
  8.380000E-01  4.810588E-01  2.493290E-01  4.276540E-02  0.000000E+00  0.000000E+00  0.000000E+00  2.268468E-01  0.000000E+00  1.679188E-02  5.690298E-03
  8.400000E-01  4.797036E-01  2.495428E-01  4.339513E-02  0.000000E+00  0.000000E+00  0.000000E+00  2.273585E-01  0.000000E+00  1.660779E-02  5.576431E-03
  8.420000E-01  4.783534E-01  2.497552E-01  4.402524E-02  0.000000E+00  0.000000E+00  0.000000E+00  2.278662E-01  0.000000E+00  1.642520E-02  5.463849E-03
  8.440000E-01  4.770083E-01  2.499663E-01  4.465570E-02  0.000000E+00  0.000000E+00  0.000000E+00  2.283697E-01  0.000000E+00  1.624410E-02  5.352546E-03
  8.460000E-01  4.756683E-01  2.501761E-01  4.528646E-02  0.000000E+00  0.000000E+00  0.000000E+00  2.288691E-01  0.000000E+00  1.606448E-02  5.242513E-03
  8.480000E-01  4.743334E-01  2.503846E-01  4.591749E-02  0.000000E+00  0.000000E+00  0.000000E+00  2.293645E-01  0.000000E+00  1.588634E-02  5.133745E-03
  8.500000E-01  4.730035E-01  2.505918E-01  4.654877E-02  0.000000E+00  0.000000E+00  0.000000E+00  2.298559E-01  0.000000E+00  1.570967E-02  5.026235E-03
  8.520000E-01  4.716785E-01  2.507978E-01  4.718024E-02  0.000000E+00  0.000000E+00  0.000000E+00  2.303434E-01  0.000000E+00  1.553445E-02  4.919977E-03
  8.540000E-01  4.703586E-01  2.510026E-01  4.781189E-02  0.000000E+00  0.000000E+00  0.000000E+00  2.308269E-01  0.000000E+00  1.536068E-02  4.814963E-03
  8.560000E-01  4.690436E-01  2.512061E-01  4.844368E-02  0.000000E+00  0.000000E+00  0.000000E+00  2.313066E-01  0.000000E+00  1.518834E-02  4.711187E-03
  8.580000E-01  4.677335E-01  2.514085E-01  4.907557E-02  0.000000E+00  0.000000E+00  0.000000E+00  2.317824E-01  0.000000E+00  1.501743E-02  4.608643E-03
  8.600000E-01  4.664284E-01  2.516097E-01  4.970755E-02  0.000000E+00  0.000000E+00  0.000000E+00  2.322544E-01  0.000000E+00  1.484795E-02  4.507324E-03
  8.620000E-01  4.651281E-01  2.518097E-01  5.033958E-02  0.000000E+00  0.000000E+00  0.000000E+00  2.327226E-01  0.000000E+00  1.467987E-02  4.407225E-03
  8.640000E-01  4.638328E-01  2.520086E-01  5.097164E-02  0.000000E+00  0.000000E+00  0.000000E+00  2.331870E-01  0.000000E+00  1.451320E-02  4.308339E-03
  8.660000E-01  4.625422E-01  2.522063E-01  5.160369E-02  0.000000E+00  0.000000E+00  0.000000E+00  2.336477E-01  0.000000E+00  1.434792E-02  4.210660E-03
  8.680000E-01  4.612565E-01  2.524030E-01  5.223571E-02  0.000000E+00  0.000000E+00  0.000000E+00  2.341048E-01  0.000000E+00  1.418403E-02  4.114181E-03
  8.700000E-01  4.599756E-01  2.525986E-01  5.286767E-02  0.000000E+00  0.000000E+00  0.000000E+00  2.345581E-01  0.000000E+00  1.402151E-02  4.018898E-03
  8.720000E-01  4.586995E-01  2.527930E-01  5.349955E-02  0.000000E+00  0.000000E+00  0.000000E+00  2.350079E-01  0.000000E+00  1.386036E-02  3.924803E-03
  8.740000E-01  4.574282E-01  2.529865E-01  5.413132E-02  0.000000E+00  0.000000E+00  0.000000E+00  2.354540E-01  0.000000E+00  1.370056E-02  3.831892E-03
  8.760000E-01  4.561615E-01  2.531789E-01  5.476296E-02  0.000000E+00  0.000000E+00  0.000000E+00  2.358966E-01  0.000000E+00  1.354212E-02  3.740158E-03
  8.780000E-01  4.548996E-01  2.533703E-01  5.539445E-02  0.000000E+00  0.000000E+00  0.000000E+00  2.363356E-01  0.000000E+00  1.338503E-02  3.649595E-03
  8.800000E-01  4.536424E-01  2.535606E-01  5.602576E-02  0.000000E+00  0.000000E+00  0.000000E+00  2.367712E-01  0.000000E+00  1.322926E-02  3.560199E-03
  8.820000E-01  4.523899E-01  2.537500E-01  5.665687E-02  0.000000E+00  0.000000E+00  0.000000E+00  2.372032E-01  0.000000E+00  1.307483E-02  3.471963E-03
  8.840000E-01  4.511420E-01  2.539384E-01  5.728775E-02  0.000000E+00  0.000000E+00  0.000000E+00  2.376318E-01  0.000000E+00  1.292171E-02  3.384882E-03
  8.860000E-01  4.498987E-01  2.541259E-01  5.791839E-02  0.000000E+00  0.000000E+00  0.000000E+00  2.380570E-01  0.000000E+00  1.276990E-02  3.298950E-03
  8.880000E-01  4.486601E-01  2.543123E-01  5.854877E-02  0.000000E+00  0.000000E+00  0.000000E+00  2.384788E-01  0.000000E+00  1.261939E-02  3.214163E-03
  8.900000E-01  4.474260E-01  2.544979E-01  5.917887E-02  0.000000E+00  0.000000E+00  0.000000E+00  2.388972E-01  0.000000E+00  1.247017E-02  3.130515E-03
  8.920000E-01  4.461965E-01  2.546825E-01  5.980865E-02  0.000000E+00  0.000000E+00  0.000000E+00  2.393123E-01  0.000000E+00  1.232224E-02  3.048001E-03
  8.940000E-01  4.449716E-01  2.548663E-01  6.043812E-02  0.000000E+00  0.000000E+00  0.000000E+00  2.397240E-01  0.000000E+00  1.217559E-02  2.966615E-03
  8.960000E-01  4.437512E-01  2.550491E-01  6.106725E-02  0.000000E+00  0.000000E+00  0.000000E+00  2.401325E-01  0.000000E+00  1.203021E-02  2.886353E-03
  8.980000E-01  4.425352E-01  2.552310E-01  6.169601E-02  0.000000E+00  0.000000E+00  0.000000E+00  2.405377E-01  0.000000E+00  1.188609E-02  2.807211E-03
  9.000000E-01  4.413238E-01  2.554121E-01  6.232440E-02  0.000000E+00  0.000000E+00  0.000000E+00  2.409397E-01  0.000000E+00  1.174323E-02  2.729182E-03
  9.020000E-01  4.401168E-01  2.555923E-01  6.295239E-02  0.000000E+00  0.000000E+00  0.000000E+00  2.413385E-01  0.000000E+00  1.160161E-02  2.652262E-03
  9.040000E-01  4.389142E-01  2.557717E-01  6.357997E-02  0.000000E+00  0.000000E+00  0.000000E+00  2.417341E-01  0.000000E+00  1.146123E-02  2.576447E-03
  9.060000E-01  4.377161E-01  2.559503E-01  6.420712E-02  0.000000E+00  0.000000E+00  0.000000E+00  2.421265E-01  0.000000E+00  1.132208E-02  2.501733E-03
  9.080000E-01  4.365224E-01  2.561280E-01  6.483383E-02  0.000000E+00  0.000000E+00  0.000000E+00  2.425158E-01  0.000000E+00  1.118415E-02  2.428114E-03
  9.100000E-01  4.353330E-01  2.563050E-01  6.546007E-02  0.000000E+00  0.000000E+00  0.000000E+00  2.429020E-01  0.000000E+00  1.104744E-02  2.355586E-03
  9.120000E-01  4.341480E-01  2.564811E-01  6.608585E-02  0.000000E+00  0.000000E+00  0.000000E+00  2.432850E-01  0.000000E+00  1.091194E-02  2.284145E-03
  9.140000E-01  4.329673E-01  2.566565E-01  6.671113E-02  0.000000E+00  0.000000E+00  0.000000E+00  2.436651E-01  0.000000E+00  1.077763E-02  2.213787E-03
  9.160000E-01  4.317909E-01  2.568311E-01  6.733591E-02  0.000000E+00  0.000000E+00  0.000000E+00  2.440421E-01  0.000000E+00  1.064453E-02  2.144507E-03
  9.180000E-01  4.306189E-01  2.570049E-01  6.796017E-02  0.000000E+00  0.000000E+00  0.000000E+00  2.444160E-01  0.000000E+00  1.051260E-02  2.076303E-03
  9.200000E-01  4.294511E-01  2.571780E-01  6.858389E-02  0.000000E+00  0.000000E+00  0.000000E+00  2.447870E-01  0.000000E+00  1.038186E-02  2.009169E-03
  9.220000E-01  4.282875E-01  2.573504E-01  6.920708E-02  0.000000E+00  0.000000E+00  0.000000E+00  2.451550E-01  0.000000E+00  1.025229E-02  1.943103E-03
  9.240000E-01  4.271282E-01  2.575220E-01  6.982970E-02  0.000000E+00  0.000000E+00  0.000000E+00  2.455201E-01  0.000000E+00  1.012388E-02  1.878101E-03
  9.260000E-01  4.259731E-01  2.576930E-01  7.045176E-02  0.000000E+00  0.000000E+00  0.000000E+00  2.458822E-01  0.000000E+00  9.996626E-03  1.814158E-03
  9.280000E-01  4.248222E-01  2.578632E-01  7.107323E-02  0.000000E+00  0.000000E+00  0.000000E+00  2.462414E-01  0.000000E+00  9.870523E-03  1.751273E-03
  9.300000E-01  4.236754E-01  2.580327E-01  7.169410E-02  0.000000E+00  0.000000E+00  0.000000E+00  2.465977E-01  0.000000E+00  9.745563E-03  1.689441E-03
  9.320000E-01  4.225328E-01  2.582016E-01  7.231437E-02  0.000000E+00  0.000000E+00  0.000000E+00  2.469512E-01  0.000000E+00  9.621739E-03  1.628660E-03
  9.340000E-01  4.213943E-01  2.583698E-01  7.293403E-02  0.000000E+00  0.000000E+00  0.000000E+00  2.473018E-01  0.000000E+00  9.499042E-03  1.568926E-03
  9.360000E-01  4.202600E-01  2.585373E-01  7.355305E-02  0.000000E+00  0.000000E+00  0.000000E+00  2.476496E-01  0.000000E+00  9.377467E-03  1.510238E-03
  9.380000E-01  4.191297E-01  2.587042E-01  7.417144E-02  0.000000E+00  0.000000E+00  0.000000E+00  2.479946E-01  0.000000E+00  9.257006E-03  1.452592E-03
  9.400000E-01  4.180035E-01  2.588705E-01  7.478917E-02  0.000000E+00  0.000000E+00  0.000000E+00  2.483368E-01  0.000000E+00  9.137651E-03  1.395985E-03
  9.420000E-01  4.168814E-01  2.590361E-01  7.540625E-02  0.000000E+00  0.000000E+00  0.000000E+00  2.486763E-01  0.000000E+00  9.019398E-03  1.340417E-03
  9.440000E-01  4.157633E-01  2.592011E-01  7.602265E-02  0.000000E+00  0.000000E+00  0.000000E+00  2.490130E-01  0.000000E+00  8.902237E-03  1.285884E-03
  9.460000E-01  4.146492E-01  2.593655E-01  7.663838E-02  0.000000E+00  0.000000E+00  0.000000E+00  2.493469E-01  0.000000E+00  8.786163E-03  1.232386E-03
  9.480000E-01  4.135391E-01  2.595293E-01  7.725342E-02  0.000000E+00  0.000000E+00  0.000000E+00  2.496782E-01  0.000000E+00  8.671168E-03  1.179919E-03
  9.500000E-01  4.124330E-01  2.596925E-01  7.786776E-02  0.000000E+00  0.000000E+00  0.000000E+00  2.500068E-01  0.000000E+00  8.557247E-03  1.128483E-03
  9.520000E-01  4.113308E-01  2.598551E-01  7.848140E-02  0.000000E+00  0.000000E+00  0.000000E+00  2.503327E-01  0.000000E+00  8.444391E-03  1.078077E-03
  9.540000E-01  4.102326E-01  2.600172E-01  7.909432E-02  0.000000E+00  0.000000E+00  0.000000E+00  2.506559E-01  0.000000E+00  8.332594E-03  1.028700E-03
  9.560000E-01  4.091382E-01  2.601787E-01  7.970652E-02  0.000000E+00  0.000000E+00  0.000000E+00  2.509765E-01  0.000000E+00  8.221850E-03  9.803517E-04
  9.580000E-01  4.080478E-01  2.603397E-01  8.031799E-02  0.000000E+00  0.000000E+00  0.000000E+00  2.512945E-01  0.000000E+00  8.112152E-03  9.330310E-04
  9.600000E-01  4.069613E-01  2.605001E-01  8.092873E-02  0.000000E+00  0.000000E+00  0.000000E+00  2.516099E-01  0.000000E+00  8.003493E-03  8.867382E-04
  9.620000E-01  4.058786E-01  2.606600E-01  8.153871E-02  0.000000E+00  0.000000E+00  0.000000E+00  2.519227E-01  0.000000E+00  7.895866E-03  8.414739E-04
  9.640000E-01  4.047998E-01  2.608194E-01  8.214795E-02  0.000000E+00  0.000000E+00  0.000000E+00  2.522329E-01  0.000000E+00  7.789265E-03  7.972386E-04
  9.660000E-01  4.037248E-01  2.609782E-01  8.275642E-02  0.000000E+00  0.000000E+00  0.000000E+00  2.525405E-01  0.000000E+00  7.683684E-03  7.540337E-04
  9.680000E-01  4.026536E-01  2.611366E-01  8.336413E-02  0.000000E+00  0.000000E+00  0.000000E+00  2.528456E-01  0.000000E+00  7.579115E-03  7.118607E-04
  9.700000E-01  4.015862E-01  2.612945E-01  8.397107E-02  0.000000E+00  0.000000E+00  0.000000E+00  2.531482E-01  0.000000E+00  7.475552E-03  6.707216E-04
  9.720000E-01  4.005226E-01  2.614519E-01  8.457722E-02  0.000000E+00  0.000000E+00  0.000000E+00  2.534483E-01  0.000000E+00  7.372989E-03  6.306191E-04
  9.740000E-01  3.994628E-01  2.616088E-01  8.518260E-02  0.000000E+00  0.000000E+00  0.000000E+00  2.537458E-01  0.000000E+00  7.271418E-03  5.915564E-04
  9.760000E-01  3.984066E-01  2.617653E-01  8.578718E-02  0.000000E+00  0.000000E+00  0.000000E+00  2.540409E-01  0.000000E+00  7.170835E-03  5.535374E-04
  9.780000E-01  3.973542E-01  2.619213E-01  8.639097E-02  0.000000E+00  0.000000E+00  0.000000E+00  2.543335E-01  0.000000E+00  7.071231E-03  5.165665E-04
  9.800000E-01  3.963055E-01  2.620769E-01  8.699396E-02  0.000000E+00  0.000000E+00  0.000000E+00  2.546236E-01  0.000000E+00  6.972601E-03  4.806491E-04
  9.820000E-01  3.952902E-01  2.619906E-01  8.732552E-02  0.000000E+00  0.000000E+00  0.000000E+00  2.546598E-01  7.338686E-04  6.882173E-03  4.487009E-04
  9.840000E-01  3.942666E-01  2.620041E-01  8.776779E-02  0.000000E+00  0.000000E+00  0.000000E+00  2.547980E-01  1.163485E-03  6.789640E-03  4.164921E-04
  9.860000E-01  3.932489E-01  2.620013E-01  8.819084E-02  0.000000E+00  0.000000E+00  0.000000E+00  2.549174E-01  1.641505E-03  6.698484E-03  3.854481E-04
  9.880000E-01  3.922368E-01  2.619851E-01  8.859782E-02  0.000000E+00  0.000000E+00  0.000000E+00  2.550210E-01  2.159292E-03  6.608608E-03  3.555288E-04
  9.900000E-01  3.912300E-01  2.619575E-01  8.899089E-02  0.000000E+00  0.000000E+00  0.000000E+00  2.551108E-01  2.710809E-03  6.519938E-03  3.267078E-04
  9.920000E-01  3.902283E-01  2.619199E-01  8.937169E-02  0.000000E+00  0.000000E+00  0.000000E+00  2.551885E-01  3.291550E-03  6.432421E-03  2.989671E-04
  9.940000E-01  3.892316E-01  2.618736E-01  8.974148E-02  0.000000E+00  0.000000E+00  0.000000E+00  2.552553E-01  3.898008E-03  6.346010E-03  2.722953E-04
  9.960000E-01  3.882398E-01  2.618194E-01  9.010127E-02  0.000000E+00  0.000000E+00  0.000000E+00  2.553121E-01  4.527356E-03  6.260669E-03  2.466858E-04
  9.980000E-01  3.872528E-01  2.617583E-01  9.045191E-02  0.000000E+00  0.000000E+00  0.000000E+00  2.553598E-01  5.177268E-03  6.176365E-03  2.221362E-04
  1.000000E+00  3.862705E-01  2.616907E-01  9.079410E-02  0.000000E+00  0.000000E+00  0.000000E+00  2.553990E-01  5.845786E-03  6.093069E-03  1.986483E-04
  1.002000E+00  3.852927E-01  2.616173E-01  9.112846E-02  0.000000E+00  0.000000E+00  0.000000E+00  2.554303E-01  6.531243E-03  6.010757E-03  1.762274E-04
  1.004000E+00  3.843196E-01  2.615385E-01  9.145549E-02  0.000000E+00  0.000000E+00  0.000000E+00  2.554542E-01  7.232197E-03  5.929404E-03  1.548832E-04
  1.006000E+00  3.833508E-01  2.614549E-01  9.177565E-02  0.000000E+00  0.000000E+00  0.000000E+00  2.554713E-01  7.947388E-03  5.848991E-03  1.346295E-04
  1.008000E+00  3.823865E-01  2.613667E-01  9.208936E-02  0.000000E+00  0.000000E+00  0.000000E+00  2.554817E-01  8.675707E-03  5.769497E-03  1.154853E-04
  1.010000E+00  3.814266E-01  2.612743E-01  9.239696E-02  0.000000E+00  0.000000E+00  0.000000E+00  2.554859E-01  9.416171E-03  5.690904E-03  9.747547E-05
  1.012000E+00  3.804710E-01  2.611781E-01  9.269879E-02  0.000000E+00  0.000000E+00  0.000000E+00  2.554843E-01  1.016790E-02  5.613195E-03  8.063234E-05
  1.014000E+00  3.795196E-01  2.610782E-01  9.299513E-02  0.000000E+00  0.000000E+00  0.000000E+00  2.554769E-01  1.093010E-02  5.536354E-03  6.499775E-05
  1.016000E+00  3.785725E-01  2.609751E-01  9.328625E-02  0.000000E+00  0.000000E+00  0.000000E+00  2.554641E-01  1.170207E-02  5.460364E-03  5.062642E-05
  1.018000E+00  3.776296E-01  2.608688E-01  9.357238E-02  0.000000E+00  0.000000E+00  0.000000E+00  2.554460E-01  1.248315E-02  5.385209E-03  3.759136E-05
  1.020000E+00  3.766909E-01  2.607597E-01  9.385377E-02  0.000000E+00  0.000000E+00  0.000000E+00  2.554229E-01  1.327276E-02  5.310873E-03  2.599346E-05
  1.022000E+00  3.757563E-01  2.606480E-01  9.413060E-02  0.000000E+00  0.000000E+00  0.000000E+00  2.553947E-01  1.407037E-02  5.237338E-03  1.598021E-05
  1.024000E+00  3.748258E-01  2.605340E-01  9.440309E-02  0.000000E+00  0.000000E+00  0.000000E+00  2.553616E-01  1.487550E-02  5.164585E-03  7.789361E-06
  1.026000E+00  3.738995E-01  2.604179E-01  9.467142E-02  0.000000E+00  0.000000E+00  0.000000E+00  2.553234E-01  1.568773E-02  5.092583E-03  1.891211E-06
  1.028000E+00  3.729775E-01  2.603006E-01  9.493586E-02  0.000000E+00  0.000000E+00  0.000000E+00  2.552793E-01  1.650679E-02  5.021257E-03  0.000000E+00
  1.030000E+00  3.720595E-01  2.601813E-01  9.519642E-02  0.000000E+00  0.000000E+00  0.000000E+00  2.552307E-01  1.733209E-02  4.950681E-03  0.000000E+00
  1.032000E+00  3.711453E-01  2.600597E-01  9.545315E-02  0.000000E+00  0.000000E+00  0.000000E+00  2.551788E-01  1.816312E-02  4.880921E-03  0.000000E+00
  1.034000E+00  3.702349E-01  2.599357E-01  9.570617E-02  0.000000E+00  0.000000E+00  0.000000E+00  2.551237E-01  1.899950E-02  4.811966E-03  0.000000E+00
  1.036000E+00  3.693282E-01  2.598095E-01  9.595561E-02  0.000000E+00  0.000000E+00  0.000000E+00  2.550657E-01  1.984094E-02  4.743806E-03  0.000000E+00
  1.038000E+00  3.684253E-01  2.596812E-01  9.620159E-02  0.000000E+00  0.000000E+00  0.000000E+00  2.550048E-01  2.068711E-02  4.676431E-03  0.000000E+00
  1.040000E+00  3.675261E-01  2.595509E-01  9.644420E-02  0.000000E+00  0.000000E+00  0.000000E+00  2.549411E-01  2.153773E-02  4.609832E-03  0.000000E+00
  1.042000E+00  3.666305E-01  2.594187E-01  9.668355E-02  0.000000E+00  0.000000E+00  0.000000E+00  2.548747E-01  2.239255E-02  4.544000E-03  0.000000E+00
  1.044000E+00  3.657386E-01  2.592846E-01  9.691973E-02  0.000000E+00  0.000000E+00  0.000000E+00  2.548057E-01  2.325130E-02  4.478926E-03  0.000000E+00
  1.046000E+00  3.648503E-01  2.591488E-01  9.715284E-02  0.000000E+00  0.000000E+00  0.000000E+00  2.547342E-01  2.411376E-02  4.414601E-03  0.000000E+00
  1.048000E+00  3.639656E-01  2.590114E-01  9.738297E-02  0.000000E+00  0.000000E+00  0.000000E+00  2.546604E-01  2.497970E-02  4.351017E-03  0.000000E+00
  1.050000E+00  3.630844E-01  2.588723E-01  9.761019E-02  0.000000E+00  0.000000E+00  0.000000E+00  2.545842E-01  2.584891E-02  4.288166E-03  0.000000E+00
  1.052000E+00  3.622068E-01  2.587317E-01  9.783458E-02  0.000000E+00  0.000000E+00  0.000000E+00  2.545057E-01  2.672119E-02  4.226039E-03  0.000000E+00
  1.054000E+00  3.613327E-01  2.585897E-01  9.805621E-02  0.000000E+00  0.000000E+00  0.000000E+00  2.544251E-01  2.759635E-02  4.164629E-03  0.000000E+00
  1.056000E+00  3.604620E-01  2.584462E-01  9.827516E-02  0.000000E+00  0.000000E+00  0.000000E+00  2.543423E-01  2.847423E-02  4.103927E-03  0.000000E+00
  1.058000E+00  3.595949E-01  2.583015E-01  9.849149E-02  0.000000E+00  0.000000E+00  0.000000E+00  2.542575E-01  2.935464E-02  4.043927E-03  0.000000E+00
  1.060000E+00  3.587312E-01  2.581554E-01  9.870526E-02  0.000000E+00  0.000000E+00  0.000000E+00  2.541708E-01  3.023743E-02  3.984621E-03  0.000000E+00
  1.062000E+00  3.578708E-01  2.580081E-01  9.891654E-02  0.000000E+00  0.000000E+00  0.000000E+00  2.540821E-01  3.112244E-02  3.926002E-03  0.000000E+00
  1.064000E+00  3.570139E-01  2.578596E-01  9.912538E-02  0.000000E+00  0.000000E+00  0.000000E+00  2.539915E-01  3.200954E-02  3.868062E-03  0.000000E+00
  1.066000E+00  3.561604E-01  2.577100E-01  9.933185E-02  0.000000E+00  0.000000E+00  0.000000E+00  2.538992E-01  3.289859E-02  3.810795E-03  0.000000E+00
  1.068000E+00  3.553102E-01  2.575593E-01  9.953598E-02  0.000000E+00  0.000000E+00  0.000000E+00  2.538051E-01  3.378944E-02  3.754193E-03  0.000000E+00
  1.070000E+00  3.544633E-01  2.574076E-01  9.973784E-02  0.000000E+00  0.000000E+00  0.000000E+00  2.537093E-01  3.468199E-02  3.698250E-03  0.000000E+00
  1.072000E+00  3.536197E-01  2.572548E-01  9.993748E-02  0.000000E+00  0.000000E+00  0.000000E+00  2.536119E-01  3.557610E-02  3.642959E-03  0.000000E+00
  1.074000E+00  3.527794E-01  2.571011E-01  1.001349E-01  0.000000E+00  0.000000E+00  0.000000E+00  2.535128E-01  3.647167E-02  3.588314E-03  0.000000E+00
  1.076000E+00  3.519424E-01  2.569465E-01  1.003303E-01  0.000000E+00  0.000000E+00  0.000000E+00  2.534122E-01  3.736859E-02  3.534307E-03  0.000000E+00
  1.078000E+00  3.511086E-01  2.567910E-01  1.005235E-01  0.000000E+00  0.000000E+00  0.000000E+00  2.533101E-01  3.826675E-02  3.480934E-03  0.000000E+00
  1.080000E+00  3.502781E-01  2.566347E-01  1.007147E-01  0.000000E+00  0.000000E+00  0.000000E+00  2.532065E-01  3.916605E-02  3.428187E-03  0.000000E+00
  1.082000E+00  3.494507E-01  2.564775E-01  1.009038E-01  0.000000E+00  0.000000E+00  0.000000E+00  2.531015E-01  4.006641E-02  3.376060E-03  0.000000E+00
  1.084000E+00  3.486266E-01  2.563196E-01  1.010910E-01  0.000000E+00  0.000000E+00  0.000000E+00  2.529951E-01  4.096772E-02  3.324547E-03  0.000000E+00
  1.086000E+00  3.478055E-01  2.561609E-01  1.012763E-01  0.000000E+00  0.000000E+00  0.000000E+00  2.528873E-01  4.186990E-02  3.273643E-03  0.000000E+00
  1.088000E+00  3.469877E-01  2.560015E-01  1.014597E-01  0.000000E+00  0.000000E+00  0.000000E+00  2.527782E-01  4.277287E-02  3.223340E-03  0.000000E+00
  1.090000E+00  3.461729E-01  2.558415E-01  1.016412E-01  0.000000E+00  0.000000E+00  0.000000E+00  2.526678E-01  4.367655E-02  3.173634E-03  0.000000E+00
  1.092000E+00  3.453613E-01  2.556807E-01  1.018209E-01  0.000000E+00  0.000000E+00  0.000000E+00  2.525562E-01  4.458087E-02  3.124519E-03  0.000000E+00
  1.094000E+00  3.445527E-01  2.555194E-01  1.019988E-01  0.000000E+00  0.000000E+00  0.000000E+00  2.524434E-01  4.548574E-02  3.075989E-03  0.000000E+00
  1.096000E+00  3.437472E-01  2.553574E-01  1.021750E-01  0.000000E+00  0.000000E+00  0.000000E+00  2.523293E-01  4.639109E-02  3.028038E-03  0.000000E+00
  1.098000E+00  3.429448E-01  2.551948E-01  1.023494E-01  0.000000E+00  0.000000E+00  0.000000E+00  2.522142E-01  4.729687E-02  2.980660E-03  0.000000E+00
  1.100000E+00  3.421454E-01  2.550317E-01  1.025221E-01  0.000000E+00  0.000000E+00  0.000000E+00  2.520978E-01  4.820300E-02  2.933851E-03  0.000000E+00
  1.102000E+00  3.413490E-01  2.548680E-01  1.026931E-01  0.000000E+00  0.000000E+00  0.000000E+00  2.519804E-01  4.910942E-02  2.887605E-03  0.000000E+00
  1.104000E+00  3.405556E-01  2.547039E-01  1.028625E-01  0.000000E+00  0.000000E+00  0.000000E+00  2.518620E-01  5.001607E-02  2.841916E-03  0.000000E+00
  1.106000E+00  3.397651E-01  2.545392E-01  1.030303E-01  0.000000E+00  0.000000E+00  0.000000E+00  2.517424E-01  5.092290E-02  2.796780E-03  0.000000E+00
  1.108000E+00  3.389777E-01  2.543741E-01  1.031965E-01  0.000000E+00  0.000000E+00  0.000000E+00  2.516219E-01  5.182984E-02  2.752190E-03  0.000000E+00
  1.110000E+00  3.381931E-01  2.542085E-01  1.033611E-01  0.000000E+00  0.000000E+00  0.000000E+00  2.515004E-01  5.273685E-02  2.708142E-03  0.000000E+00
  1.112000E+00  3.374115E-01  2.540425E-01  1.035242E-01  0.000000E+00  0.000000E+00  0.000000E+00  2.513779E-01  5.364387E-02  2.664631E-03  0.000000E+00
  1.114000E+00  3.366328E-01  2.538761E-01  1.036858E-01  0.000000E+00  0.000000E+00  0.000000E+00  2.512545E-01  5.455086E-02  2.621651E-03  0.000000E+00
  1.116000E+00  3.358570E-01  2.537093E-01  1.038458E-01  0.000000E+00  0.000000E+00  0.000000E+00  2.511301E-01  5.545775E-02  2.579198E-03  0.000000E+00
  1.118000E+00  3.350841E-01  2.535421E-01  1.040044E-01  0.000000E+00  0.000000E+00  0.000000E+00  2.510048E-01  5.636452E-02  2.537266E-03  0.000000E+00
  1.120000E+00  3.343140E-01  2.533746E-01  1.041616E-01  0.000000E+00  0.000000E+00  0.000000E+00  2.508787E-01  5.727111E-02  2.495851E-03  0.000000E+00
  1.122000E+00  3.335468E-01  2.532067E-01  1.043173E-01  0.000000E+00  0.000000E+00  0.000000E+00  2.507517E-01  5.817748E-02  2.454948E-03  0.000000E+00
  1.124000E+00  3.327824E-01  2.530385E-01  1.044717E-01  0.000000E+00  0.000000E+00  0.000000E+00  2.506239E-01  5.908360E-02  2.414552E-03  0.000000E+00
  1.126000E+00  3.320208E-01  2.528699E-01  1.046246E-01  0.000000E+00  0.000000E+00  0.000000E+00  2.504953E-01  5.998941E-02  2.374658E-03  0.000000E+00
  1.128000E+00  3.312620E-01  2.527011E-01  1.047762E-01  0.000000E+00  0.000000E+00  0.000000E+00  2.503658E-01  6.089488E-02  2.335262E-03  0.000000E+00
  1.130000E+00  3.305059E-01  2.525320E-01  1.049264E-01  0.000000E+00  0.000000E+00  0.000000E+00  2.502356E-01  6.179998E-02  2.296359E-03  0.000000E+00
  1.132000E+00  3.297527E-01  2.523626E-01  1.050754E-01  0.000000E+00  0.000000E+00  0.000000E+00  2.501047E-01  6.270467E-02  2.257944E-03  0.000000E+00
  1.134000E+00  3.290022E-01  2.521930E-01  1.052230E-01  0.000000E+00  0.000000E+00  0.000000E+00  2.499730E-01  6.360892E-02  2.220012E-03  0.000000E+00
  1.136000E+00  3.282544E-01  2.520231E-01  1.053693E-01  0.000000E+00  0.000000E+00  0.000000E+00  2.498406E-01  6.451268E-02  2.182560E-03  0.000000E+00
  1.138000E+00  3.275093E-01  2.518530E-01  1.055143E-01  0.000000E+00  0.000000E+00  0.000000E+00  2.497074E-01  6.541594E-02  2.145583E-03  0.000000E+00
  1.140000E+00  3.267669E-01  2.516827E-01  1.056581E-01  0.000000E+00  0.000000E+00  0.000000E+00  2.495736E-01  6.631865E-02  2.109075E-03  0.000000E+00
  1.142000E+00  3.260272E-01  2.515122E-01  1.058007E-01  0.000000E+00  0.000000E+00  0.000000E+00  2.494391E-01  6.722079E-02  2.073034E-03  0.000000E+00
  1.144000E+00  3.252902E-01  2.513414E-01  1.059420E-01  0.000000E+00  0.000000E+00  0.000000E+00  2.493040E-01  6.812233E-02  2.037454E-03  0.000000E+00
  1.146000E+00  3.245559E-01  2.511705E-01  1.060821E-01  0.000000E+00  0.000000E+00  0.000000E+00  2.491682E-01  6.902324E-02  2.002331E-03  0.000000E+00
  1.148000E+00  3.238241E-01  2.509995E-01  1.062211E-01  0.000000E+00  0.000000E+00  0.000000E+00  2.490318E-01  6.992350E-02  1.967661E-03  0.000000E+00
  1.150000E+00  3.230950E-01  2.508282E-01  1.063589E-01  0.000000E+00  0.000000E+00  0.000000E+00  2.488948E-01  7.082307E-02  1.933439E-03  0.000000E+00
  1.152000E+00  3.223686E-01  2.506569E-01  1.064955E-01  0.000000E+00  0.000000E+00  0.000000E+00  2.487572E-01  7.172194E-02  1.899662E-03  0.000000E+00
  1.154000E+00  3.216447E-01  2.504853E-01  1.066309E-01  0.000000E+00  0.000000E+00  0.000000E+00  2.486190E-01  7.262008E-02  1.866325E-03  0.000000E+00
  1.156000E+00  3.209234E-01  2.503137E-01  1.067653E-01  0.000000E+00  0.000000E+00  0.000000E+00  2.484802E-01  7.351746E-02  1.833425E-03  0.000000E+00
  1.158000E+00  3.202047E-01  2.501419E-01  1.068985E-01  0.000000E+00  0.000000E+00  0.000000E+00  2.483409E-01  7.441406E-02  1.800956E-03  0.000000E+00
  1.160000E+00  3.194885E-01  2.499700E-01  1.070306E-01  0.000000E+00  0.000000E+00  0.000000E+00  2.482011E-01  7.530987E-02  1.768915E-03  0.000000E+00
  1.162000E+00  3.187749E-01  2.497980E-01  1.071616E-01  0.000000E+00  0.000000E+00  0.000000E+00  2.480607E-01  7.620485E-02  1.737298E-03  0.000000E+00
  1.164000E+00  3.180638E-01  2.496259E-01  1.072916E-01  0.000000E+00  0.000000E+00  0.000000E+00  2.479198E-01  7.709900E-02  1.706101E-03  0.000000E+00
  1.166000E+00  3.173552E-01  2.494537E-01  1.074204E-01  0.000000E+00  0.000000E+00  0.000000E+00  2.477784E-01  7.799228E-02  1.675319E-03  0.000000E+00
  1.168000E+00  3.166491E-01  2.492814E-01  1.075483E-01  0.000000E+00  0.000000E+00  0.000000E+00  2.476365E-01  7.888469E-02  1.644950E-03  0.000000E+00
  1.170000E+00  3.159455E-01  2.491091E-01  1.076751E-01  0.000000E+00  0.000000E+00  0.000000E+00  2.474941E-01  7.977619E-02  1.614989E-03  0.000000E+00
  1.172000E+00  3.152444E-01  2.489367E-01  1.078009E-01  0.000000E+00  0.000000E+00  0.000000E+00  2.473513E-01  8.066678E-02  1.585432E-03  0.000000E+00
  1.174000E+00  3.145457E-01  2.487643E-01  1.079256E-01  0.000000E+00  0.000000E+00  0.000000E+00  2.472080E-01  8.155643E-02  1.556275E-03  0.000000E+00
  1.176000E+00  3.138495E-01  2.485918E-01  1.080494E-01  0.000000E+00  0.000000E+00  0.000000E+00  2.470642E-01  8.244514E-02  1.527515E-03  0.000000E+00
  1.178000E+00  3.131557E-01  2.484192E-01  1.081721E-01  0.000000E+00  0.000000E+00  0.000000E+00  2.469201E-01  8.333288E-02  1.499147E-03  0.000000E+00
  1.180000E+00  3.124644E-01  2.482466E-01  1.082939E-01  0.000000E+00  0.000000E+00  0.000000E+00  2.467755E-01  8.421963E-02  1.471169E-03  0.000000E+00
  1.182000E+00  3.117754E-01  2.480740E-01  1.084147E-01  0.000000E+00  0.000000E+00  0.000000E+00  2.466304E-01  8.510539E-02  1.443576E-03  0.000000E+00
  1.184000E+00  3.110889E-01  2.479014E-01  1.085346E-01  0.000000E+00  0.000000E+00  0.000000E+00  2.464850E-01  8.599014E-02  1.416364E-03  0.000000E+00
  1.186000E+00  3.104047E-01  2.477287E-01  1.086535E-01  0.000000E+00  0.000000E+00  0.000000E+00  2.463392E-01  8.687386E-02  1.389531E-03  0.000000E+00
  1.188000E+00  3.097230E-01  2.475561E-01  1.087715E-01  0.000000E+00  0.000000E+00  0.000000E+00  2.461930E-01  8.775655E-02  1.363072E-03  0.000000E+00
  1.190000E+00  3.090435E-01  2.473834E-01  1.088885E-01  0.000000E+00  0.000000E+00  0.000000E+00  2.460464E-01  8.863818E-02  1.336983E-03  0.000000E+00
  1.192000E+00  3.083665E-01  2.472107E-01  1.090046E-01  0.000000E+00  0.000000E+00  0.000000E+00  2.458995E-01  8.951874E-02  1.311262E-03  0.000000E+00
  1.194000E+00  3.076917E-01  2.470381E-01  1.091199E-01  0.000000E+00  0.000000E+00  0.000000E+00  2.457521E-01  9.039823E-02  1.285904E-03  0.000000E+00
  1.196000E+00  3.070193E-01  2.468654E-01  1.092342E-01  0.000000E+00  0.000000E+00  0.000000E+00  2.456045E-01  9.127663E-02  1.260906E-03  0.000000E+00
  1.198000E+00  3.063492E-01  2.466928E-01  1.093476E-01  0.000000E+00  0.000000E+00  0.000000E+00  2.454565E-01  9.215393E-02  1.236265E-03  0.000000E+00
  1.200000E+00  3.056814E-01  2.465202E-01  1.094602E-01  0.000000E+00  0.000000E+00  0.000000E+00  2.453082E-01  9.303011E-02  1.211977E-03  0.000000E+00
