  1.000000E-02  2.404386E-02 -2.938639E-02 -1.517199E-02 -4.376465E-03
  1.200000E-02  3.377647E-02 -4.160728E-02 -2.151756E-02 -5.944620E-03
  1.400000E-02  4.490147E-02 -5.574305E-02 -2.887925E-02 -7.682624E-03
  1.600000E-02  5.733365E-02 -7.172705E-02 -3.722960E-02 -9.576645E-03
  1.800000E-02  7.099479E-02 -8.949834E-02 -4.654422E-02 -1.161540E-02
  2.000000E-02  8.581254E-02 -1.090007E-01 -5.680116E-02 -1.378948E-02
  2.200000E-02  1.017197E-01 -1.301821E-01 -6.798059E-02 -1.609092E-02
  2.400000E-02  1.186535E-01 -1.529937E-01 -8.006447E-02 -1.851288E-02
  2.600000E-02  1.365553E-01 -1.773901E-01 -9.303629E-02 -2.104939E-02
  2.800000E-02  1.553700E-01 -2.033282E-01 -1.068809E-01 -2.369525E-02
  3.000000E-02  1.750457E-01 -2.307677E-01 -1.215843E-01 -2.644581E-02
  3.200000E-02  1.955336E-01 -2.596701E-01 -1.371335E-01 -2.929697E-02
  3.400000E-02  2.167874E-01 -2.899991E-01 -1.535167E-01 -3.224501E-02
  3.600000E-02  2.387635E-01 -3.217201E-01 -1.707225E-01 -3.528660E-02
  3.800000E-02  2.614206E-01 -3.548001E-01 -1.887407E-01 -3.841870E-02
  4.000000E-02  2.847193E-01 -3.892076E-01 -2.075614E-01 -4.163856E-02
  4.200000E-02  3.086225E-01 -4.249126E-01 -2.271757E-01 -4.494363E-02
  4.400000E-02  3.330947E-01 -4.618863E-01 -2.475749E-01 -4.833158E-02
  4.600000E-02  3.581022E-01 -5.001009E-01 -2.687510E-01 -5.180029E-02
  4.800000E-02  3.836130E-01 -5.395300E-01 -2.906965E-01 -5.534774E-02
  5.000000E-02  4.095965E-01 -5.801481E-01 -3.134042E-01 -5.897210E-02
  5.200000E-02  4.360235E-01 -6.219307E-01 -3.368675E-01 -6.267166E-02
  5.400000E-02  4.628665E-01 -6.648540E-01 -3.610800E-01 -6.644479E-02
  5.600000E-02  4.900987E-01 -7.088954E-01 -3.860356E-01 -7.029001E-02
  5.800000E-02  5.176949E-01 -7.540327E-01 -4.117287E-01 -7.420590E-02
  6.000000E-02  5.456309E-01 -8.002449E-01 -4.381538E-01 -7.819113E-02
  6.200000E-02  5.738836E-01 -8.475113E-01 -4.653059E-01 -8.224445E-02
  6.400000E-02  6.024309E-01 -8.958121E-01 -4.931799E-01 -8.636469E-02
  6.600000E-02  6.312517E-01 -9.451281E-01 -5.217714E-01 -9.055073E-02
  6.800000E-02  6.603258E-01 -9.954407E-01 -5.510757E-01 -9.480151E-02
  7.000000E-02  6.896337E-01 -1.046732E+00 -5.810888E-01 -9.911602E-02
  7.200000E-02  7.191571E-01 -1.098984E+00 -6.118065E-01 -1.034933E-01
  7.400000E-02  7.488781E-01 -1.152180E+00 -6.432250E-01 -1.079325E-01
  7.600000E-02  7.787797E-01 -1.206304E+00 -6.753406E-01 -1.124326E-01
  7.800000E-02  8.088458E-01 -1.261339E+00 -7.081497E-01 -1.169930E-01
  8.000000E-02  8.390608E-01 -1.317271E+00 -7.416489E-01 -1.216127E-01
  8.200000E-02  8.694096E-01 -1.374083E+00 -7.758351E-01 -1.262910E-01
  8.400000E-02  8.998781E-01 -1.431762E+00 -8.107050E-01 -1.310272E-01
  8.600000E-02  9.304525E-01 -1.490292E+00 -8.462556E-01 -1.358207E-01
  8.800000E-02  9.611197E-01 -1.549661E+00 -8.824841E-01 -1.406706E-01
  9.000000E-02  9.918671E-01 -1.609854E+00 -9.193877E-01 -1.455764E-01
  9.200000E-02  1.022683E+00 -1.670858E+00 -9.569636E-01 -1.505374E-01
  9.400000E-02  1.053555E+00 -1.732660E+00 -9.952093E-01 -1.555531E-01
  9.600000E-02  1.084472E+00 -1.795248E+00 -1.034122E+00 -1.606229E-01
  9.800000E-02  1.115425E+00 -1.858610E+00 -1.073700E+00 -1.657462E-01
  1.000000E-01  1.146402E+00 -1.922733E+00 -1.113940E+00 -1.709224E-01
  1.020000E-01  1.177394E+00 -1.987606E+00 -1.154841E+00 -1.761511E-01
  1.040000E-01  1.208392E+00 -2.053218E+00 -1.196399E+00 -1.814317E-01
  1.060000E-01  1.239386E+00 -2.119557E+00 -1.238614E+00 -1.867637E-01
  1.080000E-01  1.270368E+00 -2.186613E+00 -1.281482E+00 -1.921467E-01
  1.100000E-01  1.301331E+00 -2.254374E+00 -1.325002E+00 -1.975802E-01
  1.120000E-01  1.332265E+00 -2.322831E+00 -1.369172E+00 -2.030637E-01
  1.140000E-01  1.363163E+00 -2.391974E+00 -1.413990E+00 -2.085968E-01
  1.160000E-01  1.394019E+00 -2.461793E+00 -1.459453E+00 -2.141790E-01
  1.180000E-01  1.424825E+00 -2.532277E+00 -1.505562E+00 -2.198100E-01
  1.200000E-01  1.455575E+00 -2.603418E+00 -1.552312E+00 -2.254893E-01
  1.220000E-01  1.486262E+00 -2.675206E+00 -1.599703E+00 -2.312166E-01
  1.240000E-01  1.516880E+00 -2.747632E+00 -1.647734E+00 -2.369913E-01
  1.260000E-01  1.547424E+00 -2.820687E+00 -1.696401E+00 -2.428133E-01
  1.280000E-01  1.577888E+00 -2.894363E+00 -1.745705E+00 -2.486820E-01
  1.300000E-01  1.608266E+00 -2.968651E+00 -1.795643E+00 -2.545972E-01
  1.320000E-01  1.638554E+00 -3.043543E+00 -1.846213E+00 -2.605584E-01
  1.340000E-01  1.668747E+00 -3.119031E+00 -1.897414E+00 -2.665653E-01
  1.360000E-01  1.698839E+00 -3.195106E+00 -1.949245E+00 -2.726175E-01
  1.380000E-01  1.728828E+00 -3.271762E+00 -2.001704E+00 -2.787148E-01
  1.400000E-01  1.758708E+00 -3.348989E+00 -2.054789E+00 -2.848568E-01
  1.420000E-01  1.788455E+00 -3.426742E+00 -2.108548E+00 -2.910517E-01
  1.440000E-01  1.817848E+00 -3.504598E+00 -2.163482E+00 -2.973881E-01
  1.460000E-01  1.846979E+00 -3.582726E+00 -2.219385E+00 -3.038283E-01
  1.480000E-01  1.875890E+00 -3.661200E+00 -2.276162E+00 -3.103545E-01
  1.500000E-01  1.904596E+00 -3.740048E+00 -2.333773E+00 -3.169588E-01
  1.520000E-01  1.933106E+00 -3.819283E+00 -2.392194E+00 -3.236367E-01
  1.540000E-01  1.961426E+00 -3.898913E+00 -2.451408E+00 -3.303849E-01
  1.560000E-01  1.989559E+00 -3.978943E+00 -2.511405E+00 -3.372009E-01
  1.580000E-01  2.017507E+00 -4.059373E+00 -2.572175E+00 -3.440827E-01
  1.600000E-01  2.045272E+00 -4.140205E+00 -2.633709E+00 -3.510286E-01
  1.620000E-01  2.072856E+00 -4.221437E+00 -2.696003E+00 -3.580373E-01
  1.640000E-01  2.100258E+00 -4.303069E+00 -2.759050E+00 -3.651075E-01
  1.660000E-01  2.127480E+00 -4.385098E+00 -2.822845E+00 -3.722380E-01
  1.680000E-01  2.154522E+00 -4.467523E+00 -2.887385E+00 -3.794279E-01
  1.700000E-01  2.181384E+00 -4.550342E+00 -2.952665E+00 -3.866763E-01
  1.720000E-01  2.208066E+00 -4.633551E+00 -3.018682E+00 -3.939823E-01
  1.740000E-01  2.234569E+00 -4.717149E+00 -3.085432E+00 -4.013450E-01
  1.760000E-01  2.260893E+00 -4.801133E+00 -3.152913E+00 -4.087638E-01
  1.780000E-01  2.287038E+00 -4.885499E+00 -3.221120E+00 -4.162378E-01
  1.800000E-01  2.313003E+00 -4.970245E+00 -3.290051E+00 -4.237664E-01
  1.820000E-01  2.338790E+00 -5.055369E+00 -3.359703E+00 -4.313490E-01
  1.840000E-01  2.364398E+00 -5.140867E+00 -3.430074E+00 -4.389848E-01
  1.860000E-01  2.389828E+00 -5.226736E+00 -3.501161E+00 -4.466734E-01
  1.880000E-01  2.415079E+00 -5.312974E+00 -3.572961E+00 -4.544140E-01
  1.900000E-01  2.440152E+00 -5.399578E+00 -3.645471E+00 -4.622061E-01
  1.920000E-01  2.465047E+00 -5.486544E+00 -3.718690E+00 -4.700492E-01
  1.940000E-01  2.489764E+00 -5.573871E+00 -3.792614E+00 -4.779426E-01
  1.960000E-01  2.514304E+00 -5.661555E+00 -3.867241E+00 -4.858859E-01
  1.980000E-01  2.538667E+00 -5.749594E+00 -3.942570E+00 -4.938785E-01
  2.000000E-01  2.562853E+00 -5.837984E+00 -4.018596E+00 -5.019199E-01
  2.020000E-01  2.586863E+00 -5.926724E+00 -4.095318E+00 -5.100096E-01
  2.040000E-01  2.610697E+00 -6.015810E+00 -4.172734E+00 -5.181471E-01
  2.060000E-01  2.634355E+00 -6.105241E+00 -4.250842E+00 -5.263319E-01
  2.080000E-01  2.657838E+00 -6.195012E+00 -4.329637E+00 -5.345635E-01
  2.100000E-01  2.681146E+00 -6.285123E+00 -4.409120E+00 -5.428414E-01
  2.120000E-01  2.704281E+00 -6.375571E+00 -4.489286E+00 -5.511652E-01
  2.140000E-01  2.727242E+00 -6.466352E+00 -4.570134E+00 -5.595344E-01
  2.160000E-01  2.750029E+00 -6.557465E+00 -4.651661E+00 -5.679485E-01
  2.180000E-01  2.772645E+00 -6.648908E+00 -4.733865E+00 -5.764071E-01
  2.200000E-01  2.795088E+00 -6.740677E+00 -4.816743E+00 -5.849097E-01
  2.220000E-01  2.817360E+00 -6.832772E+00 -4.900294E+00 -5.934559E-01
  2.240000E-01  2.839462E+00 -6.925189E+00 -4.984514E+00 -6.020452E-01
  2.260000E-01  2.861394E+00 -7.017926E+00 -5.069401E+00 -6.106772E-01
  2.280000E-01  2.883156E+00 -7.110981E+00 -5.154953E+00 -6.193515E-01
  2.300000E-01  2.904750E+00 -7.204353E+00 -5.241168E+00 -6.280676E-01
  2.320000E-01  2.926177E+00 -7.298039E+00 -5.328042E+00 -6.368251E-01
  2.340000E-01  2.947436E+00 -7.392036E+00 -5.415575E+00 -6.456236E-01
  2.360000E-01  2.968529E+00 -7.486344E+00 -5.503762E+00 -6.544627E-01
  2.380000E-01  2.989456E+00 -7.580959E+00 -5.592602E+00 -6.633419E-01
  2.400000E-01  3.010219E+00 -7.675881E+00 -5.682092E+00 -6.722609E-01
  2.420000E-01  3.030818E+00 -7.771107E+00 -5.772230E+00 -6.812192E-01
  2.440000E-01  3.051253E+00 -7.866635E+00 -5.863013E+00 -6.902164E-01
  2.460000E-01  3.071527E+00 -7.962463E+00 -5.954439E+00 -6.992521E-01
  2.480000E-01  3.091639E+00 -8.058590E+00 -6.046505E+00 -7.083260E-01
  2.500000E-01  3.111590E+00 -8.155015E+00 -6.139209E+00 -7.174376E-01
  2.520000E-01  3.131381E+00 -8.251734E+00 -6.232548E+00 -7.265865E-01
  2.540000E-01  3.151014E+00 -8.348746E+00 -6.326519E+00 -7.357724E-01
  2.560000E-01  3.170488E+00 -8.446051E+00 -6.421121E+00 -7.449948E-01
  2.580000E-01  3.189806E+00 -8.543645E+00 -6.516351E+00 -7.542534E-01
  2.600000E-01  3.208967E+00 -8.641528E+00 -6.612206E+00 -7.635477E-01
  2.620000E-01  3.227973E+00 -8.739698E+00 -6.708683E+00 -7.728775E-01
  2.640000E-01  3.246824E+00 -8.838153E+00 -6.805780E+00 -7.822423E-01
  2.660000E-01  3.265522E+00 -8.936891E+00 -6.903494E+00 -7.916417E-01
  2.680000E-01  3.284067E+00 -9.035912E+00 -7.001823E+00 -8.010754E-01
  2.700000E-01  3.302460E+00 -9.135213E+00 -7.100765E+00 -8.105430E-01
  2.720000E-01  3.320703E+00 -9.234794E+00 -7.200316E+00 -8.200442E-01
  2.740000E-01  3.338796E+00 -9.334652E+00 -7.300474E+00 -8.295785E-01
  2.760000E-01  3.356740E+00 -9.434787E+00 -7.401236E+00 -8.391456E-01
  2.780000E-01  3.374536E+00 -9.535196E+00 -7.502600E+00 -8.487452E-01
  2.800000E-01  3.392184E+00 -9.635879E+00 -7.604564E+00 -8.583769E-01
  2.820000E-01  3.409687E+00 -9.736834E+00 -7.707124E+00 -8.680403E-01
  2.840000E-01  3.427044E+00 -9.838059E+00 -7.810277E+00 -8.777350E-01
  2.860000E-01  3.444258E+00 -9.939554E+00 -7.914022E+00 -8.874608E-01
  2.880000E-01  3.461328E+00 -1.004132E+01 -8.018356E+00 -8.972173E-01
  2.900000E-01  3.478255E+00 -1.014335E+01 -8.123275E+00 -9.070041E-01
  2.920000E-01  3.495041E+00 -1.024564E+01 -8.228778E+00 -9.168209E-01
  2.940000E-01  3.511687E+00 -1.034820E+01 -8.334862E+00 -9.266674E-01
  2.960000E-01  3.528193E+00 -1.045102E+01 -8.441523E+00 -9.365431E-01
  2.980000E-01  3.544561E+00 -1.055411E+01 -8.548760E+00 -9.464478E-01
  3.000000E-01  3.560790E+00 -1.065745E+01 -8.656569E+00 -9.563812E-01
  3.020000E-01  3.576884E+00 -1.076105E+01 -8.764949E+00 -9.663428E-01
  3.040000E-01  3.592841E+00 -1.086492E+01 -8.873895E+00 -9.763325E-01
  3.060000E-01  3.608663E+00 -1.096903E+01 -8.983407E+00 -9.863497E-01
  3.080000E-01  3.624352E+00 -1.107341E+01 -9.093480E+00 -9.963943E-01
  3.100000E-01  3.639908E+00 -1.117804E+01 -9.204112E+00 -1.006466E+00
  3.120000E-01  3.655331E+00 -1.128292E+01 -9.315301E+00 -1.016564E+00
  3.140000E-01  3.670624E+00 -1.138805E+01 -9.427044E+00 -1.026689E+00
  3.160000E-01  3.685786E+00 -1.149344E+01 -9.539338E+00 -1.036839E+00
  3.180000E-01  3.700819E+00 -1.159907E+01 -9.652181E+00 -1.047016E+00
  3.200000E-01  3.715724E+00 -1.170496E+01 -9.765569E+00 -1.057217E+00
  3.220000E-01  3.730502E+00 -1.181109E+01 -9.879500E+00 -1.067444E+00
  3.240000E-01  3.745152E+00 -1.191747E+01 -9.993972E+00 -1.077696E+00
  3.260000E-01  3.759678E+00 -1.202409E+01 -1.010898E+01 -1.087972E+00
  3.280000E-01  3.774078E+00 -1.213096E+01 -1.022453E+01 -1.098272E+00
  3.300000E-01  3.788355E+00 -1.223807E+01 -1.034060E+01 -1.108596E+00
  3.320000E-01  3.802509E+00 -1.234543E+01 -1.045721E+01 -1.118944E+00
  3.340000E-01  3.816540E+00 -1.245303E+01 -1.057434E+01 -1.129315E+00
  3.360000E-01  3.830451E+00 -1.256087E+01 -1.069200E+01 -1.139709E+00
  3.380000E-01  3.844242E+00 -1.266894E+01 -1.081018E+01 -1.150126E+00
  3.400000E-01  3.857913E+00 -1.277726E+01 -1.092888E+01 -1.160565E+00
  3.420000E-01  3.871465E+00 -1.288581E+01 -1.104809E+01 -1.171026E+00
  3.440000E-01  3.884900E+00 -1.299460E+01 -1.116782E+01 -1.181509E+00
  3.460000E-01  3.898219E+00 -1.310363E+01 -1.128806E+01 -1.192014E+00
  3.480000E-01  3.911421E+00 -1.321289E+01 -1.140881E+01 -1.202540E+00
  3.500000E-01  3.924509E+00 -1.332238E+01 -1.153006E+01 -1.213086E+00
  3.520000E-01  3.937482E+00 -1.343211E+01 -1.165182E+01 -1.223654E+00
  3.540000E-01  3.950342E+00 -1.354207E+01 -1.177407E+01 -1.234242E+00
  3.560000E-01  3.963090E+00 -1.365226E+01 -1.189683E+01 -1.244850E+00
  3.580000E-01  3.975726E+00 -1.376268E+01 -1.202008E+01 -1.255478E+00
  3.600000E-01  3.988251E+00 -1.387332E+01 -1.214382E+01 -1.266126E+00
  3.620000E-01  4.000666E+00 -1.398420E+01 -1.226805E+01 -1.276793E+00
  3.640000E-01  4.012972E+00 -1.409530E+01 -1.239276E+01 -1.287479E+00
  3.660000E-01  4.025170E+00 -1.420663E+01 -1.251796E+01 -1.298184E+00
  3.680000E-01  4.037260E+00 -1.431819E+01 -1.264365E+01 -1.308907E+00
  3.700000E-01  4.049244E+00 -1.442997E+01 -1.276981E+01 -1.319649E+00
  3.720000E-01  4.061121E+00 -1.454197E+01 -1.289645E+01 -1.330409E+00
  3.740000E-01  4.072894E+00 -1.465419E+01 -1.302356E+01 -1.341186E+00
  3.760000E-01  4.084562E+00 -1.476664E+01 -1.315114E+01 -1.351982E+00
  3.780000E-01  4.096127E+00 -1.487931E+01 -1.327919E+01 -1.362794E+00
  3.800000E-01  4.107589E+00 -1.499220E+01 -1.340771E+01 -1.373624E+00
  3.820000E-01  4.118949E+00 -1.510530E+01 -1.353669E+01 -1.384470E+00
  3.840000E-01  4.130208E+00 -1.521863E+01 -1.366613E+01 -1.395333E+00
  3.860000E-01  4.141366E+00 -1.533217E+01 -1.379603E+01 -1.406212E+00
  3.880000E-01  4.152425E+00 -1.544593E+01 -1.392639E+01 -1.417107E+00
  3.900000E-01  4.163385E+00 -1.555991E+01 -1.405720E+01 -1.428018E+00
  3.920000E-01  4.174247E+00 -1.567410E+01 -1.418846E+01 -1.438945E+00
  3.940000E-01  4.185011E+00 -1.578850E+01 -1.432016E+01 -1.449887E+00
  3.960000E-01  4.195679E+00 -1.590312E+01 -1.445231E+01 -1.460844E+00
  3.980000E-01  4.206251E+00 -1.601794E+01 -1.458491E+01 -1.471817E+00
  4.000000E-01  4.216727E+00 -1.613298E+01 -1.471794E+01 -1.482803E+00
  4.020000E-01  4.227109E+00 -1.624823E+01 -1.485142E+01 -1.493805E+00
  4.040000E-01  4.237397E+00 -1.636370E+01 -1.498532E+01 -1.504820E+00
  4.060000E-01  4.247593E+00 -1.647936E+01 -1.511966E+01 -1.515850E+00
  4.080000E-01  4.257695E+00 -1.659524E+01 -1.525444E+01 -1.526893E+00
  4.100000E-01  4.267707E+00 -1.671133E+01 -1.538963E+01 -1.537950E+00
  4.120000E-01  4.277627E+00 -1.682762E+01 -1.552526E+01 -1.549020E+00
  4.140000E-01  4.287457E+00 -1.694411E+01 -1.566130E+01 -1.560104E+00
  4.160000E-01  4.297197E+00 -1.706081E+01 -1.579777E+01 -1.571200E+00
  4.180000E-01  4.306849E+00 -1.717772E+01 -1.593465E+01 -1.582309E+00
  4.200000E-01  4.316412E+00 -1.729483E+01 -1.607195E+01 -1.593431E+00
  4.220000E-01  4.325888E+00 -1.741214E+01 -1.620966E+01 -1.604565E+00
  4.240000E-01  4.335277E+00 -1.752965E+01 -1.634778E+01 -1.615711E+00
  4.260000E-01  4.344579E+00 -1.764736E+01 -1.648631E+01 -1.626869E+00
  4.280000E-01  4.353797E+00 -1.776527E+01 -1.662525E+01 -1.638039E+00
  4.300000E-01  4.362929E+00 -1.788338E+01 -1.676459E+01 -1.649220E+00
  4.320000E-01  4.371977E+00 -1.800169E+01 -1.690433E+01 -1.660412E+00
  4.340000E-01  4.380941E+00 -1.812020E+01 -1.704446E+01 -1.671616E+00
  4.360000E-01  4.389822E+00 -1.823890E+01 -1.718500E+01 -1.682830E+00
  4.380000E-01  4.398621E+00 -1.835780E+01 -1.732592E+01 -1.694056E+00
  4.400000E-01  4.407338E+00 -1.847690E+01 -1.746724E+01 -1.705292E+00
  4.420000E-01  4.415974E+00 -1.859619E+01 -1.760894E+01 -1.716538E+00
  4.440000E-01  4.424530E+00 -1.871567E+01 -1.775104E+01 -1.727794E+00
  4.460000E-01  4.433005E+00 -1.883534E+01 -1.789351E+01 -1.739061E+00
  4.480000E-01  4.441401E+00 -1.895521E+01 -1.803637E+01 -1.750337E+00
  4.500000E-01  4.449719E+00 -1.907527E+01 -1.817961E+01 -1.761623E+00
  4.520000E-01  4.439489E+00 -1.909898E+01 -1.829445E+01 -1.772421E+00
  4.540000E-01  4.436824E+00 -1.916215E+01 -1.842115E+01 -1.783462E+00
  4.560000E-01  4.433343E+00 -1.922114E+01 -1.854676E+01 -1.794513E+00
  4.580000E-01  4.429318E+00 -1.927733E+01 -1.867168E+01 -1.805581E+00
  4.600000E-01  4.424921E+00 -1.933161E+01 -1.879616E+01 -1.816667E+00
  4.620000E-01  4.420269E+00 -1.938456E+01 -1.892037E+01 -1.827773E+00
  4.640000E-01  4.415442E+00 -1.943662E+01 -1.904442E+01 -1.838900E+00
  4.660000E-01  4.410501E+00 -1.948809E+01 -1.916842E+01 -1.850045E+00
  4.680000E-01  4.405490E+00 -1.953920E+01 -1.929242E+01 -1.861209E+00
  4.700000E-01  4.400442E+00 -1.959013E+01 -1.941646E+01 -1.872390E+00
  4.720000E-01  4.395383E+00 -1.964102E+01 -1.954059E+01 -1.883587E+00
  4.740000E-01  4.390333E+00 -1.969196E+01 -1.966484E+01 -1.894799E+00
  4.760000E-01  4.385306E+00 -1.974305E+01 -1.978921E+01 -1.906025E+00
  4.780000E-01  4.380317E+00 -1.979434E+01 -1.991374E+01 -1.917264E+00
  4.800000E-01  4.375373E+00 -1.984590E+01 -2.003844E+01 -1.928514E+00
  4.820000E-01  4.370482E+00 -1.989777E+01 -2.016330E+01 -1.939774E+00
  4.840000E-01  4.365651E+00 -1.994997E+01 -2.028835E+01 -1.951045E+00
  4.860000E-01  4.360883E+00 -2.000254E+01 -2.041359E+01 -1.962323E+00
  4.880000E-01  4.356183E+00 -2.005549E+01 -2.053901E+01 -1.973610E+00
  4.900000E-01  4.354214E+00 -2.010888E+01 -2.065545E+01 -1.983585E+00
  4.920000E-01  4.350968E+00 -2.016230E+01 -2.077637E+01 -1.994189E+00
  4.940000E-01  4.347914E+00 -2.021588E+01 -2.089681E+01 -2.004709E+00
  4.960000E-01  4.345030E+00 -2.026960E+01 -2.101685E+01 -2.015155E+00
  4.980000E-01  4.342300E+00 -2.032346E+01 -2.113654E+01 -2.025533E+00
  5.000000E-01  4.339711E+00 -2.037743E+01 -2.125591E+01 -2.035850E+00
  5.020000E-01  4.337253E+00 -2.043154E+01 -2.137499E+01 -2.046110E+00
  5.040000E-01  4.334919E+00 -2.048576E+01 -2.149382E+01 -2.056318E+00
  5.060000E-01  4.332702E+00 -2.054009E+01 -2.161243E+01 -2.066476E+00
  5.080000E-01  4.330598E+00 -2.059455E+01 -2.173083E+01 -2.076588E+00
  5.100000E-01  4.328601E+00 -2.064913E+01 -2.184903E+01 -2.086657E+00
  5.120000E-01  4.326708E+00 -2.070383E+01 -2.196708E+01 -2.096684E+00
  5.140000E-01  4.324916E+00 -2.075866E+01 -2.208496E+01 -2.106672E+00
  5.160000E-01  4.323222E+00 -2.081362E+01 -2.220272E+01 -2.116624E+00
  5.180000E-01  4.321624E+00 -2.086872E+01 -2.232035E+01 -2.126540E+00
  5.200000E-01  4.320120E+00 -2.092395E+01 -2.243787E+01 -2.136423E+00
  5.220000E-01  4.318708E+00 -2.097933E+01 -2.255529E+01 -2.146275E+00
  5.240000E-01  4.317386E+00 -2.103486E+01 -2.267263E+01 -2.156096E+00
  5.260000E-01  4.316152E+00 -2.109055E+01 -2.278990E+01 -2.165888E+00
  5.280000E-01  4.315007E+00 -2.114639E+01 -2.290711E+01 -2.175653E+00
  5.300000E-01  4.313947E+00 -2.120240E+01 -2.302426E+01 -2.185392E+00
  5.320000E-01  4.312972E+00 -2.125857E+01 -2.314138E+01 -2.195107E+00
  5.340000E-01  4.312081E+00 -2.131492E+01 -2.325846E+01 -2.204798E+00
  5.360000E-01  4.311273E+00 -2.137145E+01 -2.337552E+01 -2.214466E+00
  5.380000E-01  4.310547E+00 -2.142817E+01 -2.349257E+01 -2.224114E+00
  5.400000E-01  4.309901E+00 -2.148507E+01 -2.360961E+01 -2.233742E+00
  5.420000E-01  4.309335E+00 -2.154217E+01 -2.372665E+01 -2.243350E+00
  5.440000E-01  4.308846E+00 -2.159946E+01 -2.384371E+01 -2.252942E+00
  5.460000E-01  4.308435E+00 -2.165695E+01 -2.396079E+01 -2.262516E+00
  5.480000E-01  4.308098E+00 -2.171464E+01 -2.407789E+01 -2.272075E+00
  5.500000E-01  4.307836E+00 -2.177253E+01 -2.419503E+01 -2.281620E+00
  5.520000E-01  4.307645E+00 -2.183063E+01 -2.431220E+01 -2.291152E+00
  5.540000E-01  4.307524E+00 -2.188894E+01 -2.442942E+01 -2.300672E+00
  5.560000E-01  4.307471E+00 -2.194744E+01 -2.454670E+01 -2.310181E+00
  5.580000E-01  4.307483E+00 -2.200615E+01 -2.466403E+01 -2.319680E+00
  5.600000E-01  4.307556E+00 -2.206505E+01 -2.478142E+01 -2.329171E+00
  5.620000E-01  4.307688E+00 -2.212414E+01 -2.489888E+01 -2.338655E+00
  5.640000E-01  4.307875E+00 -2.218341E+01 -2.501641E+01 -2.348132E+00
  5.660000E-01  4.308113E+00 -2.224286E+01 -2.513401E+01 -2.357604E+00
  5.680000E-01  4.308395E+00 -2.230246E+01 -2.525169E+01 -2.367073E+00
  5.700000E-01  4.308718E+00 -2.236221E+01 -2.536944E+01 -2.376539E+00
  5.720000E-01  4.309075E+00 -2.242208E+01 -2.548726E+01 -2.386003E+00
  5.740000E-01  4.309459E+00 -2.248206E+01 -2.560516E+01 -2.395468E+00
  5.760000E-01  4.309862E+00 -2.254213E+01 -2.572313E+01 -2.404933E+00
  5.780000E-01  4.310277E+00 -2.260224E+01 -2.584117E+01 -2.414400E+00
  5.800000E-01  4.310695E+00 -2.266238E+01 -2.595927E+01 -2.423869E+00
  5.820000E-01  4.311105E+00 -2.272250E+01 -2.607742E+01 -2.433342E+00
  5.840000E-01  4.311499E+00 -2.278258E+01 -2.619562E+01 -2.442820E+00
  5.860000E-01  4.311864E+00 -2.284256E+01 -2.631386E+01 -2.452302E+00
  5.880000E-01  4.312192E+00 -2.290242E+01 -2.643212E+01 -2.461790E+00
  5.900000E-01  4.312470E+00 -2.296210E+01 -2.655039E+01 -2.471283E+00
  5.920000E-01  4.312688E+00 -2.302156E+01 -2.666866E+01 -2.480782E+00
  5.940000E-01  4.312834E+00 -2.308077E+01 -2.678691E+01 -2.490285E+00
  5.960000E-01  4.312900E+00 -2.313967E+01 -2.690513E+01 -2.499794E+00
  5.980000E-01  4.312875E+00 -2.319822E+01 -2.702331E+01 -2.509306E+00
  6.000000E-01  4.312751E+00 -2.325640E+01 -2.714142E+01 -2.518822E+00
  6.020000E-01  4.312521E+00 -2.331417E+01 -2.725946E+01 -2.528340E+00
  6.040000E-01  4.312178E+00 -2.337150E+01 -2.737740E+01 -2.537859E+00
  6.060000E-01  4.311717E+00 -2.342836E+01 -2.749524E+01 -2.547377E+00
  6.080000E-01  4.311134E+00 -2.348474E+01 -2.761297E+01 -2.556894E+00
  6.100000E-01  4.310427E+00 -2.354063E+01 -2.773057E+01 -2.566408E+00
  6.120000E-01  4.309593E+00 -2.359600E+01 -2.784804E+01 -2.575917E+00
  6.140000E-01  4.308632E+00 -2.365087E+01 -2.796536E+01 -2.585421E+00
  6.160000E-01  4.307541E+00 -2.370521E+01 -2.808253E+01 -2.594917E+00
  6.180000E-01  4.306320E+00 -2.375902E+01 -2.819954E+01 -2.604404E+00
  6.200000E-01  4.304966E+00 -2.381229E+01 -2.831638E+01 -2.613882E+00
  6.220000E-01  4.303469E+00 -2.386498E+01 -2.843304E+01 -2.623348E+00
  6.240000E-01  4.301804E+00 -2.391698E+01 -2.854947E+01 -2.632802E+00
  6.260000E-01  4.299945E+00 -2.396818E+01 -2.866565E+01 -2.642243E+00
  6.280000E-01  4.298106E+00 -2.401947E+01 -2.878182E+01 -2.651672E+00
  6.300000E-01  4.296285E+00 -2.407086E+01 -2.889798E+01 -2.661090E+00
  6.320000E-01  4.294484E+00 -2.412233E+01 -2.901413E+01 -2.670497E+00
  6.340000E-01  4.292702E+00 -2.417390E+01 -2.913027E+01 -2.679893E+00
  6.360000E-01  4.290938E+00 -2.422555E+01 -2.924640E+01 -2.689277E+00
  6.380000E-01  4.289193E+00 -2.427730E+01 -2.936252E+01 -2.698651E+00
  6.400000E-01  4.287467E+00 -2.432915E+01 -2.947864E+01 -2.708013E+00
  6.420000E-01  4.285758E+00 -2.438108E+01 -2.959474E+01 -2.717364E+00
  6.440000E-01  4.284069E+00 -2.443311E+01 -2.971083E+01 -2.726704E+00
  6.460000E-01  4.282397E+00 -2.448523E+01 -2.982692E+01 -2.736033E+00
  6.480000E-01  4.280743E+00 -2.453745E+01 -2.994299E+01 -2.745351E+00
  6.500000E-01  4.279107E+00 -2.458976E+01 -3.005906E+01 -2.754658E+00
  6.520000E-01  4.277489E+00 -2.464217E+01 -3.017511E+01 -2.763953E+00
  6.540000E-01  4.275888E+00 -2.469467E+01 -3.029116E+01 -2.773237E+00
  6.560000E-01  4.274305E+00 -2.474727E+01 -3.040720E+01 -2.782510E+00
  6.580000E-01  4.272739E+00 -2.479997E+01 -3.052322E+01 -2.791772E+00
  6.600000E-01  4.271190E+00 -2.485276E+01 -3.063924E+01 -2.801023E+00
  6.620000E-01  4.269658E+00 -2.490565E+01 -3.075524E+01 -2.810263E+00
  6.640000E-01  4.268144E+00 -2.495864E+01 -3.087123E+01 -2.819491E+00
  6.660000E-01  4.266645E+00 -2.501172E+01 -3.098722E+01 -2.828708E+00
  6.680000E-01  4.265164E+00 -2.506490E+01 -3.110319E+01 -2.837914E+00
  6.700000E-01  4.263699E+00 -2.511818E+01 -3.121915E+01 -2.847109E+00
  6.720000E-01  4.262250E+00 -2.517156E+01 -3.133510E+01 -2.856293E+00
  6.740000E-01  4.260818E+00 -2.522504E+01 -3.145104E+01 -2.865465E+00
  6.760000E-01  4.259401E+00 -2.527861E+01 -3.156697E+01 -2.874627E+00
  6.780000E-01  4.258001E+00 -2.533229E+01 -3.168289E+01 -2.883777E+00
  6.800000E-01  4.252472E+00 -2.536420E+01 -3.176284E+01 -2.889924E+00
  6.820000E-01  4.249874E+00 -2.541151E+01 -3.186794E+01 -2.898157E+00
  6.840000E-01  4.247194E+00 -2.545836E+01 -3.197212E+01 -2.906305E+00
  6.860000E-01  4.244442E+00 -2.550480E+01 -3.207545E+01 -2.914373E+00
  6.880000E-01  4.241623E+00 -2.555086E+01 -3.217797E+01 -2.922366E+00
  6.900000E-01  4.238745E+00 -2.559656E+01 -3.227974E+01 -2.930287E+00
  6.920000E-01  4.235813E+00 -2.564194E+01 -3.238078E+01 -2.938141E+00
  6.940000E-01  4.232830E+00 -2.568701E+01 -3.248114E+01 -2.945929E+00
  6.960000E-01  4.229802E+00 -2.573179E+01 -3.258085E+01 -2.953655E+00
  6.980000E-01  4.226731E+00 -2.577630E+01 -3.267992E+01 -2.961321E+00
  7.000000E-01  4.223622E+00 -2.582054E+01 -3.277838E+01 -2.968928E+00
  7.020000E-01  4.220477E+00 -2.586455E+01 -3.287626E+01 -2.976479E+00
  7.040000E-01  4.217300E+00 -2.590832E+01 -3.297357E+01 -2.983976E+00
  7.060000E-01  4.214092E+00 -2.595188E+01 -3.307033E+01 -2.991419E+00
  7.080000E-01  4.210857E+00 -2.599522E+01 -3.316655E+01 -2.998811E+00
  7.100000E-01  4.207596E+00 -2.603836E+01 -3.326226E+01 -3.006152E+00
  7.120000E-01  4.204312E+00 -2.608132E+01 -3.335746E+01 -3.013444E+00
  7.140000E-01  4.201007E+00 -2.612409E+01 -3.345217E+01 -3.020688E+00
  7.160000E-01  4.197683E+00 -2.616669E+01 -3.354640E+01 -3.027886E+00
  7.180000E-01  4.194341E+00 -2.620912E+01 -3.364016E+01 -3.035037E+00
  7.200000E-01  4.190983E+00 -2.625139E+01 -3.373346E+01 -3.042144E+00
  7.220000E-01  4.187611E+00 -2.629352E+01 -3.382632E+01 -3.049207E+00
  7.240000E-01  4.184226E+00 -2.633549E+01 -3.391874E+01 -3.056226E+00
  7.260000E-01  4.180830E+00 -2.637733E+01 -3.401073E+01 -3.063204E+00
  7.280000E-01  4.177424E+00 -2.641903E+01 -3.410230E+01 -3.070139E+00
  7.300000E-01  4.174010E+00 -2.646061E+01 -3.419346E+01 -3.077035E+00
  7.320000E-01  4.170588E+00 -2.650206E+01 -3.428422E+01 -3.083890E+00
  7.340000E-01  4.167160E+00 -2.654340E+01 -3.437458E+01 -3.090706E+00
  7.360000E-01  4.163727E+00 -2.658463E+01 -3.446455E+01 -3.097483E+00
  7.380000E-01  4.160291E+00 -2.662575E+01 -3.455414E+01 -3.104222E+00
  7.400000E-01  4.156851E+00 -2.666676E+01 -3.464336E+01 -3.110923E+00
  7.420000E-01  4.153410E+00 -2.670768E+01 -3.473221E+01 -3.117588E+00
  7.440000E-01  4.149968E+00 -2.674850E+01 -3.482069E+01 -3.124217E+00
  7.460000E-01  4.146526E+00 -2.678924E+01 -3.490882E+01 -3.130809E+00
  7.480000E-01  4.143086E+00 -2.682989E+01 -3.499659E+01 -3.137367E+00
  7.500000E-01  4.139647E+00 -2.687045E+01 -3.508402E+01 -3.143890E+00
  7.520000E-01  4.136210E+00 -2.691094E+01 -3.517111E+01 -3.150378E+00
  7.540000E-01  4.132778E+00 -2.695136E+01 -3.525787E+01 -3.156833E+00
  7.560000E-01  4.129349E+00 -2.699170E+01 -3.534429E+01 -3.163255E+00
  7.580000E-01  4.125925E+00 -2.703198E+01 -3.543039E+01 -3.169643E+00
  7.600000E-01  4.122507E+00 -2.707219E+01 -3.551617E+01 -3.175999E+00
  7.620000E-01  4.119096E+00 -2.711233E+01 -3.560164E+01 -3.182324E+00
  7.640000E-01  4.115691E+00 -2.715243E+01 -3.568679E+01 -3.188616E+00
  7.660000E-01  4.112294E+00 -2.719246E+01 -3.577163E+01 -3.194877E+00
  7.680000E-01  4.108905E+00 -2.723244E+01 -3.585617E+01 -3.201108E+00
  7.700000E-01  4.105525E+00 -2.727238E+01 -3.594041E+01 -3.207308E+00
  7.720000E-01  4.102154E+00 -2.731226E+01 -3.602436E+01 -3.213478E+00
  7.740000E-01  4.098793E+00 -2.735210E+01 -3.610801E+01 -3.219618E+00
  7.760000E-01  4.095442E+00 -2.739190E+01 -3.619138E+01 -3.225728E+00
  7.780000E-01  4.092103E+00 -2.743166E+01 -3.627446E+01 -3.231810E+00
  7.800000E-01  4.088774E+00 -2.747139E+01 -3.635726E+01 -3.237862E+00
  7.820000E-01  4.085458E+00 -2.751108E+01 -3.643978E+01 -3.243886E+00
  7.840000E-01  4.082153E+00 -2.755074E+01 -3.652203E+01 -3.249882E+00
  7.860000E-01  4.078862E+00 -2.759036E+01 -3.660400E+01 -3.255850E+00
  7.880000E-01  4.075583E+00 -2.762996E+01 -3.668571E+01 -3.261791E+00
  7.900000E-01  4.072318E+00 -2.766954E+01 -3.676715E+01 -3.267704E+00
  7.920000E-01  4.069066E+00 -2.770909E+01 -3.684833E+01 -3.273590E+00
  7.940000E-01  4.065829E+00 -2.774862E+01 -3.692926E+01 -3.279450E+00
  7.960000E-01  4.062606E+00 -2.778813E+01 -3.700992E+01 -3.285283E+00
  7.980000E-01  4.059398E+00 -2.782762E+01 -3.709033E+01 -3.291090E+00
  8.000000E-01  4.056206E+00 -2.786709E+01 -3.717049E+01 -3.296871E+00
  8.020000E-01  4.053028E+00 -2.790656E+01 -3.725041E+01 -3.302626E+00
  8.040000E-01  4.049867E+00 -2.794601E+01 -3.733007E+01 -3.308355E+00
  8.060000E-01  4.046722E+00 -2.798545E+01 -3.740950E+01 -3.314060E+00
  8.080000E-01  4.043592E+00 -2.802488E+01 -3.748868E+01 -3.319739E+00
  8.100000E-01  4.040480E+00 -2.806430E+01 -3.756763E+01 -3.325393E+00
  8.120000E-01  4.037384E+00 -2.810372E+01 -3.764634E+01 -3.331023E+00
  8.140000E-01  4.034306E+00 -2.814314E+01 -3.772481E+01 -3.336629E+00
  8.160000E-01  4.031244E+00 -2.818255E+01 -3.780306E+01 -3.342211E+00
  8.180000E-01  4.028201E+00 -2.822196E+01 -3.788108E+01 -3.347768E+00
  8.200000E-01  4.025174E+00 -2.826138E+01 -3.795887E+01 -3.353302E+00
  8.220000E-01  4.022166E+00 -2.830079E+01 -3.803643E+01 -3.358812E+00
  8.240000E-01  4.019176E+00 -2.834021E+01 -3.811377E+01 -3.364299E+00
  8.260000E-01  4.016204E+00 -2.837964E+01 -3.819089E+01 -3.369763E+00
  8.280000E-01  4.013251E+00 -2.841907E+01 -3.826780E+01 -3.375204E+00
  8.300000E-01  4.010316E+00 -2.845851E+01 -3.834448E+01 -3.380622E+00
  8.320000E-01  4.007400E+00 -2.849795E+01 -3.842096E+01 -3.386018E+00
  8.340000E-01  4.004503E+00 -2.853741E+01 -3.849722E+01 -3.391391E+00
  8.360000E-01  4.001625E+00 -2.857688E+01 -3.857326E+01 -3.396742E+00
  8.380000E-01  3.998767E+00 -2.861637E+01 -3.864910E+01 -3.402071E+00
  8.400000E-01  3.995927E+00 -2.865586E+01 -3.872474E+01 -3.407378E+00
  8.420000E-01  3.993107E+00 -2.869537E+01 -3.880016E+01 -3.412663E+00
  8.440000E-01  3.990307E+00 -2.873490E+01 -3.887539E+01 -3.417926E+00
  8.460000E-01  3.987526E+00 -2.877445E+01 -3.895041E+01 -3.423169E+00
  8.480000E-01  3.984765E+00 -2.881401E+01 -3.902523E+01 -3.428390E+00
  8.500000E-01  3.982024E+00 -2.885360E+01 -3.909985E+01 -3.433590E+00
  8.520000E-01  3.979303E+00 -2.889320E+01 -3.917427E+01 -3.438769E+00
  8.540000E-01  3.976601E+00 -2.893283E+01 -3.924850E+01 -3.443927E+00
  8.560000E-01  3.973920E+00 -2.897248E+01 -3.932254E+01 -3.449064E+00
  8.580000E-01  3.971259E+00 -2.901215E+01 -3.939638E+01 -3.454181E+00
  8.600000E-01  3.968619E+00 -2.905185E+01 -3.947003E+01 -3.459278E+00
  8.620000E-01  3.965998E+00 -2.909157E+01 -3.954349E+01 -3.464354E+00
  8.640000E-01  3.963398E+00 -2.913132E+01 -3.961677E+01 -3.469411E+00
  8.660000E-01  3.960819E+00 -2.917110E+01 -3.968985E+01 -3.474447E+00
  8.680000E-01  3.958260E+00 -2.921090E+01 -3.976276E+01 -3.479464E+00
  8.700000E-01  3.955721E+00 -2.925074E+01 -3.983547E+01 -3.484461E+00
  8.720000E-01  3.953203E+00 -2.929060E+01 -3.990801E+01 -3.489438E+00
  8.740000E-01  3.950705E+00 -2.933050E+01 -3.998036E+01 -3.494396E+00
  8.760000E-01  3.948228E+00 -2.937043E+01 -4.005253E+01 -3.499334E+00
  8.780000E-01  3.945772E+00 -2.941039E+01 -4.012453E+01 -3.504253E+00
  8.800000E-01  3.943337E+00 -2.945038E+01 -4.019635E+01 -3.509154E+00
  8.820000E-01  3.940922E+00 -2.949041E+01 -4.026799E+01 -3.514035E+00
  8.840000E-01  3.938527E+00 -2.953047E+01 -4.033945E+01 -3.518897E+00
  8.860000E-01  3.936154E+00 -2.957057E+01 -4.041075E+01 -3.523741E+00
  8.880000E-01  3.933801E+00 -2.961070E+01 -4.048187E+01 -3.528566E+00
  8.900000E-01  3.931469E+00 -2.965087E+01 -4.055282E+01 -3.533372E+00
  8.920000E-01  3.929157E+00 -2.969108E+01 -4.062359E+01 -3.538160E+00
  8.940000E-01  3.926866E+00 -2.973133E+01 -4.069420E+01 -3.542930E+00
  8.960000E-01  3.924596E+00 -2.977162E+01 -4.076464E+01 -3.547682E+00
  8.980000E-01  3.922347E+00 -2.981194E+01 -4.083492E+01 -3.552415E+00
  9.000000E-01  3.920118E+00 -2.985231E+01 -4.090503E+01 -3.557131E+00
  9.020000E-01  3.917910E+00 -2.989272E+01 -4.097497E+01 -3.561829E+00
  9.040000E-01  3.915723E+00 -2.993317E+01 -4.104475E+01 -3.566508E+00
  9.060000E-01  3.913556E+00 -2.997366E+01 -4.111437E+01 -3.571171E+00
  9.080000E-01  3.911410E+00 -3.001420E+01 -4.118382E+01 -3.575815E+00
  9.100000E-01  3.909285E+00 -3.005478E+01 -4.125312E+01 -3.580442E+00
  9.120000E-01  3.907180E+00 -3.009540E+01 -4.132225E+01 -3.585052E+00
  9.140000E-01  3.905095E+00 -3.013607E+01 -4.139123E+01 -3.589644E+00
  9.160000E-01  3.903031E+00 -3.017679E+01 -4.146005E+01 -3.594219E+00
  9.180000E-01  3.900988E+00 -3.021755E+01 -4.152871E+01 -3.598777E+00
  9.200000E-01  3.898965E+00 -3.025835E+01 -4.159722E+01 -3.603318E+00
  9.220000E-01  3.896962E+00 -3.029921E+01 -4.166557E+01 -3.607843E+00
  9.240000E-01  3.894980E+00 -3.034011E+01 -4.173377E+01 -3.612350E+00
  9.260000E-01  3.893018E+00 -3.038106E+01 -4.180182E+01 -3.616840E+00
  9.280000E-01  3.891077E+00 -3.042206E+01 -4.186971E+01 -3.621314E+00
  9.300000E-01  3.889155E+00 -3.046311E+01 -4.193745E+01 -3.625771E+00
  9.320000E-01  3.887254E+00 -3.050420E+01 -4.200505E+01 -3.630212E+00
  9.340000E-01  3.885373E+00 -3.054535E+01 -4.207249E+01 -3.634636E+00
  9.360000E-01  3.883512E+00 -3.058655E+01 -4.213979E+01 -3.639044E+00
  9.380000E-01  3.881671E+00 -3.062780E+01 -4.220693E+01 -3.643436E+00
  9.400000E-01  3.879850E+00 -3.066910E+01 -4.227394E+01 -3.647811E+00
  9.420000E-01  3.878050E+00 -3.071046E+01 -4.234079E+01 -3.652171E+00
  9.440000E-01  3.876269E+00 -3.075187E+01 -4.240750E+01 -3.656514E+00
  9.460000E-01  3.874507E+00 -3.079333E+01 -4.247407E+01 -3.660842E+00
  9.480000E-01  3.872766E+00 -3.083484E+01 -4.254049E+01 -3.665153E+00
  9.500000E-01  3.871044E+00 -3.087641E+01 -4.260678E+01 -3.669449E+00
  9.520000E-01  3.869342E+00 -3.091804E+01 -4.267292E+01 -3.673729E+00
  9.540000E-01  3.867660E+00 -3.095972E+01 -4.273892E+01 -3.677994E+00
  9.560000E-01  3.865997E+00 -3.100145E+01 -4.280478E+01 -3.682243E+00
  9.580000E-01  3.864354E+00 -3.104324E+01 -4.287050E+01 -3.686476E+00
  9.600000E-01  3.862730E+00 -3.108509E+01 -4.293609E+01 -3.690694E+00
  9.620000E-01  3.861125E+00 -3.112700E+01 -4.300154E+01 -3.694897E+00
  9.640000E-01  3.859540E+00 -3.116896E+01 -4.306685E+01 -3.699085E+00
  9.660000E-01  3.857974E+00 -3.121098E+01 -4.313203E+01 -3.703258E+00
  9.680000E-01  3.856427E+00 -3.125306E+01 -4.319707E+01 -3.707415E+00
  9.700000E-01  3.854900E+00 -3.129520E+01 -4.326198E+01 -3.711558E+00
  9.720000E-01  3.853391E+00 -3.133740E+01 -4.332676E+01 -3.715685E+00
  9.740000E-01  3.851901E+00 -3.137966E+01 -4.339141E+01 -3.719798E+00
  9.760000E-01  3.850430E+00 -3.142199E+01 -4.345592E+01 -3.723897E+00
  9.780000E-01  3.848978E+00 -3.146437E+01 -4.352031E+01 -3.727980E+00
  9.800000E-01  3.847545E+00 -3.150681E+01 -4.358457E+01 -3.732049E+00
  9.820000E-01  3.844745E+00 -3.153229E+01 -4.362896E+01 -3.734673E+00
  9.840000E-01  3.842534E+00 -3.156483E+01 -4.368142E+01 -3.737880E+00
  9.860000E-01  3.840249E+00 -3.159627E+01 -4.373247E+01 -3.740981E+00
  9.880000E-01  3.837904E+00 -3.162679E+01 -4.378233E+01 -3.743993E+00
  9.900000E-01  3.835513E+00 -3.165653E+01 -4.383117E+01 -3.746930E+00
  9.920000E-01  3.833083E+00 -3.168561E+01 -4.387911E+01 -3.749799E+00
  9.940000E-01  3.830621E+00 -3.171409E+01 -4.392625E+01 -3.752608E+00
  9.960000E-01  3.828133E+00 -3.174204E+01 -4.397268E+01 -3.755363E+00
  9.980000E-01  3.825623E+00 -3.176952E+01 -4.401844E+01 -3.758068E+00
  1.000000E+00  3.823095E+00 -3.179656E+01 -4.406360E+01 -3.760728E+00
  1.002000E+00  3.820553E+00 -3.182321E+01 -4.410820E+01 -3.763346E+00
  1.004000E+00  3.817998E+00 -3.184950E+01 -4.415229E+01 -3.765924E+00
  1.006000E+00  3.815434E+00 -3.187545E+01 -4.419589E+01 -3.768466E+00
  1.008000E+00  3.812862E+00 -3.190110E+01 -4.423905E+01 -3.770973E+00
  1.010000E+00  3.810285E+00 -3.192647E+01 -4.428178E+01 -3.773448E+00
  1.012000E+00  3.807704E+00 -3.195158E+01 -4.432413E+01 -3.775893E+00
  1.014000E+00  3.805121E+00 -3.197644E+01 -4.436610E+01 -3.778310E+00
  1.016000E+00  3.802537E+00 -3.200108E+01 -4.440773E+01 -3.780700E+00
  1.018000E+00  3.799954E+00 -3.202550E+01 -4.444904E+01 -3.783065E+00
  1.020000E+00  3.797372E+00 -3.204974E+01 -4.449004E+01 -3.785406E+00
  1.022000E+00  3.794792E+00 -3.207381E+01 -4.453076E+01 -3.787726E+00
  1.024000E+00  3.792217E+00 -3.209771E+01 -4.457124E+01 -3.790026E+00
  1.026000E+00  3.789647E+00 -3.212149E+01 -4.461149E+01 -3.792308E+00
  1.028000E+00  3.787083E+00 -3.214520E+01 -4.465163E+01 -3.794580E+00
  1.030000E+00  3.784526E+00 -3.216878E+01 -4.469156E+01 -3.796835E+00
  1.032000E+00  3.781974E+00 -3.219219E+01 -4.473119E+01 -3.799067E+00
  1.034000E+00  3.779428E+00 -3.221544E+01 -4.477054E+01 -3.801276E+00
  1.036000E+00  3.776888E+00 -3.223853E+01 -4.480961E+01 -3.803465E+00
  1.038000E+00  3.774356E+00 -3.226147E+01 -4.484842E+01 -3.805632E+00
  1.040000E+00  3.771831E+00 -3.228427E+01 -4.488697E+01 -3.807780E+00
  1.042000E+00  3.769313E+00 -3.230693E+01 -4.492527E+01 -3.809907E+00
  1.044000E+00  3.766804E+00 -3.232946E+01 -4.496333E+01 -3.812016E+00
  1.046000E+00  3.764304E+00 -3.235186E+01 -4.500114E+01 -3.814105E+00
  1.048000E+00  3.761812E+00 -3.237414E+01 -4.503873E+01 -3.816177E+00
  1.050000E+00  3.759330E+00 -3.239630E+01 -4.507610E+01 -3.818231E+00
  1.052000E+00  3.756857E+00 -3.241835E+01 -4.511325E+01 -3.820268E+00
  1.054000E+00  3.754394E+00 -3.244030E+01 -4.515019E+01 -3.822287E+00
  1.056000E+00  3.751941E+00 -3.246213E+01 -4.518691E+01 -3.824291E+00
  1.058000E+00  3.749498E+00 -3.248387E+01 -4.522344E+01 -3.826278E+00
  1.060000E+00  3.747065E+00 -3.250551E+01 -4.525977E+01 -3.828249E+00
  1.062000E+00  3.744644E+00 -3.252705E+01 -4.529591E+01 -3.830205E+00
  1.064000E+00  3.742233E+00 -3.254851E+01 -4.533186E+01 -3.832146E+00
  1.066000E+00  3.739833E+00 -3.256987E+01 -4.536762E+01 -3.834072E+00
  1.068000E+00  3.737444E+00 -3.259116E+01 -4.540320E+01 -3.835983E+00
  1.070000E+00  3.735066E+00 -3.261236E+01 -4.543861E+01 -3.837880E+00
  1.072000E+00  3.732700E+00 -3.263348E+01 -4.547384E+01 -3.839763E+00
  1.074000E+00  3.730345E+00 -3.265452E+01 -4.550891E+01 -3.841632E+00
  1.076000E+00  3.728002E+00 -3.267549E+01 -4.554380E+01 -3.843488E+00
  1.078000E+00  3.725670E+00 -3.269639E+01 -4.557854E+01 -3.845331E+00
  1.080000E+00  3.723350E+00 -3.271722E+01 -4.561311E+01 -3.847161E+00
  1.082000E+00  3.721042E+00 -3.273798E+01 -4.564753E+01 -3.848977E+00
  1.084000E+00  3.718746E+00 -3.275867E+01 -4.568180E+01 -3.850782E+00
  1.086000E+00  3.716462E+00 -3.277930E+01 -4.571591E+01 -3.852573E+00
  1.088000E+00  3.714190E+00 -3.279987E+01 -4.574987E+01 -3.854353E+00
  1.090000E+00  3.711930E+00 -3.282038E+01 -4.578369E+01 -3.856121E+00
  1.092000E+00  3.709683E+00 -3.284083E+01 -4.581736E+01 -3.857876E+00
  1.094000E+00  3.707447E+00 -3.286123E+01 -4.585089E+01 -3.859620E+00
  1.096000E+00  3.705224E+00 -3.288157E+01 -4.588429E+01 -3.861353E+00
  1.098000E+00  3.703012E+00 -3.290185E+01 -4.591754E+01 -3.863074E+00
  1.100000E+00  3.700813E+00 -3.292209E+01 -4.595066E+01 -3.864785E+00
  1.102000E+00  3.698627E+00 -3.294227E+01 -4.598365E+01 -3.866484E+00
  1.104000E+00  3.696452E+00 -3.296241E+01 -4.601651E+01 -3.868172E+00
  1.106000E+00  3.694290E+00 -3.298249E+01 -4.604924E+01 -3.869850E+00
  1.108000E+00  3.692140E+00 -3.300253E+01 -4.608184E+01 -3.871517E+00
  1.110000E+00  3.690003E+00 -3.302253E+01 -4.611431E+01 -3.873173E+00
  1.112000E+00  3.687877E+00 -3.304248E+01 -4.614667E+01 -3.874820E+00
  1.114000E+00  3.685764E+00 -3.306239E+01 -4.617890E+01 -3.876456E+00
  1.116000E+00  3.683664E+00 -3.308225E+01 -4.621101E+01 -3.878082E+00
  1.118000E+00  3.681575E+00 -3.310208E+01 -4.624300E+01 -3.879698E+00
  1.120000E+00  3.679499E+00 -3.312186E+01 -4.627487E+01 -3.881304E+00
  1.122000E+00  3.677435E+00 -3.314160E+01 -4.630663E+01 -3.882901E+00
  1.124000E+00  3.675383E+00 -3.316131E+01 -4.633828E+01 -3.884488E+00
  1.126000E+00  3.673344E+00 -3.318098E+01 -4.636981E+01 -3.886065E+00
  1.128000E+00  3.671317E+00 -3.320062E+01 -4.640123E+01 -3.887634E+00
  1.130000E+00  3.669302E+00 -3.322022E+01 -4.643254E+01 -3.889193E+00
  1.132000E+00  3.667299E+00 -3.323978E+01 -4.646374E+01 -3.890742E+00
  1.134000E+00  3.665308E+00 -3.325931E+01 -4.649484E+01 -3.892283E+00
  1.136000E+00  3.663329E+00 -3.327881E+01 -4.652583E+01 -3.893815E+00
  1.138000E+00  3.661363E+00 -3.329827E+01 -4.655671E+01 -3.895338E+00
  1.140000E+00  3.659408E+00 -3.331771E+01 -4.658749E+01 -3.896852E+00
  1.142000E+00  3.657466E+00 -3.333711E+01 -4.661817E+01 -3.898357E+00
  1.144000E+00  3.655535E+00 -3.335648E+01 -4.664874E+01 -3.899853E+00
  1.146000E+00  3.653616E+00 -3.337583E+01 -4.667922E+01 -3.901342E+00
  1.148000E+00  3.651710E+00 -3.339514E+01 -4.670959E+01 -3.902821E+00
  1.150000E+00  3.649815E+00 -3.341443E+01 -4.673987E+01 -3.904293E+00
  1.152000E+00  3.647932E+00 -3.343369E+01 -4.677005E+01 -3.905755E+00
  1.154000E+00  3.646061E+00 -3.345292E+01 -4.680013E+01 -3.907210E+00
  1.156000E+00  3.644201E+00 -3.347213E+01 -4.683011E+01 -3.908657E+00
  1.158000E+00  3.642353E+00 -3.349131E+01 -4.686001E+01 -3.910095E+00
  1.160000E+00  3.640517E+00 -3.351047E+01 -4.688980E+01 -3.911526E+00
  1.162000E+00  3.638693E+00 -3.352960E+01 -4.691951E+01 -3.912948E+00
  1.164000E+00  3.636880E+00 -3.354870E+01 -4.694912E+01 -3.914363E+00
  1.166000E+00  3.635078E+00 -3.356779E+01 -4.697864E+01 -3.915770E+00
  1.168000E+00  3.633288E+00 -3.358685E+01 -4.700807E+01 -3.917169E+00
  1.170000E+00  3.631510E+00 -3.360588E+01 -4.703741E+01 -3.918560E+00
  1.172000E+00  3.629743E+00 -3.362490E+01 -4.706667E+01 -3.919944E+00
  1.174000E+00  3.627987E+00 -3.364389E+01 -4.709583E+01 -3.921320E+00
  1.176000E+00  3.626243E+00 -3.366286E+01 -4.712491E+01 -3.922689E+00
  1.178000E+00  3.624510E+00 -3.368181E+01 -4.715390E+01 -3.924050E+00
  1.180000E+00  3.622788E+00 -3.370074E+01 -4.718280E+01 -3.925404E+00
  1.182000E+00  3.621077E+00 -3.371965E+01 -4.721162E+01 -3.926751E+00
  1.184000E+00  3.619378E+00 -3.373854E+01 -4.724036E+01 -3.928090E+00
  1.186000E+00  3.617689E+00 -3.375741E+01 -4.726901E+01 -3.929422E+00
  1.188000E+00  3.616012E+00 -3.377626E+01 -4.729757E+01 -3.930747E+00
  1.190000E+00  3.614345E+00 -3.379509E+01 -4.732606E+01 -3.932065E+00
  1.192000E+00  3.612690E+00 -3.381390E+01 -4.735446E+01 -3.933375E+00
  1.194000E+00  3.611045E+00 -3.383270E+01 -4.738278E+01 -3.934679E+00
  1.196000E+00  3.609411E+00 -3.385147E+01 -4.741102E+01 -3.935976E+00
  1.198000E+00  3.607788E+00 -3.387023E+01 -4.743918E+01 -3.937265E+00
  1.200000E+00  3.606176E+00 -3.388897E+01 -4.746726E+01 -3.938548E+00
