  1.000000E-02  1.422757E+00  1.174239E+00 -2.932767E-01
  1.200000E-02  1.701887E+00  1.409086E+00 -3.516749E-01
  1.400000E-02  1.979320E+00  1.643934E+00 -4.099719E-01
  1.600000E-02  2.255084E+00  1.878782E+00 -4.681631E-01
  1.800000E-02  2.529205E+00  2.113630E+00 -5.262448E-01
  2.000000E-02  2.801705E+00  2.348477E+00 -5.842136E-01
  2.200000E-02  3.072607E+00  2.583325E+00 -6.420665E-01
  2.400000E-02  3.341931E+00  2.818173E+00 -6.998010E-01
  2.600000E-02  3.609694E+00  3.053021E+00 -7.574148E-01
  2.800000E-02  3.875914E+00  3.287868E+00 -8.149059E-01
  3.000000E-02  4.140609E+00  3.522716E+00 -8.722724E-01
  3.200000E-02  4.403795E+00  3.757564E+00 -9.295128E-01
  3.400000E-02  4.665487E+00  3.992412E+00 -9.866256E-01
  3.600000E-02  4.925701E+00  4.227259E+00 -1.043609E+00
  3.800000E-02  5.184450E+00  4.462107E+00 -1.100463E+00
  4.000000E-02  5.441749E+00  4.696955E+00 -1.157186E+00
  4.200000E-02  5.697613E+00  4.931803E+00 -1.213777E+00
  4.400000E-02  5.952053E+00  5.166650E+00 -1.270235E+00
  4.600000E-02  6.205084E+00  5.401498E+00 -1.326559E+00
  4.800000E-02  6.456718E+00  5.636346E+00 -1.382750E+00
  5.000000E-02  6.706968E+00  5.871194E+00 -1.438805E+00
  5.200000E-02  6.955846E+00  6.106041E+00 -1.494725E+00
  5.400000E-02  7.203364E+00  6.340889E+00 -1.550510E+00
  5.600000E-02  7.449534E+00  6.575737E+00 -1.606158E+00
  5.800000E-02  7.694368E+00  6.810585E+00 -1.661670E+00
  6.000000E-02  7.937876E+00  7.045432E+00 -1.717044E+00
  6.200000E-02  8.180071E+00  7.280280E+00 -1.772282E+00
  6.400000E-02  8.420963E+00  7.515128E+00 -1.827382E+00
  6.600000E-02  8.660563E+00  7.749976E+00 -1.882345E+00
  6.800000E-02  8.898882E+00  7.984823E+00 -1.937170E+00
  7.000000E-02  9.135931E+00  8.219671E+00 -1.991857E+00
  7.200000E-02  9.371720E+00  8.454519E+00 -2.046406E+00
  7.400000E-02  9.606259E+00  8.689367E+00 -2.100817E+00
  7.600000E-02  9.839558E+00  8.924214E+00 -2.155090E+00
  7.800000E-02  1.007163E+01  9.159062E+00 -2.209225E+00
  8.000000E-02  1.030248E+01  9.393910E+00 -2.263221E+00
  8.200000E-02  1.053212E+01  9.628758E+00 -2.317079E+00
  8.400000E-02  1.076056E+01  9.863605E+00 -2.370799E+00
  8.600000E-02  1.098781E+01  1.009845E+01 -2.424381E+00
  8.800000E-02  1.121387E+01  1.033330E+01 -2.477824E+00
  9.000000E-02  1.143877E+01  1.056815E+01 -2.531129E+00
  9.200000E-02  1.166250E+01  1.080300E+01 -2.584296E+00
  9.400000E-02  1.188508E+01  1.103784E+01 -2.637326E+00
  9.600000E-02  1.210652E+01  1.127269E+01 -2.690217E+00
  9.800000E-02  1.232681E+01  1.150754E+01 -2.742970E+00
  1.000000E-01  1.254598E+01  1.174239E+01 -2.795586E+00
  1.020000E-01  1.276404E+01  1.197724E+01 -2.848064E+00
  1.040000E-01  1.298098E+01  1.221208E+01 -2.900404E+00
  1.060000E-01  1.319682E+01  1.244693E+01 -2.952607E+00
  1.080000E-01  1.341157E+01  1.268178E+01 -3.004673E+00
  1.100000E-01  1.362523E+01  1.291663E+01 -3.056602E+00
  1.120000E-01  1.383782E+01  1.315147E+01 -3.108394E+00
  1.140000E-01  1.404934E+01  1.338632E+01 -3.160049E+00
  1.160000E-01  1.425980E+01  1.362117E+01 -3.211568E+00
  1.180000E-01  1.446921E+01  1.385602E+01 -3.262950E+00
  1.200000E-01  1.467757E+01  1.409086E+01 -3.314196E+00
  1.220000E-01  1.488490E+01  1.432571E+01 -3.365306E+00
  1.240000E-01  1.509119E+01  1.456056E+01 -3.416280E+00
  1.260000E-01  1.529647E+01  1.479541E+01 -3.467119E+00
  1.280000E-01  1.550073E+01  1.503026E+01 -3.517822E+00
  1.300000E-01  1.570399E+01  1.526510E+01 -3.568391E+00
  1.320000E-01  1.590625E+01  1.549995E+01 -3.618824E+00
  1.340000E-01  1.610752E+01  1.573480E+01 -3.669122E+00
  1.360000E-01  1.630780E+01  1.596965E+01 -3.719287E+00
  1.380000E-01  1.650711E+01  1.620449E+01 -3.769317E+00
  1.400000E-01  1.670545E+01  1.643934E+01 -3.819213E+00
  1.420000E-01  1.690283E+01  1.667419E+01 -3.868912E+00
  1.440000E-01  1.709934E+01  1.690904E+01 -3.917759E+00
  1.460000E-01  1.729495E+01  1.714389E+01 -3.966041E+00
  1.480000E-01  1.748965E+01  1.737873E+01 -4.013894E+00
  1.500000E-01  1.768345E+01  1.761358E+01 -4.061374E+00
  1.520000E-01  1.787634E+01  1.784843E+01 -4.108517E+00
  1.540000E-01  1.806833E+01  1.808328E+01 -4.155348E+00
  1.560000E-01  1.825943E+01  1.831812E+01 -4.201884E+00
  1.580000E-01  1.844965E+01  1.855297E+01 -4.248139E+00
  1.600000E-01  1.863898E+01  1.878782E+01 -4.294125E+00
  1.620000E-01  1.882743E+01  1.902267E+01 -4.339852E+00
  1.640000E-01  1.901501E+01  1.925752E+01 -4.385327E+00
  1.660000E-01  1.920172E+01  1.949236E+01 -4.430558E+00
  1.680000E-01  1.938757E+01  1.972721E+01 -4.475552E+00
  1.700000E-01  1.957257E+01  1.996206E+01 -4.520313E+00
  1.720000E-01  1.975672E+01  2.019691E+01 -4.564847E+00
  1.740000E-01  1.994002E+01  2.043175E+01 -4.609159E+00
  1.760000E-01  2.012249E+01  2.066660E+01 -4.653252E+00
  1.780000E-01  2.030412E+01  2.090145E+01 -4.697131E+00
  1.800000E-01  2.048493E+01  2.113630E+01 -4.740799E+00
  1.820000E-01  2.066492E+01  2.137115E+01 -4.784260E+00
  1.840000E-01  2.084408E+01  2.160599E+01 -4.827518E+00
  1.860000E-01  2.102244E+01  2.184084E+01 -4.870574E+00
  1.880000E-01  2.120000E+01  2.207569E+01 -4.913431E+00
  1.900000E-01  2.137675E+01  2.231054E+01 -4.956094E+00
  1.920000E-01  2.155271E+01  2.254538E+01 -4.998563E+00
  1.940000E-01  2.172788E+01  2.278023E+01 -5.040843E+00
  1.960000E-01  2.190227E+01  2.301508E+01 -5.082934E+00
  1.980000E-01  2.207587E+01  2.324993E+01 -5.124839E+00
  2.000000E-01  2.224871E+01  2.348477E+01 -5.166561E+00
  2.020000E-01  2.242077E+01  2.371962E+01 -5.208102E+00
  2.040000E-01  2.259208E+01  2.395447E+01 -5.249464E+00
  2.060000E-01  2.276262E+01  2.418932E+01 -5.290648E+00
  2.080000E-01  2.293241E+01  2.442417E+01 -5.331657E+00
  2.100000E-01  2.310145E+01  2.465901E+01 -5.372493E+00
  2.120000E-01  2.326975E+01  2.489386E+01 -5.413157E+00
  2.140000E-01  2.343732E+01  2.512871E+01 -5.453651E+00
  2.160000E-01  2.360414E+01  2.536356E+01 -5.493977E+00
  2.180000E-01  2.377024E+01  2.559840E+01 -5.534137E+00
  2.200000E-01  2.393562E+01  2.583325E+01 -5.574132E+00
  2.220000E-01  2.410027E+01  2.606810E+01 -5.613965E+00
  2.240000E-01  2.426422E+01  2.630295E+01 -5.653636E+00
  2.260000E-01  2.442745E+01  2.653780E+01 -5.693147E+00
  2.280000E-01  2.458997E+01  2.677264E+01 -5.732500E+00
  2.300000E-01  2.475180E+01  2.700749E+01 -5.771696E+00
  2.320000E-01  2.491293E+01  2.724234E+01 -5.810738E+00
  2.340000E-01  2.507337E+01  2.747719E+01 -5.849625E+00
  2.360000E-01  2.523312E+01  2.771203E+01 -5.888361E+00
  2.380000E-01  2.539219E+01  2.794688E+01 -5.926945E+00
  2.400000E-01  2.555057E+01  2.818173E+01 -5.965380E+00
  2.420000E-01  2.570829E+01  2.841658E+01 -6.003667E+00
  2.440000E-01  2.586534E+01  2.865143E+01 -6.041808E+00
  2.460000E-01  2.602172E+01  2.888627E+01 -6.079803E+00
  2.480000E-01  2.617743E+01  2.912112E+01 -6.117655E+00
  2.500000E-01  2.633250E+01  2.935597E+01 -6.155363E+00
  2.520000E-01  2.648690E+01  2.959082E+01 -6.192931E+00
  2.540000E-01  2.664066E+01  2.982566E+01 -6.230358E+00
  2.560000E-01  2.679378E+01  3.006051E+01 -6.267647E+00
  2.580000E-01  2.694625E+01  3.029536E+01 -6.304799E+00
  2.600000E-01  2.709809E+01  3.053021E+01 -6.341814E+00
  2.620000E-01  2.724930E+01  3.076506E+01 -6.378694E+00
  2.640000E-01  2.739987E+01  3.099990E+01 -6.415441E+00
  2.660000E-01  2.754982E+01  3.123475E+01 -6.452055E+00
  2.680000E-01  2.769915E+01  3.146960E+01 -6.488538E+00
  2.700000E-01  2.784787E+01  3.170445E+01 -6.524891E+00
  2.720000E-01  2.799597E+01  3.193929E+01 -6.561115E+00
  2.740000E-01  2.814346E+01  3.217414E+01 -6.597211E+00
  2.760000E-01  2.829035E+01  3.240899E+01 -6.633180E+00
  2.780000E-01  2.843663E+01  3.264384E+01 -6.669024E+00
  2.800000E-01  2.858232E+01  3.287868E+01 -6.704744E+00
  2.820000E-01  2.872741E+01  3.311353E+01 -6.740341E+00
  2.840000E-01  2.887191E+01  3.334838E+01 -6.775815E+00
  2.860000E-01  2.901582E+01  3.358323E+01 -6.811169E+00
  2.880000E-01  2.915915E+01  3.381808E+01 -6.846402E+00
  2.900000E-01  2.930190E+01  3.405292E+01 -6.881517E+00
  2.920000E-01  2.944408E+01  3.428777E+01 -6.916514E+00
  2.940000E-01  2.958568E+01  3.452262E+01 -6.951395E+00
  2.960000E-01  2.972671E+01  3.475747E+01 -6.986160E+00
  2.980000E-01  2.986717E+01  3.499231E+01 -7.020810E+00
  3.000000E-01  3.000707E+01  3.522716E+01 -7.055347E+00
  3.020000E-01  3.014642E+01  3.546201E+01 -7.089771E+00
  3.040000E-01  3.028520E+01  3.569686E+01 -7.124084E+00
  3.060000E-01  3.042344E+01  3.593171E+01 -7.158287E+00
  3.080000E-01  3.056112E+01  3.616655E+01 -7.192380E+00
  3.100000E-01  3.069826E+01  3.640140E+01 -7.226365E+00
  3.120000E-01  3.083486E+01  3.663625E+01 -7.260242E+00
  3.140000E-01  3.097092E+01  3.687110E+01 -7.294013E+00
  3.160000E-01  3.110644E+01  3.710594E+01 -7.327678E+00
  3.180000E-01  3.124142E+01  3.734079E+01 -7.361239E+00
  3.200000E-01  3.137588E+01  3.757564E+01 -7.394697E+00
  3.220000E-01  3.150981E+01  3.781049E+01 -7.428051E+00
  3.240000E-01  3.164322E+01  3.804534E+01 -7.461304E+00
  3.260000E-01  3.177611E+01  3.828018E+01 -7.494457E+00
  3.280000E-01  3.190848E+01  3.851503E+01 -7.527509E+00
  3.300000E-01  3.204033E+01  3.874988E+01 -7.560463E+00
  3.320000E-01  3.217168E+01  3.898473E+01 -7.593319E+00
  3.340000E-01  3.230251E+01  3.921957E+01 -7.626077E+00
  3.360000E-01  3.243284E+01  3.945442E+01 -7.658740E+00
  3.380000E-01  3.256267E+01  3.968927E+01 -7.691307E+00
  3.400000E-01  3.269200E+01  3.992412E+01 -7.723780E+00
  3.420000E-01  3.282083E+01  4.015897E+01 -7.756159E+00
  3.440000E-01  3.294916E+01  4.039381E+01 -7.788446E+00
  3.460000E-01  3.307701E+01  4.062866E+01 -7.820640E+00
  3.480000E-01  3.320437E+01  4.086351E+01 -7.852744E+00
  3.500000E-01  3.333124E+01  4.109836E+01 -7.884758E+00
  3.520000E-01  3.345763E+01  4.133320E+01 -7.916683E+00
  3.540000E-01  3.358354E+01  4.156805E+01 -7.948519E+00
  3.560000E-01  3.370898E+01  4.180290E+01 -7.980268E+00
  3.580000E-01  3.383393E+01  4.203775E+01 -8.011929E+00
  3.600000E-01  3.395842E+01  4.227259E+01 -8.043505E+00
  3.620000E-01  3.408244E+01  4.250744E+01 -8.074996E+00
  3.640000E-01  3.420599E+01  4.274229E+01 -8.106402E+00
  3.660000E-01  3.432908E+01  4.297714E+01 -8.137725E+00
  3.680000E-01  3.445171E+01  4.321199E+01 -8.168965E+00
  3.700000E-01  3.457388E+01  4.344683E+01 -8.200123E+00
  3.720000E-01  3.469560E+01  4.368168E+01 -8.231200E+00
  3.740000E-01  3.481686E+01  4.391653E+01 -8.262196E+00
  3.760000E-01  3.493767E+01  4.415138E+01 -8.293113E+00
  3.780000E-01  3.505803E+01  4.438622E+01 -8.323950E+00
  3.800000E-01  3.517795E+01  4.462107E+01 -8.354710E+00
  3.820000E-01  3.529742E+01  4.485592E+01 -8.385392E+00
  3.840000E-01  3.541646E+01  4.509077E+01 -8.415997E+00
  3.860000E-01  3.553505E+01  4.532562E+01 -8.446526E+00
  3.880000E-01  3.565321E+01  4.556046E+01 -8.476980E+00
  3.900000E-01  3.577094E+01  4.579531E+01 -8.507359E+00
  3.920000E-01  3.588824E+01  4.603016E+01 -8.537665E+00
  3.940000E-01  3.600510E+01  4.626501E+01 -8.567897E+00
  3.960000E-01  3.612155E+01  4.649985E+01 -8.598057E+00
  3.980000E-01  3.623756E+01  4.673470E+01 -8.628145E+00
  4.000000E-01  3.635316E+01  4.696955E+01 -8.658162E+00
  4.020000E-01  3.646834E+01  4.720440E+01 -8.688108E+00
  4.040000E-01  3.658310E+01  4.743925E+01 -8.717985E+00
  4.060000E-01  3.669745E+01  4.767409E+01 -8.747793E+00
  4.080000E-01  3.681138E+01  4.790894E+01 -8.777532E+00
  4.100000E-01  3.692491E+01  4.814379E+01 -8.807203E+00
  4.120000E-01  3.703803E+01  4.837864E+01 -8.836808E+00
  4.140000E-01  3.715074E+01  4.861348E+01 -8.866346E+00
  4.160000E-01  3.726305E+01  4.884833E+01 -8.895817E+00
  4.180000E-01  3.737495E+01  4.908318E+01 -8.925224E+00
  4.200000E-01  3.748646E+01  4.931803E+01 -8.954566E+00
  4.220000E-01  3.759758E+01  4.955287E+01 -8.983844E+00
  4.240000E-01  3.770830E+01  4.978772E+01 -9.013059E+00
  4.260000E-01  3.781862E+01  5.002257E+01 -9.042211E+00
  4.280000E-01  3.792856E+01  5.025742E+01 -9.071301E+00
  4.300000E-01  3.803811E+01  5.049227E+01 -9.100329E+00
  4.320000E-01  3.814727E+01  5.072711E+01 -9.129297E+00
  4.340000E-01  3.825604E+01  5.096196E+01 -9.158203E+00
  4.360000E-01  3.836444E+01  5.119681E+01 -9.187050E+00
  4.380000E-01  3.847246E+01  5.143166E+01 -9.215838E+00
  4.400000E-01  3.858010E+01  5.166650E+01 -9.244567E+00
  4.420000E-01  3.868736E+01  5.190135E+01 -9.273238E+00
  4.440000E-01  3.879425E+01  5.213620E+01 -9.301852E+00
  4.460000E-01  3.890076E+01  5.237105E+01 -9.330409E+00
  4.480000E-01  3.900691E+01  5.260590E+01 -9.358909E+00
  4.500000E-01  3.911269E+01  5.284074E+01 -9.387353E+00
  4.520000E-01  3.919807E+01  5.302556E+01 -9.432040E+00
  4.540000E-01  3.929125E+01  5.323055E+01 -9.470153E+00
  4.560000E-01  3.938317E+01  5.343311E+01 -9.509035E+00
  4.580000E-01  3.947411E+01  5.363394E+01 -9.548457E+00
  4.600000E-01  3.956425E+01  5.383349E+01 -9.588273E+00
  4.620000E-01  3.965372E+01  5.403205E+01 -9.628382E+00
  4.640000E-01  3.974262E+01  5.422984E+01 -9.668714E+00
  4.660000E-01  3.983100E+01  5.442703E+01 -9.709217E+00
  4.680000E-01  3.991893E+01  5.462373E+01 -9.749851E+00
  4.700000E-01  4.000643E+01  5.482003E+01 -9.790586E+00
  4.720000E-01  4.009354E+01  5.501602E+01 -9.831398E+00
  4.740000E-01  4.018029E+01  5.521173E+01 -9.872269E+00
  4.760000E-01  4.026669E+01  5.540723E+01 -9.913183E+00
  4.780000E-01  4.035276E+01  5.560255E+01 -9.954129E+00
  4.800000E-01  4.043852E+01  5.579771E+01 -9.995097E+00
  4.820000E-01  4.052398E+01  5.599275E+01 -1.003608E+01
  4.840000E-01  4.060914E+01  5.618769E+01 -1.007707E+01
  4.860000E-01  4.069402E+01  5.638253E+01 -1.011806E+01
  4.880000E-01  4.077862E+01  5.657731E+01 -1.015905E+01
  4.900000E-01  4.085213E+01  5.673327E+01 -1.017071E+01
  4.920000E-01  4.093070E+01  5.690802E+01 -1.019660E+01
  4.940000E-01  4.100842E+01  5.708042E+01 -1.022073E+01
  4.960000E-01  4.108536E+01  5.725078E+01 -1.024332E+01
  4.980000E-01  4.116160E+01  5.741931E+01 -1.026454E+01
  5.000000E-01  4.123720E+01  5.758620E+01 -1.028453E+01
  5.020000E-01  4.131220E+01  5.775158E+01 -1.030339E+01
  5.040000E-01  4.138663E+01  5.791558E+01 -1.032122E+01
  5.060000E-01  4.146052E+01  5.807829E+01 -1.033807E+01
  5.080000E-01  4.153391E+01  5.823979E+01 -1.035402E+01
  5.100000E-01  4.160681E+01  5.840016E+01 -1.036912E+01
  5.120000E-01  4.167924E+01  5.855946E+01 -1.038341E+01
  5.140000E-01  4.175122E+01  5.871775E+01 -1.039695E+01
  5.160000E-01  4.182277E+01  5.887508E+01 -1.040976E+01
  5.180000E-01  4.189390E+01  5.903149E+01 -1.042188E+01
  5.200000E-01  4.196463E+01  5.918702E+01 -1.043335E+01
  5.220000E-01  4.203497E+01  5.934172E+01 -1.044418E+01
  5.240000E-01  4.210493E+01  5.949561E+01 -1.045441E+01
  5.260000E-01  4.217452E+01  5.964873E+01 -1.046406E+01
  5.280000E-01  4.224375E+01  5.980111E+01 -1.047315E+01
  5.300000E-01  4.231262E+01  5.995277E+01 -1.048171E+01
  5.320000E-01  4.238116E+01  6.010375E+01 -1.048974E+01
  5.340000E-01  4.244936E+01  6.025406E+01 -1.049728E+01
  5.360000E-01  4.251723E+01  6.040372E+01 -1.050433E+01
  5.380000E-01  4.258478E+01  6.055277E+01 -1.051092E+01
  5.400000E-01  4.265202E+01  6.070122E+01 -1.051706E+01
  5.420000E-01  4.271896E+01  6.084908E+01 -1.052277E+01
  5.440000E-01  4.278559E+01  6.099639E+01 -1.052806E+01
  5.460000E-01  4.285193E+01  6.114316E+01 -1.053295E+01
  5.480000E-01  4.291798E+01  6.128940E+01 -1.053745E+01
  5.500000E-01  4.298375E+01  6.143514E+01 -1.054158E+01
  5.520000E-01  4.304924E+01  6.158039E+01 -1.054537E+01
  5.540000E-01  4.311447E+01  6.172518E+01 -1.054881E+01
  5.560000E-01  4.317943E+01  6.186953E+01 -1.055194E+01
  5.580000E-01  4.324413E+01  6.201345E+01 -1.055477E+01
  5.600000E-01  4.330858E+01  6.215696E+01 -1.055732E+01
  5.620000E-01  4.337278E+01  6.230009E+01 -1.055961E+01
  5.640000E-01  4.343674E+01  6.244286E+01 -1.056168E+01
  5.660000E-01  4.350047E+01  6.258530E+01 -1.056353E+01
  5.680000E-01  4.356398E+01  6.272743E+01 -1.056520E+01
  5.700000E-01  4.362727E+01  6.286927E+01 -1.056671E+01
  5.720000E-01  4.369035E+01  6.301087E+01 -1.056811E+01
  5.740000E-01  4.375322E+01  6.315225E+01 -1.056941E+01
  5.760000E-01  4.381591E+01  6.329344E+01 -1.057066E+01
  5.780000E-01  4.387841E+01  6.343449E+01 -1.057190E+01
  5.800000E-01  4.394073E+01  6.357542E+01 -1.057316E+01
  5.820000E-01  4.400289E+01  6.371628E+01 -1.057449E+01
  5.840000E-01  4.406490E+01  6.385712E+01 -1.057593E+01
  5.860000E-01  4.412677E+01  6.399796E+01 -1.057753E+01
  5.880000E-01  4.418850E+01  6.413887E+01 -1.057933E+01
  5.900000E-01  4.425012E+01  6.427987E+01 -1.058138E+01
  5.920000E-01  4.431162E+01  6.442102E+01 -1.058372E+01
  5.940000E-01  4.437303E+01  6.456236E+01 -1.058639E+01
  5.960000E-01  4.443435E+01  6.470392E+01 -1.058944E+01
  5.980000E-01  4.449559E+01  6.484575E+01 -1.059291E+01
  6.000000E-01  4.455676E+01  6.498788E+01 -1.059681E+01
  6.020000E-01  4.461786E+01  6.513033E+01 -1.060119E+01
  6.040000E-01  4.467892E+01  6.527315E+01 -1.060606E+01
  6.060000E-01  4.473992E+01  6.541634E+01 -1.061145E+01
  6.080000E-01  4.480088E+01  6.555993E+01 -1.061737E+01
  6.100000E-01  4.486181E+01  6.570393E+01 -1.062382E+01
  6.120000E-01  4.492270E+01  6.584836E+01 -1.063082E+01
  6.140000E-01  4.498356E+01  6.599322E+01 -1.063837E+01
  6.160000E-01  4.504438E+01  6.613853E+01 -1.064647E+01
  6.180000E-01  4.510519E+01  6.628429E+01 -1.065513E+01
  6.200000E-01  4.516597E+01  6.643053E+01 -1.066436E+01
  6.220000E-01  4.522674E+01  6.657729E+01 -1.067419E+01
  6.240000E-01  4.528753E+01  6.672466E+01 -1.068475E+01
  6.260000E-01  4.534835E+01  6.687274E+01 -1.069614E+01
  6.280000E-01  4.540903E+01  6.702079E+01 -1.070747E+01
  6.300000E-01  4.546958E+01  6.716879E+01 -1.071875E+01
  6.320000E-01  4.552999E+01  6.731676E+01 -1.072998E+01
  6.340000E-01  4.559027E+01  6.746469E+01 -1.074116E+01
  6.360000E-01  4.565042E+01  6.761258E+01 -1.075230E+01
  6.380000E-01  4.571044E+01  6.776044E+01 -1.076338E+01
  6.400000E-01  4.577032E+01  6.790826E+01 -1.077441E+01
  6.420000E-01  4.583007E+01  6.805605E+01 -1.078540E+01
  6.440000E-01  4.588970E+01  6.820381E+01 -1.079633E+01
  6.460000E-01  4.594919E+01  6.835154E+01 -1.080721E+01
  6.480000E-01  4.600856E+01  6.849924E+01 -1.081804E+01
  6.500000E-01  4.606780E+01  6.864691E+01 -1.082883E+01
  6.520000E-01  4.612691E+01  6.879456E+01 -1.083956E+01
  6.540000E-01  4.618590E+01  6.894217E+01 -1.085025E+01
  6.560000E-01  4.624476E+01  6.908977E+01 -1.086088E+01
  6.580000E-01  4.630349E+01  6.923733E+01 -1.087146E+01
  6.600000E-01  4.636210E+01  6.938488E+01 -1.088200E+01
  6.620000E-01  4.642059E+01  6.953239E+01 -1.089248E+01
  6.640000E-01  4.647895E+01  6.967989E+01 -1.090292E+01
  6.660000E-01  4.653719E+01  6.982737E+01 -1.091330E+01
  6.680000E-01  4.659532E+01  6.997482E+01 -1.092364E+01
  6.700000E-01  4.665331E+01  7.012226E+01 -1.093392E+01
  6.720000E-01  4.671119E+01  7.026968E+01 -1.094416E+01
  6.740000E-01  4.676895E+01  7.041708E+01 -1.095435E+01
  6.760000E-01  4.682659E+01  7.056446E+01 -1.096448E+01
  6.780000E-01  4.688411E+01  7.071183E+01 -1.097457E+01
  6.800000E-01  4.694343E+01  7.085244E+01 -1.097906E+01
  6.820000E-01  4.700129E+01  7.099776E+01 -1.098739E+01
  6.840000E-01  4.705908E+01  7.114291E+01 -1.099554E+01
  6.860000E-01  4.711681E+01  7.128790E+01 -1.100351E+01
  6.880000E-01  4.717446E+01  7.143273E+01 -1.101132E+01
  6.900000E-01  4.723204E+01  7.157742E+01 -1.101896E+01
  6.920000E-01  4.728954E+01  7.172198E+01 -1.102646E+01
  6.940000E-01  4.734697E+01  7.186641E+01 -1.103380E+01
  6.960000E-01  4.740432E+01  7.201072E+01 -1.104101E+01
  6.980000E-01  4.746159E+01  7.215491E+01 -1.104808E+01
  7.000000E-01  4.751878E+01  7.229900E+01 -1.105501E+01
  7.020000E-01  4.757589E+01  7.244298E+01 -1.106181E+01
  7.040000E-01  4.763292E+01  7.258686E+01 -1.106848E+01
  7.060000E-01  4.768987E+01  7.273064E+01 -1.107503E+01
  7.080000E-01  4.774674E+01  7.287434E+01 -1.108146E+01
  7.100000E-01  4.780353E+01  7.301794E+01 -1.108777E+01
  7.120000E-01  4.786024E+01  7.316146E+01 -1.109396E+01
  7.140000E-01  4.791687E+01  7.330490E+01 -1.110004E+01
  7.160000E-01  4.797341E+01  7.344826E+01 -1.110600E+01
  7.180000E-01  4.802987E+01  7.359155E+01 -1.111186E+01
  7.200000E-01  4.808625E+01  7.373476E+01 -1.111760E+01
  7.220000E-01  4.814255E+01  7.387791E+01 -1.112324E+01
  7.240000E-01  4.819876E+01  7.402098E+01 -1.112877E+01
  7.260000E-01  4.825489E+01  7.416399E+01 -1.113420E+01
  7.280000E-01  4.831094E+01  7.430694E+01 -1.113952E+01
  7.300000E-01  4.836691E+01  7.444983E+01 -1.114475E+01
  7.320000E-01  4.842280E+01  7.459266E+01 -1.114987E+01
  7.340000E-01  4.847860E+01  7.473543E+01 -1.115490E+01
  7.360000E-01  4.853432E+01  7.487815E+01 -1.115982E+01
  7.380000E-01  4.858996E+01  7.502082E+01 -1.116466E+01
  7.400000E-01  4.864551E+01  7.516343E+01 -1.116939E+01
  7.420000E-01  4.870098E+01  7.530600E+01 -1.117404E+01
  7.440000E-01  4.875637E+01  7.544852E+01 -1.117859E+01
  7.460000E-01  4.881168E+01  7.559099E+01 -1.118304E+01
  7.480000E-01  4.886691E+01  7.573343E+01 -1.118741E+01
  7.500000E-01  4.892205E+01  7.587581E+01 -1.119169E+01
  7.520000E-01  4.897711E+01  7.601816E+01 -1.119588E+01
  7.540000E-01  4.903209E+01  7.616047E+01 -1.119998E+01
  7.560000E-01  4.908699E+01  7.630274E+01 -1.120399E+01
  7.580000E-01  4.914181E+01  7.644498E+01 -1.120791E+01
  7.600000E-01  4.919654E+01  7.658717E+01 -1.121175E+01
  7.620000E-01  4.925120E+01  7.672934E+01 -1.121551E+01
  7.640000E-01  4.930577E+01  7.687147E+01 -1.121918E+01
  7.660000E-01  4.936026E+01  7.701358E+01 -1.122277E+01
  7.680000E-01  4.941467E+01  7.715565E+01 -1.122627E+01
  7.700000E-01  4.946900E+01  7.729769E+01 -1.122969E+01
  7.720000E-01  4.952325E+01  7.743971E+01 -1.123303E+01
  7.740000E-01  4.957741E+01  7.758170E+01 -1.123629E+01
  7.760000E-01  4.963150E+01  7.772366E+01 -1.123947E+01
  7.780000E-01  4.968551E+01  7.786560E+01 -1.124257E+01
  7.800000E-01  4.973943E+01  7.800752E+01 -1.124559E+01
  7.820000E-01  4.979328E+01  7.814941E+01 -1.124853E+01
  7.840000E-01  4.984704E+01  7.829129E+01 -1.125140E+01
  7.860000E-01  4.990073E+01  7.843314E+01 -1.125418E+01
  7.880000E-01  4.995433E+01  7.857498E+01 -1.125689E+01
  7.900000E-01  5.000786E+01  7.871679E+01 -1.125952E+01
  7.920000E-01  5.006130E+01  7.885859E+01 -1.126208E+01
  7.940000E-01  5.011467E+01  7.900037E+01 -1.126456E+01
  7.960000E-01  5.016796E+01  7.914214E+01 -1.126697E+01
  7.980000E-01  5.022117E+01  7.928390E+01 -1.126930E+01
  8.000000E-01  5.027430E+01  7.942564E+01 -1.127155E+01
  8.020000E-01  5.032735E+01  7.956736E+01 -1.127374E+01
  8.040000E-01  5.038032E+01  7.970908E+01 -1.127585E+01
  8.060000E-01  5.043322E+01  7.985078E+01 -1.127788E+01
  8.080000E-01  5.048603E+01  7.999248E+01 -1.127985E+01
  8.100000E-01  5.053877E+01  8.013416E+01 -1.128174E+01
  8.120000E-01  5.059143E+01  8.027583E+01 -1.128356E+01
  8.140000E-01  5.064401E+01  8.041750E+01 -1.128531E+01
  8.160000E-01  5.069651E+01  8.055916E+01 -1.128699E+01
  8.180000E-01  5.074894E+01  8.070082E+01 -1.128860E+01
  8.200000E-01  5.080129E+01  8.084246E+01 -1.129014E+01
  8.220000E-01  5.085356E+01  8.098411E+01 -1.129160E+01
  8.240000E-01  5.090576E+01  8.112575E+01 -1.129300E+01
  8.260000E-01  5.095787E+01  8.126738E+01 -1.129433E+01
  8.280000E-01  5.100991E+01  8.140901E+01 -1.129559E+01
  8.300000E-01  5.106188E+01  8.155064E+01 -1.129678E+01
  8.320000E-01  5.111377E+01  8.169227E+01 -1.129791E+01
  8.340000E-01  5.116558E+01  8.183390E+01 -1.129896E+01
  8.360000E-01  5.121731E+01  8.197552E+01 -1.129995E+01
  8.380000E-01  5.126897E+01  8.211715E+01 -1.130087E+01
  8.400000E-01  5.132056E+01  8.225878E+01 -1.130172E+01
  8.420000E-01  5.137206E+01  8.240041E+01 -1.130251E+01
  8.440000E-01  5.142350E+01  8.254204E+01 -1.130323E+01
  8.460000E-01  5.147485E+01  8.268367E+01 -1.130388E+01
  8.480000E-01  5.152614E+01  8.282531E+01 -1.130447E+01
  8.500000E-01  5.157734E+01  8.296695E+01 -1.130499E+01
  8.520000E-01  5.162847E+01  8.310860E+01 -1.130545E+01
  8.540000E-01  5.167953E+01  8.325025E+01 -1.130584E+01
  8.560000E-01  5.173051E+01  8.339190E+01 -1.130616E+01
  8.580000E-01  5.178142E+01  8.353357E+01 -1.130643E+01
  8.600000E-01  5.183226E+01  8.367523E+01 -1.130662E+01
  8.620000E-01  5.188302E+01  8.381691E+01 -1.130675E+01
  8.640000E-01  5.193370E+01  8.395859E+01 -1.130682E+01
  8.660000E-01  5.198431E+01  8.410028E+01 -1.130683E+01
  8.680000E-01  5.203485E+01  8.424198E+01 -1.130677E+01
  8.700000E-01  5.208532E+01  8.438369E+01 -1.130665E+01
  8.720000E-01  5.213571E+01  8.452541E+01 -1.130646E+01
  8.740000E-01  5.218603E+01  8.466714E+01 -1.130621E+01
  8.760000E-01  5.223627E+01  8.480888E+01 -1.130590E+01
  8.780000E-01  5.228644E+01  8.495063E+01 -1.130552E+01
  8.800000E-01  5.233654E+01  8.509239E+01 -1.130509E+01
  8.820000E-01  5.238657E+01  8.523416E+01 -1.130459E+01
  8.840000E-01  5.243652E+01  8.537595E+01 -1.130402E+01
  8.860000E-01  5.248641E+01  8.551774E+01 -1.130340E+01
  8.880000E-01  5.253622E+01  8.565956E+01 -1.130271E+01
  8.900000E-01  5.258596E+01  8.580138E+01 -1.130197E+01
  8.920000E-01  5.263562E+01  8.594322E+01 -1.130116E+01
  8.940000E-01  5.268522E+01  8.608508E+01 -1.130029E+01
  8.960000E-01  5.273474E+01  8.622695E+01 -1.129936E+01
  8.980000E-01  5.278419E+01  8.636883E+01 -1.129836E+01
  9.000000E-01  5.283357E+01  8.651073E+01 -1.129731E+01
  9.020000E-01  5.288288E+01  8.665265E+01 -1.129620E+01
  9.040000E-01  5.293212E+01  8.679458E+01 -1.129502E+01
  9.060000E-01  5.298129E+01  8.693653E+01 -1.129379E+01
  9.080000E-01  5.303039E+01  8.707850E+01 -1.129249E+01
  9.100000E-01  5.307942E+01  8.722049E+01 -1.129114E+01
  9.120000E-01  5.312837E+01  8.736249E+01 -1.128972E+01
  9.140000E-01  5.317726E+01  8.750452E+01 -1.128825E+01
  9.160000E-01  5.322608E+01  8.764656E+01 -1.128671E+01
  9.180000E-01  5.327483E+01  8.778862E+01 -1.128511E+01
  9.200000E-01  5.332351E+01  8.793070E+01 -1.128346E+01
  9.220000E-01  5.337211E+01  8.807281E+01 -1.128175E+01
  9.240000E-01  5.342065E+01  8.821493E+01 -1.127997E+01
  9.260000E-01  5.346912E+01  8.835708E+01 -1.127814E+01
  9.280000E-01  5.351752E+01  8.849924E+01 -1.127625E+01
  9.300000E-01  5.356586E+01  8.864143E+01 -1.127429E+01
  9.320000E-01  5.361412E+01  8.878364E+01 -1.127228E+01
  9.340000E-01  5.366232E+01  8.892587E+01 -1.127021E+01
  9.360000E-01  5.371044E+01  8.906813E+01 -1.126809E+01
  9.380000E-01  5.375850E+01  8.921041E+01 -1.126590E+01
  9.400000E-01  5.380649E+01  8.935272E+01 -1.126365E+01
  9.420000E-01  5.385442E+01  8.949504E+01 -1.126135E+01
  9.440000E-01  5.390227E+01  8.963740E+01 -1.125898E+01
  9.460000E-01  5.395006E+01  8.977978E+01 -1.125656E+01
  9.480000E-01  5.399778E+01  8.992218E+01 -1.125408E+01
  9.500000E-01  5.404543E+01  9.006461E+01 -1.125154E+01
  9.520000E-01  5.409302E+01  9.020707E+01 -1.124894E+01
  9.540000E-01  5.414054E+01  9.034955E+01 -1.124629E+01
  9.560000E-01  5.418799E+01  9.049206E+01 -1.124357E+01
  9.580000E-01  5.423538E+01  9.063460E+01 -1.124080E+01
  9.600000E-01  5.428270E+01  9.077717E+01 -1.123797E+01
  9.620000E-01  5.432996E+01  9.091976E+01 -1.123508E+01
  9.640000E-01  5.437714E+01  9.106239E+01 -1.123213E+01
  9.660000E-01  5.442427E+01  9.120504E+01 -1.122912E+01
  9.680000E-01  5.447132E+01  9.134773E+01 -1.122605E+01
  9.700000E-01  5.451832E+01  9.149044E+01 -1.122293E+01
  9.720000E-01  5.456524E+01  9.163319E+01 -1.121974E+01
  9.740000E-01  5.461211E+01  9.177597E+01 -1.121650E+01
  9.760000E-01  5.465890E+01  9.191878E+01 -1.121320E+01
  9.780000E-01  5.470564E+01  9.206162E+01 -1.120983E+01
  9.800000E-01  5.475230E+01  9.220450E+01 -1.120641E+01
  9.820000E-01  5.479133E+01  9.232073E+01 -1.118230E+01
  9.840000E-01  5.483343E+01  9.244798E+01 -1.116664E+01
  9.860000E-01  5.487496E+01  9.257345E+01 -1.114951E+01
  9.880000E-01  5.491601E+01  9.269743E+01 -1.113115E+01
  9.900000E-01  5.495665E+01  9.282013E+01 -1.111174E+01
  9.920000E-01  5.499691E+01  9.294173E+01 -1.109139E+01
  9.940000E-01  5.503684E+01  9.306234E+01 -1.107019E+01
  9.960000E-01  5.507646E+01  9.318207E+01 -1.104823E+01
  9.980000E-01  5.511580E+01  9.330098E+01 -1.102557E+01
  1.000000E+00  5.515488E+01  9.341916E+01 -1.100226E+01
  1.002000E+00  5.519371E+01  9.353666E+01 -1.097834E+01
  1.004000E+00  5.523232E+01  9.365354E+01 -1.095386E+01
  1.006000E+00  5.527071E+01  9.376983E+01 -1.092884E+01
  1.008000E+00  5.530889E+01  9.388558E+01 -1.090332E+01
  1.010000E+00  5.534688E+01  9.400082E+01 -1.087732E+01
  1.012000E+00  5.538469E+01  9.411558E+01 -1.085086E+01
  1.014000E+00  5.542232E+01  9.422990E+01 -1.082396E+01
  1.016000E+00  5.545979E+01  9.434380E+01 -1.079665E+01
  1.018000E+00  5.549709E+01  9.445731E+01 -1.076893E+01
  1.020000E+00  5.553424E+01  9.457045E+01 -1.074083E+01
  1.022000E+00  5.557125E+01  9.468325E+01 -1.071234E+01
  1.024000E+00  5.560812E+01  9.479573E+01 -1.068347E+01
  1.026000E+00  5.564486E+01  9.490793E+01 -1.065423E+01
  1.028000E+00  5.568150E+01  9.501994E+01 -1.062458E+01
  1.030000E+00  5.571801E+01  9.513167E+01 -1.059459E+01
  1.032000E+00  5.575438E+01  9.524308E+01 -1.056431E+01
  1.034000E+00  5.579062E+01  9.535417E+01 -1.053377E+01
  1.036000E+00  5.582673E+01  9.546496E+01 -1.050296E+01
  1.038000E+00  5.586272E+01  9.557546E+01 -1.047190E+01
  1.040000E+00  5.589858E+01  9.568567E+01 -1.044060E+01
  1.042000E+00  5.593431E+01  9.579560E+01 -1.040906E+01
  1.044000E+00  5.596994E+01  9.590527E+01 -1.037729E+01
  1.046000E+00  5.600544E+01  9.601469E+01 -1.034529E+01
  1.048000E+00  5.604083E+01  9.612385E+01 -1.031308E+01
  1.050000E+00  5.607612E+01  9.623277E+01 -1.028065E+01
  1.052000E+00  5.611129E+01  9.634146E+01 -1.024802E+01
  1.054000E+00  5.614636E+01  9.644992E+01 -1.021519E+01
  1.056000E+00  5.618132E+01  9.655816E+01 -1.018216E+01
  1.058000E+00  5.621618E+01  9.666618E+01 -1.014894E+01
  1.060000E+00  5.625095E+01  9.677399E+01 -1.011553E+01
  1.062000E+00  5.628561E+01  9.688159E+01 -1.008194E+01
  1.064000E+00  5.632017E+01  9.698900E+01 -1.004817E+01
  1.066000E+00  5.635464E+01  9.709621E+01 -1.001422E+01
  1.068000E+00  5.638902E+01  9.720323E+01 -9.980109E+00
  1.070000E+00  5.642331E+01  9.731007E+01 -9.945827E+00
  1.072000E+00  5.645750E+01  9.741673E+01 -9.911380E+00
  1.074000E+00  5.649160E+01  9.752321E+01 -9.876773E+00
  1.076000E+00  5.652562E+01  9.762951E+01 -9.842009E+00
  1.078000E+00  5.655955E+01  9.773565E+01 -9.807090E+00
  1.080000E+00  5.659339E+01  9.784162E+01 -9.772020E+00
  1.082000E+00  5.662715E+01  9.794743E+01 -9.736801E+00
  1.084000E+00  5.666083E+01  9.805308E+01 -9.701437E+00
  1.086000E+00  5.669442E+01  9.815858E+01 -9.665929E+00
  1.088000E+00  5.672793E+01  9.826393E+01 -9.630281E+00
  1.090000E+00  5.676136E+01  9.836912E+01 -9.594494E+00
  1.092000E+00  5.679472E+01  9.847417E+01 -9.558572E+00
  1.094000E+00  5.682799E+01  9.857908E+01 -9.522516E+00
  1.096000E+00  5.686119E+01  9.868385E+01 -9.486329E+00
  1.098000E+00  5.689431E+01  9.878848E+01 -9.450012E+00
  1.100000E+00  5.692736E+01  9.889297E+01 -9.413568E+00
  1.102000E+00  5.696033E+01  9.899733E+01 -9.376999E+00
  1.104000E+00  5.699322E+01  9.910156E+01 -9.340307E+00
  1.106000E+00  5.702605E+01  9.920567E+01 -9.303494E+00
  1.108000E+00  5.705880E+01  9.930965E+01 -9.266560E+00
  1.110000E+00  5.709148E+01  9.941350E+01 -9.229509E+00
  1.112000E+00  5.712409E+01  9.951723E+01 -9.192342E+00
  1.114000E+00  5.715663E+01  9.962084E+01 -9.155061E+00
  1.116000E+00  5.718910E+01  9.972434E+01 -9.117666E+00
  1.118000E+00  5.722150E+01  9.982772E+01 -9.080161E+00
  1.120000E+00  5.725383E+01  9.993098E+01 -9.042545E+00
  1.122000E+00  5.728610E+01  1.000341E+02 -9.004822E+00
  1.124000E+00  5.731830E+01  1.001372E+02 -8.966991E+00
  1.126000E+00  5.735043E+01  1.002401E+02 -8.929055E+00
  1.128000E+00  5.738249E+01  1.003429E+02 -8.891015E+00
  1.130000E+00  5.741450E+01  1.004457E+02 -8.852872E+00
  1.132000E+00  5.744643E+01  1.005483E+02 -8.814628E+00
  1.134000E+00  5.747831E+01  1.006508E+02 -8.776284E+00
  1.136000E+00  5.751012E+01  1.007532E+02 -8.737840E+00
  1.138000E+00  5.754186E+01  1.008555E+02 -8.699299E+00
  1.140000E+00  5.757355E+01  1.009577E+02 -8.660661E+00
  1.142000E+00  5.760517E+01  1.010599E+02 -8.621928E+00
  1.144000E+00  5.763673E+01  1.011619E+02 -8.583100E+00
  1.146000E+00  5.766823E+01  1.012638E+02 -8.544179E+00
  1.148000E+00  5.769967E+01  1.013656E+02 -8.505166E+00
  1.150000E+00  5.773105E+01  1.014674E+02 -8.466062E+00
  1.152000E+00  5.776238E+01  1.015690E+02 -8.426867E+00
  1.154000E+00  5.779364E+01  1.016706E+02 -8.387583E+00
  1.156000E+00  5.782484E+01  1.017721E+02 -8.348212E+00
  1.158000E+00  5.785598E+01  1.018735E+02 -8.308752E+00
  1.160000E+00  5.788707E+01  1.019748E+02 -8.269207E+00
  1.162000E+00  5.791810E+01  1.020760E+02 -8.229576E+00
  1.164000E+00  5.794907E+01  1.021771E+02 -8.189861E+00
  1.166000E+00  5.797999E+01  1.022782E+02 -8.150062E+00
  1.168000E+00  5.801085E+01  1.023791E+02 -8.110180E+00
  1.170000E+00  5.804165E+01  1.024800E+02 -8.070216E+00
  1.172000E+00  5.807240E+01  1.025808E+02 -8.030171E+00
  1.174000E+00  5.810309E+01  1.026816E+02 -7.990046E+00
  1.176000E+00  5.813373E+01  1.027822E+02 -7.949841E+00
  1.178000E+00  5.816432E+01  1.028828E+02 -7.909557E+00
  1.180000E+00  5.819485E+01  1.029833E+02 -7.869196E+00
  1.182000E+00  5.822532E+01  1.030837E+02 -7.828757E+00
  1.184000E+00  5.825574E+01  1.031840E+02 -7.788241E+00
  1.186000E+00  5.828611E+01  1.032843E+02 -7.747650E+00
  1.188000E+00  5.831643E+01  1.033845E+02 -7.706983E+00
  1.190000E+00  5.834669E+01  1.034846E+02 -7.666242E+00
  1.192000E+00  5.837690E+01  1.035847E+02 -7.625427E+00
  1.194000E+00  5.840706E+01  1.036846E+02 -7.584539E+00
  1.196000E+00  5.843717E+01  1.037846E+02 -7.543579E+00
  1.198000E+00  5.846723E+01  1.038844E+02 -7.502546E+00
  1.200000E+00  5.849723E+01  1.039842E+02 -7.461443E+00
