  1.000000E-02  0.000000E+00
  1.200000E-02  0.000000E+00
  1.400000E-02  0.000000E+00
  1.600000E-02  0.000000E+00
  1.800000E-02  0.000000E+00
  2.000000E-02  0.000000E+00
  2.200000E-02  0.000000E+00
  2.400000E-02  0.000000E+00
  2.600000E-02  0.000000E+00
  2.800000E-02  0.000000E+00
  3.000000E-02  0.000000E+00
  3.200000E-02  0.000000E+00
  3.400000E-02  0.000000E+00
  3.600000E-02  0.000000E+00
  3.800000E-02  0.000000E+00
  4.000000E-02  0.000000E+00
  4.200000E-02  0.000000E+00
  4.400000E-02  0.000000E+00
  4.600000E-02  0.000000E+00
  4.800000E-02  0.000000E+00
  5.000000E-02  0.000000E+00
  5.200000E-02  0.000000E+00
  5.400000E-02  0.000000E+00
  5.600000E-02  0.000000E+00
  5.800000E-02  0.000000E+00
  6.000000E-02  0.000000E+00
  6.200000E-02  0.000000E+00
  6.400000E-02  0.000000E+00
  6.600000E-02  0.000000E+00
  6.800000E-02  0.000000E+00
  7.000000E-02  0.000000E+00
  7.200000E-02  0.000000E+00
  7.400000E-02  0.000000E+00
  7.600000E-02  0.000000E+00
  7.800000E-02  0.000000E+00
  8.000000E-02  0.000000E+00
  8.200000E-02  0.000000E+00
  8.400000E-02  0.000000E+00
  8.600000E-02  0.000000E+00
  8.800000E-02  0.000000E+00
  9.000000E-02  0.000000E+00
  9.200000E-02  0.000000E+00
  9.400000E-02  0.000000E+00
  9.600000E-02  0.000000E+00
  9.800000E-02  0.000000E+00
  1.000000E-01  0.000000E+00
  1.020000E-01  0.000000E+00
  1.040000E-01  0.000000E+00
  1.060000E-01  0.000000E+00
  1.080000E-01  0.000000E+00
  1.100000E-01  0.000000E+00
  1.120000E-01  0.000000E+00
  1.140000E-01  0.000000E+00
  1.160000E-01  0.000000E+00
  1.180000E-01  0.000000E+00
  1.200000E-01  0.000000E+00
  1.220000E-01  0.000000E+00
  1.240000E-01  0.000000E+00
  1.260000E-01  0.000000E+00
  1.280000E-01  0.000000E+00
  1.300000E-01  0.000000E+00
  1.320000E-01  0.000000E+00
  1.340000E-01  0.000000E+00
  1.360000E-01  0.000000E+00
  1.380000E-01  0.000000E+00
  1.400000E-01  0.000000E+00
  1.420000E-01  0.000000E+00
  1.440000E-01  0.000000E+00
  1.460000E-01  0.000000E+00
  1.480000E-01  0.000000E+00
  1.500000E-01  0.000000E+00
  1.520000E-01  0.000000E+00
  1.540000E-01  0.000000E+00
  1.560000E-01  0.000000E+00
  1.580000E-01  0.000000E+00
  1.600000E-01  0.000000E+00
  1.620000E-01  0.000000E+00
  1.640000E-01  0.000000E+00
  1.660000E-01  0.000000E+00
  1.680000E-01  0.000000E+00
  1.700000E-01  0.000000E+00
  1.720000E-01  0.000000E+00
  1.740000E-01  0.000000E+00
  1.760000E-01  0.000000E+00
  1.780000E-01  0.000000E+00
  1.800000E-01  0.000000E+00
  1.820000E-01  0.000000E+00
  1.840000E-01  0.000000E+00
  1.860000E-01  0.000000E+00
  1.880000E-01  0.000000E+00
  1.900000E-01  0.000000E+00
  1.920000E-01  0.000000E+00
  1.940000E-01  0.000000E+00
  1.960000E-01  0.000000E+00
  1.980000E-01  0.000000E+00
  2.000000E-01  0.000000E+00
  2.020000E-01  0.000000E+00
  2.040000E-01  0.000000E+00
  2.060000E-01  0.000000E+00
  2.080000E-01  0.000000E+00
  2.100000E-01  0.000000E+00
  2.120000E-01  0.000000E+00
  2.140000E-01  0.000000E+00
  2.160000E-01  0.000000E+00
  2.180000E-01  0.000000E+00
  2.200000E-01  0.000000E+00
  2.220000E-01  0.000000E+00
  2.240000E-01  0.000000E+00
  2.260000E-01  0.000000E+00
  2.280000E-01  0.000000E+00
  2.300000E-01  0.000000E+00
  2.320000E-01  0.000000E+00
  2.340000E-01  0.000000E+00
  2.360000E-01  0.000000E+00
  2.380000E-01  0.000000E+00
  2.400000E-01  0.000000E+00
  2.420000E-01  0.000000E+00
  2.440000E-01  0.000000E+00
  2.460000E-01  0.000000E+00
  2.480000E-01  0.000000E+00
  2.500000E-01  0.000000E+00
  2.520000E-01  0.000000E+00
  2.540000E-01  0.000000E+00
  2.560000E-01  0.000000E+00
  2.580000E-01  0.000000E+00
  2.600000E-01  0.000000E+00
  2.620000E-01  0.000000E+00
  2.640000E-01  0.000000E+00
  2.660000E-01  0.000000E+00
  2.680000E-01  0.000000E+00
  2.700000E-01  0.000000E+00
  2.720000E-01  0.000000E+00
  2.740000E-01  0.000000E+00
  2.760000E-01  0.000000E+00
  2.780000E-01  0.000000E+00
  2.800000E-01  0.000000E+00
  2.820000E-01  0.000000E+00
  2.840000E-01  0.000000E+00
  2.860000E-01  0.000000E+00
  2.880000E-01  0.000000E+00
  2.900000E-01  0.000000E+00
  2.920000E-01  0.000000E+00
  2.940000E-01  0.000000E+00
  2.960000E-01  0.000000E+00
  2.980000E-01  0.000000E+00
  3.000000E-01  0.000000E+00
  3.020000E-01  0.000000E+00
  3.040000E-01  0.000000E+00
  3.060000E-01  0.000000E+00
  3.080000E-01  0.000000E+00
  3.100000E-01  0.000000E+00
  3.120000E-01  0.000000E+00
  3.140000E-01  0.000000E+00
  3.160000E-01  0.000000E+00
  3.180000E-01  0.000000E+00
  3.200000E-01  0.000000E+00
  3.220000E-01  0.000000E+00
  3.240000E-01  0.000000E+00
  3.260000E-01  0.000000E+00
  3.280000E-01  0.000000E+00
  3.300000E-01  0.000000E+00
  3.320000E-01  0.000000E+00
  3.340000E-01  0.000000E+00
  3.360000E-01  0.000000E+00
  3.380000E-01  0.000000E+00
  3.400000E-01  0.000000E+00
  3.420000E-01  0.000000E+00
  3.440000E-01  0.000000E+00
  3.460000E-01  0.000000E+00
  3.480000E-01  0.000000E+00
  3.500000E-01  0.000000E+00
  3.520000E-01  0.000000E+00
  3.540000E-01  0.000000E+00
  3.560000E-01  0.000000E+00
  3.580000E-01  0.000000E+00
  3.600000E-01  0.000000E+00
  3.620000E-01  0.000000E+00
  3.640000E-01  0.000000E+00
  3.660000E-01  0.000000E+00
  3.680000E-01  0.000000E+00
  3.700000E-01  0.000000E+00
  3.720000E-01  0.000000E+00
  3.740000E-01  0.000000E+00
  3.760000E-01  0.000000E+00
  3.780000E-01  0.000000E+00
  3.800000E-01  0.000000E+00
  3.820000E-01  0.000000E+00
  3.840000E-01  0.000000E+00
  3.860000E-01  0.000000E+00
  3.880000E-01  0.000000E+00
  3.900000E-01  0.000000E+00
  3.920000E-01  0.000000E+00
  3.940000E-01  0.000000E+00
  3.960000E-01  0.000000E+00
  3.980000E-01  0.000000E+00
  4.000000E-01  0.000000E+00
  4.020000E-01  0.000000E+00
  4.040000E-01  0.000000E+00
  4.060000E-01  0.000000E+00
  4.080000E-01  0.000000E+00
  4.100000E-01  0.000000E+00
  4.120000E-01  0.000000E+00
  4.140000E-01  0.000000E+00
  4.160000E-01  0.000000E+00
  4.180000E-01  0.000000E+00
  4.200000E-01  0.000000E+00
  4.220000E-01  0.000000E+00
  4.240000E-01  0.000000E+00
  4.260000E-01  0.000000E+00
  4.280000E-01  0.000000E+00
  4.300000E-01  0.000000E+00
  4.320000E-01  0.000000E+00
  4.340000E-01  0.000000E+00
  4.360000E-01  0.000000E+00
  4.380000E-01  0.000000E+00
  4.400000E-01  0.000000E+00
  4.420000E-01  0.000000E+00
  4.440000E-01  0.000000E+00
  4.460000E-01  0.000000E+00
  4.480000E-01  0.000000E+00
  4.500000E-01  0.000000E+00
  4.520000E-01  2.827662E-03
  4.540000E-01  4.495410E-03
  4.560000E-01  6.284743E-03
  4.580000E-01  8.154997E-03
  4.600000E-01  1.008036E-02
  4.620000E-01  1.204337E-02
  4.640000E-01  1.403164E-02
  4.660000E-01  1.603614E-02
  4.680000E-01  1.805013E-02
  4.700000E-01  2.006845E-02
  4.720000E-01  2.208715E-02
  4.740000E-01  2.410311E-02
  4.760000E-01  2.611388E-02
  4.780000E-01  2.811754E-02
  4.800000E-01  3.011253E-02
  4.820000E-01  3.209761E-02
  4.840000E-01  3.407181E-02
  4.860000E-01  3.603431E-02
  4.880000E-01  3.798451E-02
  4.900000E-01  4.194266E-02
  4.920000E-01  4.489269E-02
  4.940000E-01  4.794065E-02
  4.960000E-01  5.106944E-02
  4.980000E-01  5.426643E-02
  5.000000E-01  5.752185E-02
  5.020000E-01  6.082784E-02
  5.040000E-01  6.417791E-02
  5.060000E-01  6.756661E-02
  5.080000E-01  7.098926E-02
  5.100000E-01  7.444184E-02
  5.120000E-01  7.792080E-02
  5.140000E-01  8.142302E-02
  5.160000E-01  8.494573E-02
  5.180000E-01  8.848645E-02
  5.200000E-01  9.204295E-02
  5.220000E-01  9.561319E-02
  5.240000E-01  9.919536E-02
  5.260000E-01  1.027878E-01
  5.280000E-01  1.063889E-01
  5.300000E-01  1.099972E-01
  5.320000E-01  1.136116E-01
  5.340000E-01  1.172307E-01
  5.360000E-01  1.208534E-01
  5.380000E-01  1.244786E-01
  5.400000E-01  1.281054E-01
  5.420000E-01  1.317328E-01
  5.440000E-01  1.353597E-01
  5.460000E-01  1.389855E-01
  5.480000E-01  1.426091E-01
  5.500000E-01  1.462297E-01
  5.520000E-01  1.498466E-01
  5.540000E-01  1.534588E-01
  5.560000E-01  1.570655E-01
  5.580000E-01  1.606658E-01
  5.600000E-01  1.642589E-01
  5.620000E-01  1.678438E-01
  5.640000E-01  1.714196E-01
  5.660000E-01  1.749851E-01
  5.680000E-01  1.785395E-01
  5.700000E-01  1.820815E-01
  5.720000E-01  1.856099E-01
  5.740000E-01  1.891235E-01
  5.760000E-01  1.926208E-01
  5.780000E-01  1.961006E-01
  5.800000E-01  1.995612E-01
  5.820000E-01  2.030011E-01
  5.840000E-01  2.064188E-01
  5.860000E-01  2.098125E-01
  5.880000E-01  2.131807E-01
  5.900000E-01  2.165216E-01
  5.920000E-01  2.198338E-01
  5.940000E-01  2.231156E-01
  5.960000E-01  2.263657E-01
  5.980000E-01  2.295827E-01
  6.000000E-01  2.327656E-01
  6.020000E-01  2.359133E-01
  6.040000E-01  2.390252E-01
  6.060000E-01  2.421005E-01
  6.080000E-01  2.451388E-01
  6.100000E-01  2.481399E-01
  6.120000E-01  2.511037E-01
  6.140000E-01  2.540300E-01
  6.160000E-01  2.569188E-01
  6.180000E-01  2.597701E-01
  6.200000E-01  2.625833E-01
  6.220000E-01  2.653574E-01
  6.240000E-01  2.680885E-01
  6.260000E-01  2.707730E-01
  6.280000E-01  2.734420E-01
  6.300000E-01  2.760957E-01
  6.320000E-01  2.787342E-01
  6.340000E-01  2.813575E-01
  6.360000E-01  2.839657E-01
  6.380000E-01  2.865590E-01
  6.400000E-01  2.891375E-01
  6.420000E-01  2.917011E-01
  6.440000E-01  2.942501E-01
  6.460000E-01  2.967846E-01
  6.480000E-01  2.993045E-01
  6.500000E-01  3.018101E-01
  6.520000E-01  3.043014E-01
  6.540000E-01  3.067784E-01
  6.560000E-01  3.092414E-01
  6.580000E-01  3.116904E-01
  6.600000E-01  3.141254E-01
  6.620000E-01  3.165467E-01
  6.640000E-01  3.189542E-01
  6.660000E-01  3.213480E-01
  6.680000E-01  3.237283E-01
  6.700000E-01  3.260951E-01
  6.720000E-01  3.284486E-01
  6.740000E-01  3.307887E-01
  6.760000E-01  3.331157E-01
  6.780000E-01  3.354295E-01
  6.800000E-01  3.379836E-01
  6.820000E-01  3.403460E-01
  6.840000E-01  3.427012E-01
  6.860000E-01  3.450487E-01
  6.880000E-01  3.473883E-01
  6.900000E-01  3.497196E-01
  6.920000E-01  3.520424E-01
  6.940000E-01  3.543565E-01
  6.960000E-01  3.566617E-01
  6.980000E-01  3.589578E-01
  7.000000E-01  3.612449E-01
  7.020000E-01  3.635227E-01
  7.040000E-01  3.657912E-01
  7.060000E-01  3.680503E-01
  7.080000E-01  3.703000E-01
  7.100000E-01  3.725401E-01
  7.120000E-01  3.747707E-01
  7.140000E-01  3.769917E-01
  7.160000E-01  3.792031E-01
  7.180000E-01  3.814049E-01
  7.200000E-01  3.835970E-01
  7.220000E-01  3.857794E-01
  7.240000E-01  3.879522E-01
  7.260000E-01  3.901152E-01
  7.280000E-01  3.922686E-01
  7.300000E-01  3.944123E-01
  7.320000E-01  3.965463E-01
  7.340000E-01  3.986707E-01
  7.360000E-01  4.007854E-01
  7.380000E-01  4.028904E-01
  7.400000E-01  4.049858E-01
  7.420000E-01  4.070716E-01
  7.440000E-01  4.091478E-01
  7.460000E-01  4.112144E-01
  7.480000E-01  4.132715E-01
  7.500000E-01  4.153190E-01
  7.520000E-01  4.173570E-01
  7.540000E-01  4.193856E-01
  7.560000E-01  4.214047E-01
  7.580000E-01  4.234143E-01
  7.600000E-01  4.254146E-01
  7.620000E-01  4.274055E-01
  7.640000E-01  4.293870E-01
  7.660000E-01  4.313593E-01
  7.680000E-01  4.333222E-01
  7.700000E-01  4.352759E-01
  7.720000E-01  4.372204E-01
  7.740000E-01  4.391558E-01
  7.760000E-01  4.410819E-01
  7.780000E-01  4.429990E-01
  7.800000E-01  4.449070E-01
  7.820000E-01  4.468060E-01
  7.840000E-01  4.486959E-01
  7.860000E-01  4.505769E-01
  7.880000E-01  4.524490E-01
  7.900000E-01  4.543122E-01
  7.920000E-01  4.561665E-01
  7.940000E-01  4.580120E-01
  7.960000E-01  4.598487E-01
  7.980000E-01  4.616767E-01
  8.000000E-01  4.634959E-01
  8.020000E-01  4.653065E-01
  8.040000E-01  4.671085E-01
  8.060000E-01  4.689019E-01
  8.080000E-01  4.706867E-01
  8.100000E-01  4.724630E-01
  8.120000E-01  4.742309E-01
  8.140000E-01  4.759903E-01
  8.160000E-01  4.777413E-01
  8.180000E-01  4.794839E-01
  8.200000E-01  4.812182E-01
  8.220000E-01  4.829443E-01
  8.240000E-01  4.846621E-01
  8.260000E-01  4.863716E-01
  8.280000E-01  4.880731E-01
  8.300000E-01  4.897664E-01
  8.320000E-01  4.914516E-01
  8.340000E-01  4.931287E-01
  8.360000E-01  4.947978E-01
  8.380000E-01  4.964590E-01
  8.400000E-01  4.981122E-01
  8.420000E-01  4.997576E-01
  8.440000E-01  5.013950E-01
  8.460000E-01  5.030247E-01
  8.480000E-01  5.046465E-01
  8.500000E-01  5.062606E-01
  8.520000E-01  5.078670E-01
  8.540000E-01  5.094658E-01
  8.560000E-01  5.110569E-01
  8.580000E-01  5.126404E-01
  8.600000E-01  5.142163E-01
  8.620000E-01  5.157848E-01
  8.640000E-01  5.173457E-01
  8.660000E-01  5.188992E-01
  8.680000E-01  5.204453E-01
  8.700000E-01  5.219840E-01
  8.720000E-01  5.235153E-01
  8.740000E-01  5.250394E-01
  8.760000E-01  5.265562E-01
  8.780000E-01  5.280658E-01
  8.800000E-01  5.295681E-01
  8.820000E-01  5.310633E-01
  8.840000E-01  5.325514E-01
  8.860000E-01  5.340324E-01
  8.880000E-01  5.355064E-01
  8.900000E-01  5.369733E-01
  8.920000E-01  5.384332E-01
  8.940000E-01  5.398862E-01
  8.960000E-01  5.413323E-01
  8.980000E-01  5.427715E-01
  9.000000E-01  5.442038E-01
  9.020000E-01  5.456293E-01
  9.040000E-01  5.470481E-01
  9.060000E-01  5.484601E-01
  9.080000E-01  5.498654E-01
  9.100000E-01  5.512640E-01
  9.120000E-01  5.526559E-01
  9.140000E-01  5.540413E-01
  9.160000E-01  5.554200E-01
  9.180000E-01  5.567922E-01
  9.200000E-01  5.581579E-01
  9.220000E-01  5.595171E-01
  9.240000E-01  5.608698E-01
  9.260000E-01  5.622161E-01
  9.280000E-01  5.635560E-01
  9.300000E-01  5.648896E-01
  9.320000E-01  5.662168E-01
  9.340000E-01  5.675377E-01
  9.360000E-01  5.688523E-01
  9.380000E-01  5.701607E-01
  9.400000E-01  5.714628E-01
  9.420000E-01  5.727588E-01
  9.440000E-01  5.740486E-01
  9.460000E-01  5.753323E-01
  9.480000E-01  5.766098E-01
  9.500000E-01  5.778813E-01
  9.520000E-01  5.791467E-01
  9.540000E-01  5.804062E-01
  9.560000E-01  5.816596E-01
  9.580000E-01  5.829070E-01
  9.600000E-01  5.841485E-01
  9.620000E-01  5.853840E-01
  9.640000E-01  5.866137E-01
  9.660000E-01  5.878375E-01
  9.680000E-01  5.890554E-01
  9.700000E-01  5.902675E-01
  9.720000E-01  5.914738E-01
  9.740000E-01  5.926743E-01
  9.760000E-01  5.938690E-01
  9.780000E-01  5.950580E-01
  9.800000E-01  5.962412E-01
  9.820000E-01  5.981128E-01
  9.840000E-01  5.996907E-01
  9.860000E-01  6.013087E-01
  9.880000E-01  6.029584E-01
  9.900000E-01  6.046342E-01
  9.920000E-01  6.063319E-01
  9.940000E-01  6.080481E-01
  9.960000E-01  6.097802E-01
  9.980000E-01  6.115259E-01
  1.000000E+00  6.132836E-01
  1.002000E+00  6.150515E-01
  1.004000E+00  6.168284E-01
  1.006000E+00  6.186129E-01
  1.008000E+00  6.204042E-01
  1.010000E+00  6.222012E-01
  1.012000E+00  6.240031E-01
  1.014000E+00  6.258091E-01
  1.016000E+00  6.276185E-01
  1.018000E+00  6.294307E-01
  1.020000E+00  6.312450E-01
  1.022000E+00  6.330608E-01
  1.024000E+00  6.348773E-01
  1.026000E+00  6.366937E-01
  1.028000E+00  6.385080E-01
  1.030000E+00  6.403219E-01
  1.032000E+00  6.421369E-01
  1.034000E+00  6.439526E-01
  1.036000E+00  6.457689E-01
  1.038000E+00  6.475854E-01
  1.040000E+00  6.494018E-01
  1.042000E+00  6.512180E-01
  1.044000E+00  6.530338E-01
  1.046000E+00  6.548489E-01
  1.048000E+00  6.566631E-01
  1.050000E+00  6.584763E-01
  1.052000E+00  6.602884E-01
  1.054000E+00  6.620990E-01
  1.056000E+00  6.639083E-01
  1.058000E+00  6.657158E-01
  1.060000E+00  6.675217E-01
  1.062000E+00  6.693256E-01
  1.064000E+00  6.711276E-01
  1.066000E+00  6.729274E-01
  1.068000E+00  6.747251E-01
  1.070000E+00  6.765204E-01
  1.072000E+00  6.783134E-01
  1.074000E+00  6.801039E-01
  1.076000E+00  6.818919E-01
  1.078000E+00  6.836772E-01
  1.080000E+00  6.854598E-01
  1.082000E+00  6.872396E-01
  1.084000E+00  6.890166E-01
  1.086000E+00  6.907907E-01
  1.088000E+00  6.925619E-01
  1.090000E+00  6.943300E-01
  1.092000E+00  6.960951E-01
  1.094000E+00  6.978570E-01
  1.096000E+00  6.996158E-01
  1.098000E+00  7.013714E-01
  1.100000E+00  7.031238E-01
  1.102000E+00  7.048728E-01
  1.104000E+00  7.066186E-01
  1.106000E+00  7.083610E-01
  1.108000E+00  7.101000E-01
  1.110000E+00  7.118356E-01
  1.112000E+00  7.135677E-01
  1.114000E+00  7.152964E-01
  1.116000E+00  7.170215E-01
  1.118000E+00  7.187432E-01
  1.120000E+00  7.204612E-01
  1.122000E+00  7.221758E-01
  1.124000E+00  7.238867E-01
  1.126000E+00  7.255940E-01
  1.128000E+00  7.272977E-01
  1.130000E+00  7.289977E-01
  1.132000E+00  7.306941E-01
  1.134000E+00  7.323867E-01
  1.136000E+00  7.340758E-01
  1.138000E+00  7.357611E-01
  1.140000E+00  7.374427E-01
  1.142000E+00  7.391205E-01
  1.144000E+00  7.407947E-01
  1.146000E+00  7.424651E-01
  1.148000E+00  7.441317E-01
  1.150000E+00  7.457946E-01
  1.152000E+00  7.474537E-01
  1.154000E+00  7.491091E-01
  1.156000E+00  7.507607E-01
  1.158000E+00  7.524085E-01
  1.160000E+00  7.540525E-01
  1.162000E+00  7.556927E-01
  1.164000E+00  7.573291E-01
  1.166000E+00  7.589618E-01
  1.168000E+00  7.605907E-01
  1.170000E+00  7.622157E-01
  1.172000E+00  7.638370E-01
  1.174000E+00  7.654544E-01
  1.176000E+00  7.670681E-01
  1.178000E+00  7.686780E-01
  1.180000E+00  7.702841E-01
  1.182000E+00  7.718864E-01
  1.184000E+00  7.734849E-01
  1.186000E+00  7.750796E-01
  1.188000E+00  7.766705E-01
  1.190000E+00  7.782577E-01
  1.192000E+00  7.798410E-01
  1.194000E+00  7.814206E-01
  1.196000E+00  7.829964E-01
  1.198000E+00  7.845685E-01
  1.200000E+00  7.861368E-01
