  1.000000E-02  1.829048E+00  1.339270E+00 -5.308103E-01
  1.200000E-02  2.185791E+00  1.607124E+00 -6.360925E-01
  1.400000E-02  2.539678E+00  1.874978E+00 -7.410351E-01
  1.600000E-02  2.890756E+00  2.142832E+00 -8.456308E-01
  1.800000E-02  3.239069E+00  2.410686E+00 -9.498757E-01
  2.000000E-02  3.584656E+00  2.678540E+00 -1.053769E+00
  2.200000E-02  3.927555E+00  2.946394E+00 -1.157312E+00
  2.400000E-02  4.267802E+00  3.214248E+00 -1.260507E+00
  2.600000E-02  4.605430E+00  3.482102E+00 -1.363360E+00
  2.800000E-02  4.940471E+00  3.749956E+00 -1.465875E+00
  3.000000E-02  5.272956E+00  4.017810E+00 -1.568058E+00
  3.200000E-02  5.602916E+00  4.285664E+00 -1.669917E+00
  3.400000E-02  5.930379E+00  4.553518E+00 -1.771460E+00
  3.600000E-02  6.255373E+00  4.821373E+00 -1.872692E+00
  3.800000E-02  6.577926E+00  5.089227E+00 -1.973623E+00
  4.000000E-02  6.898064E+00  5.357081E+00 -2.074260E+00
  4.200000E-02  7.215813E+00  5.624935E+00 -2.174611E+00
  4.400000E-02  7.531200E+00  5.892789E+00 -2.274684E+00
  4.600000E-02  7.844248E+00  6.160643E+00 -2.374488E+00
  4.800000E-02  8.154982E+00  6.428497E+00 -2.474028E+00
  5.000000E-02  8.463427E+00  6.696351E+00 -2.573314E+00
  5.200000E-02  8.769605E+00  6.964205E+00 -2.672352E+00
  5.400000E-02  9.073539E+00  7.232059E+00 -2.771150E+00
  5.600000E-02  9.375253E+00  7.499913E+00 -2.869714E+00
  5.800000E-02  9.674769E+00  7.767767E+00 -2.968052E+00
  6.000000E-02  9.972108E+00  8.035621E+00 -3.066169E+00
  6.200000E-02  1.026729E+01  8.303475E+00 -3.164073E+00
  6.400000E-02  1.056034E+01  8.571329E+00 -3.261768E+00
  6.600000E-02  1.085128E+01  8.839183E+00 -3.359262E+00
  6.800000E-02  1.114013E+01  9.107037E+00 -3.456558E+00
  7.000000E-02  1.142690E+01  9.374891E+00 -3.553664E+00
  7.200000E-02  1.171163E+01  9.642745E+00 -3.650583E+00
  7.400000E-02  1.199432E+01  9.910599E+00 -3.747322E+00
  7.600000E-02  1.227500E+01  1.017845E+01 -3.843883E+00
  7.800000E-02  1.255368E+01  1.044631E+01 -3.940273E+00
  8.000000E-02  1.283040E+01  1.071416E+01 -4.036495E+00
  8.200000E-02  1.310515E+01  1.098202E+01 -4.132553E+00
  8.400000E-02  1.337798E+01  1.124987E+01 -4.228451E+00
  8.600000E-02  1.364888E+01  1.151772E+01 -4.324193E+00
  8.800000E-02  1.391788E+01  1.178558E+01 -4.419783E+00
  9.000000E-02  1.418500E+01  1.205343E+01 -4.515223E+00
  9.200000E-02  1.445026E+01  1.232129E+01 -4.610517E+00
  9.400000E-02  1.471367E+01  1.258914E+01 -4.705668E+00
  9.600000E-02  1.497525E+01  1.285699E+01 -4.800678E+00
  9.800000E-02  1.523502E+01  1.312485E+01 -4.895551E+00
  1.000000E-01  1.549300E+01  1.339270E+01 -4.990289E+00
  1.020000E-01  1.574919E+01  1.366056E+01 -5.084894E+00
  1.040000E-01  1.600362E+01  1.392841E+01 -5.179369E+00
  1.060000E-01  1.625631E+01  1.419626E+01 -5.273717E+00
  1.080000E-01  1.650727E+01  1.446412E+01 -5.367938E+00
  1.100000E-01  1.675651E+01  1.473197E+01 -5.462035E+00
  1.120000E-01  1.700406E+01  1.499983E+01 -5.556009E+00
  1.140000E-01  1.724992E+01  1.526768E+01 -5.649864E+00
  1.160000E-01  1.749412E+01  1.553553E+01 -5.743599E+00
  1.180000E-01  1.773667E+01  1.580339E+01 -5.837217E+00
  1.200000E-01  1.797758E+01  1.607124E+01 -5.930720E+00
  1.220000E-01  1.821687E+01  1.633910E+01 -6.024108E+00
  1.240000E-01  1.845455E+01  1.660695E+01 -6.117382E+00
  1.260000E-01  1.869064E+01  1.687480E+01 -6.210545E+00
  1.280000E-01  1.892516E+01  1.714266E+01 -6.303597E+00
  1.300000E-01  1.915811E+01  1.741051E+01 -6.396540E+00
  1.320000E-01  1.938951E+01  1.767837E+01 -6.489373E+00
  1.340000E-01  1.961945E+01  1.794622E+01 -6.581311E+00
  1.360000E-01  1.984792E+01  1.821407E+01 -6.672397E+00
  1.380000E-01  2.007493E+01  1.848193E+01 -6.762942E+00
  1.400000E-01  2.030047E+01  1.874978E+01 -6.853046E+00
  1.420000E-01  2.052455E+01  1.901764E+01 -6.942766E+00
  1.440000E-01  2.074720E+01  1.928549E+01 -7.032141E+00
  1.460000E-01  2.096841E+01  1.955334E+01 -7.121198E+00
  1.480000E-01  2.118820E+01  1.982120E+01 -7.209960E+00
  1.500000E-01  2.140659E+01  2.008905E+01 -7.298445E+00
  1.520000E-01  2.162357E+01  2.035691E+01 -7.386666E+00
  1.540000E-01  2.183918E+01  2.062476E+01 -7.474636E+00
  1.560000E-01  2.205341E+01  2.089261E+01 -7.562365E+00
  1.580000E-01  2.226627E+01  2.116047E+01 -7.649862E+00
  1.600000E-01  2.247779E+01  2.142832E+01 -7.737136E+00
  1.620000E-01  2.268797E+01  2.169618E+01 -7.824193E+00
  1.640000E-01  2.289683E+01  2.196403E+01 -7.911040E+00
  1.660000E-01  2.310437E+01  2.223188E+01 -7.997681E+00
  1.680000E-01  2.331061E+01  2.249974E+01 -8.084123E+00
  1.700000E-01  2.351556E+01  2.276759E+01 -8.170369E+00
  1.720000E-01  2.371922E+01  2.303545E+01 -8.256424E+00
  1.740000E-01  2.392162E+01  2.330330E+01 -8.342292E+00
  1.760000E-01  2.412276E+01  2.357115E+01 -8.427976E+00
  1.780000E-01  2.432265E+01  2.383901E+01 -8.513479E+00
  1.800000E-01  2.452131E+01  2.410686E+01 -8.598804E+00
  1.820000E-01  2.471874E+01  2.437472E+01 -8.683954E+00
  1.840000E-01  2.491496E+01  2.464257E+01 -8.768931E+00
  1.860000E-01  2.510998E+01  2.491042E+01 -8.853739E+00
  1.880000E-01  2.530380E+01  2.517828E+01 -8.938378E+00
  1.900000E-01  2.549644E+01  2.544613E+01 -9.022851E+00
  1.920000E-01  2.568790E+01  2.571399E+01 -9.107160E+00
  1.940000E-01  2.587820E+01  2.598184E+01 -9.191306E+00
  1.960000E-01  2.606736E+01  2.624969E+01 -9.275291E+00
  1.980000E-01  2.625537E+01  2.651755E+01 -9.359117E+00
  2.000000E-01  2.644224E+01  2.678540E+01 -9.442785E+00
  2.020000E-01  2.662800E+01  2.705326E+01 -9.526297E+00
  2.040000E-01  2.681264E+01  2.732111E+01 -9.609653E+00
  2.060000E-01  2.699618E+01  2.758896E+01 -9.692855E+00
  2.080000E-01  2.717863E+01  2.785682E+01 -9.775904E+00
  2.100000E-01  2.735999E+01  2.812467E+01 -9.858800E+00
  2.120000E-01  2.754028E+01  2.839253E+01 -9.941546E+00
  2.140000E-01  2.771950E+01  2.866038E+01 -1.002414E+01
  2.160000E-01  2.789767E+01  2.892824E+01 -1.010659E+01
  2.180000E-01  2.807479E+01  2.919609E+01 -1.018889E+01
  2.200000E-01  2.825087E+01  2.946394E+01 -1.027104E+01
  2.220000E-01  2.842592E+01  2.973180E+01 -1.035304E+01
  2.240000E-01  2.859995E+01  2.999965E+01 -1.043490E+01
  2.260000E-01  2.877298E+01  3.026751E+01 -1.051661E+01
  2.280000E-01  2.894499E+01  3.053536E+01 -1.059817E+01
  2.300000E-01  2.911602E+01  3.080321E+01 -1.067960E+01
  2.320000E-01  2.928606E+01  3.107107E+01 -1.076088E+01
  2.340000E-01  2.945512E+01  3.133892E+01 -1.084201E+01
  2.360000E-01  2.962321E+01  3.160678E+01 -1.092300E+01
  2.380000E-01  2.979034E+01  3.187463E+01 -1.100385E+01
  2.400000E-01  2.995652E+01  3.214248E+01 -1.108456E+01
  2.420000E-01  3.012176E+01  3.241034E+01 -1.116513E+01
  2.440000E-01  3.028606E+01  3.267819E+01 -1.124555E+01
  2.460000E-01  3.044943E+01  3.294605E+01 -1.132584E+01
  2.480000E-01  3.061188E+01  3.321390E+01 -1.140599E+01
  2.500000E-01  3.077342E+01  3.348175E+01 -1.148599E+01
  2.520000E-01  3.093405E+01  3.374961E+01 -1.156586E+01
  2.540000E-01  3.109378E+01  3.401746E+01 -1.164558E+01
  2.560000E-01  3.125262E+01  3.428532E+01 -1.172517E+01
  2.580000E-01  3.141059E+01  3.455317E+01 -1.180462E+01
  2.600000E-01  3.156767E+01  3.482102E+01 -1.188393E+01
  2.620000E-01  3.172389E+01  3.508888E+01 -1.196311E+01
  2.640000E-01  3.187925E+01  3.535673E+01 -1.204215E+01
  2.660000E-01  3.203375E+01  3.562459E+01 -1.212104E+01
  2.680000E-01  3.218741E+01  3.589244E+01 -1.219981E+01
  2.700000E-01  3.234023E+01  3.616029E+01 -1.227843E+01
  2.720000E-01  3.249221E+01  3.642815E+01 -1.235692E+01
  2.740000E-01  3.264337E+01  3.669600E+01 -1.243527E+01
  2.760000E-01  3.279372E+01  3.696386E+01 -1.251349E+01
  2.780000E-01  3.294325E+01  3.723171E+01 -1.259157E+01
  2.800000E-01  3.309197E+01  3.749956E+01 -1.266952E+01
  2.820000E-01  3.323990E+01  3.776742E+01 -1.274733E+01
  2.840000E-01  3.338703E+01  3.803527E+01 -1.282500E+01
  2.860000E-01  3.353338E+01  3.830313E+01 -1.290254E+01
  2.880000E-01  3.367895E+01  3.857098E+01 -1.297995E+01
  2.900000E-01  3.382374E+01  3.883883E+01 -1.305722E+01
  2.920000E-01  3.396777E+01  3.910669E+01 -1.313435E+01
  2.940000E-01  3.411104E+01  3.937454E+01 -1.321136E+01
  2.960000E-01  3.425356E+01  3.964240E+01 -1.328823E+01
  2.980000E-01  3.439533E+01  3.991025E+01 -1.336496E+01
  3.000000E-01  3.453635E+01  4.017810E+01 -1.344156E+01
  3.020000E-01  3.467664E+01  4.044596E+01 -1.351803E+01
  3.040000E-01  3.481620E+01  4.071381E+01 -1.359437E+01
  3.060000E-01  3.495504E+01  4.098167E+01 -1.367057E+01
  3.080000E-01  3.509315E+01  4.124952E+01 -1.374664E+01
  3.100000E-01  3.523056E+01  4.151737E+01 -1.382257E+01
  3.120000E-01  3.536725E+01  4.178523E+01 -1.389838E+01
  3.140000E-01  3.550325E+01  4.205308E+01 -1.397405E+01
  3.160000E-01  3.563855E+01  4.232094E+01 -1.404959E+01
  3.180000E-01  3.577316E+01  4.258879E+01 -1.412500E+01
  3.200000E-01  3.590709E+01  4.285664E+01 -1.420028E+01
  3.220000E-01  3.604033E+01  4.312450E+01 -1.427542E+01
  3.240000E-01  3.617291E+01  4.339235E+01 -1.435044E+01
  3.260000E-01  3.630481E+01  4.366021E+01 -1.442532E+01
  3.280000E-01  3.643605E+01  4.392806E+01 -1.450007E+01
  3.300000E-01  3.656664E+01  4.419591E+01 -1.457469E+01
  3.320000E-01  3.669657E+01  4.446377E+01 -1.464919E+01
  3.340000E-01  3.682585E+01  4.473162E+01 -1.472355E+01
  3.360000E-01  3.695449E+01  4.499948E+01 -1.479778E+01
  3.380000E-01  3.708249E+01  4.526733E+01 -1.487188E+01
  3.400000E-01  3.720986E+01  4.553518E+01 -1.494585E+01
  3.420000E-01  3.733660E+01  4.580304E+01 -1.501969E+01
  3.440000E-01  3.746272E+01  4.607089E+01 -1.509340E+01
  3.460000E-01  3.758822E+01  4.633875E+01 -1.516698E+01
  3.480000E-01  3.771311E+01  4.660660E+01 -1.524043E+01
  3.500000E-01  3.783738E+01  4.687446E+01 -1.531376E+01
  3.520000E-01  3.796106E+01  4.714231E+01 -1.538695E+01
  3.540000E-01  3.808413E+01  4.741016E+01 -1.546002E+01
  3.560000E-01  3.820661E+01  4.767802E+01 -1.553296E+01
  3.580000E-01  3.832850E+01  4.794587E+01 -1.560577E+01
  3.600000E-01  3.844981E+01  4.821373E+01 -1.567845E+01
  3.620000E-01  3.857053E+01  4.848158E+01 -1.575101E+01
  3.640000E-01  3.869068E+01  4.874943E+01 -1.582343E+01
  3.660000E-01  3.881025E+01  4.901729E+01 -1.589573E+01
  3.680000E-01  3.892926E+01  4.928514E+01 -1.596791E+01
  3.700000E-01  3.904770E+01  4.955300E+01 -1.603995E+01
  3.720000E-01  3.916558E+01  4.982085E+01 -1.611187E+01
  3.740000E-01  3.928291E+01  5.008870E+01 -1.618366E+01
  3.760000E-01  3.939969E+01  5.035656E+01 -1.625533E+01
  3.780000E-01  3.951592E+01  5.062441E+01 -1.632687E+01
  3.800000E-01  3.963160E+01  5.089227E+01 -1.639828E+01
  3.820000E-01  3.974675E+01  5.116012E+01 -1.646957E+01
  3.840000E-01  3.986136E+01  5.142797E+01 -1.654073E+01
  3.860000E-01  3.997544E+01  5.169583E+01 -1.661176E+01
  3.880000E-01  4.008900E+01  5.196368E+01 -1.668267E+01
  3.900000E-01  4.020203E+01  5.223154E+01 -1.675346E+01
  3.920000E-01  4.031454E+01  5.249939E+01 -1.682412E+01
  3.940000E-01  4.042654E+01  5.276724E+01 -1.689466E+01
  3.960000E-01  4.053802E+01  5.303510E+01 -1.696507E+01
  3.980000E-01  4.064900E+01  5.330295E+01 -1.703536E+01
  4.000000E-01  4.075947E+01  5.357081E+01 -1.710552E+01
  4.020000E-01  4.086944E+01  5.383866E+01 -1.717556E+01
  4.040000E-01  4.097892E+01  5.410651E+01 -1.724548E+01
  4.060000E-01  4.108790E+01  5.437437E+01 -1.731527E+01
  4.080000E-01  4.119639E+01  5.464222E+01 -1.738494E+01
  4.100000E-01  4.130440E+01  5.491008E+01 -1.745449E+01
  4.120000E-01  4.141192E+01  5.517793E+01 -1.752391E+01
  4.140000E-01  4.151897E+01  5.544578E+01 -1.759321E+01
  4.160000E-01  4.162554E+01  5.571364E+01 -1.766239E+01
  4.180000E-01  4.173163E+01  5.598149E+01 -1.773145E+01
  4.200000E-01  4.183726E+01  5.624935E+01 -1.780038E+01
  4.220000E-01  4.194242E+01  5.651720E+01 -1.786920E+01
  4.240000E-01  4.204712E+01  5.678505E+01 -1.793789E+01
  4.260000E-01  4.215136E+01  5.705291E+01 -1.800646E+01
  4.280000E-01  4.225514E+01  5.732076E+01 -1.807491E+01
  4.300000E-01  4.235848E+01  5.758862E+01 -1.814324E+01
  4.320000E-01  4.246136E+01  5.785647E+01 -1.821145E+01
  4.340000E-01  4.256379E+01  5.812432E+01 -1.827953E+01
  4.360000E-01  4.266579E+01  5.839218E+01 -1.834750E+01
  4.380000E-01  4.276734E+01  5.866003E+01 -1.841535E+01
  4.400000E-01  4.286846E+01  5.892789E+01 -1.848308E+01
  4.420000E-01  4.296914E+01  5.919574E+01 -1.855069E+01
  4.440000E-01  4.306939E+01  5.946359E+01 -1.861818E+01
  4.460000E-01  4.316922E+01  5.973145E+01 -1.868555E+01
  4.480000E-01  4.326862E+01  5.999930E+01 -1.875280E+01
  4.500000E-01  4.336759E+01  6.026716E+01 -1.881993E+01
  4.520000E-01  4.346615E+01  6.053501E+01 -1.888695E+01
  4.540000E-01  4.356429E+01  6.080286E+01 -1.895384E+01
  4.560000E-01  4.366202E+01  6.107072E+01 -1.902062E+01
  4.580000E-01  4.375934E+01  6.133857E+01 -1.908728E+01
  4.600000E-01  4.385625E+01  6.160643E+01 -1.915383E+01
  4.620000E-01  4.395276E+01  6.187428E+01 -1.922025E+01
  4.640000E-01  4.404886E+01  6.214213E+01 -1.928656E+01
  4.660000E-01  4.414457E+01  6.240999E+01 -1.935276E+01
  4.680000E-01  4.423987E+01  6.267784E+01 -1.941883E+01
  4.700000E-01  4.433479E+01  6.294570E+01 -1.948479E+01
  4.720000E-01  4.442931E+01  6.321355E+01 -1.955064E+01
  4.740000E-01  4.452344E+01  6.348140E+01 -1.961637E+01
  4.760000E-01  4.461719E+01  6.374926E+01 -1.968198E+01
  4.780000E-01  4.471056E+01  6.401711E+01 -1.974748E+01
  4.800000E-01  4.480354E+01  6.428497E+01 -1.981286E+01
  4.820000E-01  4.489614E+01  6.455282E+01 -1.987813E+01
  4.840000E-01  4.498837E+01  6.482068E+01 -1.994328E+01
  4.860000E-01  4.508023E+01  6.508853E+01 -2.000832E+01
  4.880000E-01  4.517172E+01  6.535638E+01 -2.007324E+01
  4.900000E-01  4.526283E+01  6.562424E+01 -2.013805E+01
  4.920000E-01  4.535358E+01  6.589209E+01 -2.020275E+01
  4.940000E-01  4.544397E+01  6.615995E+01 -2.026733E+01
  4.960000E-01  4.553399E+01  6.642780E+01 -2.033180E+01
  4.980000E-01  4.562366E+01  6.669565E+01 -2.039616E+01
  5.000000E-01  4.571297E+01  6.696351E+01 -2.046041E+01
  5.020000E-01  4.580193E+01  6.723136E+01 -2.052454E+01
  5.040000E-01  4.589053E+01  6.749922E+01 -2.058856E+01
  5.060000E-01  4.597879E+01  6.776707E+01 -2.065247E+01
  5.080000E-01  4.606669E+01  6.803492E+01 -2.071626E+01
  5.100000E-01  4.615426E+01  6.830278E+01 -2.077995E+01
  5.120000E-01  4.624148E+01  6.857063E+01 -2.084352E+01
  5.140000E-01  4.632836E+01  6.883849E+01 -2.090698E+01
  5.160000E-01  4.641490E+01  6.910634E+01 -2.097033E+01
  5.180000E-01  4.650110E+01  6.937419E+01 -2.103357E+01
  5.200000E-01  4.658697E+01  6.964205E+01 -2.109671E+01
  5.220000E-01  4.667251E+01  6.990990E+01 -2.115973E+01
  5.240000E-01  4.675772E+01  7.017776E+01 -2.122264E+01
  5.260000E-01  4.684260E+01  7.044561E+01 -2.128544E+01
  5.280000E-01  4.692715E+01  7.071346E+01 -2.134813E+01
  5.300000E-01  4.701138E+01  7.098132E+01 -2.141071E+01
  5.320000E-01  4.709529E+01  7.124917E+01 -2.147319E+01
  5.340000E-01  4.717888E+01  7.151703E+01 -2.153555E+01
  5.360000E-01  4.726215E+01  7.178488E+01 -2.159781E+01
  5.380000E-01  4.734511E+01  7.205273E+01 -2.165996E+01
  5.400000E-01  4.742775E+01  7.232059E+01 -2.172200E+01
  5.420000E-01  4.750779E+01  7.254251E+01 -2.175352E+01
  5.440000E-01  4.758861E+01  7.278579E+01 -2.179913E+01
  5.460000E-01  4.766897E+01  7.302548E+01 -2.184230E+01
  5.480000E-01  4.774889E+01  7.326187E+01 -2.188323E+01
  5.500000E-01  4.780366E+01  7.337250E+01 -2.186115E+01
  5.520000E-01  4.786888E+01  7.353542E+01 -2.186482E+01
  5.540000E-01  4.793290E+01  7.369251E+01 -2.186529E+01
  5.560000E-01  4.799597E+01  7.384514E+01 -2.186325E+01
  5.580000E-01  4.805828E+01  7.399417E+01 -2.185912E+01
  5.600000E-01  4.811992E+01  7.414017E+01 -2.185320E+01
  5.620000E-01  4.818097E+01  7.428359E+01 -2.184571E+01
  5.640000E-01  4.824151E+01  7.442476E+01 -2.183681E+01
  5.660000E-01  4.830157E+01  7.456394E+01 -2.182664E+01
  5.680000E-01  4.836121E+01  7.470133E+01 -2.181529E+01
  5.700000E-01  4.842044E+01  7.483711E+01 -2.180286E+01
  5.720000E-01  4.847930E+01  7.497143E+01 -2.178942E+01
  5.740000E-01  4.853781E+01  7.510440E+01 -2.177502E+01
  5.760000E-01  4.859599E+01  7.523614E+01 -2.175974E+01
  5.780000E-01  4.865385E+01  7.536673E+01 -2.174360E+01
  5.800000E-01  4.871142E+01  7.549626E+01 -2.172665E+01
  5.820000E-01  4.876870E+01  7.562480E+01 -2.170893E+01
  5.840000E-01  4.882571E+01  7.575241E+01 -2.169046E+01
  5.860000E-01  4.888245E+01  7.587915E+01 -2.167129E+01
  5.880000E-01  4.893894E+01  7.600506E+01 -2.165143E+01
  5.900000E-01  4.899519E+01  7.613020E+01 -2.163091E+01
  5.920000E-01  4.905119E+01  7.625461E+01 -2.160975E+01
  5.940000E-01  4.910697E+01  7.637833E+01 -2.158797E+01
  5.960000E-01  4.916252E+01  7.650139E+01 -2.156558E+01
  5.980000E-01  4.921785E+01  7.662382E+01 -2.154262E+01
  6.000000E-01  4.927297E+01  7.674566E+01 -2.151908E+01
  6.020000E-01  4.932788E+01  7.686693E+01 -2.149499E+01
  6.040000E-01  4.938259E+01  7.698767E+01 -2.147037E+01
  6.060000E-01  4.943710E+01  7.710788E+01 -2.144521E+01
  6.080000E-01  4.949141E+01  7.722760E+01 -2.141954E+01
  6.100000E-01  4.954554E+01  7.734685E+01 -2.139337E+01
  6.120000E-01  4.958976E+01  7.744438E+01 -2.134923E+01
  6.140000E-01  4.963619E+01  7.754685E+01 -2.130898E+01
  6.160000E-01  4.968160E+01  7.764716E+01 -2.126680E+01
  6.180000E-01  4.972619E+01  7.774581E+01 -2.122308E+01
  6.200000E-01  4.977012E+01  7.784310E+01 -2.117806E+01
  6.220000E-01  4.981347E+01  7.793927E+01 -2.113194E+01
  6.240000E-01  4.985633E+01  7.803449E+01 -2.108485E+01
  6.260000E-01  4.989874E+01  7.812888E+01 -2.103688E+01
  6.280000E-01  4.994076E+01  7.822255E+01 -2.098813E+01
  6.300000E-01  4.998242E+01  7.831559E+01 -2.093865E+01
  6.320000E-01  5.002376E+01  7.840808E+01 -2.088852E+01
  6.340000E-01  5.006480E+01  7.850007E+01 -2.083777E+01
  6.360000E-01  5.010557E+01  7.859161E+01 -2.078645E+01
  6.380000E-01  5.014608E+01  7.868277E+01 -2.073459E+01
  6.400000E-01  5.018636E+01  7.877357E+01 -2.068222E+01
  6.420000E-01  5.022642E+01  7.886405E+01 -2.062938E+01
  6.440000E-01  5.026627E+01  7.895425E+01 -2.057608E+01
  6.460000E-01  5.030592E+01  7.904419E+01 -2.052236E+01
  6.480000E-01  5.034540E+01  7.913391E+01 -2.046822E+01
  6.500000E-01  5.038470E+01  7.922342E+01 -2.041369E+01
  6.520000E-01  5.042384E+01  7.931274E+01 -2.035878E+01
  6.540000E-01  5.046282E+01  7.940190E+01 -2.030351E+01
  6.560000E-01  5.050166E+01  7.949092E+01 -2.024790E+01
  6.580000E-01  5.054036E+01  7.957981E+01 -2.019194E+01
  6.600000E-01  5.057893E+01  7.966858E+01 -2.013566E+01
  6.620000E-01  5.061737E+01  7.975726E+01 -2.007907E+01
  6.640000E-01  5.065569E+01  7.984585E+01 -2.002217E+01
  6.660000E-01  5.069389E+01  7.993437E+01 -1.996498E+01
  6.680000E-01  5.073198E+01  8.002282E+01 -1.990749E+01
  6.700000E-01  5.076997E+01  8.011123E+01 -1.984973E+01
  6.720000E-01  5.080785E+01  8.019959E+01 -1.979170E+01
  6.740000E-01  5.084564E+01  8.028792E+01 -1.973340E+01
  6.760000E-01  5.088333E+01  8.037623E+01 -1.967484E+01
  6.780000E-01  5.092093E+01  8.046453E+01 -1.961603E+01
  6.800000E-01  5.095845E+01  8.055281E+01 -1.955697E+01
  6.820000E-01  5.099588E+01  8.064110E+01 -1.949767E+01
  6.840000E-01  5.103323E+01  8.072940E+01 -1.943813E+01
  6.860000E-01  5.107050E+01  8.081771E+01 -1.937836E+01
  6.880000E-01  5.110769E+01  8.090604E+01 -1.931836E+01
  6.900000E-01  5.114482E+01  8.099440E+01 -1.925814E+01
  6.920000E-01  5.118187E+01  8.108279E+01 -1.919769E+01
  6.940000E-01  5.121885E+01  8.117122E+01 -1.913703E+01
  6.960000E-01  5.125577E+01  8.125969E+01 -1.907616E+01
  6.980000E-01  5.129262E+01  8.134821E+01 -1.901508E+01
  7.000000E-01  5.132941E+01  8.143678E+01 -1.895379E+01
  7.020000E-01  5.136614E+01  8.152541E+01 -1.889229E+01
  7.040000E-01  5.140281E+01  8.161410E+01 -1.883060E+01
  7.060000E-01  5.143942E+01  8.170285E+01 -1.876871E+01
  7.080000E-01  5.147598E+01  8.179167E+01 -1.870663E+01
  7.100000E-01  5.151248E+01  8.188057E+01 -1.864435E+01
  7.120000E-01  5.154893E+01  8.196953E+01 -1.858188E+01
  7.140000E-01  5.158533E+01  8.205858E+01 -1.851922E+01
  7.160000E-01  5.162168E+01  8.214771E+01 -1.845638E+01
  7.180000E-01  5.165798E+01  8.223693E+01 -1.839336E+01
  7.200000E-01  5.169423E+01  8.232623E+01 -1.833015E+01
  7.220000E-01  5.173044E+01  8.241562E+01 -1.826677E+01
  7.240000E-01  5.176660E+01  8.250511E+01 -1.820320E+01
  7.260000E-01  5.180271E+01  8.259469E+01 -1.813946E+01
  7.280000E-01  5.183878E+01  8.268437E+01 -1.807555E+01
  7.300000E-01  5.187481E+01  8.277416E+01 -1.801146E+01
  7.320000E-01  5.191080E+01  8.286404E+01 -1.794721E+01
  7.340000E-01  5.194675E+01  8.295403E+01 -1.788278E+01
  7.360000E-01  5.198266E+01  8.304413E+01 -1.781819E+01
  7.380000E-01  5.201853E+01  8.313434E+01 -1.775342E+01
  7.400000E-01  5.205436E+01  8.322466E+01 -1.768850E+01
  7.420000E-01  5.209015E+01  8.331509E+01 -1.762341E+01
  7.440000E-01  5.212591E+01  8.340564E+01 -1.755815E+01
  7.460000E-01  5.216163E+01  8.349631E+01 -1.749274E+01
  7.480000E-01  5.219731E+01  8.358709E+01 -1.742716E+01
  7.500000E-01  5.223296E+01  8.367800E+01 -1.736142E+01
  7.520000E-01  5.226858E+01  8.376902E+01 -1.729553E+01
  7.540000E-01  5.230416E+01  8.386017E+01 -1.722948E+01
  7.560000E-01  5.233971E+01  8.395145E+01 -1.716327E+01
  7.580000E-01  5.237522E+01  8.404285E+01 -1.709690E+01
  7.600000E-01  5.241071E+01  8.413438E+01 -1.703039E+01
  7.620000E-01  5.244616E+01  8.422603E+01 -1.696372E+01
  7.640000E-01  5.248158E+01  8.431782E+01 -1.689689E+01
  7.660000E-01  5.251697E+01  8.440974E+01 -1.682991E+01
  7.680000E-01  5.255233E+01  8.450179E+01 -1.676279E+01
  7.700000E-01  5.258767E+01  8.459397E+01 -1.669551E+01
  7.720000E-01  5.262297E+01  8.468629E+01 -1.662808E+01
  7.740000E-01  5.265824E+01  8.477875E+01 -1.656051E+01
  7.760000E-01  5.269348E+01  8.487134E+01 -1.649278E+01
  7.780000E-01  5.272870E+01  8.496407E+01 -1.642491E+01
  7.800000E-01  5.276389E+01  8.505694E+01 -1.635689E+01
  7.820000E-01  5.279905E+01  8.514995E+01 -1.628873E+01
  7.840000E-01  5.283418E+01  8.524310E+01 -1.622042E+01
  7.860000E-01  5.286928E+01  8.533639E+01 -1.615197E+01
  7.880000E-01  5.290436E+01  8.542982E+01 -1.608337E+01
  7.900000E-01  5.293941E+01  8.552340E+01 -1.601463E+01
  7.920000E-01  5.297444E+01  8.561712E+01 -1.594574E+01
  7.940000E-01  5.300944E+01  8.571098E+01 -1.587671E+01
  7.960000E-01  5.304441E+01  8.580499E+01 -1.580754E+01
  7.980000E-01  5.307936E+01  8.589915E+01 -1.573823E+01
  8.000000E-01  5.311429E+01  8.599345E+01 -1.566878E+01
  8.020000E-01  5.314919E+01  8.608790E+01 -1.559918E+01
  8.040000E-01  5.318406E+01  8.618250E+01 -1.552945E+01
  8.060000E-01  5.321891E+01  8.627725E+01 -1.545958E+01
  8.080000E-01  5.325373E+01  8.637215E+01 -1.538956E+01
  8.100000E-01  5.328853E+01  8.646720E+01 -1.531941E+01
  8.120000E-01  5.332331E+01  8.656240E+01 -1.524912E+01
  8.140000E-01  5.335806E+01  8.665775E+01 -1.517869E+01
  8.160000E-01  5.339279E+01  8.675326E+01 -1.510813E+01
  8.180000E-01  5.342749E+01  8.684891E+01 -1.503742E+01
  8.200000E-01  5.346217E+01  8.694472E+01 -1.496658E+01
  8.220000E-01  5.349683E+01  8.704069E+01 -1.489560E+01
  8.240000E-01  5.353147E+01  8.713681E+01 -1.482449E+01
  8.260000E-01  5.356608E+01  8.723308E+01 -1.475324E+01
  8.280000E-01  5.360067E+01  8.732951E+01 -1.468185E+01
  8.300000E-01  5.363523E+01  8.742609E+01 -1.461033E+01
  8.320000E-01  5.366978E+01  8.752284E+01 -1.453868E+01
  8.340000E-01  5.370430E+01  8.761974E+01 -1.446688E+01
  8.360000E-01  5.373880E+01  8.771680E+01 -1.439496E+01
  8.380000E-01  5.377327E+01  8.781401E+01 -1.432290E+01
  8.400000E-01  5.380773E+01  8.791139E+01 -1.425070E+01
  8.420000E-01  5.384216E+01  8.800893E+01 -1.417837E+01
  8.440000E-01  5.387657E+01  8.810662E+01 -1.410590E+01
  8.460000E-01  5.391096E+01  8.820448E+01 -1.403330E+01
  8.480000E-01  5.394532E+01  8.830250E+01 -1.396057E+01
  8.500000E-01  5.397967E+01  8.840068E+01 -1.388770E+01
  8.520000E-01  5.401399E+01  8.849903E+01 -1.381470E+01
  8.540000E-01  5.404830E+01  8.859754E+01 -1.374157E+01
  8.560000E-01  5.408258E+01  8.869622E+01 -1.366830E+01
  8.580000E-01  5.411684E+01  8.879506E+01 -1.359490E+01
  8.600000E-01  5.415108E+01  8.889407E+01 -1.352136E+01
  8.620000E-01  5.418530E+01  8.899324E+01 -1.344769E+01
  8.640000E-01  5.421950E+01  8.909259E+01 -1.337388E+01
  8.660000E-01  5.425368E+01  8.919210E+01 -1.329994E+01
  8.680000E-01  5.428784E+01  8.929179E+01 -1.322587E+01
  8.700000E-01  5.432198E+01  8.939165E+01 -1.315166E+01
  8.720000E-01  5.435610E+01  8.949169E+01 -1.307731E+01
  8.740000E-01  5.439020E+01  8.959190E+01 -1.300283E+01
  8.760000E-01  5.442428E+01  8.969229E+01 -1.292821E+01
  8.780000E-01  5.445835E+01  8.979286E+01 -1.285346E+01
  8.800000E-01  5.449239E+01  8.989361E+01 -1.277856E+01
  8.820000E-01  5.452642E+01  8.999455E+01 -1.270353E+01
  8.840000E-01  5.456044E+01  9.009568E+01 -1.262836E+01
  8.860000E-01  5.459443E+01  9.019700E+01 -1.255304E+01
  8.880000E-01  5.462841E+01  9.029852E+01 -1.247758E+01
  8.900000E-01  5.466238E+01  9.040024E+01 -1.240198E+01
  8.920000E-01  5.469633E+01  9.050216E+01 -1.232623E+01
  8.940000E-01  5.473028E+01  9.060431E+01 -1.225032E+01
  8.960000E-01  5.476421E+01  9.070668E+01 -1.217426E+01
  8.980000E-01  5.479814E+01  9.080929E+01 -1.209804E+01
  9.000000E-01  5.483206E+01  9.091215E+01 -1.202165E+01
  9.020000E-01  5.486598E+01  9.101530E+01 -1.194508E+01
  9.040000E-01  5.489992E+01  9.111878E+01 -1.186830E+01
  9.060000E-01  5.493389E+01  9.122273E+01 -1.179126E+01
  9.080000E-01  5.496793E+01  9.132726E+01 -1.171390E+01
  9.100000E-01  5.500192E+01  9.143184E+01 -1.163647E+01
  9.120000E-01  5.503586E+01  9.153648E+01 -1.155896E+01
  9.140000E-01  5.506976E+01  9.164118E+01 -1.148137E+01
  9.160000E-01  5.510361E+01  9.174593E+01 -1.140370E+01
  9.180000E-01  5.513742E+01  9.185073E+01 -1.132596E+01
  9.200000E-01  5.517118E+01  9.195558E+01 -1.124814E+01
  9.220000E-01  5.520489E+01  9.206049E+01 -1.117024E+01
  9.240000E-01  5.523857E+01  9.216546E+01 -1.109227E+01
  9.260000E-01  5.527219E+01  9.227047E+01 -1.101423E+01
  9.280000E-01  5.530577E+01  9.237554E+01 -1.093611E+01
  9.300000E-01  5.533930E+01  9.248066E+01 -1.085791E+01
  9.320000E-01  5.537279E+01  9.258584E+01 -1.077964E+01
  9.340000E-01  5.540624E+01  9.269106E+01 -1.070130E+01
  9.360000E-01  5.543963E+01  9.279634E+01 -1.062289E+01
  9.380000E-01  5.547299E+01  9.290167E+01 -1.054441E+01
  9.400000E-01  5.550629E+01  9.300705E+01 -1.046585E+01
  9.420000E-01  5.553955E+01  9.311248E+01 -1.038722E+01
  9.440000E-01  5.557277E+01  9.321796E+01 -1.030852E+01
  9.460000E-01  5.560594E+01  9.332349E+01 -1.022975E+01
  9.480000E-01  5.563907E+01  9.342907E+01 -1.015091E+01
  9.500000E-01  5.567214E+01  9.353470E+01 -1.007200E+01
  9.520000E-01  5.570518E+01  9.364037E+01 -9.993027E+00
  9.540000E-01  5.573817E+01  9.374610E+01 -9.913981E+00
  9.560000E-01  5.577111E+01  9.385187E+01 -9.834867E+00
  9.580000E-01  5.580401E+01  9.395770E+01 -9.755685E+00
  9.600000E-01  5.583686E+01  9.406357E+01 -9.676436E+00
  9.620000E-01  5.586967E+01  9.416949E+01 -9.597120E+00
  9.640000E-01  5.590243E+01  9.427545E+01 -9.517738E+00
  9.660000E-01  5.593514E+01  9.438146E+01 -9.438290E+00
  9.680000E-01  5.596782E+01  9.448752E+01 -9.358777E+00
  9.700000E-01  5.600044E+01  9.459362E+01 -9.279199E+00
  9.720000E-01  5.603302E+01  9.469977E+01 -9.199556E+00
  9.740000E-01  5.606555E+01  9.480596E+01 -9.119849E+00
  9.760000E-01  5.609804E+01  9.491220E+01 -9.040079E+00
  9.780000E-01  5.613049E+01  9.501848E+01 -8.960245E+00
  9.800000E-01  5.616288E+01  9.512481E+01 -8.880348E+00
  9.820000E-01  5.619523E+01  9.523118E+01 -8.800390E+00
  9.840000E-01  5.622754E+01  9.533759E+01 -8.720369E+00
  9.860000E-01  5.625980E+01  9.544405E+01 -8.640287E+00
  9.880000E-01  5.629202E+01  9.555055E+01 -8.560144E+00
  9.900000E-01  5.632419E+01  9.565709E+01 -8.479941E+00
  9.920000E-01  5.635631E+01  9.576367E+01 -8.399678E+00
  9.940000E-01  5.638839E+01  9.587029E+01 -8.319355E+00
  9.960000E-01  5.642042E+01  9.597695E+01 -8.238973E+00
  9.980000E-01  5.645241E+01  9.608366E+01 -8.158532E+00
  1.000000E+00  5.648435E+01  9.619040E+01 -8.078033E+00
  1.002000E+00  5.651625E+01  9.629718E+01 -7.997476E+00
  1.004000E+00  5.654810E+01  9.640400E+01 -7.916862E+00
  1.006000E+00  5.657991E+01  9.651086E+01 -7.836191E+00
  1.008000E+00  5.661167E+01  9.661776E+01 -7.755464E+00
  1.010000E+00  5.664338E+01  9.672470E+01 -7.674680E+00
  1.012000E+00  5.667505E+01  9.683167E+01 -7.593842E+00
  1.014000E+00  5.670667E+01  9.693868E+01 -7.512948E+00
  1.016000E+00  5.673825E+01  9.704573E+01 -7.431999E+00
  1.018000E+00  5.676978E+01  9.715281E+01 -7.350997E+00
  1.020000E+00  5.680126E+01  9.725993E+01 -7.269940E+00
  1.022000E+00  5.683270E+01  9.736709E+01 -7.188831E+00
  1.024000E+00  5.686410E+01  9.747427E+01 -7.107669E+00
  1.026000E+00  5.689545E+01  9.758150E+01 -7.026454E+00
  1.028000E+00  5.692675E+01  9.768875E+01 -6.945188E+00
  1.030000E+00  5.695801E+01  9.779604E+01 -6.863870E+00
  1.032000E+00  5.698922E+01  9.790337E+01 -6.782501E+00
  1.034000E+00  5.702038E+01  9.801072E+01 -6.701082E+00
  1.036000E+00  5.705150E+01  9.811811E+01 -6.619613E+00
  1.038000E+00  5.708258E+01  9.822553E+01 -6.538094E+00
  1.040000E+00  5.711361E+01  9.833298E+01 -6.456526E+00
  1.042000E+00  5.714459E+01  9.844046E+01 -6.374910E+00
  1.044000E+00  5.717553E+01  9.854797E+01 -6.293245E+00
  1.046000E+00  5.720642E+01  9.865551E+01 -6.211533E+00
  1.048000E+00  5.723726E+01  9.876308E+01 -6.129773E+00
  1.050000E+00  5.726806E+01  9.887068E+01 -6.047967E+00
  1.052000E+00  5.729882E+01  9.897830E+01 -5.966115E+00
  1.054000E+00  5.732952E+01  9.908596E+01 -5.884216E+00
  1.056000E+00  5.736019E+01  9.919364E+01 -5.802273E+00
  1.058000E+00  5.739080E+01  9.930135E+01 -5.720284E+00
  1.060000E+00  5.742137E+01  9.940908E+01 -5.638251E+00
  1.062000E+00  5.745190E+01  9.951684E+01 -5.556174E+00
  1.064000E+00  5.748238E+01  9.962463E+01 -5.474053E+00
  1.066000E+00  5.751281E+01  9.973244E+01 -5.391890E+00
  1.068000E+00  5.754320E+01  9.984028E+01 -5.309684E+00
  1.070000E+00  5.757354E+01  9.994814E+01 -5.227436E+00
  1.072000E+00  5.760384E+01  1.000560E+02 -5.145146E+00
  1.074000E+00  5.763409E+01  1.001639E+02 -5.062815E+00
  1.076000E+00  5.766429E+01  1.002719E+02 -4.980444E+00
  1.078000E+00  5.769445E+01  1.003798E+02 -4.898032E+00
  1.080000E+00  5.772456E+01  1.004878E+02 -4.815581E+00
  1.082000E+00  5.775463E+01  1.005958E+02 -4.733090E+00
  1.084000E+00  5.778465E+01  1.007038E+02 -4.650561E+00
  1.086000E+00  5.781462E+01  1.008118E+02 -4.567993E+00
  1.088000E+00  5.784455E+01  1.009199E+02 -4.485388E+00
  1.090000E+00  5.787443E+01  1.010279E+02 -4.402745E+00
  1.092000E+00  5.790427E+01  1.011360E+02 -4.320065E+00
  1.094000E+00  5.793406E+01  1.012441E+02 -4.237349E+00
  1.096000E+00  5.796381E+01  1.013523E+02 -4.154598E+00
  1.098000E+00  5.799351E+01  1.014604E+02 -4.071810E+00
  1.100000E+00  5.802316E+01  1.015686E+02 -3.988988E+00
  1.102000E+00  5.805277E+01  1.016767E+02 -3.906132E+00
  1.104000E+00  5.808233E+01  1.017849E+02 -3.823241E+00
  1.106000E+00  5.811185E+01  1.018931E+02 -3.740317E+00
  1.108000E+00  5.814132E+01  1.020014E+02 -3.657360E+00
  1.110000E+00  5.817074E+01  1.021096E+02 -3.574370E+00
  1.112000E+00  5.820012E+01  1.022178E+02 -3.491349E+00
  1.114000E+00  5.822945E+01  1.023261E+02 -3.408296E+00
  1.116000E+00  5.825874E+01  1.024344E+02 -3.325212E+00
  1.118000E+00  5.828690E+01  1.025362E+02 -3.245322E+00
  1.120000E+00  5.831618E+01  1.026449E+02 -3.161936E+00
  1.122000E+00  5.834541E+01  1.027537E+02 -3.078532E+00
  1.124000E+00  5.837459E+01  1.028625E+02 -2.995112E+00
  1.126000E+00  5.840372E+01  1.029712E+02 -2.911674E+00
  1.128000E+00  5.843280E+01  1.030799E+02 -2.828219E+00
  1.130000E+00  5.846183E+01  1.031887E+02 -2.744748E+00
  1.132000E+00  5.849081E+01  1.032974E+02 -2.661261E+00
  1.134000E+00  5.851974E+01  1.034060E+02 -2.577757E+00
  1.136000E+00  5.854862E+01  1.035147E+02 -2.494236E+00
  1.138000E+00  5.857745E+01  1.036234E+02 -2.410700E+00
  1.140000E+00  5.860623E+01  1.037320E+02 -2.327148E+00
  1.142000E+00  5.863496E+01  1.038407E+02 -2.243581E+00
  1.144000E+00  5.866365E+01  1.039493E+02 -2.159998E+00
  1.146000E+00  5.869228E+01  1.040579E+02 -2.076400E+00
  1.148000E+00  5.872087E+01  1.041665E+02 -1.992787E+00
  1.150000E+00  5.874941E+01  1.042751E+02 -1.909159E+00
  1.152000E+00  5.877790E+01  1.043837E+02 -1.825516E+00
  1.154000E+00  5.880634E+01  1.044922E+02 -1.741858E+00
  1.156000E+00  5.883474E+01  1.046008E+02 -1.658186E+00
  1.158000E+00  5.886309E+01  1.047093E+02 -1.574500E+00
  1.160000E+00  5.889139E+01  1.048178E+02 -1.490800E+00
  1.162000E+00  5.891964E+01  1.049263E+02 -1.407086E+00
  1.164000E+00  5.894784E+01  1.050348E+02 -1.323358E+00
  1.166000E+00  5.897600E+01  1.051433E+02 -1.239617E+00
  1.168000E+00  5.900411E+01  1.052518E+02 -1.155862E+00
  1.170000E+00  5.903217E+01  1.053603E+02 -1.072094E+00
  1.172000E+00  5.906019E+01  1.054687E+02 -9.883134E-01
  1.174000E+00  5.908816E+01  1.055772E+02 -9.045195E-01
  1.176000E+00  5.911608E+01  1.056856E+02 -8.207128E-01
  1.178000E+00  5.914396E+01  1.057940E+02 -7.368936E-01
  1.180000E+00  5.917179E+01  1.059024E+02 -6.530620E-01
  1.182000E+00  5.919958E+01  1.060108E+02 -5.692181E-01
  1.184000E+00  5.922731E+01  1.061192E+02 -4.853621E-01
  1.186000E+00  5.925501E+01  1.062276E+02 -4.014942E-01
  1.188000E+00  5.928265E+01  1.063360E+02 -3.176145E-01
  1.190000E+00  5.931025E+01  1.064444E+02 -2.337232E-01
  1.192000E+00  5.933781E+01  1.065527E+02 -1.498204E-01
  1.194000E+00  5.936532E+01  1.066611E+02 -6.590634E-02
  1.196000E+00  5.939278E+01  1.067694E+02  1.801886E-02
  1.198000E+00  5.942020E+01  1.068777E+02  1.019550E-01
  1.200000E+00  5.944758E+01  1.069860E+02  1.859021E-01
