  1.000000E-02  1.310663E+03
  1.200000E-02  1.309247E+03
  1.400000E-02  1.307848E+03
  1.600000E-02  1.306464E+03
  1.800000E-02  1.305097E+03
  2.000000E-02  1.303744E+03
  2.200000E-02  1.302407E+03
  2.400000E-02  1.301085E+03
  2.600000E-02  1.299777E+03
  2.800000E-02  1.298484E+03
  3.000000E-02  1.297205E+03
  3.200000E-02  1.295941E+03
  3.400000E-02  1.294690E+03
  3.600000E-02  1.293452E+03
  3.800000E-02  1.292228E+03
  4.000000E-02  1.291017E+03
  4.200000E-02  1.289819E+03
  4.400000E-02  1.288634E+03
  4.600000E-02  1.287462E+03
  4.800000E-02  1.286302E+03
  5.000000E-02  1.285155E+03
  5.200000E-02  1.284019E+03
  5.400000E-02  1.282896E+03
  5.600000E-02  1.281784E+03
  5.800000E-02  1.280684E+03
  6.000000E-02  1.279596E+03
  6.200000E-02  1.278519E+03
  6.400000E-02  1.277453E+03
  6.600000E-02  1.276398E+03
  6.800000E-02  1.275354E+03
  7.000000E-02  1.274320E+03
  7.200000E-02  1.273298E+03
  7.400000E-02  1.272285E+03
  7.600000E-02  1.271283E+03
  7.800000E-02  1.270292E+03
  8.000000E-02  1.269310E+03
  8.200000E-02  1.268338E+03
  8.400000E-02  1.267376E+03
  8.600000E-02  1.266424E+03
  8.800000E-02  1.265481E+03
  9.000000E-02  1.264547E+03
  9.200000E-02  1.263623E+03
  9.400000E-02  1.262708E+03
  9.600000E-02  1.261802E+03
  9.800000E-02  1.260905E+03
  1.000000E-01  1.260017E+03
  1.020000E-01  1.259138E+03
  1.040000E-01  1.258267E+03
  1.060000E-01  1.257405E+03
  1.080000E-01  1.256551E+03
  1.100000E-01  1.255705E+03
  1.120000E-01  1.254868E+03
  1.140000E-01  1.254038E+03
  1.160000E-01  1.253217E+03
  1.180000E-01  1.252403E+03
  1.200000E-01  1.251598E+03
  1.220000E-01  1.250800E+03
  1.240000E-01  1.250009E+03
  1.260000E-01  1.249226E+03
  1.280000E-01  1.248451E+03
  1.300000E-01  1.247682E+03
  1.320000E-01  1.246921E+03
  1.340000E-01  1.246167E+03
  1.360000E-01  1.245420E+03
  1.380000E-01  1.244679E+03
  1.400000E-01  1.243946E+03
  1.420000E-01  1.243219E+03
  1.440000E-01  1.242498E+03
  1.460000E-01  1.241785E+03
  1.480000E-01  1.241077E+03
  1.500000E-01  1.240377E+03
  1.520000E-01  1.239682E+03
  1.540000E-01  1.238994E+03
  1.560000E-01  1.238312E+03
  1.580000E-01  1.237636E+03
  1.600000E-01  1.236966E+03
  1.620000E-01  1.236302E+03
  1.640000E-01  1.235644E+03
  1.660000E-01  1.234992E+03
  1.680000E-01  1.234346E+03
  1.700000E-01  1.233705E+03
  1.720000E-01  1.233070E+03
  1.740000E-01  1.232441E+03
  1.760000E-01  1.231817E+03
  1.780000E-01  1.231198E+03
  1.800000E-01  1.230585E+03
  1.820000E-01  1.229977E+03
  1.840000E-01  1.229375E+03
  1.860000E-01  1.228778E+03
  1.880000E-01  1.228185E+03
  1.900000E-01  1.227598E+03
  1.920000E-01  1.227016E+03
  1.940000E-01  1.226439E+03
  1.960000E-01  1.225867E+03
  1.980000E-01  1.225299E+03
  2.000000E-01  1.224737E+03
  2.020000E-01  1.224179E+03
  2.040000E-01  1.223626E+03
  2.060000E-01  1.223077E+03
  2.080000E-01  1.222533E+03
  2.100000E-01  1.221994E+03
  2.120000E-01  1.221459E+03
  2.140000E-01  1.220929E+03
  2.160000E-01  1.220403E+03
  2.180000E-01  1.219881E+03
  2.200000E-01  1.219363E+03
  2.220000E-01  1.218850E+03
  2.240000E-01  1.218341E+03
  2.260000E-01  1.217836E+03
  2.280000E-01  1.217335E+03
  2.300000E-01  1.216838E+03
  2.320000E-01  1.216346E+03
  2.340000E-01  1.215857E+03
  2.360000E-01  1.215372E+03
  2.380000E-01  1.214891E+03
  2.400000E-01  1.214413E+03
  2.420000E-01  1.213940E+03
  2.440000E-01  1.213470E+03
  2.460000E-01  1.213004E+03
  2.480000E-01  1.212542E+03
  2.500000E-01  1.212083E+03
  2.520000E-01  1.211628E+03
  2.540000E-01  1.211177E+03
  2.560000E-01  1.210729E+03
  2.580000E-01  1.210284E+03
  2.600000E-01  1.209843E+03
  2.620000E-01  1.209405E+03
  2.640000E-01  1.208971E+03
  2.660000E-01  1.208540E+03
  2.680000E-01  1.208112E+03
  2.700000E-01  1.207688E+03
  2.720000E-01  1.207267E+03
  2.740000E-01  1.206849E+03
  2.760000E-01  1.206434E+03
  2.780000E-01  1.206022E+03
  2.800000E-01  1.205613E+03
  2.820000E-01  1.205208E+03
  2.840000E-01  1.204805E+03
  2.860000E-01  1.204405E+03
  2.880000E-01  1.204009E+03
  2.900000E-01  1.203615E+03
  2.920000E-01  1.203224E+03
  2.940000E-01  1.202836E+03
  2.960000E-01  1.202451E+03
  2.980000E-01  1.202069E+03
  3.000000E-01  1.201689E+03
  3.020000E-01  1.201313E+03
  3.040000E-01  1.200939E+03
  3.060000E-01  1.200567E+03
  3.080000E-01  1.200199E+03
  3.100000E-01  1.199833E+03
  3.120000E-01  1.199469E+03
  3.140000E-01  1.199109E+03
  3.160000E-01  1.198750E+03
  3.180000E-01  1.198395E+03
  3.200000E-01  1.198042E+03
  3.220000E-01  1.197691E+03
  3.240000E-01  1.197343E+03
  3.260000E-01  1.196997E+03
  3.280000E-01  1.196654E+03
  3.300000E-01  1.196313E+03
  3.320000E-01  1.195974E+03
  3.340000E-01  1.195638E+03
  3.360000E-01  1.195304E+03
  3.380000E-01  1.194973E+03
  3.400000E-01  1.194643E+03
  3.420000E-01  1.194316E+03
  3.440000E-01  1.193991E+03
  3.460000E-01  1.193669E+03
  3.480000E-01  1.193348E+03
  3.500000E-01  1.193030E+03
  3.520000E-01  1.192714E+03
  3.540000E-01  1.192400E+03
  3.560000E-01  1.192088E+03
  3.580000E-01  1.191779E+03
  3.600000E-01  1.191471E+03
  3.620000E-01  1.191165E+03
  3.640000E-01  1.190862E+03
  3.660000E-01  1.190560E+03
  3.680000E-01  1.190260E+03
  3.700000E-01  1.189963E+03
  3.720000E-01  1.189667E+03
  3.740000E-01  1.189373E+03
  3.760000E-01  1.189081E+03
  3.780000E-01  1.188792E+03
  3.800000E-01  1.188503E+03
  3.820000E-01  1.188217E+03
  3.840000E-01  1.187933E+03
  3.860000E-01  1.187650E+03
  3.880000E-01  1.187370E+03
  3.900000E-01  1.187091E+03
  3.920000E-01  1.186814E+03
  3.940000E-01  1.186538E+03
  3.960000E-01  1.186265E+03
  3.980000E-01  1.185993E+03
  4.000000E-01  1.185723E+03
  4.020000E-01  1.185454E+03
  4.040000E-01  1.185188E+03
  4.060000E-01  1.184922E+03
  4.080000E-01  1.184659E+03
  4.100000E-01  1.184397E+03
  4.120000E-01  1.184137E+03
  4.140000E-01  1.183879E+03
  4.160000E-01  1.183622E+03
  4.180000E-01  1.183366E+03
  4.200000E-01  1.183112E+03
  4.220000E-01  1.182860E+03
  4.240000E-01  1.182609E+03
  4.260000E-01  1.182360E+03
  4.280000E-01  1.182113E+03
  4.300000E-01  1.181866E+03
  4.320000E-01  1.181622E+03
  4.340000E-01  1.181378E+03
  4.360000E-01  1.181137E+03
  4.380000E-01  1.180896E+03
  4.400000E-01  1.180658E+03
  4.420000E-01  1.180420E+03
  4.440000E-01  1.180184E+03
  4.460000E-01  1.179949E+03
  4.480000E-01  1.179716E+03
  4.500000E-01  1.179484E+03
  4.520000E-01  1.179254E+03
  4.540000E-01  1.179025E+03
  4.560000E-01  1.178797E+03
  4.580000E-01  1.178570E+03
  4.600000E-01  1.178345E+03
  4.620000E-01  1.178121E+03
  4.640000E-01  1.177899E+03
  4.660000E-01  1.177678E+03
  4.680000E-01  1.177458E+03
  4.700000E-01  1.177239E+03
  4.720000E-01  1.177022E+03
  4.740000E-01  1.176805E+03
  4.760000E-01  1.176590E+03
  4.780000E-01  1.176377E+03
  4.800000E-01  1.176164E+03
  4.820000E-01  1.175953E+03
  4.840000E-01  1.175742E+03
  4.860000E-01  1.175534E+03
  4.880000E-01  1.175326E+03
  4.900000E-01  1.175119E+03
  4.920000E-01  1.174914E+03
  4.940000E-01  1.174709E+03
  4.960000E-01  1.174506E+03
  4.980000E-01  1.174304E+03
  5.000000E-01  1.174103E+03
  5.020000E-01  1.173903E+03
  5.040000E-01  1.173704E+03
  5.060000E-01  1.173507E+03
  5.080000E-01  1.173310E+03
  5.100000E-01  1.173115E+03
  5.120000E-01  1.172920E+03
  5.140000E-01  1.172727E+03
  5.160000E-01  1.172535E+03
  5.180000E-01  1.172343E+03
  5.200000E-01  1.172153E+03
  5.220000E-01  1.171964E+03
  5.240000E-01  1.171776E+03
  5.260000E-01  1.171588E+03
  5.280000E-01  1.171402E+03
  5.300000E-01  1.171217E+03
  5.320000E-01  1.171033E+03
  5.340000E-01  1.170850E+03
  5.360000E-01  1.170667E+03
  5.380000E-01  1.170486E+03
  5.400000E-01  1.170306E+03
  5.420000E-01  1.170131E+03
  5.440000E-01  1.169955E+03
  5.460000E-01  1.169781E+03
  5.480000E-01  1.169607E+03
  5.500000E-01  1.169489E+03
  5.520000E-01  1.169347E+03
  5.540000E-01  1.169209E+03
  5.560000E-01  1.169073E+03
  5.580000E-01  1.168938E+03
  5.600000E-01  1.168806E+03
  5.620000E-01  1.168674E+03
  5.640000E-01  1.168544E+03
  5.660000E-01  1.168415E+03
  5.680000E-01  1.168287E+03
  5.700000E-01  1.168160E+03
  5.720000E-01  1.168034E+03
  5.740000E-01  1.167909E+03
  5.760000E-01  1.167785E+03
  5.780000E-01  1.167661E+03
  5.800000E-01  1.167539E+03
  5.820000E-01  1.167417E+03
  5.840000E-01  1.167295E+03
  5.860000E-01  1.167175E+03
  5.880000E-01  1.167055E+03
  5.900000E-01  1.166936E+03
  5.920000E-01  1.166817E+03
  5.940000E-01  1.166699E+03
  5.960000E-01  1.166582E+03
  5.980000E-01  1.166465E+03
  6.000000E-01  1.166349E+03
  6.020000E-01  1.166233E+03
  6.040000E-01  1.166118E+03
  6.060000E-01  1.166003E+03
  6.080000E-01  1.165889E+03
  6.100000E-01  1.165775E+03
  6.120000E-01  1.165683E+03
  6.140000E-01  1.165585E+03
  6.160000E-01  1.165490E+03
  6.180000E-01  1.165397E+03
  6.200000E-01  1.165305E+03
  6.220000E-01  1.165215E+03
  6.240000E-01  1.165125E+03
  6.260000E-01  1.165037E+03
  6.280000E-01  1.164950E+03
  6.300000E-01  1.164863E+03
  6.320000E-01  1.164777E+03
  6.340000E-01  1.164692E+03
  6.360000E-01  1.164607E+03
  6.380000E-01  1.164523E+03
  6.400000E-01  1.164439E+03
  6.420000E-01  1.164356E+03
  6.440000E-01  1.164274E+03
  6.460000E-01  1.164192E+03
  6.480000E-01  1.164110E+03
  6.500000E-01  1.164029E+03
  6.520000E-01  1.163948E+03
  6.540000E-01  1.163868E+03
  6.560000E-01  1.163788E+03
  6.580000E-01  1.163708E+03
  6.600000E-01  1.163629E+03
  6.620000E-01  1.163550E+03
  6.640000E-01  1.163471E+03
  6.660000E-01  1.163393E+03
  6.680000E-01  1.163315E+03
  6.700000E-01  1.163237E+03
  6.720000E-01  1.163159E+03
  6.740000E-01  1.163082E+03
  6.760000E-01  1.163005E+03
  6.780000E-01  1.162928E+03
  6.800000E-01  1.162851E+03
  6.820000E-01  1.162775E+03
  6.840000E-01  1.162699E+03
  6.860000E-01  1.162623E+03
  6.880000E-01  1.162547E+03
  6.900000E-01  1.162471E+03
  6.920000E-01  1.162396E+03
  6.940000E-01  1.162321E+03
  6.960000E-01  1.162246E+03
  6.980000E-01  1.162171E+03
  7.000000E-01  1.162096E+03
  7.020000E-01  1.162022E+03
  7.040000E-01  1.161948E+03
  7.060000E-01  1.161874E+03
  7.080000E-01  1.161800E+03
  7.100000E-01  1.161726E+03
  7.120000E-01  1.161652E+03
  7.140000E-01  1.161579E+03
  7.160000E-01  1.161506E+03
  7.180000E-01  1.161432E+03
  7.200000E-01  1.161359E+03
  7.220000E-01  1.161287E+03
  7.240000E-01  1.161214E+03
  7.260000E-01  1.161141E+03
  7.280000E-01  1.161069E+03
  7.300000E-01  1.160997E+03
  7.320000E-01  1.160924E+03
  7.340000E-01  1.160852E+03
  7.360000E-01  1.160781E+03
  7.380000E-01  1.160709E+03
  7.400000E-01  1.160637E+03
  7.420000E-01  1.160566E+03
  7.440000E-01  1.160494E+03
  7.460000E-01  1.160423E+03
  7.480000E-01  1.160352E+03
  7.500000E-01  1.160281E+03
  7.520000E-01  1.160210E+03
  7.540000E-01  1.160139E+03
  7.560000E-01  1.160068E+03
  7.580000E-01  1.159998E+03
  7.600000E-01  1.159927E+03
  7.620000E-01  1.159857E+03
  7.640000E-01  1.159787E+03
  7.660000E-01  1.159717E+03
  7.680000E-01  1.159647E+03
  7.700000E-01  1.159577E+03
  7.720000E-01  1.159507E+03
  7.740000E-01  1.159437E+03
  7.760000E-01  1.159368E+03
  7.780000E-01  1.159298E+03
  7.800000E-01  1.159229E+03
  7.820000E-01  1.159160E+03
  7.840000E-01  1.159090E+03
  7.860000E-01  1.159021E+03
  7.880000E-01  1.158952E+03
  7.900000E-01  1.158884E+03
  7.920000E-01  1.158815E+03
  7.940000E-01  1.158746E+03
  7.960000E-01  1.158678E+03
  7.980000E-01  1.158609E+03
  8.000000E-01  1.158541E+03
  8.020000E-01  1.158472E+03
  8.040000E-01  1.158404E+03
  8.060000E-01  1.158336E+03
  8.080000E-01  1.158268E+03
  8.100000E-01  1.158200E+03
  8.120000E-01  1.158133E+03
  8.140000E-01  1.158065E+03
  8.160000E-01  1.157997E+03
  8.180000E-01  1.157930E+03
  8.200000E-01  1.157862E+03
  8.220000E-01  1.157795E+03
  8.240000E-01  1.157728E+03
  8.260000E-01  1.157661E+03
  8.280000E-01  1.157594E+03
  8.300000E-01  1.157527E+03
  8.320000E-01  1.157460E+03
  8.340000E-01  1.157393E+03
  8.360000E-01  1.157326E+03
  8.380000E-01  1.157260E+03
  8.400000E-01  1.157193E+03
  8.420000E-01  1.157127E+03
  8.440000E-01  1.157060E+03
  8.460000E-01  1.156994E+03
  8.480000E-01  1.156928E+03
  8.500000E-01  1.156862E+03
  8.520000E-01  1.156796E+03
  8.540000E-01  1.156730E+03
  8.560000E-01  1.156664E+03
  8.580000E-01  1.156599E+03
  8.600000E-01  1.156533E+03
  8.620000E-01  1.156467E+03
  8.640000E-01  1.156402E+03
  8.660000E-01  1.156337E+03
  8.680000E-01  1.156271E+03
  8.700000E-01  1.156206E+03
  8.720000E-01  1.156141E+03
  8.740000E-01  1.156076E+03
  8.760000E-01  1.156011E+03
  8.780000E-01  1.155946E+03
  8.800000E-01  1.155881E+03
  8.820000E-01  1.155816E+03
  8.840000E-01  1.155752E+03
  8.860000E-01  1.155687E+03
  8.880000E-01  1.155623E+03
  8.900000E-01  1.155558E+03
  8.920000E-01  1.155494E+03
  8.940000E-01  1.155430E+03
  8.960000E-01  1.155365E+03
  8.980000E-01  1.155301E+03
  9.000000E-01  1.155237E+03
  9.020000E-01  1.155173E+03
  9.040000E-01  1.155109E+03
  9.060000E-01  1.155045E+03
  9.080000E-01  1.154981E+03
  9.100000E-01  1.154917E+03
  9.120000E-01  1.154853E+03
  9.140000E-01  1.154789E+03
  9.160000E-01  1.154726E+03
  9.180000E-01  1.154662E+03
  9.200000E-01  1.154599E+03
  9.220000E-01  1.154535E+03
  9.240000E-01  1.154472E+03
  9.260000E-01  1.154409E+03
  9.280000E-01  1.154347E+03
  9.300000E-01  1.154284E+03
  9.320000E-01  1.154221E+03
  9.340000E-01  1.154159E+03
  9.360000E-01  1.154096E+03
  9.380000E-01  1.154034E+03
  9.400000E-01  1.153972E+03
  9.420000E-01  1.153910E+03
  9.440000E-01  1.153848E+03
  9.460000E-01  1.153787E+03
  9.480000E-01  1.153725E+03
  9.500000E-01  1.153664E+03
  9.520000E-01  1.153602E+03
  9.540000E-01  1.153541E+03
  9.560000E-01  1.153480E+03
  9.580000E-01  1.153419E+03
  9.600000E-01  1.153359E+03
  9.620000E-01  1.153298E+03
  9.640000E-01  1.153237E+03
  9.660000E-01  1.153177E+03
  9.680000E-01  1.153117E+03
  9.700000E-01  1.153056E+03
  9.720000E-01  1.152996E+03
  9.740000E-01  1.152937E+03
  9.760000E-01  1.152877E+03
  9.780000E-01  1.152817E+03
  9.800000E-01  1.152758E+03
  9.820000E-01  1.152698E+03
  9.840000E-01  1.152639E+03
  9.860000E-01  1.152580E+03
  9.880000E-01  1.152521E+03
  9.900000E-01  1.152462E+03
  9.920000E-01  1.152403E+03
  9.940000E-01  1.152344E+03
  9.960000E-01  1.152286E+03
  9.980000E-01  1.152227E+03
  1.000000E+00  1.152169E+03
  1.002000E+00  1.152111E+03
  1.004000E+00  1.152053E+03
  1.006000E+00  1.151995E+03
  1.008000E+00  1.151937E+03
  1.010000E+00  1.151879E+03
  1.012000E+00  1.151822E+03
  1.014000E+00  1.151764E+03
  1.016000E+00  1.151707E+03
  1.018000E+00  1.151650E+03
  1.020000E+00  1.151593E+03
  1.022000E+00  1.151536E+03
  1.024000E+00  1.151479E+03
  1.026000E+00  1.151422E+03
  1.028000E+00  1.151366E+03
  1.030000E+00  1.151309E+03
  1.032000E+00  1.151253E+03
  1.034000E+00  1.151197E+03
  1.036000E+00  1.151141E+03
  1.038000E+00  1.151085E+03
  1.040000E+00  1.151029E+03
  1.042000E+00  1.150973E+03
  1.044000E+00  1.150917E+03
  1.046000E+00  1.150862E+03
  1.048000E+00  1.150807E+03
  1.050000E+00  1.150751E+03
  1.052000E+00  1.150696E+03
  1.054000E+00  1.150641E+03
  1.056000E+00  1.150586E+03
  1.058000E+00  1.150532E+03
  1.060000E+00  1.150477E+03
  1.062000E+00  1.150422E+03
  1.064000E+00  1.150368E+03
  1.066000E+00  1.150314E+03
  1.068000E+00  1.150259E+03
  1.070000E+00  1.150205E+03
  1.072000E+00  1.150151E+03
  1.074000E+00  1.150098E+03
  1.076000E+00  1.150044E+03
  1.078000E+00  1.149990E+03
  1.080000E+00  1.149937E+03
  1.082000E+00  1.149883E+03
  1.084000E+00  1.149830E+03
  1.086000E+00  1.149777E+03
  1.088000E+00  1.149724E+03
  1.090000E+00  1.149671E+03
  1.092000E+00  1.149618E+03
  1.094000E+00  1.149566E+03
  1.096000E+00  1.149513E+03
  1.098000E+00  1.149461E+03
  1.100000E+00  1.149408E+03
  1.102000E+00  1.149356E+03
  1.104000E+00  1.149304E+03
  1.106000E+00  1.149252E+03
  1.108000E+00  1.149200E+03
  1.110000E+00  1.149148E+03
  1.112000E+00  1.149097E+03
  1.114000E+00  1.149045E+03
  1.116000E+00  1.148994E+03
  1.118000E+00  1.148944E+03
  1.120000E+00  1.148893E+03
  1.122000E+00  1.148842E+03
  1.124000E+00  1.148791E+03
  1.126000E+00  1.148740E+03
  1.128000E+00  1.148689E+03
  1.130000E+00  1.148638E+03
  1.132000E+00  1.148588E+03
  1.134000E+00  1.148537E+03
  1.136000E+00  1.148487E+03
  1.138000E+00  1.148437E+03
  1.140000E+00  1.148387E+03
  1.142000E+00  1.148337E+03
  1.144000E+00  1.148287E+03
  1.146000E+00  1.148237E+03
  1.148000E+00  1.148187E+03
  1.150000E+00  1.148138E+03
  1.152000E+00  1.148088E+03
  1.154000E+00  1.148039E+03
  1.156000E+00  1.147990E+03
  1.158000E+00  1.147941E+03
  1.160000E+00  1.147892E+03
  1.162000E+00  1.147843E+03
  1.164000E+00  1.147794E+03
  1.166000E+00  1.147746E+03
  1.168000E+00  1.147697E+03
  1.170000E+00  1.147649E+03
  1.172000E+00  1.147600E+03
  1.174000E+00  1.147552E+03
  1.176000E+00  1.147504E+03
  1.178000E+00  1.147456E+03
  1.180000E+00  1.147408E+03
  1.182000E+00  1.147361E+03
  1.184000E+00  1.147313E+03
  1.186000E+00  1.147265E+03
  1.188000E+00  1.147218E+03
  1.190000E+00  1.147171E+03
  1.192000E+00  1.147124E+03
  1.194000E+00  1.147076E+03
  1.196000E+00  1.147029E+03
  1.198000E+00  1.146983E+03
  1.200000E+00  1.146936E+03
