  1.000000E-02  1.189390E+03
  1.200000E-02  1.188729E+03
  1.400000E-02  1.188088E+03
  1.600000E-02  1.187467E+03
  1.800000E-02  1.186866E+03
  2.000000E-02  1.186286E+03
  2.200000E-02  1.185725E+03
  2.400000E-02  1.185186E+03
  2.600000E-02  1.184665E+03
  2.800000E-02  1.184166E+03
  3.000000E-02  1.183687E+03
  3.200000E-02  1.183228E+03
  3.400000E-02  1.182789E+03
  3.600000E-02  1.182370E+03
  3.800000E-02  1.181972E+03
  4.000000E-02  1.181593E+03
  4.200000E-02  1.181235E+03
  4.400000E-02  1.180897E+03
  4.600000E-02  1.180578E+03
  4.800000E-02  1.180279E+03
  5.000000E-02  1.180001E+03
  5.200000E-02  1.179741E+03
  5.400000E-02  1.179501E+03
  5.600000E-02  1.179280E+03
  5.800000E-02  1.179079E+03
  6.000000E-02  1.178897E+03
  6.200000E-02  1.178734E+03
  6.400000E-02  1.178590E+03
  6.600000E-02  1.178464E+03
  6.800000E-02  1.178358E+03
  7.000000E-02  1.178270E+03
  7.200000E-02  1.178200E+03
  7.400000E-02  1.178148E+03
  7.600000E-02  1.178115E+03
  7.800000E-02  1.178100E+03
  8.000000E-02  1.178102E+03
  8.200000E-02  1.178123E+03
  8.400000E-02  1.178161E+03
  8.600000E-02  1.178216E+03
  8.800000E-02  1.178289E+03
  9.000000E-02  1.178379E+03
  9.200000E-02  1.178486E+03
  9.400000E-02  1.178610E+03
  9.600000E-02  1.178751E+03
  9.800000E-02  1.178908E+03
  1.000000E-01  1.179082E+03
  1.020000E-01  1.179272E+03
  1.040000E-01  1.179478E+03
  1.060000E-01  1.179700E+03
  1.080000E-01  1.179938E+03
  1.100000E-01  1.180192E+03
  1.120000E-01  1.180462E+03
  1.140000E-01  1.180747E+03
  1.160000E-01  1.181047E+03
  1.180000E-01  1.181363E+03
  1.200000E-01  1.181693E+03
  1.220000E-01  1.182039E+03
  1.240000E-01  1.182399E+03
  1.260000E-01  1.182774E+03
  1.280000E-01  1.183163E+03
  1.300000E-01  1.183566E+03
  1.320000E-01  1.183984E+03
  1.340000E-01  1.184417E+03
  1.360000E-01  1.184864E+03
  1.380000E-01  1.185325E+03
  1.400000E-01  1.185800E+03
  1.420000E-01  1.186289E+03
  1.440000E-01  1.186792E+03
  1.460000E-01  1.187308E+03
  1.480000E-01  1.187837E+03
  1.500000E-01  1.188379E+03
  1.520000E-01  1.188934E+03
  1.540000E-01  1.189503E+03
  1.560000E-01  1.190083E+03
  1.580000E-01  1.190677E+03
  1.600000E-01  1.191283E+03
  1.620000E-01  1.191901E+03
  1.640000E-01  1.192531E+03
  1.660000E-01  1.193174E+03
  1.680000E-01  1.193828E+03
  1.700000E-01  1.194494E+03
  1.720000E-01  1.195172E+03
  1.740000E-01  1.195861E+03
  1.760000E-01  1.196562E+03
  1.780000E-01  1.197274E+03
  1.800000E-01  1.197997E+03
  1.820000E-01  1.198731E+03
  1.840000E-01  1.199476E+03
  1.860000E-01  1.200232E+03
  1.880000E-01  1.200999E+03
  1.900000E-01  1.201776E+03
  1.920000E-01  1.202564E+03
  1.940000E-01  1.203362E+03
  1.960000E-01  1.204171E+03
  1.980000E-01  1.204989E+03
  2.000000E-01  1.205818E+03
  2.020000E-01  1.206656E+03
  2.040000E-01  1.207505E+03
  2.060000E-01  1.208363E+03
  2.080000E-01  1.209230E+03
  2.100000E-01  1.210108E+03
  2.120000E-01  1.210994E+03
  2.140000E-01  1.211890E+03
  2.160000E-01  1.212796E+03
  2.180000E-01  1.213710E+03
  2.200000E-01  1.214633E+03
  2.220000E-01  1.215566E+03
  2.240000E-01  1.216507E+03
  2.260000E-01  1.217457E+03
  2.280000E-01  1.218415E+03
  2.300000E-01  1.219382E+03
  2.320000E-01  1.220358E+03
  2.340000E-01  1.221342E+03
  2.360000E-01  1.222334E+03
  2.380000E-01  1.223335E+03
  2.400000E-01  1.224343E+03
  2.420000E-01  1.225360E+03
  2.440000E-01  1.226384E+03
  2.460000E-01  1.227417E+03
  2.480000E-01  1.228457E+03
  2.500000E-01  1.229505E+03
  2.520000E-01  1.230560E+03
  2.540000E-01  1.231623E+03
  2.560000E-01  1.232694E+03
  2.580000E-01  1.233771E+03
  2.600000E-01  1.234857E+03
  2.620000E-01  1.235949E+03
  2.640000E-01  1.237048E+03
  2.660000E-01  1.238155E+03
  2.680000E-01  1.239268E+03
  2.700000E-01  1.240389E+03
  2.720000E-01  1.241516E+03
  2.740000E-01  1.242650E+03
  2.760000E-01  1.243791E+03
  2.780000E-01  1.244938E+03
  2.800000E-01  1.246092E+03
  2.820000E-01  1.247253E+03
  2.840000E-01  1.248419E+03
  2.860000E-01  1.249593E+03
  2.880000E-01  1.250772E+03
  2.900000E-01  1.251958E+03
  2.920000E-01  1.253150E+03
  2.940000E-01  1.254348E+03
  2.960000E-01  1.255552E+03
  2.980000E-01  1.256762E+03
  3.000000E-01  1.257977E+03
  3.020000E-01  1.259199E+03
  3.040000E-01  1.260427E+03
  3.060000E-01  1.261660E+03
  3.080000E-01  1.262899E+03
  3.100000E-01  1.264143E+03
  3.120000E-01  1.265393E+03
  3.140000E-01  1.266649E+03
  3.160000E-01  1.267909E+03
  3.180000E-01  1.269176E+03
  3.200000E-01  1.270447E+03
  3.220000E-01  1.271724E+03
  3.240000E-01  1.273006E+03
  3.260000E-01  1.274293E+03
  3.280000E-01  1.275586E+03
  3.300000E-01  1.276883E+03
  3.320000E-01  1.278185E+03
  3.340000E-01  1.279493E+03
  3.360000E-01  1.280805E+03
  3.380000E-01  1.282122E+03
  3.400000E-01  1.283444E+03
  3.420000E-01  1.284770E+03
  3.440000E-01  1.286102E+03
  3.460000E-01  1.287438E+03
  3.480000E-01  1.288778E+03
  3.500000E-01  1.290123E+03
  3.520000E-01  1.291473E+03
  3.540000E-01  1.292827E+03
  3.560000E-01  1.294185E+03
  3.580000E-01  1.295548E+03
  3.600000E-01  1.296915E+03
  3.620000E-01  1.298287E+03
  3.640000E-01  1.299662E+03
  3.660000E-01  1.301042E+03
  3.680000E-01  1.302426E+03
  3.700000E-01  1.303815E+03
  3.720000E-01  1.305207E+03
  3.740000E-01  1.306603E+03
  3.760000E-01  1.308003E+03
  3.780000E-01  1.309407E+03
  3.800000E-01  1.310816E+03
  3.820000E-01  1.312228E+03
  3.840000E-01  1.313643E+03
  3.860000E-01  1.315063E+03
  3.880000E-01  1.316486E+03
  3.900000E-01  1.317913E+03
  3.920000E-01  1.319344E+03
  3.940000E-01  1.320779E+03
  3.960000E-01  1.322217E+03
  3.980000E-01  1.323658E+03
  4.000000E-01  1.325103E+03
  4.020000E-01  1.326552E+03
  4.040000E-01  1.328004E+03
  4.060000E-01  1.329460E+03
  4.080000E-01  1.330919E+03
  4.100000E-01  1.332381E+03
  4.120000E-01  1.333847E+03
  4.140000E-01  1.335316E+03
  4.160000E-01  1.336788E+03
  4.180000E-01  1.338264E+03
  4.200000E-01  1.339742E+03
  4.220000E-01  1.341224E+03
  4.240000E-01  1.342709E+03
  4.260000E-01  1.344197E+03
  4.280000E-01  1.345689E+03
  4.300000E-01  1.347183E+03
  4.320000E-01  1.348680E+03
  4.340000E-01  1.350181E+03
  4.360000E-01  1.351684E+03
  4.380000E-01  1.353190E+03
  4.400000E-01  1.354699E+03
  4.420000E-01  1.356212E+03
  4.440000E-01  1.357726E+03
  4.460000E-01  1.359244E+03
  4.480000E-01  1.360765E+03
  4.500000E-01  1.362288E+03
  4.520000E-01  1.363814E+03
  4.540000E-01  1.365343E+03
  4.560000E-01  1.366874E+03
  4.580000E-01  1.368409E+03
  4.600000E-01  1.369945E+03
  4.620000E-01  1.371485E+03
  4.640000E-01  1.373027E+03
  4.660000E-01  1.374572E+03
  4.680000E-01  1.376119E+03
  4.700000E-01  1.377669E+03
  4.720000E-01  1.379221E+03
  4.740000E-01  1.380775E+03
  4.760000E-01  1.382333E+03
  4.780000E-01  1.383892E+03
  4.800000E-01  1.385454E+03
  4.820000E-01  1.387019E+03
  4.840000E-01  1.388585E+03
  4.860000E-01  1.390155E+03
  4.880000E-01  1.391726E+03
  4.900000E-01  1.393300E+03
  4.920000E-01  1.394876E+03
  4.940000E-01  1.396454E+03
  4.960000E-01  1.398035E+03
  4.980000E-01  1.399617E+03
  5.000000E-01  1.401202E+03
  5.020000E-01  1.402789E+03
  5.040000E-01  1.404379E+03
  5.060000E-01  1.405970E+03
  5.080000E-01  1.407564E+03
  5.100000E-01  1.409159E+03
  5.120000E-01  1.410757E+03
  5.140000E-01  1.412357E+03
  5.160000E-01  1.413959E+03
  5.180000E-01  1.415563E+03
  5.200000E-01  1.417169E+03
  5.220000E-01  1.418777E+03
  5.240000E-01  1.420387E+03
  5.260000E-01  1.421998E+03
  5.280000E-01  1.423612E+03
  5.300000E-01  1.425228E+03
  5.320000E-01  1.426845E+03
  5.340000E-01  1.428465E+03
  5.360000E-01  1.430086E+03
  5.380000E-01  1.431710E+03
  5.400000E-01  1.433335E+03
  5.420000E-01  1.434687E+03
  5.440000E-01  1.436168E+03
  5.460000E-01  1.437630E+03
  5.480000E-01  1.439072E+03
  5.500000E-01  1.439788E+03
  5.520000E-01  1.440806E+03
  5.540000E-01  1.441790E+03
  5.560000E-01  1.442749E+03
  5.580000E-01  1.443686E+03
  5.600000E-01  1.444607E+03
  5.620000E-01  1.445512E+03
  5.640000E-01  1.446403E+03
  5.660000E-01  1.447284E+03
  5.680000E-01  1.448154E+03
  5.700000E-01  1.449014E+03
  5.720000E-01  1.449866E+03
  5.740000E-01  1.450709E+03
  5.760000E-01  1.451546E+03
  5.780000E-01  1.452376E+03
  5.800000E-01  1.453199E+03
  5.820000E-01  1.454016E+03
  5.840000E-01  1.454828E+03
  5.860000E-01  1.455635E+03
  5.880000E-01  1.456436E+03
  5.900000E-01  1.457233E+03
  5.920000E-01  1.458026E+03
  5.940000E-01  1.458814E+03
  5.960000E-01  1.459599E+03
  5.980000E-01  1.460379E+03
  6.000000E-01  1.461156E+03
  6.020000E-01  1.461929E+03
  6.040000E-01  1.462699E+03
  6.060000E-01  1.463466E+03
  6.080000E-01  1.464230E+03
  6.100000E-01  1.464991E+03
  6.120000E-01  1.465615E+03
  6.140000E-01  1.466270E+03
  6.160000E-01  1.466911E+03
  6.180000E-01  1.467542E+03
  6.200000E-01  1.468165E+03
  6.220000E-01  1.468780E+03
  6.240000E-01  1.469390E+03
  6.260000E-01  1.469994E+03
  6.280000E-01  1.470593E+03
  6.300000E-01  1.471189E+03
  6.320000E-01  1.471781E+03
  6.340000E-01  1.472370E+03
  6.360000E-01  1.472956E+03
  6.380000E-01  1.473540E+03
  6.400000E-01  1.474121E+03
  6.420000E-01  1.474701E+03
  6.440000E-01  1.475278E+03
  6.460000E-01  1.475854E+03
  6.480000E-01  1.476429E+03
  6.500000E-01  1.477002E+03
  6.520000E-01  1.477574E+03
  6.540000E-01  1.478145E+03
  6.560000E-01  1.478715E+03
  6.580000E-01  1.479284E+03
  6.600000E-01  1.479853E+03
  6.620000E-01  1.480421E+03
  6.640000E-01  1.480988E+03
  6.660000E-01  1.481555E+03
  6.680000E-01  1.482121E+03
  6.700000E-01  1.482687E+03
  6.720000E-01  1.483253E+03
  6.740000E-01  1.483819E+03
  6.760000E-01  1.484384E+03
  6.780000E-01  1.484949E+03
  6.800000E-01  1.485515E+03
  6.820000E-01  1.486080E+03
  6.840000E-01  1.486645E+03
  6.860000E-01  1.487210E+03
  6.880000E-01  1.487776E+03
  6.900000E-01  1.488342E+03
  6.920000E-01  1.488907E+03
  6.940000E-01  1.489474E+03
  6.960000E-01  1.490040E+03
  6.980000E-01  1.490607E+03
  7.000000E-01  1.491174E+03
  7.020000E-01  1.491741E+03
  7.040000E-01  1.492309E+03
  7.060000E-01  1.492877E+03
  7.080000E-01  1.493445E+03
  7.100000E-01  1.494014E+03
  7.120000E-01  1.494584E+03
  7.140000E-01  1.495154E+03
  7.160000E-01  1.495724E+03
  7.180000E-01  1.496295E+03
  7.200000E-01  1.496867E+03
  7.220000E-01  1.497439E+03
  7.240000E-01  1.498012E+03
  7.260000E-01  1.498585E+03
  7.280000E-01  1.499159E+03
  7.300000E-01  1.499734E+03
  7.320000E-01  1.500309E+03
  7.340000E-01  1.500885E+03
  7.360000E-01  1.501462E+03
  7.380000E-01  1.502039E+03
  7.400000E-01  1.502617E+03
  7.420000E-01  1.503196E+03
  7.440000E-01  1.503775E+03
  7.460000E-01  1.504356E+03
  7.480000E-01  1.504937E+03
  7.500000E-01  1.505519E+03
  7.520000E-01  1.506101E+03
  7.540000E-01  1.506685E+03
  7.560000E-01  1.507269E+03
  7.580000E-01  1.507854E+03
  7.600000E-01  1.508440E+03
  7.620000E-01  1.509027E+03
  7.640000E-01  1.509614E+03
  7.660000E-01  1.510203E+03
  7.680000E-01  1.510792E+03
  7.700000E-01  1.511382E+03
  7.720000E-01  1.511973E+03
  7.740000E-01  1.512565E+03
  7.760000E-01  1.513158E+03
  7.780000E-01  1.513752E+03
  7.800000E-01  1.514346E+03
  7.820000E-01  1.514942E+03
  7.840000E-01  1.515538E+03
  7.860000E-01  1.516136E+03
  7.880000E-01  1.516734E+03
  7.900000E-01  1.517333E+03
  7.920000E-01  1.517934E+03
  7.940000E-01  1.518535E+03
  7.960000E-01  1.519137E+03
  7.980000E-01  1.519740E+03
  8.000000E-01  1.520344E+03
  8.020000E-01  1.520949E+03
  8.040000E-01  1.521555E+03
  8.060000E-01  1.522162E+03
  8.080000E-01  1.522771E+03
  8.100000E-01  1.523380E+03
  8.120000E-01  1.523990E+03
  8.140000E-01  1.524601E+03
  8.160000E-01  1.525213E+03
  8.180000E-01  1.525826E+03
  8.200000E-01  1.526440E+03
  8.220000E-01  1.527055E+03
  8.240000E-01  1.527671E+03
  8.260000E-01  1.528288E+03
  8.280000E-01  1.528907E+03
  8.300000E-01  1.529526E+03
  8.320000E-01  1.530146E+03
  8.340000E-01  1.530768E+03
  8.360000E-01  1.531390E+03
  8.380000E-01  1.532013E+03
  8.400000E-01  1.532638E+03
  8.420000E-01  1.533264E+03
  8.440000E-01  1.533890E+03
  8.460000E-01  1.534518E+03
  8.480000E-01  1.535147E+03
  8.500000E-01  1.535777E+03
  8.520000E-01  1.536408E+03
  8.540000E-01  1.537040E+03
  8.560000E-01  1.537674E+03
  8.580000E-01  1.538308E+03
  8.600000E-01  1.538944E+03
  8.620000E-01  1.539581E+03
  8.640000E-01  1.540218E+03
  8.660000E-01  1.540857E+03
  8.680000E-01  1.541498E+03
  8.700000E-01  1.542139E+03
  8.720000E-01  1.542781E+03
  8.740000E-01  1.543425E+03
  8.760000E-01  1.544070E+03
  8.780000E-01  1.544716E+03
  8.800000E-01  1.545363E+03
  8.820000E-01  1.546012E+03
  8.840000E-01  1.546662E+03
  8.860000E-01  1.547313E+03
  8.880000E-01  1.547966E+03
  8.900000E-01  1.548620E+03
  8.920000E-01  1.549275E+03
  8.940000E-01  1.549932E+03
  8.960000E-01  1.550590E+03
  8.980000E-01  1.551250E+03
  9.000000E-01  1.551912E+03
  9.020000E-01  1.552575E+03
  9.040000E-01  1.553241E+03
  9.060000E-01  1.553910E+03
  9.080000E-01  1.554582E+03
  9.100000E-01  1.555255E+03
  9.120000E-01  1.555929E+03
  9.140000E-01  1.556603E+03
  9.160000E-01  1.557277E+03
  9.180000E-01  1.557952E+03
  9.200000E-01  1.558627E+03
  9.220000E-01  1.559303E+03
  9.240000E-01  1.559979E+03
  9.260000E-01  1.560655E+03
  9.280000E-01  1.561332E+03
  9.300000E-01  1.562009E+03
  9.320000E-01  1.562687E+03
  9.340000E-01  1.563365E+03
  9.360000E-01  1.564044E+03
  9.380000E-01  1.564723E+03
  9.400000E-01  1.565403E+03
  9.420000E-01  1.566082E+03
  9.440000E-01  1.566763E+03
  9.460000E-01  1.567443E+03
  9.480000E-01  1.568125E+03
  9.500000E-01  1.568806E+03
  9.520000E-01  1.569488E+03
  9.540000E-01  1.570170E+03
  9.560000E-01  1.570853E+03
  9.580000E-01  1.571536E+03
  9.600000E-01  1.572220E+03
  9.620000E-01  1.572904E+03
  9.640000E-01  1.573588E+03
  9.660000E-01  1.574273E+03
  9.680000E-01  1.574958E+03
  9.700000E-01  1.575643E+03
  9.720000E-01  1.576329E+03
  9.740000E-01  1.577015E+03
  9.760000E-01  1.577702E+03
  9.780000E-01  1.578389E+03
  9.800000E-01  1.579076E+03
  9.820000E-01  1.579764E+03
  9.840000E-01  1.580452E+03
  9.860000E-01  1.581141E+03
  9.880000E-01  1.581830E+03
  9.900000E-01  1.582519E+03
  9.920000E-01  1.583208E+03
  9.940000E-01  1.583898E+03
  9.960000E-01  1.584589E+03
  9.980000E-01  1.585279E+03
  1.000000E+00  1.585970E+03
  1.002000E+00  1.586662E+03
  1.004000E+00  1.587354E+03
  1.006000E+00  1.588046E+03
  1.008000E+00  1.588738E+03
  1.010000E+00  1.589431E+03
  1.012000E+00  1.590124E+03
  1.014000E+00  1.590817E+03
  1.016000E+00  1.591511E+03
  1.018000E+00  1.592205E+03
  1.020000E+00  1.592900E+03
  1.022000E+00  1.593594E+03
  1.024000E+00  1.594289E+03
  1.026000E+00  1.594985E+03
  1.028000E+00  1.595680E+03
  1.030000E+00  1.596376E+03
  1.032000E+00  1.597073E+03
  1.034000E+00  1.597769E+03
  1.036000E+00  1.598466E+03
  1.038000E+00  1.599164E+03
  1.040000E+00  1.599861E+03
  1.042000E+00  1.600559E+03
  1.044000E+00  1.601257E+03
  1.046000E+00  1.601955E+03
  1.048000E+00  1.602654E+03
  1.050000E+00  1.603353E+03
  1.052000E+00  1.604052E+03
  1.054000E+00  1.604752E+03
  1.056000E+00  1.605452E+03
  1.058000E+00  1.606152E+03
  1.060000E+00  1.606852E+03
  1.062000E+00  1.607553E+03
  1.064000E+00  1.608254E+03
  1.066000E+00  1.608955E+03
  1.068000E+00  1.609656E+03
  1.070000E+00  1.610358E+03
  1.072000E+00  1.611060E+03
  1.074000E+00  1.611762E+03
  1.076000E+00  1.612464E+03
  1.078000E+00  1.613167E+03
  1.080000E+00  1.613870E+03
  1.082000E+00  1.614573E+03
  1.084000E+00  1.615277E+03
  1.086000E+00  1.615980E+03
  1.088000E+00  1.616684E+03
  1.090000E+00  1.617388E+03
  1.092000E+00  1.618092E+03
  1.094000E+00  1.618797E+03
  1.096000E+00  1.619501E+03
  1.098000E+00  1.620206E+03
  1.100000E+00  1.620911E+03
  1.102000E+00  1.621617E+03
  1.104000E+00  1.622322E+03
  1.106000E+00  1.623028E+03
  1.108000E+00  1.623734E+03
  1.110000E+00  1.624440E+03
  1.112000E+00  1.625146E+03
  1.114000E+00  1.625853E+03
  1.116000E+00  1.626559E+03
  1.118000E+00  1.627223E+03
  1.120000E+00  1.627934E+03
  1.122000E+00  1.628644E+03
  1.124000E+00  1.629354E+03
  1.126000E+00  1.630064E+03
  1.128000E+00  1.630774E+03
  1.130000E+00  1.631485E+03
  1.132000E+00  1.632195E+03
  1.134000E+00  1.632905E+03
  1.136000E+00  1.633615E+03
  1.138000E+00  1.634326E+03
  1.140000E+00  1.635036E+03
  1.142000E+00  1.635746E+03
  1.144000E+00  1.636456E+03
  1.146000E+00  1.637167E+03
  1.148000E+00  1.637877E+03
  1.150000E+00  1.638587E+03
  1.152000E+00  1.639298E+03
  1.154000E+00  1.640008E+03
  1.156000E+00  1.640719E+03
  1.158000E+00  1.641429E+03
  1.160000E+00  1.642139E+03
  1.162000E+00  1.642850E+03
  1.164000E+00  1.643560E+03
  1.166000E+00  1.644271E+03
  1.168000E+00  1.644981E+03
  1.170000E+00  1.645692E+03
  1.172000E+00  1.646403E+03
  1.174000E+00  1.647113E+03
  1.176000E+00  1.647824E+03
  1.178000E+00  1.648534E+03
  1.180000E+00  1.649245E+03
  1.182000E+00  1.649956E+03
  1.184000E+00  1.650667E+03
  1.186000E+00  1.651377E+03
  1.188000E+00  1.652088E+03
  1.190000E+00  1.652799E+03
  1.192000E+00  1.653510E+03
  1.194000E+00  1.654221E+03
  1.196000E+00  1.654932E+03
  1.198000E+00  1.655643E+03
  1.200000E+00  1.656354E+03
