  1.000000E-02  0.000000E+00
  1.200000E-02  0.000000E+00
  1.400000E-02  0.000000E+00
  1.600000E-02  0.000000E+00
  1.800000E-02  0.000000E+00
  2.000000E-02  0.000000E+00
  2.200000E-02  0.000000E+00
  2.400000E-02  0.000000E+00
  2.600000E-02  0.000000E+00
  2.800000E-02  0.000000E+00
  3.000000E-02  0.000000E+00
  3.200000E-02  0.000000E+00
  3.400000E-02  0.000000E+00
  3.600000E-02  0.000000E+00
  3.800000E-02  0.000000E+00
  4.000000E-02  0.000000E+00
  4.200000E-02  0.000000E+00
  4.400000E-02  0.000000E+00
  4.600000E-02  0.000000E+00
  4.800000E-02  0.000000E+00
  5.000000E-02  0.000000E+00
  5.200000E-02  0.000000E+00
  5.400000E-02  0.000000E+00
  5.600000E-02  0.000000E+00
  5.800000E-02  0.000000E+00
  6.000000E-02  0.000000E+00
  6.200000E-02  0.000000E+00
  6.400000E-02  0.000000E+00
  6.600000E-02  0.000000E+00
  6.800000E-02  0.000000E+00
  7.000000E-02  0.000000E+00
  7.200000E-02  0.000000E+00
  7.400000E-02  0.000000E+00
  7.600000E-02  0.000000E+00
  7.800000E-02  0.000000E+00
  8.000000E-02  0.000000E+00
  8.200000E-02  0.000000E+00
  8.400000E-02  0.000000E+00
  8.600000E-02  0.000000E+00
  8.800000E-02  0.000000E+00
  9.000000E-02  0.000000E+00
  9.200000E-02  0.000000E+00
  9.400000E-02  0.000000E+00
  9.600000E-02  0.000000E+00
  9.800000E-02  0.000000E+00
  1.000000E-01  0.000000E+00
  1.020000E-01  0.000000E+00
  1.040000E-01  0.000000E+00
  1.060000E-01  0.000000E+00
  1.080000E-01  0.000000E+00
  1.100000E-01  0.000000E+00
  1.120000E-01  0.000000E+00
  1.140000E-01  0.000000E+00
  1.160000E-01  0.000000E+00
  1.180000E-01  0.000000E+00
  1.200000E-01  0.000000E+00
  1.220000E-01  0.000000E+00
  1.240000E-01  0.000000E+00
  1.260000E-01  0.000000E+00
  1.280000E-01  0.000000E+00
  1.300000E-01  0.000000E+00
  1.320000E-01  0.000000E+00
  1.340000E-01  0.000000E+00
  1.360000E-01  0.000000E+00
  1.380000E-01  0.000000E+00
  1.400000E-01  0.000000E+00
  1.420000E-01  0.000000E+00
  1.440000E-01  0.000000E+00
  1.460000E-01  0.000000E+00
  1.480000E-01  0.000000E+00
  1.500000E-01  0.000000E+00
  1.520000E-01  0.000000E+00
  1.540000E-01  0.000000E+00
  1.560000E-01  0.000000E+00
  1.580000E-01  0.000000E+00
  1.600000E-01  0.000000E+00
  1.620000E-01  0.000000E+00
  1.640000E-01  0.000000E+00
  1.660000E-01  0.000000E+00
  1.680000E-01  0.000000E+00
  1.700000E-01  0.000000E+00
  1.720000E-01  0.000000E+00
  1.740000E-01  0.000000E+00
  1.760000E-01  0.000000E+00
  1.780000E-01  0.000000E+00
  1.800000E-01  0.000000E+00
  1.820000E-01  0.000000E+00
  1.840000E-01  0.000000E+00
  1.860000E-01  0.000000E+00
  1.880000E-01  0.000000E+00
  1.900000E-01  0.000000E+00
  1.920000E-01  0.000000E+00
  1.940000E-01  0.000000E+00
  1.960000E-01  0.000000E+00
  1.980000E-01  0.000000E+00
  2.000000E-01  0.000000E+00
  2.020000E-01  0.000000E+00
  2.040000E-01  0.000000E+00
  2.060000E-01  0.000000E+00
  2.080000E-01  0.000000E+00
  2.100000E-01  0.000000E+00
  2.120000E-01  0.000000E+00
  2.140000E-01  0.000000E+00
  2.160000E-01  0.000000E+00
  2.180000E-01  0.000000E+00
  2.200000E-01  0.000000E+00
  2.220000E-01  0.000000E+00
  2.240000E-01  0.000000E+00
  2.260000E-01  0.000000E+00
  2.280000E-01  0.000000E+00
  2.300000E-01  0.000000E+00
  2.320000E-01  0.000000E+00
  2.340000E-01  0.000000E+00
  2.360000E-01  0.000000E+00
  2.380000E-01  0.000000E+00
  2.400000E-01  0.000000E+00
  2.420000E-01  0.000000E+00
  2.440000E-01  0.000000E+00
  2.460000E-01  0.000000E+00
  2.480000E-01  0.000000E+00
  2.500000E-01  0.000000E+00
  2.520000E-01  0.000000E+00
  2.540000E-01  0.000000E+00
  2.560000E-01  0.000000E+00
  2.580000E-01  0.000000E+00
  2.600000E-01  0.000000E+00
  2.620000E-01  0.000000E+00
  2.640000E-01  0.000000E+00
  2.660000E-01  0.000000E+00
  2.680000E-01  0.000000E+00
  2.700000E-01  0.000000E+00
  2.720000E-01  0.000000E+00
  2.740000E-01  0.000000E+00
  2.760000E-01  0.000000E+00
  2.780000E-01  0.000000E+00
  2.800000E-01  0.000000E+00
  2.820000E-01  0.000000E+00
  2.840000E-01  0.000000E+00
  2.860000E-01  0.000000E+00
  2.880000E-01  0.000000E+00
  2.900000E-01  0.000000E+00
  2.920000E-01  0.000000E+00
  2.940000E-01  0.000000E+00
  2.960000E-01  0.000000E+00
  2.980000E-01  0.000000E+00
  3.000000E-01  0.000000E+00
  3.020000E-01  0.000000E+00
  3.040000E-01  0.000000E+00
  3.060000E-01  0.000000E+00
  3.080000E-01  0.000000E+00
  3.100000E-01  0.000000E+00
  3.120000E-01  0.000000E+00
  3.140000E-01  0.000000E+00
  3.160000E-01  0.000000E+00
  3.180000E-01  0.000000E+00
  3.200000E-01  0.000000E+00
  3.220000E-01  0.000000E+00
  3.240000E-01  0.000000E+00
  3.260000E-01  0.000000E+00
  3.280000E-01  0.000000E+00
  3.300000E-01  0.000000E+00
  3.320000E-01  0.000000E+00
  3.340000E-01  0.000000E+00
  3.360000E-01  0.000000E+00
  3.380000E-01  0.000000E+00
  3.400000E-01  0.000000E+00
  3.420000E-01  0.000000E+00
  3.440000E-01  0.000000E+00
  3.460000E-01  0.000000E+00
  3.480000E-01  0.000000E+00
  3.500000E-01  0.000000E+00
  3.520000E-01  0.000000E+00
  3.540000E-01  0.000000E+00
  3.560000E-01  0.000000E+00
  3.580000E-01  0.000000E+00
  3.600000E-01  0.000000E+00
  3.620000E-01  0.000000E+00
  3.640000E-01  0.000000E+00
  3.660000E-01  0.000000E+00
  3.680000E-01  0.000000E+00
  3.700000E-01  0.000000E+00
  3.720000E-01  0.000000E+00
  3.740000E-01  0.000000E+00
  3.760000E-01  0.000000E+00
  3.780000E-01  0.000000E+00
  3.800000E-01  0.000000E+00
  3.820000E-01  0.000000E+00
  3.840000E-01  0.000000E+00
  3.860000E-01  0.000000E+00
  3.880000E-01  0.000000E+00
  3.900000E-01  0.000000E+00
  3.920000E-01  0.000000E+00
  3.940000E-01  0.000000E+00
  3.960000E-01  0.000000E+00
  3.980000E-01  0.000000E+00
  4.000000E-01  0.000000E+00
  4.020000E-01  0.000000E+00
  4.040000E-01  0.000000E+00
  4.060000E-01  0.000000E+00
  4.080000E-01  0.000000E+00
  4.100000E-01  0.000000E+00
  4.120000E-01  0.000000E+00
  4.140000E-01  0.000000E+00
  4.160000E-01  0.000000E+00
  4.180000E-01  0.000000E+00
  4.200000E-01  0.000000E+00
  4.220000E-01  0.000000E+00
  4.240000E-01  0.000000E+00
  4.260000E-01  0.000000E+00
  4.280000E-01  0.000000E+00
  4.300000E-01  0.000000E+00
  4.320000E-01  0.000000E+00
  4.340000E-01  0.000000E+00
  4.360000E-01  0.000000E+00
  4.380000E-01  0.000000E+00
  4.400000E-01  0.000000E+00
  4.420000E-01  0.000000E+00
  4.440000E-01  0.000000E+00
  4.460000E-01  0.000000E+00
  4.480000E-01  0.000000E+00
  4.500000E-01  0.000000E+00
  4.520000E-01  0.000000E+00
  4.540000E-01  0.000000E+00
  4.560000E-01  0.000000E+00
  4.580000E-01  0.000000E+00
  4.600000E-01  0.000000E+00
  4.620000E-01  0.000000E+00
  4.640000E-01  0.000000E+00
  4.660000E-01  0.000000E+00
  4.680000E-01  0.000000E+00
  4.700000E-01  0.000000E+00
  4.720000E-01  0.000000E+00
  4.740000E-01  0.000000E+00
  4.760000E-01  0.000000E+00
  4.780000E-01  0.000000E+00
  4.800000E-01  0.000000E+00
  4.820000E-01  0.000000E+00
  4.840000E-01  0.000000E+00
  4.860000E-01  0.000000E+00
  4.880000E-01  0.000000E+00
  4.900000E-01  0.000000E+00
  4.920000E-01  0.000000E+00
  4.940000E-01  0.000000E+00
  4.960000E-01  0.000000E+00
  4.980000E-01  0.000000E+00
  5.000000E-01  0.000000E+00
  5.020000E-01  0.000000E+00
  5.040000E-01  0.000000E+00
  5.060000E-01  0.000000E+00
  5.080000E-01  0.000000E+00
  5.100000E-01  0.000000E+00
  5.120000E-01  0.000000E+00
  5.140000E-01  0.000000E+00
  5.160000E-01  0.000000E+00
  5.180000E-01  0.000000E+00
  5.200000E-01  0.000000E+00
  5.220000E-01  0.000000E+00
  5.240000E-01  0.000000E+00
  5.260000E-01  0.000000E+00
  5.280000E-01  0.000000E+00
  5.300000E-01  0.000000E+00
  5.320000E-01  0.000000E+00
  5.340000E-01  0.000000E+00
  5.360000E-01  0.000000E+00
  5.380000E-01  0.000000E+00
  5.400000E-01  0.000000E+00
  5.420000E-01  1.898123E-03
  5.440000E-01  2.903030E-03
  5.460000E-01  4.047922E-03
  5.480000E-01  5.319586E-03
  5.500000E-01  1.170334E-02
  5.520000E-01  1.591930E-02
  5.540000E-01  2.034021E-02
  5.560000E-01  2.490924E-02
  5.580000E-01  2.959035E-02
  5.600000E-01  3.435867E-02
  5.620000E-01  3.919601E-02
  5.640000E-01  4.408854E-02
  5.660000E-01  4.902537E-02
  5.680000E-01  5.399778E-02
  5.700000E-01  5.899857E-02
  5.720000E-01  6.402179E-02
  5.740000E-01  6.906239E-02
  5.760000E-01  7.411607E-02
  5.780000E-01  7.917913E-02
  5.800000E-01  8.424835E-02
  5.820000E-01  8.932092E-02
  5.840000E-01  9.439437E-02
  5.860000E-01  9.946652E-02
  5.880000E-01  1.045354E-01
  5.900000E-01  1.095994E-01
  5.920000E-01  1.146568E-01
  5.940000E-01  1.197063E-01
  5.960000E-01  1.247466E-01
  5.980000E-01  1.297766E-01
  6.000000E-01  1.347953E-01
  6.020000E-01  1.398017E-01
  6.040000E-01  1.447951E-01
  6.060000E-01  1.497746E-01
  6.080000E-01  1.547395E-01
  6.100000E-01  1.596893E-01
  6.120000E-01  1.654013E-01
  6.140000E-01  1.708963E-01
  6.160000E-01  1.764339E-01
  6.180000E-01  1.819962E-01
  6.200000E-01  1.875713E-01
  6.220000E-01  1.931510E-01
  6.240000E-01  1.987294E-01
  6.260000E-01  2.043015E-01
  6.280000E-01  2.098638E-01
  6.300000E-01  2.154132E-01
  6.320000E-01  2.209472E-01
  6.340000E-01  2.264638E-01
  6.360000E-01  2.319613E-01
  6.380000E-01  2.374381E-01
  6.400000E-01  2.428931E-01
  6.420000E-01  2.483251E-01
  6.440000E-01  2.537333E-01
  6.460000E-01  2.591169E-01
  6.480000E-01  2.644751E-01
  6.500000E-01  2.698074E-01
  6.520000E-01  2.751134E-01
  6.540000E-01  2.803925E-01
  6.560000E-01  2.856443E-01
  6.580000E-01  2.908686E-01
  6.600000E-01  2.960651E-01
  6.620000E-01  3.012335E-01
  6.640000E-01  3.063737E-01
  6.660000E-01  3.114855E-01
  6.680000E-01  3.165688E-01
  6.700000E-01  3.216234E-01
  6.720000E-01  3.266492E-01
  6.740000E-01  3.316463E-01
  6.760000E-01  3.366146E-01
  6.780000E-01  3.415541E-01
  6.800000E-01  3.464647E-01
  6.820000E-01  3.513465E-01
  6.840000E-01  3.561994E-01
  6.860000E-01  3.610236E-01
  6.880000E-01  3.658191E-01
  6.900000E-01  3.705859E-01
  6.920000E-01  3.753241E-01
  6.940000E-01  3.800338E-01
  6.960000E-01  3.847151E-01
  6.980000E-01  3.893680E-01
  7.000000E-01  3.939926E-01
  7.020000E-01  3.985891E-01
  7.040000E-01  4.031576E-01
  7.060000E-01  4.076981E-01
  7.080000E-01  4.122108E-01
  7.100000E-01  4.166958E-01
  7.120000E-01  4.211532E-01
  7.140000E-01  4.255832E-01
  7.160000E-01  4.299858E-01
  7.180000E-01  4.343613E-01
  7.200000E-01  4.387098E-01
  7.220000E-01  4.430313E-01
  7.240000E-01  4.473260E-01
  7.260000E-01  4.515942E-01
  7.280000E-01  4.558358E-01
  7.300000E-01  4.600511E-01
  7.320000E-01  4.642402E-01
  7.340000E-01  4.684033E-01
  7.360000E-01  4.725405E-01
  7.380000E-01  4.766519E-01
  7.400000E-01  4.807377E-01
  7.420000E-01  4.847981E-01
  7.440000E-01  4.888332E-01
  7.460000E-01  4.928431E-01
  7.480000E-01  4.968280E-01
  7.500000E-01  5.007881E-01
  7.520000E-01  5.047235E-01
  7.540000E-01  5.086343E-01
  7.560000E-01  5.125208E-01
  7.580000E-01  5.163830E-01
  7.600000E-01  5.202212E-01
  7.620000E-01  5.240354E-01
  7.640000E-01  5.278258E-01
  7.660000E-01  5.315926E-01
  7.680000E-01  5.353358E-01
  7.700000E-01  5.390558E-01
  7.720000E-01  5.427526E-01
  7.740000E-01  5.464263E-01
  7.760000E-01  5.500772E-01
  7.780000E-01  5.537053E-01
  7.800000E-01  5.573108E-01
  7.820000E-01  5.608939E-01
  7.840000E-01  5.644547E-01
  7.860000E-01  5.679933E-01
  7.880000E-01  5.715099E-01
  7.900000E-01  5.750047E-01
  7.920000E-01  5.784777E-01
  7.940000E-01  5.819291E-01
  7.960000E-01  5.853591E-01
  7.980000E-01  5.887678E-01
  8.000000E-01  5.921554E-01
  8.020000E-01  5.955219E-01
  8.040000E-01  5.988675E-01
  8.060000E-01  6.021924E-01
  8.080000E-01  6.054967E-01
  8.100000E-01  6.087805E-01
  8.120000E-01  6.120440E-01
  8.140000E-01  6.152872E-01
  8.160000E-01  6.185104E-01
  8.180000E-01  6.217136E-01
  8.200000E-01  6.248970E-01
  8.220000E-01  6.280608E-01
  8.240000E-01  6.312049E-01
  8.260000E-01  6.343297E-01
  8.280000E-01  6.374351E-01
  8.300000E-01  6.405213E-01
  8.320000E-01  6.435885E-01
  8.340000E-01  6.466368E-01
  8.360000E-01  6.496662E-01
  8.380000E-01  6.526769E-01
  8.400000E-01  6.556690E-01
  8.420000E-01  6.586427E-01
  8.440000E-01  6.615980E-01
  8.460000E-01  6.645351E-01
  8.480000E-01  6.674540E-01
  8.500000E-01  6.703549E-01
  8.520000E-01  6.732379E-01
  8.540000E-01  6.761031E-01
  8.560000E-01  6.789505E-01
  8.580000E-01  6.817804E-01
  8.600000E-01  6.845928E-01
  8.620000E-01  6.873877E-01
  8.640000E-01  6.901653E-01
  8.660000E-01  6.929257E-01
  8.680000E-01  6.956689E-01
  8.700000E-01  6.983951E-01
  8.720000E-01  7.011042E-01
  8.740000E-01  7.037965E-01
  8.760000E-01  7.064719E-01
  8.780000E-01  7.091305E-01
  8.800000E-01  7.117723E-01
  8.820000E-01  7.143975E-01
  8.840000E-01  7.170060E-01
  8.860000E-01  7.195979E-01
  8.880000E-01  7.221731E-01
  8.900000E-01  7.247316E-01
  8.920000E-01  7.272735E-01
  8.940000E-01  7.297986E-01
  8.960000E-01  7.323067E-01
  8.980000E-01  7.347977E-01
  9.000000E-01  7.372713E-01
  9.020000E-01  7.397268E-01
  9.040000E-01  7.421632E-01
  9.060000E-01  7.445773E-01
  9.080000E-01  7.469665E-01
  9.100000E-01  7.493438E-01
  9.120000E-01  7.517094E-01
  9.140000E-01  7.540632E-01
  9.160000E-01  7.564054E-01
  9.180000E-01  7.587361E-01
  9.200000E-01  7.610554E-01
  9.220000E-01  7.633633E-01
  9.240000E-01  7.656599E-01
  9.260000E-01  7.679453E-01
  9.280000E-01  7.702196E-01
  9.300000E-01  7.724829E-01
  9.320000E-01  7.747351E-01
  9.340000E-01  7.769765E-01
  9.360000E-01  7.792071E-01
  9.380000E-01  7.814269E-01
  9.400000E-01  7.836361E-01
  9.420000E-01  7.858347E-01
  9.440000E-01  7.880228E-01
  9.460000E-01  7.902004E-01
  9.480000E-01  7.923677E-01
  9.500000E-01  7.945247E-01
  9.520000E-01  7.966715E-01
  9.540000E-01  7.988081E-01
  9.560000E-01  8.009347E-01
  9.580000E-01  8.030513E-01
  9.600000E-01  8.051579E-01
  9.620000E-01  8.072547E-01
  9.640000E-01  8.093417E-01
  9.660000E-01  8.114189E-01
  9.680000E-01  8.134866E-01
  9.700000E-01  8.155446E-01
  9.720000E-01  8.175931E-01
  9.740000E-01  8.196322E-01
  9.760000E-01  8.216619E-01
  9.780000E-01  8.236822E-01
  9.800000E-01  8.256934E-01
  9.820000E-01  8.276953E-01
  9.840000E-01  8.296881E-01
  9.860000E-01  8.316719E-01
  9.880000E-01  8.336466E-01
  9.900000E-01  8.356125E-01
  9.920000E-01  8.375695E-01
  9.940000E-01  8.395177E-01
  9.960000E-01  8.414571E-01
  9.980000E-01  8.433879E-01
  1.000000E+00  8.453100E-01
  1.002000E+00  8.472236E-01
  1.004000E+00  8.491287E-01
  1.006000E+00  8.510254E-01
  1.008000E+00  8.529136E-01
  1.010000E+00  8.547936E-01
  1.012000E+00  8.566653E-01
  1.014000E+00  8.585288E-01
  1.016000E+00  8.603842E-01
  1.018000E+00  8.622315E-01
  1.020000E+00  8.640708E-01
  1.022000E+00  8.659021E-01
  1.024000E+00  8.677255E-01
  1.026000E+00  8.695410E-01
  1.028000E+00  8.713487E-01
  1.030000E+00  8.731487E-01
  1.032000E+00  8.749410E-01
  1.034000E+00  8.767256E-01
  1.036000E+00  8.785027E-01
  1.038000E+00  8.802722E-01
  1.040000E+00  8.820343E-01
  1.042000E+00  8.837890E-01
  1.044000E+00  8.855362E-01
  1.046000E+00  8.872762E-01
  1.048000E+00  8.890089E-01
  1.050000E+00  8.907344E-01
  1.052000E+00  8.924527E-01
  1.054000E+00  8.941639E-01
  1.056000E+00  8.958680E-01
  1.058000E+00  8.975651E-01
  1.060000E+00  8.992553E-01
  1.062000E+00  9.009386E-01
  1.064000E+00  9.026150E-01
  1.066000E+00  9.042845E-01
  1.068000E+00  9.059474E-01
  1.070000E+00  9.076035E-01
  1.072000E+00  9.092529E-01
  1.074000E+00  9.108957E-01
  1.076000E+00  9.125319E-01
  1.078000E+00  9.141616E-01
  1.080000E+00  9.157848E-01
  1.082000E+00  9.174016E-01
  1.084000E+00  9.190120E-01
  1.086000E+00  9.206161E-01
  1.088000E+00  9.222138E-01
  1.090000E+00  9.238053E-01
  1.092000E+00  9.253906E-01
  1.094000E+00  9.269697E-01
  1.096000E+00  9.285427E-01
  1.098000E+00  9.301097E-01
  1.100000E+00  9.316706E-01
  1.102000E+00  9.332255E-01
  1.104000E+00  9.347744E-01
  1.106000E+00  9.363175E-01
  1.108000E+00  9.378547E-01
  1.110000E+00  9.393860E-01
  1.112000E+00  9.409116E-01
  1.114000E+00  9.424315E-01
  1.116000E+00  9.439456E-01
  1.118000E+00  9.455845E-01
  1.120000E+00  9.470773E-01
  1.122000E+00  9.485651E-01
  1.124000E+00  9.500479E-01
  1.126000E+00  9.515257E-01
  1.128000E+00  9.529986E-01
  1.130000E+00  9.544665E-01
  1.132000E+00  9.559295E-01
  1.134000E+00  9.573876E-01
  1.136000E+00  9.588409E-01
  1.138000E+00  9.602893E-01
  1.140000E+00  9.617329E-01
  1.142000E+00  9.631716E-01
  1.144000E+00  9.646056E-01
  1.146000E+00  9.660349E-01
  1.148000E+00  9.674594E-01
  1.150000E+00  9.688792E-01
  1.152000E+00  9.702943E-01
  1.154000E+00  9.717047E-01
  1.156000E+00  9.731105E-01
  1.158000E+00  9.745117E-01
  1.160000E+00  9.759083E-01
  1.162000E+00  9.773002E-01
  1.164000E+00  9.786876E-01
  1.166000E+00  9.800705E-01
  1.168000E+00  9.814489E-01
  1.170000E+00  9.828227E-01
  1.172000E+00  9.841921E-01
  1.174000E+00  9.855570E-01
  1.176000E+00  9.869175E-01
  1.178000E+00  9.882736E-01
  1.180000E+00  9.896252E-01
  1.182000E+00  9.909725E-01
  1.184000E+00  9.923154E-01
  1.186000E+00  9.936540E-01
  1.188000E+00  9.949882E-01
  1.190000E+00  9.963182E-01
  1.192000E+00  9.976439E-01
  1.194000E+00  9.989653E-01
  1.196000E+00  1.000282E+00
  1.198000E+00  1.001595E+00
  1.200000E+00  1.002904E+00
