  1.000000E-02  9.975265E-01  2.473479E-03  0.000000E+00  0.000000E+00  0.000000E+00  0.000000E+00  0.000000E+00  0.000000E+00  2.473479E-03  0.000000E+00
  1.200000E-02  9.968393E-01  3.160744E-03  0.000000E+00  0.000000E+00  0.000000E+00  0.000000E+00  0.000000E+00  0.000000E+00  3.160744E-03  0.000000E+00
  1.400000E-02  9.961210E-01  3.878986E-03  0.000000E+00  0.000000E+00  0.000000E+00  0.000000E+00  0.000000E+00  0.000000E+00  3.878986E-03  0.000000E+00
  1.600000E-02  9.953791E-01  4.620908E-03  0.000000E+00  0.000000E+00  0.000000E+00  0.000000E+00  0.000000E+00  0.000000E+00  4.620908E-03  0.000000E+00
  1.800000E-02  9.946194E-01  5.380586E-03  0.000000E+00  0.000000E+00  0.000000E+00  0.000000E+00  0.000000E+00  0.000000E+00  5.380586E-03  0.000000E+00
  2.000000E-02  9.938469E-01  6.153141E-03  0.000000E+00  0.000000E+00  0.000000E+00  0.000000E+00  0.000000E+00  0.000000E+00  6.153141E-03  0.000000E+00
  2.200000E-02  9.930655E-01  6.934521E-03  0.000000E+00  0.000000E+00  0.000000E+00  0.000000E+00  0.000000E+00  0.000000E+00  6.934521E-03  0.000000E+00
  2.400000E-02  9.922787E-01  7.721342E-03  0.000000E+00  0.000000E+00  0.000000E+00  0.000000E+00  0.000000E+00  0.000000E+00  7.721342E-03  0.000000E+00
  2.600000E-02  9.914892E-01  8.510768E-03  0.000000E+00  0.000000E+00  0.000000E+00  0.000000E+00  0.000000E+00  0.000000E+00  8.510768E-03  0.000000E+00
  2.800000E-02  9.906996E-01  9.300415E-03  0.000000E+00  0.000000E+00  0.000000E+00  0.000000E+00  0.000000E+00  0.000000E+00  9.300415E-03  0.000000E+00
  3.000000E-02  9.899117E-01  1.008828E-02  0.000000E+00  0.000000E+00  0.000000E+00  0.000000E+00  0.000000E+00  0.000000E+00  1.008828E-02  0.000000E+00
  3.200000E-02  9.891273E-01  1.087270E-02  0.000000E+00  0.000000E+00  0.000000E+00  0.000000E+00  0.000000E+00  0.000000E+00  1.087270E-02  0.000000E+00
  3.400000E-02  9.883478E-01  1.165225E-02  0.000000E+00  0.000000E+00  0.000000E+00  0.000000E+00  0.000000E+00  0.000000E+00  1.165225E-02  0.000000E+00
  3.600000E-02  9.875742E-01  1.242576E-02  0.000000E+00  0.000000E+00  0.000000E+00  0.000000E+00  0.000000E+00  0.000000E+00  1.242576E-02  0.000000E+00
  3.800000E-02  9.868077E-01  1.319227E-02  0.000000E+00  0.000000E+00  0.000000E+00  0.000000E+00  0.000000E+00  0.000000E+00  1.319227E-02  0.000000E+00
  4.000000E-02  9.860490E-01  1.395097E-02  0.000000E+00  0.000000E+00  0.000000E+00  0.000000E+00  0.000000E+00  0.000000E+00  1.395097E-02  0.000000E+00
  4.200000E-02  9.852988E-01  1.470120E-02  0.000000E+00  0.000000E+00  0.000000E+00  0.000000E+00  0.000000E+00  0.000000E+00  1.470120E-02  0.000000E+00
  4.400000E-02  9.845576E-01  1.544244E-02  0.000000E+00  0.000000E+00  0.000000E+00  0.000000E+00  0.000000E+00  0.000000E+00  1.544244E-02  0.000000E+00
  4.600000E-02  9.838257E-01  1.617427E-02  0.000000E+00  0.000000E+00  0.000000E+00  0.000000E+00  0.000000E+00  0.000000E+00  1.617427E-02  0.000000E+00
  4.800000E-02  9.831036E-01  1.689637E-02  0.000000E+00  0.000000E+00  0.000000E+00  0.000000E+00  0.000000E+00  0.000000E+00  1.689637E-02  0.000000E+00
  5.000000E-02  9.823915E-01  1.760848E-02  0.000000E+00  0.000000E+00  0.000000E+00  0.000000E+00  0.000000E+00  0.000000E+00  1.760848E-02  0.000000E+00
  5.200000E-02  9.816896E-01  1.831044E-02  0.000000E+00  0.000000E+00  0.000000E+00  0.000000E+00  0.000000E+00  0.000000E+00  1.831044E-02  0.000000E+00
  5.400000E-02  9.809979E-01  1.900213E-02  0.000000E+00  0.000000E+00  0.000000E+00  0.000000E+00  0.000000E+00  0.000000E+00  1.900213E-02  0.000000E+00
  5.600000E-02  9.803165E-01  1.968349E-02  0.000000E+00  0.000000E+00  0.000000E+00  0.000000E+00  0.000000E+00  0.000000E+00  1.968349E-02  0.000000E+00
  5.800000E-02  9.796455E-01  2.035449E-02  0.000000E+00  0.000000E+00  0.000000E+00  0.000000E+00  0.000000E+00  0.000000E+00  2.035449E-02  0.000000E+00
  6.000000E-02  9.789848E-01  2.101517E-02  0.000000E+00  0.000000E+00  0.000000E+00  0.000000E+00  0.000000E+00  0.000000E+00  2.101517E-02  0.000000E+00
  6.200000E-02  9.783344E-01  2.166557E-02  0.000000E+00  0.000000E+00  0.000000E+00  0.000000E+00  0.000000E+00  0.000000E+00  2.166557E-02  0.000000E+00
  6.400000E-02  9.776942E-01  2.230577E-02  0.000000E+00  0.000000E+00  0.000000E+00  0.000000E+00  0.000000E+00  0.000000E+00  2.230577E-02  0.000000E+00
  6.600000E-02  9.770641E-01  2.293587E-02  0.000000E+00  0.000000E+00  0.000000E+00  0.000000E+00  0.000000E+00  0.000000E+00  2.293587E-02  0.000000E+00
  6.800000E-02  9.764440E-01  2.355600E-02  0.000000E+00  0.000000E+00  0.000000E+00  0.000000E+00  0.000000E+00  0.000000E+00  2.355600E-02  0.000000E+00
  7.000000E-02  9.758337E-01  2.416630E-02  0.000000E+00  0.000000E+00  0.000000E+00  0.000000E+00  0.000000E+00  0.000000E+00  2.416630E-02  0.000000E+00
  7.200000E-02  9.752331E-01  2.476692E-02  0.000000E+00  0.000000E+00  0.000000E+00  0.000000E+00  0.000000E+00  0.000000E+00  2.476692E-02  0.000000E+00
  7.400000E-02  9.746420E-01  2.535803E-02  0.000000E+00  0.000000E+00  0.000000E+00  0.000000E+00  0.000000E+00  0.000000E+00  2.535803E-02  0.000000E+00
  7.600000E-02  9.740602E-01  2.593980E-02  0.000000E+00  0.000000E+00  0.000000E+00  0.000000E+00  0.000000E+00  0.000000E+00  2.593980E-02  0.000000E+00
  7.800000E-02  9.734876E-01  2.651241E-02  0.000000E+00  0.000000E+00  0.000000E+00  0.000000E+00  0.000000E+00  0.000000E+00  2.651241E-02  0.000000E+00
  8.000000E-02  9.729239E-01  2.707605E-02  0.000000E+00  0.000000E+00  0.000000E+00  0.000000E+00  0.000000E+00  0.000000E+00  2.707605E-02  0.000000E+00
  8.200000E-02  9.723691E-01  2.763091E-02  0.000000E+00  0.000000E+00  0.000000E+00  0.000000E+00  0.000000E+00  0.000000E+00  2.763091E-02  0.000000E+00
  8.400000E-02  9.718228E-01  2.817719E-02  0.000000E+00  0.000000E+00  0.000000E+00  0.000000E+00  0.000000E+00  0.000000E+00  2.817719E-02  0.000000E+00
  8.600000E-02  9.712849E-01  2.871508E-02  0.000000E+00  0.000000E+00  0.000000E+00  0.000000E+00  0.000000E+00  0.000000E+00  2.871508E-02  0.000000E+00
  8.800000E-02  9.707552E-01  2.924478E-02  0.000000E+00  0.000000E+00  0.000000E+00  0.000000E+00  0.000000E+00  0.000000E+00  2.924478E-02  0.000000E+00
  9.000000E-02  9.702335E-01  2.976649E-02  0.000000E+00  0.000000E+00  0.000000E+00  0.000000E+00  0.000000E+00  0.000000E+00  2.976649E-02  0.000000E+00
  9.200000E-02  9.697196E-01  3.028041E-02  0.000000E+00  0.000000E+00  0.000000E+00  0.000000E+00  0.000000E+00  0.000000E+00  3.028041E-02  0.000000E+00
  9.400000E-02  9.692133E-01  3.078674E-02  0.000000E+00  0.000000E+00  0.000000E+00  0.000000E+00  0.000000E+00  0.000000E+00  3.078674E-02  0.000000E+00
  9.600000E-02  9.687143E-01  3.128566E-02  0.000000E+00  0.000000E+00  0.000000E+00  0.000000E+00  0.000000E+00  0.000000E+00  3.128566E-02  0.000000E+00
  9.800000E-02  9.682226E-01  3.177738E-02  0.000000E+00  0.000000E+00  0.000000E+00  0.000000E+00  0.000000E+00  0.000000E+00  3.177738E-02  0.000000E+00
  1.000000E-01  9.677379E-01  3.226208E-02  0.000000E+00  0.000000E+00  0.000000E+00  0.000000E+00  0.000000E+00  0.000000E+00  3.226208E-02  0.000000E+00
  1.020000E-01  9.672600E-01  3.273995E-02  0.000000E+00  0.000000E+00  0.000000E+00  0.000000E+00  0.000000E+00  0.000000E+00  3.273995E-02  0.000000E+00
  1.040000E-01  9.667888E-01  3.321119E-02  0.000000E+00  0.000000E+00  0.000000E+00  0.000000E+00  0.000000E+00  0.000000E+00  3.321119E-02  0.000000E+00
  1.060000E-01  9.663240E-01  3.367596E-02  0.000000E+00  0.000000E+00  0.000000E+00  0.000000E+00  0.000000E+00  0.000000E+00  3.367596E-02  0.000000E+00
  1.080000E-01  9.658655E-01  3.413446E-02  0.000000E+00  0.000000E+00  0.000000E+00  0.000000E+00  0.000000E+00  0.000000E+00  3.413446E-02  0.000000E+00
  1.100000E-01  9.654131E-01  3.458686E-02  0.000000E+00  0.000000E+00  0.000000E+00  0.000000E+00  0.000000E+00  0.000000E+00  3.458686E-02  0.000000E+00
  1.120000E-01  9.649667E-01  3.503333E-02  0.000000E+00  0.000000E+00  0.000000E+00  0.000000E+00  0.000000E+00  0.000000E+00  3.503333E-02  0.000000E+00
  1.140000E-01  9.645260E-01  3.547403E-02  0.000000E+00  0.000000E+00  0.000000E+00  0.000000E+00  0.000000E+00  0.000000E+00  3.547403E-02  0.000000E+00
  1.160000E-01  9.640909E-01  3.590914E-02  0.000000E+00  0.000000E+00  0.000000E+00  0.000000E+00  0.000000E+00  0.000000E+00  3.590914E-02  0.000000E+00
  1.180000E-01  9.636612E-01  3.633882E-02  0.000000E+00  0.000000E+00  0.000000E+00  0.000000E+00  0.000000E+00  0.000000E+00  3.633882E-02  0.000000E+00
  1.200000E-01  9.632368E-01  3.676322E-02  0.000000E+00  0.000000E+00  0.000000E+00  0.000000E+00  0.000000E+00  0.000000E+00  3.676322E-02  0.000000E+00
  1.220000E-01  9.628175E-01  3.718249E-02  0.000000E+00  0.000000E+00  0.000000E+00  0.000000E+00  0.000000E+00  0.000000E+00  3.718249E-02  0.000000E+00
  1.240000E-01  9.624032E-01  3.759680E-02  0.000000E+00  0.000000E+00  0.000000E+00  0.000000E+00  0.000000E+00  0.000000E+00  3.759680E-02  0.000000E+00
  1.260000E-01  9.619937E-01  3.800628E-02  0.000000E+00  0.000000E+00  0.000000E+00  0.000000E+00  0.000000E+00  0.000000E+00  3.800628E-02  0.000000E+00
  1.280000E-01  9.615889E-01  3.841108E-02  0.000000E+00  0.000000E+00  0.000000E+00  0.000000E+00  0.000000E+00  0.000000E+00  3.841108E-02  0.000000E+00
  1.300000E-01  9.611887E-01  3.881133E-02  0.000000E+00  0.000000E+00  0.000000E+00  0.000000E+00  0.000000E+00  0.000000E+00  3.881133E-02  0.000000E+00
  1.320000E-01  9.607928E-01  3.920718E-02  0.000000E+00  0.000000E+00  0.000000E+00  0.000000E+00  0.000000E+00  0.000000E+00  3.920718E-02  0.000000E+00
  1.340000E-01  9.603461E-01  3.965387E-02  0.000000E+00  0.000000E+00  0.000000E+00  0.000000E+00  0.000000E+00  0.000000E+00  3.958080E-02  7.307367E-05
  1.360000E-01  9.598539E-01  4.014610E-02  0.000000E+00  0.000000E+00  0.000000E+00  0.000000E+00  0.000000E+00  0.000000E+00  3.993358E-02  2.125205E-04
  1.380000E-01  9.593392E-01  4.066083E-02  0.000000E+00  0.000000E+00  0.000000E+00  0.000000E+00  0.000000E+00  0.000000E+00  4.027289E-02  3.879398E-04
  1.400000E-01  9.588096E-01  4.119039E-02  0.000000E+00  0.000000E+00  0.000000E+00  0.000000E+00  0.000000E+00  0.000000E+00  4.060124E-02  5.891522E-04
  1.420000E-01  9.582696E-01  4.173037E-02  0.000000E+00  0.000000E+00  0.000000E+00  0.000000E+00  0.000000E+00  0.000000E+00  4.092012E-02  8.102492E-04
  1.440000E-01  9.577222E-01  4.227784E-02  0.000000E+00  0.000000E+00  0.000000E+00  0.000000E+00  0.000000E+00  0.000000E+00  4.123060E-02  1.047238E-03
  1.460000E-01  9.571693E-01  4.283066E-02  0.000000E+00  0.000000E+00  0.000000E+00  0.000000E+00  0.000000E+00  0.000000E+00  4.153346E-02  1.297199E-03
  1.480000E-01  9.566128E-01  4.338724E-02  0.000000E+00  0.000000E+00  0.000000E+00  0.000000E+00  0.000000E+00  0.000000E+00  4.182935E-02  1.557890E-03
  1.500000E-01  9.560537E-01  4.394634E-02  0.000000E+00  0.000000E+00  0.000000E+00  0.000000E+00  0.000000E+00  0.000000E+00  4.211881E-02  1.827530E-03
  1.520000E-01  9.554930E-01  4.450696E-02  0.000000E+00  0.000000E+00  0.000000E+00  0.000000E+00  0.000000E+00  0.000000E+00  4.240229E-02  2.104674E-03
  1.540000E-01  9.549317E-01  4.506831E-02  0.000000E+00  0.000000E+00  0.000000E+00  0.000000E+00  0.000000E+00  0.000000E+00  4.268018E-02  2.388125E-03
  1.560000E-01  9.543703E-01  4.562972E-02  0.000000E+00  0.000000E+00  0.000000E+00  0.000000E+00  0.000000E+00  0.000000E+00  4.295284E-02  2.676882E-03
  1.580000E-01  9.538093E-01  4.619067E-02  0.000000E+00  0.000000E+00  0.000000E+00  0.000000E+00  0.000000E+00  0.000000E+00  4.322058E-02  2.970094E-03
  1.600000E-01  9.532493E-01  4.675070E-02  0.000000E+00  0.000000E+00  0.000000E+00  0.000000E+00  0.000000E+00  0.000000E+00  4.348367E-02  3.267036E-03
  1.620000E-01  9.526906E-01  4.730945E-02  0.000000E+00  0.000000E+00  0.000000E+00  0.000000E+00  0.000000E+00  0.000000E+00  4.374237E-02  3.567082E-03
  1.640000E-01  9.521334E-01  4.786660E-02  0.000000E+00  0.000000E+00  0.000000E+00  0.000000E+00  0.000000E+00  0.000000E+00  4.399691E-02  3.869690E-03
  1.660000E-01  9.515781E-01  4.842189E-02  0.000000E+00  0.000000E+00  0.000000E+00  0.000000E+00  0.000000E+00  0.000000E+00  4.424750E-02  4.174390E-03
  1.680000E-01  9.510249E-01  4.897512E-02  0.000000E+00  0.000000E+00  0.000000E+00  0.000000E+00  0.000000E+00  0.000000E+00  4.449435E-02  4.480771E-03
  1.700000E-01  9.504739E-01  4.952610E-02  0.000000E+00  0.000000E+00  0.000000E+00  0.000000E+00  0.000000E+00  0.000000E+00  4.473763E-02  4.788472E-03
  1.720000E-01  9.499253E-01  5.007469E-02  0.000000E+00  0.000000E+00  0.000000E+00  0.000000E+00  0.000000E+00  0.000000E+00  4.497751E-02  5.097175E-03
  1.740000E-01  9.493792E-01  5.062075E-02  0.000000E+00  0.000000E+00  0.000000E+00  0.000000E+00  0.000000E+00  0.000000E+00  4.521415E-02  5.406602E-03
  1.760000E-01  9.488358E-01  5.116421E-02  0.000000E+00  0.000000E+00  0.000000E+00  0.000000E+00  0.000000E+00  0.000000E+00  4.544770E-02  5.716507E-03
  1.780000E-01  9.482950E-01  5.170497E-02  0.000000E+00  0.000000E+00  0.000000E+00  0.000000E+00  0.000000E+00  0.000000E+00  4.567829E-02  6.026671E-03
  1.800000E-01  9.477570E-01  5.224297E-02  0.000000E+00  0.000000E+00  0.000000E+00  0.000000E+00  0.000000E+00  0.000000E+00  4.590606E-02  6.336903E-03
  1.820000E-01  9.472218E-01  5.277816E-02  0.000000E+00  0.000000E+00  0.000000E+00  0.000000E+00  0.000000E+00  0.000000E+00  4.613113E-02  6.647031E-03
  1.840000E-01  9.466895E-01  5.331051E-02  0.000000E+00  0.000000E+00  0.000000E+00  0.000000E+00  0.000000E+00  0.000000E+00  4.635361E-02  6.956905E-03
  1.860000E-01  9.461600E-01  5.383999E-02  0.000000E+00  0.000000E+00  0.000000E+00  0.000000E+00  0.000000E+00  0.000000E+00  4.657360E-02  7.266390E-03
  1.880000E-01  9.456334E-01  5.436659E-02  0.000000E+00  0.000000E+00  0.000000E+00  0.000000E+00  0.000000E+00  0.000000E+00  4.679123E-02  7.575368E-03
  1.900000E-01  9.451097E-01  5.489030E-02  0.000000E+00  0.000000E+00  0.000000E+00  0.000000E+00  0.000000E+00  0.000000E+00  4.700657E-02  7.883735E-03
  1.920000E-01  9.445889E-01  5.541112E-02  0.000000E+00  0.000000E+00  0.000000E+00  0.000000E+00  0.000000E+00  0.000000E+00  4.721972E-02  8.191398E-03
  1.940000E-01  9.440710E-01  5.592905E-02  0.000000E+00  0.000000E+00  0.000000E+00  0.000000E+00  0.000000E+00  0.000000E+00  4.743077E-02  8.498273E-03
  1.960000E-01  9.435559E-01  5.644410E-02  0.000000E+00  0.000000E+00  0.000000E+00  0.000000E+00  0.000000E+00  0.000000E+00  4.763981E-02  8.804290E-03
  1.980000E-01  9.430437E-01  5.695629E-02  0.000000E+00  0.000000E+00  0.000000E+00  0.000000E+00  0.000000E+00  0.000000E+00  4.784690E-02  9.109385E-03
  2.000000E-01  9.425344E-01  5.746564E-02  0.000000E+00  0.000000E+00  0.000000E+00  0.000000E+00  0.000000E+00  0.000000E+00  4.805214E-02  9.413502E-03
  2.020000E-01  9.420278E-01  5.797217E-02  0.000000E+00  0.000000E+00  0.000000E+00  0.000000E+00  0.000000E+00  0.000000E+00  4.825558E-02  9.716592E-03
  2.040000E-01  9.415241E-01  5.847590E-02  0.000000E+00  0.000000E+00  0.000000E+00  0.000000E+00  0.000000E+00  0.000000E+00  4.845729E-02  1.001861E-02
  2.060000E-01  9.410231E-01  5.897687E-02  0.000000E+00  0.000000E+00  0.000000E+00  0.000000E+00  0.000000E+00  0.000000E+00  4.865735E-02  1.031953E-02
  2.080000E-01  9.405249E-01  5.947511E-02  0.000000E+00  0.000000E+00  0.000000E+00  0.000000E+00  0.000000E+00  0.000000E+00  4.885580E-02  1.061930E-02
  2.100000E-01  9.400294E-01  5.997063E-02  0.000000E+00  0.000000E+00  0.000000E+00  0.000000E+00  0.000000E+00  0.000000E+00  4.905272E-02  1.091791E-02
  2.120000E-01  9.395365E-01  6.046349E-02  0.000000E+00  0.000000E+00  0.000000E+00  0.000000E+00  0.000000E+00  0.000000E+00  4.924816E-02  1.121533E-02
  2.140000E-01  9.390463E-01  6.095371E-02  0.000000E+00  0.000000E+00  0.000000E+00  0.000000E+00  0.000000E+00  0.000000E+00  4.944216E-02  1.151155E-02
  2.160000E-01  9.385587E-01  6.144133E-02  0.000000E+00  0.000000E+00  0.000000E+00  0.000000E+00  0.000000E+00  0.000000E+00  4.963479E-02  1.180654E-02
  2.180000E-01  9.380736E-01  6.192639E-02  0.000000E+00  0.000000E+00  0.000000E+00  0.000000E+00  0.000000E+00  0.000000E+00  4.982609E-02  1.210029E-02
  2.200000E-01  9.375911E-01  6.240892E-02  0.000000E+00  0.000000E+00  0.000000E+00  0.000000E+00  0.000000E+00  0.000000E+00  5.001611E-02  1.239280E-02
  2.220000E-01  9.371110E-01  6.288895E-02  0.000000E+00  0.000000E+00  0.000000E+00  0.000000E+00  0.000000E+00  0.000000E+00  5.020490E-02  1.268405E-02
  2.240000E-01  9.366335E-01  6.336653E-02  0.000000E+00  0.000000E+00  0.000000E+00  0.000000E+00  0.000000E+00  0.000000E+00  5.039249E-02  1.297404E-02
  2.260000E-01  9.361583E-01  6.384170E-02  0.000000E+00  0.000000E+00  0.000000E+00  0.000000E+00  0.000000E+00  0.000000E+00  5.057893E-02  1.326277E-02
  2.280000E-01  9.356855E-01  6.431449E-02  0.000000E+00  0.000000E+00  0.000000E+00  0.000000E+00  0.000000E+00  0.000000E+00  5.076426E-02  1.355023E-02
  2.300000E-01  9.352151E-01  6.478494E-02  0.000000E+00  0.000000E+00  0.000000E+00  0.000000E+00  0.000000E+00  0.000000E+00  5.094851E-02  1.383643E-02
  2.320000E-01  9.347469E-01  6.525309E-02  0.000000E+00  0.000000E+00  0.000000E+00  0.000000E+00  0.000000E+00  0.000000E+00  5.113173E-02  1.412136E-02
  2.340000E-01  9.342810E-01  6.571898E-02  0.000000E+00  0.000000E+00  0.000000E+00  0.000000E+00  0.000000E+00  0.000000E+00  5.131394E-02  1.440503E-02
  2.360000E-01  9.338174E-01  6.618263E-02  0.000000E+00  0.000000E+00  0.000000E+00  0.000000E+00  0.000000E+00  0.000000E+00  5.149519E-02  1.468745E-02
  2.380000E-01  9.333559E-01  6.664410E-02  0.000000E+00  0.000000E+00  0.000000E+00  0.000000E+00  0.000000E+00  0.000000E+00  5.167549E-02  1.496861E-02
  2.400000E-01  9.328966E-01  6.710342E-02  0.000000E+00  0.000000E+00  0.000000E+00  0.000000E+00  0.000000E+00  0.000000E+00  5.185490E-02  1.524852E-02
  2.420000E-01  9.324394E-01  6.756061E-02  0.000000E+00  0.000000E+00  0.000000E+00  0.000000E+00  0.000000E+00  0.000000E+00  5.203342E-02  1.552719E-02
  2.440000E-01  9.319843E-01  6.801573E-02  0.000000E+00  0.000000E+00  0.000000E+00  0.000000E+00  0.000000E+00  0.000000E+00  5.221110E-02  1.580463E-02
  2.460000E-01  9.315312E-01  6.846880E-02  0.000000E+00  0.000000E+00  0.000000E+00  0.000000E+00  0.000000E+00  0.000000E+00  5.238796E-02  1.608084E-02
  2.480000E-01  9.310801E-01  6.891986E-02  0.000000E+00  0.000000E+00  0.000000E+00  0.000000E+00  0.000000E+00  0.000000E+00  5.256402E-02  1.635584E-02
  2.500000E-01  9.306311E-01  6.936894E-02  0.000000E+00  0.000000E+00  0.000000E+00  0.000000E+00  0.000000E+00  0.000000E+00  5.273931E-02  1.662963E-02
  2.520000E-01  9.301839E-01  6.981608E-02  0.000000E+00  0.000000E+00  0.000000E+00  0.000000E+00  0.000000E+00  0.000000E+00  5.291386E-02  1.690222E-02
  2.540000E-01  9.297387E-01  7.026131E-02  0.000000E+00  0.000000E+00  0.000000E+00  0.000000E+00  0.000000E+00  0.000000E+00  5.308769E-02  1.717362E-02
  2.560000E-01  9.292953E-01  7.070466E-02  0.000000E+00  0.000000E+00  0.000000E+00  0.000000E+00  0.000000E+00  0.000000E+00  5.326081E-02  1.744385E-02
  2.580000E-01  9.288538E-01  7.114617E-02  0.000000E+00  0.000000E+00  0.000000E+00  0.000000E+00  0.000000E+00  0.000000E+00  5.343326E-02  1.771291E-02
  2.600000E-01  9.284141E-01  7.158587E-02  0.000000E+00  0.000000E+00  0.000000E+00  0.000000E+00  0.000000E+00  0.000000E+00  5.360506E-02  1.798081E-02
  2.620000E-01  9.279762E-01  7.202378E-02  0.000000E+00  0.000000E+00  0.000000E+00  0.000000E+00  0.000000E+00  0.000000E+00  5.377621E-02  1.824757E-02
  2.640000E-01  9.275401E-01  7.245994E-02  0.000000E+00  0.000000E+00  0.000000E+00  0.000000E+00  0.000000E+00  0.000000E+00  5.394675E-02  1.851320E-02
  2.660000E-01  9.271056E-01  7.289438E-02  0.000000E+00  0.000000E+00  0.000000E+00  0.000000E+00  0.000000E+00  0.000000E+00  5.411668E-02  1.877770E-02
  2.680000E-01  9.266729E-01  7.332713E-02  0.000000E+00  0.000000E+00  0.000000E+00  0.000000E+00  0.000000E+00  0.000000E+00  5.428604E-02  1.904109E-02
  2.700000E-01  9.262418E-01  7.375821E-02  0.000000E+00  0.000000E+00  0.000000E+00  0.000000E+00  0.000000E+00  0.000000E+00  5.445483E-02  1.930339E-02
  2.720000E-01  9.258123E-01  7.418766E-02  0.000000E+00  0.000000E+00  0.000000E+00  0.000000E+00  0.000000E+00  0.000000E+00  5.462307E-02  1.956459E-02
  2.740000E-01  9.253845E-01  7.461550E-02  0.000000E+00  0.000000E+00  0.000000E+00  0.000000E+00  0.000000E+00  0.000000E+00  5.479077E-02  1.982472E-02
  2.760000E-01  9.249582E-01  7.504175E-02  0.000000E+00  0.000000E+00  0.000000E+00  0.000000E+00  0.000000E+00  0.000000E+00  5.495796E-02  2.008379E-02
  2.780000E-01  9.245335E-01  7.546645E-02  0.000000E+00  0.000000E+00  0.000000E+00  0.000000E+00  0.000000E+00  0.000000E+00  5.512465E-02  2.034180E-02
  2.800000E-01  9.241104E-01  7.588962E-02  0.000000E+00  0.000000E+00  0.000000E+00  0.000000E+00  0.000000E+00  0.000000E+00  5.529085E-02  2.059878E-02
  2.820000E-01  9.236887E-01  7.631129E-02  0.000000E+00  0.000000E+00  0.000000E+00  0.000000E+00  0.000000E+00  0.000000E+00  5.545657E-02  2.085472E-02
  2.840000E-01  9.232685E-01  7.673148E-02  0.000000E+00  0.000000E+00  0.000000E+00  0.000000E+00  0.000000E+00  0.000000E+00  5.562183E-02  2.110965E-02
  2.860000E-01  9.228498E-01  7.715021E-02  0.000000E+00  0.000000E+00  0.000000E+00  0.000000E+00  0.000000E+00  0.000000E+00  5.578664E-02  2.136357E-02
  2.880000E-01  9.224325E-01  7.756750E-02  0.000000E+00  0.000000E+00  0.000000E+00  0.000000E+00  0.000000E+00  0.000000E+00  5.595101E-02  2.161650E-02
  2.900000E-01  9.220166E-01  7.798339E-02  0.000000E+00  0.000000E+00  0.000000E+00  0.000000E+00  0.000000E+00  0.000000E+00  5.611495E-02  2.186844E-02
  2.920000E-01  9.216021E-01  7.839789E-02  0.000000E+00  0.000000E+00  0.000000E+00  0.000000E+00  0.000000E+00  0.000000E+00  5.627848E-02  2.211941E-02
  2.940000E-01  9.211890E-01  7.881103E-02  0.000000E+00  0.000000E+00  0.000000E+00  0.000000E+00  0.000000E+00  0.000000E+00  5.644160E-02  2.236943E-02
  2.960000E-01  9.207772E-01  7.922282E-02  0.000000E+00  0.000000E+00  0.000000E+00  0.000000E+00  0.000000E+00  0.000000E+00  5.660433E-02  2.261849E-02
  2.980000E-01  9.203667E-01  7.963329E-02  0.000000E+00  0.000000E+00  0.000000E+00  0.000000E+00  0.000000E+00  0.000000E+00  5.676668E-02  2.286661E-02
  3.000000E-01  9.199575E-01  8.004246E-02  0.000000E+00  0.000000E+00  0.000000E+00  0.000000E+00  0.000000E+00  0.000000E+00  5.692864E-02  2.311381E-02
  3.020000E-01  9.195497E-01  8.045034E-02  0.000000E+00  0.000000E+00  0.000000E+00  0.000000E+00  0.000000E+00  0.000000E+00  5.709025E-02  2.336009E-02
  3.040000E-01  9.191430E-01  8.085696E-02  0.000000E+00  0.000000E+00  0.000000E+00  0.000000E+00  0.000000E+00  0.000000E+00  5.725150E-02  2.360547E-02
  3.060000E-01  9.187377E-01  8.126234E-02  0.000000E+00  0.000000E+00  0.000000E+00  0.000000E+00  0.000000E+00  0.000000E+00  5.741239E-02  2.384994E-02
  3.080000E-01  9.183335E-01  8.166649E-02  0.000000E+00  0.000000E+00  0.000000E+00  0.000000E+00  0.000000E+00  0.000000E+00  5.757295E-02  2.409354E-02
  3.100000E-01  9.179306E-01  8.206943E-02  0.000000E+00  0.000000E+00  0.000000E+00  0.000000E+00  0.000000E+00  0.000000E+00  5.773318E-02  2.433626E-02
  3.120000E-01  9.175288E-01  8.247119E-02  0.000000E+00  0.000000E+00  0.000000E+00  0.000000E+00  0.000000E+00  0.000000E+00  5.789308E-02  2.457811E-02
  3.140000E-01  9.171282E-01  8.287177E-02  0.000000E+00  0.000000E+00  0.000000E+00  0.000000E+00  0.000000E+00  0.000000E+00  5.805266E-02  2.481911E-02
  3.160000E-01  9.167288E-01  8.327120E-02  0.000000E+00  0.000000E+00  0.000000E+00  0.000000E+00  0.000000E+00  0.000000E+00  5.821194E-02  2.505926E-02
  3.180000E-01  9.163305E-01  8.366949E-02  0.000000E+00  0.000000E+00  0.000000E+00  0.000000E+00  0.000000E+00  0.000000E+00  5.837091E-02  2.529858E-02
  3.200000E-01  9.159333E-01  8.406665E-02  0.000000E+00  0.000000E+00  0.000000E+00  0.000000E+00  0.000000E+00  0.000000E+00  5.852958E-02  2.553707E-02
  3.220000E-01  9.155373E-01  8.446271E-02  0.000000E+00  0.000000E+00  0.000000E+00  0.000000E+00  0.000000E+00  0.000000E+00  5.868797E-02  2.577474E-02
  3.240000E-01  9.151423E-01  8.485768E-02  0.000000E+00  0.000000E+00  0.000000E+00  0.000000E+00  0.000000E+00  0.000000E+00  5.884607E-02  2.601161E-02
  3.260000E-01  9.147484E-01  8.525157E-02  0.000000E+00  0.000000E+00  0.000000E+00  0.000000E+00  0.000000E+00  0.000000E+00  5.900389E-02  2.624768E-02
  3.280000E-01  9.143556E-01  8.564439E-02  0.000000E+00  0.000000E+00  0.000000E+00  0.000000E+00  0.000000E+00  0.000000E+00  5.916143E-02  2.648296E-02
  3.300000E-01  9.139638E-01  8.603617E-02  0.000000E+00  0.000000E+00  0.000000E+00  0.000000E+00  0.000000E+00  0.000000E+00  5.931871E-02  2.671746E-02
  3.320000E-01  9.135731E-01  8.642692E-02  0.000000E+00  0.000000E+00  0.000000E+00  0.000000E+00  0.000000E+00  0.000000E+00  5.947573E-02  2.695119E-02
  3.340000E-01  9.131834E-01  8.681664E-02  0.000000E+00  0.000000E+00  0.000000E+00  0.000000E+00  0.000000E+00  0.000000E+00  5.963249E-02  2.718415E-02
  3.360000E-01  9.127946E-01  8.720536E-02  0.000000E+00  0.000000E+00  0.000000E+00  0.000000E+00  0.000000E+00  0.000000E+00  5.978899E-02  2.741636E-02
  3.380000E-01  9.124069E-01  8.759308E-02  0.000000E+00  0.000000E+00  0.000000E+00  0.000000E+00  0.000000E+00  0.000000E+00  5.994525E-02  2.764782E-02
  3.400000E-01  9.120202E-01  8.797981E-02  0.000000E+00  0.000000E+00  0.000000E+00  0.000000E+00  0.000000E+00  0.000000E+00  6.010127E-02  2.787855E-02
  3.420000E-01  9.116344E-01  8.836558E-02  0.000000E+00  0.000000E+00  0.000000E+00  0.000000E+00  0.000000E+00  0.000000E+00  6.025704E-02  2.810854E-02
  3.440000E-01  9.112496E-01  8.875039E-02  0.000000E+00  0.000000E+00  0.000000E+00  0.000000E+00  0.000000E+00  0.000000E+00  6.041258E-02  2.833781E-02
  3.460000E-01  9.108657E-01  8.913425E-02  0.000000E+00  0.000000E+00  0.000000E+00  0.000000E+00  0.000000E+00  0.000000E+00  6.056789E-02  2.856637E-02
  3.480000E-01  9.104828E-01  8.951718E-02  0.000000E+00  0.000000E+00  0.000000E+00  0.000000E+00  0.000000E+00  0.000000E+00  6.072297E-02  2.879422E-02
  3.500000E-01  9.101008E-01  8.989919E-02  0.000000E+00  0.000000E+00  0.000000E+00  0.000000E+00  0.000000E+00  0.000000E+00  6.087782E-02  2.902136E-02
  3.520000E-01  9.097197E-01  9.028028E-02  0.000000E+00  0.000000E+00  0.000000E+00  0.000000E+00  0.000000E+00  0.000000E+00  6.103246E-02  2.924782E-02
  3.540000E-01  9.093395E-01  9.066047E-02  0.000000E+00  0.000000E+00  0.000000E+00  0.000000E+00  0.000000E+00  0.000000E+00  6.118688E-02  2.947359E-02
  3.560000E-01  9.089602E-01  9.103976E-02  0.000000E+00  0.000000E+00  0.000000E+00  0.000000E+00  0.000000E+00  0.000000E+00  6.134108E-02  2.969868E-02
  3.580000E-01  9.085818E-01  9.141818E-02  0.000000E+00  0.000000E+00  0.000000E+00  0.000000E+00  0.000000E+00  0.000000E+00  6.149507E-02  2.992310E-02
  3.600000E-01  9.082043E-01  9.179572E-02  0.000000E+00  0.000000E+00  0.000000E+00  0.000000E+00  0.000000E+00  0.000000E+00  6.164886E-02  3.014686E-02
  3.620000E-01  9.078276E-01  9.217239E-02  0.000000E+00  0.000000E+00  0.000000E+00  0.000000E+00  0.000000E+00  0.000000E+00  6.180244E-02  3.036995E-02
  3.640000E-01  9.074518E-01  9.254822E-02  0.000000E+00  0.000000E+00  0.000000E+00  0.000000E+00  0.000000E+00  0.000000E+00  6.195582E-02  3.059240E-02
  3.660000E-01  9.070768E-01  9.292320E-02  0.000000E+00  0.000000E+00  0.000000E+00  0.000000E+00  0.000000E+00  0.000000E+00  6.210900E-02  3.081420E-02
  3.680000E-01  9.067027E-01  9.329734E-02  0.000000E+00  0.000000E+00  0.000000E+00  0.000000E+00  0.000000E+00  0.000000E+00  6.226198E-02  3.103537E-02
  3.700000E-01  9.063293E-01  9.367066E-02  0.000000E+00  0.000000E+00  0.000000E+00  0.000000E+00  0.000000E+00  0.000000E+00  6.241476E-02  3.125590E-02
  3.720000E-01  9.059568E-01  9.404316E-02  0.000000E+00  0.000000E+00  0.000000E+00  0.000000E+00  0.000000E+00  0.000000E+00  6.256736E-02  3.147580E-02
  3.740000E-01  9.055852E-01  9.441485E-02  0.000000E+00  0.000000E+00  0.000000E+00  0.000000E+00  0.000000E+00  0.000000E+00  6.271976E-02  3.169509E-02
  3.760000E-01  9.052143E-01  9.478573E-02  0.000000E+00  0.000000E+00  0.000000E+00  0.000000E+00  0.000000E+00  0.000000E+00  6.287198E-02  3.191376E-02
  3.780000E-01  9.048442E-01  9.515583E-02  0.000000E+00  0.000000E+00  0.000000E+00  0.000000E+00  0.000000E+00  0.000000E+00  6.302401E-02  3.213182E-02
  3.800000E-01  9.044749E-01  9.552513E-02  0.000000E+00  0.000000E+00  0.000000E+00  0.000000E+00  0.000000E+00  0.000000E+00  6.317585E-02  3.234928E-02
  3.820000E-01  9.041063E-01  9.589366E-02  0.000000E+00  0.000000E+00  0.000000E+00  0.000000E+00  0.000000E+00  0.000000E+00  6.332751E-02  3.256614E-02
  3.840000E-01  9.037386E-01  9.626141E-02  0.000000E+00  0.000000E+00  0.000000E+00  0.000000E+00  0.000000E+00  0.000000E+00  6.347900E-02  3.278241E-02
  3.860000E-01  9.033716E-01  9.662840E-02  0.000000E+00  0.000000E+00  0.000000E+00  0.000000E+00  0.000000E+00  0.000000E+00  6.363030E-02  3.299810E-02
  3.880000E-01  9.030054E-01  9.699463E-02  0.000000E+00  0.000000E+00  0.000000E+00  0.000000E+00  0.000000E+00  0.000000E+00  6.378143E-02  3.321320E-02
  3.900000E-01  9.026399E-01  9.736011E-02  0.000000E+00  0.000000E+00  0.000000E+00  0.000000E+00  0.000000E+00  0.000000E+00  6.393238E-02  3.342773E-02
  3.920000E-01  9.022752E-01  9.772485E-02  0.000000E+00  0.000000E+00  0.000000E+00  0.000000E+00  0.000000E+00  0.000000E+00  6.408316E-02  3.364169E-02
  3.940000E-01  9.019112E-01  9.808885E-02  0.000000E+00  0.000000E+00  0.000000E+00  0.000000E+00  0.000000E+00  0.000000E+00  6.423376E-02  3.385508E-02
  3.960000E-01  9.015479E-01  9.845211E-02  0.000000E+00  0.000000E+00  0.000000E+00  0.000000E+00  0.000000E+00  0.000000E+00  6.438420E-02  3.406792E-02
  3.980000E-01  9.011853E-01  9.881465E-02  0.000000E+00  0.000000E+00  0.000000E+00  0.000000E+00  0.000000E+00  0.000000E+00  6.453446E-02  3.428019E-02
  4.000000E-01  9.008235E-01  9.917648E-02  0.000000E+00  0.000000E+00  0.000000E+00  0.000000E+00  0.000000E+00  0.000000E+00  6.468456E-02  3.449192E-02
  4.020000E-01  9.004624E-01  9.953758E-02  0.000000E+00  0.000000E+00  0.000000E+00  0.000000E+00  0.000000E+00  0.000000E+00  6.483448E-02  3.470310E-02
  4.040000E-01  9.001020E-01  9.989799E-02  0.000000E+00  0.000000E+00  0.000000E+00  0.000000E+00  0.000000E+00  0.000000E+00  6.498425E-02  3.491374E-02
  4.060000E-01  8.997423E-01  1.002577E-01  0.000000E+00  0.000000E+00  0.000000E+00  0.000000E+00  0.000000E+00  0.000000E+00  6.513384E-02  3.512384E-02
  4.080000E-01  8.993833E-01  1.006167E-01  0.000000E+00  0.000000E+00  0.000000E+00  0.000000E+00  0.000000E+00  0.000000E+00  6.528327E-02  3.533341E-02
  4.100000E-01  8.990250E-01  1.009750E-01  0.000000E+00  0.000000E+00  0.000000E+00  0.000000E+00  0.000000E+00  0.000000E+00  6.543254E-02  3.554245E-02
  4.120000E-01  8.986674E-01  1.013326E-01  0.000000E+00  0.000000E+00  0.000000E+00  0.000000E+00  0.000000E+00  0.000000E+00  6.558165E-02  3.575097E-02
  4.140000E-01  8.983104E-01  1.016896E-01  0.000000E+00  0.000000E+00  0.000000E+00  0.000000E+00  0.000000E+00  0.000000E+00  6.573060E-02  3.595897E-02
  4.160000E-01  8.979542E-01  1.020458E-01  0.000000E+00  0.000000E+00  0.000000E+00  0.000000E+00  0.000000E+00  0.000000E+00  6.587938E-02  3.616645E-02
  4.180000E-01  8.975986E-01  1.024014E-01  0.000000E+00  0.000000E+00  0.000000E+00  0.000000E+00  0.000000E+00  0.000000E+00  6.602801E-02  3.637342E-02
  4.200000E-01  8.972436E-01  1.027564E-01  0.000000E+00  0.000000E+00  0.000000E+00  0.000000E+00  0.000000E+00  0.000000E+00  6.617647E-02  3.657988E-02
  4.220000E-01  8.968894E-01  1.031106E-01  0.000000E+00  0.000000E+00  0.000000E+00  0.000000E+00  0.000000E+00  0.000000E+00  6.632478E-02  3.678585E-02
  4.240000E-01  8.965358E-01  1.034642E-01  0.000000E+00  0.000000E+00  0.000000E+00  0.000000E+00  0.000000E+00  0.000000E+00  6.647293E-02  3.699131E-02
  4.260000E-01  8.961828E-01  1.038172E-01  0.000000E+00  0.000000E+00  0.000000E+00  0.000000E+00  0.000000E+00  0.000000E+00  6.662093E-02  3.719627E-02
  4.280000E-01  8.958305E-01  1.041695E-01  0.000000E+00  0.000000E+00  0.000000E+00  0.000000E+00  0.000000E+00  0.000000E+00  6.676876E-02  3.740074E-02
  4.300000E-01  8.954788E-01  1.045212E-01  0.000000E+00  0.000000E+00  0.000000E+00  0.000000E+00  0.000000E+00  0.000000E+00  6.691645E-02  3.760473E-02
  4.320000E-01  8.951278E-01  1.048722E-01  0.000000E+00  0.000000E+00  0.000000E+00  0.000000E+00  0.000000E+00  0.000000E+00  6.706397E-02  3.780823E-02
  4.340000E-01  8.947774E-01  1.052226E-01  0.000000E+00  0.000000E+00  0.000000E+00  0.000000E+00  0.000000E+00  0.000000E+00  6.721135E-02  3.801125E-02
  4.360000E-01  8.944277E-01  1.055723E-01  0.000000E+00  0.000000E+00  0.000000E+00  0.000000E+00  0.000000E+00  0.000000E+00  6.735856E-02  3.821379E-02
  4.380000E-01  8.940785E-01  1.059215E-01  0.000000E+00  0.000000E+00  0.000000E+00  0.000000E+00  0.000000E+00  0.000000E+00  6.750563E-02  3.841585E-02
  4.400000E-01  8.937300E-01  1.062700E-01  0.000000E+00  0.000000E+00  0.000000E+00  0.000000E+00  0.000000E+00  0.000000E+00  6.765254E-02  3.861745E-02
  4.420000E-01  8.933821E-01  1.066179E-01  0.000000E+00  0.000000E+00  0.000000E+00  0.000000E+00  0.000000E+00  0.000000E+00  6.779930E-02  3.881857E-02
  4.440000E-01  8.930349E-01  1.069651E-01  0.000000E+00  0.000000E+00  0.000000E+00  0.000000E+00  0.000000E+00  0.000000E+00  6.794590E-02  3.901924E-02
  4.460000E-01  8.926882E-01  1.073118E-01  0.000000E+00  0.000000E+00  0.000000E+00  0.000000E+00  0.000000E+00  0.000000E+00  6.809236E-02  3.921944E-02
  4.480000E-01  8.923422E-01  1.076578E-01  0.000000E+00  0.000000E+00  0.000000E+00  0.000000E+00  0.000000E+00  0.000000E+00  6.823866E-02  3.941918E-02
  4.500000E-01  8.919967E-01  1.080033E-01  0.000000E+00  0.000000E+00  0.000000E+00  0.000000E+00  0.000000E+00  0.000000E+00  6.838481E-02  3.961847E-02
  4.520000E-01  8.916519E-01  1.083481E-01  0.000000E+00  0.000000E+00  0.000000E+00  0.000000E+00  0.000000E+00  0.000000E+00  6.853081E-02  3.981731E-02
  4.540000E-01  8.913076E-01  1.086924E-01  0.000000E+00  0.000000E+00  0.000000E+00  0.000000E+00  0.000000E+00  0.000000E+00  6.867666E-02  4.001570E-02
  4.560000E-01  8.909640E-01  1.090360E-01  0.000000E+00  0.000000E+00  0.000000E+00  0.000000E+00  0.000000E+00  0.000000E+00  6.882235E-02  4.021364E-02
  4.580000E-01  8.906210E-01  1.093790E-01  0.000000E+00  0.000000E+00  0.000000E+00  0.000000E+00  0.000000E+00  0.000000E+00  6.896790E-02  4.041114E-02
  4.600000E-01  8.902785E-01  1.097215E-01  0.000000E+00  0.000000E+00  0.000000E+00  0.000000E+00  0.000000E+00  0.000000E+00  6.911330E-02  4.060820E-02
  4.620000E-01  8.899366E-01  1.100634E-01  0.000000E+00  0.000000E+00  0.000000E+00  0.000000E+00  0.000000E+00  0.000000E+00  6.925854E-02  4.080482E-02
  4.640000E-01  8.895954E-01  1.104046E-01  0.000000E+00  0.000000E+00  0.000000E+00  0.000000E+00  0.000000E+00  0.000000E+00  6.940364E-02  4.100101E-02
  4.660000E-01  8.892547E-01  1.107453E-01  0.000000E+00  0.000000E+00  0.000000E+00  0.000000E+00  0.000000E+00  0.000000E+00  6.954858E-02  4.119676E-02
  4.680000E-01  8.889145E-01  1.110855E-01  0.000000E+00  0.000000E+00  0.000000E+00  0.000000E+00  0.000000E+00  0.000000E+00  6.969338E-02  4.139209E-02
  4.700000E-01  8.885750E-01  1.114250E-01  0.000000E+00  0.000000E+00  0.000000E+00  0.000000E+00  0.000000E+00  0.000000E+00  6.983803E-02  4.158699E-02
  4.720000E-01  8.882360E-01  1.117640E-01  0.000000E+00  0.000000E+00  0.000000E+00  0.000000E+00  0.000000E+00  0.000000E+00  6.998253E-02  4.178146E-02
  4.740000E-01  8.878976E-01  1.121024E-01  0.000000E+00  0.000000E+00  0.000000E+00  0.000000E+00  0.000000E+00  0.000000E+00  7.012687E-02  4.197551E-02
  4.760000E-01  8.875598E-01  1.124402E-01  0.000000E+00  0.000000E+00  0.000000E+00  0.000000E+00  0.000000E+00  0.000000E+00  7.027107E-02  4.216915E-02
  4.780000E-01  8.872225E-01  1.127775E-01  0.000000E+00  0.000000E+00  0.000000E+00  0.000000E+00  0.000000E+00  0.000000E+00  7.041512E-02  4.236237E-02
  4.800000E-01  8.868858E-01  1.131142E-01  0.000000E+00  0.000000E+00  0.000000E+00  0.000000E+00  0.000000E+00  0.000000E+00  7.055902E-02  4.255517E-02
  4.820000E-01  8.865497E-01  1.134503E-01  0.000000E+00  0.000000E+00  0.000000E+00  0.000000E+00  0.000000E+00  0.000000E+00  7.070277E-02  4.274756E-02
  4.840000E-01  8.862141E-01  1.137859E-01  0.000000E+00  0.000000E+00  0.000000E+00  0.000000E+00  0.000000E+00  0.000000E+00  7.084637E-02  4.293954E-02
  4.860000E-01  8.858791E-01  1.141209E-01  0.000000E+00  0.000000E+00  0.000000E+00  0.000000E+00  0.000000E+00  0.000000E+00  7.098983E-02  4.313112E-02
  4.880000E-01  8.855446E-01  1.144554E-01  0.000000E+00  0.000000E+00  0.000000E+00  0.000000E+00  0.000000E+00  0.000000E+00  7.113313E-02  4.332229E-02
  4.900000E-01  8.852107E-01  1.147893E-01  0.000000E+00  0.000000E+00  0.000000E+00  0.000000E+00  0.000000E+00  0.000000E+00  7.127629E-02  4.351306E-02
  4.920000E-01  8.848773E-01  1.151227E-01  0.000000E+00  0.000000E+00  0.000000E+00  0.000000E+00  0.000000E+00  0.000000E+00  7.141929E-02  4.370343E-02
  4.940000E-01  8.845445E-01  1.154555E-01  0.000000E+00  0.000000E+00  0.000000E+00  0.000000E+00  0.000000E+00  0.000000E+00  7.156215E-02  4.389340E-02
  4.960000E-01  8.842122E-01  1.157878E-01  0.000000E+00  0.000000E+00  0.000000E+00  0.000000E+00  0.000000E+00  0.000000E+00  7.170485E-02  4.408297E-02
  4.980000E-01  8.838804E-01  1.161196E-01  0.000000E+00  0.000000E+00  0.000000E+00  0.000000E+00  0.000000E+00  0.000000E+00  7.184741E-02  4.427215E-02
  5.000000E-01  8.835492E-01  1.164508E-01  0.000000E+00  0.000000E+00  0.000000E+00  0.000000E+00  0.000000E+00  0.000000E+00  7.198982E-02  4.446094E-02
  5.020000E-01  8.832186E-01  1.167814E-01  0.000000E+00  0.000000E+00  0.000000E+00  0.000000E+00  0.000000E+00  0.000000E+00  7.213208E-02  4.464934E-02
  5.040000E-01  8.828885E-01  1.171115E-01  0.000000E+00  0.000000E+00  0.000000E+00  0.000000E+00  0.000000E+00  0.000000E+00  7.227419E-02  4.483735E-02
  5.060000E-01  8.825589E-01  1.174411E-01  0.000000E+00  0.000000E+00  0.000000E+00  0.000000E+00  0.000000E+00  0.000000E+00  7.241615E-02  4.502498E-02
  5.080000E-01  8.822298E-01  1.177702E-01  0.000000E+00  0.000000E+00  0.000000E+00  0.000000E+00  0.000000E+00  0.000000E+00  7.255796E-02  4.521222E-02
  5.100000E-01  8.819013E-01  1.180987E-01  0.000000E+00  0.000000E+00  0.000000E+00  0.000000E+00  0.000000E+00  0.000000E+00  7.269962E-02  4.539908E-02
  5.120000E-01  8.815733E-01  1.184267E-01  0.000000E+00  0.000000E+00  0.000000E+00  0.000000E+00  0.000000E+00  0.000000E+00  7.284113E-02  4.558556E-02
  5.140000E-01  8.812458E-01  1.187542E-01  0.000000E+00  0.000000E+00  0.000000E+00  0.000000E+00  0.000000E+00  0.000000E+00  7.298249E-02  4.577167E-02
  5.160000E-01  8.809189E-01  1.190811E-01  0.000000E+00  0.000000E+00  0.000000E+00  0.000000E+00  0.000000E+00  0.000000E+00  7.312370E-02  4.595739E-02
  5.180000E-01  8.805925E-01  1.194075E-01  0.000000E+00  0.000000E+00  0.000000E+00  0.000000E+00  0.000000E+00  0.000000E+00  7.326476E-02  4.614275E-02
  5.200000E-01  8.802666E-01  1.197334E-01  0.000000E+00  0.000000E+00  0.000000E+00  0.000000E+00  0.000000E+00  0.000000E+00  7.340567E-02  4.632773E-02
  5.220000E-01  8.799412E-01  1.200588E-01  0.000000E+00  0.000000E+00  0.000000E+00  0.000000E+00  0.000000E+00  0.000000E+00  7.354643E-02  4.651234E-02
  5.240000E-01  8.796164E-01  1.203836E-01  0.000000E+00  0.000000E+00  0.000000E+00  0.000000E+00  0.000000E+00  0.000000E+00  7.368704E-02  4.669658E-02
  5.260000E-01  8.792920E-01  1.207080E-01  0.000000E+00  0.000000E+00  0.000000E+00  0.000000E+00  0.000000E+00  0.000000E+00  7.382750E-02  4.688045E-02
  5.280000E-01  8.789682E-01  1.210318E-01  0.000000E+00  0.000000E+00  0.000000E+00  0.000000E+00  0.000000E+00  0.000000E+00  7.396781E-02  4.706396E-02
  5.300000E-01  8.786449E-01  1.213551E-01  0.000000E+00  0.000000E+00  0.000000E+00  0.000000E+00  0.000000E+00  0.000000E+00  7.410797E-02  4.724710E-02
  5.320000E-01  8.783221E-01  1.216779E-01  0.000000E+00  0.000000E+00  0.000000E+00  0.000000E+00  0.000000E+00  0.000000E+00  7.424798E-02  4.742989E-02
  5.340000E-01  8.779999E-01  1.220001E-01  0.000000E+00  0.000000E+00  0.000000E+00  0.000000E+00  0.000000E+00  0.000000E+00  7.438784E-02  4.761231E-02
  5.360000E-01  8.776781E-01  1.223219E-01  0.000000E+00  0.000000E+00  0.000000E+00  0.000000E+00  0.000000E+00  0.000000E+00  7.452754E-02  4.779437E-02
  5.380000E-01  8.773568E-01  1.226432E-01  0.000000E+00  0.000000E+00  0.000000E+00  0.000000E+00  0.000000E+00  0.000000E+00  7.466710E-02  4.797608E-02
  5.400000E-01  8.770361E-01  1.229639E-01  0.000000E+00  0.000000E+00  0.000000E+00  0.000000E+00  0.000000E+00  0.000000E+00  7.480650E-02  4.815743E-02
  5.420000E-01  8.752408E-01  1.228611E-01  1.898123E-03  0.000000E+00  0.000000E+00  0.000000E+00  0.000000E+00  0.000000E+00  7.471875E-02  4.814233E-02
  5.440000E-01  8.741412E-01  1.229558E-01  2.903030E-03  0.000000E+00  0.000000E+00  0.000000E+00  0.000000E+00  0.000000E+00  7.473720E-02  4.821858E-02
  5.460000E-01  8.729341E-01  1.230180E-01  4.047922E-03  0.000000E+00  0.000000E+00  0.000000E+00  0.000000E+00  0.000000E+00  7.473839E-02  4.827960E-02
  5.480000E-01  8.716299E-01  1.230505E-01  5.319586E-03  0.000000E+00  0.000000E+00  0.000000E+00  0.000000E+00  0.000000E+00  7.472387E-02  4.832668E-02
  5.500000E-01  8.667006E-01  1.246122E-01  5.671141E-03  0.000000E+00  0.000000E+00  0.000000E+00  3.016102E-03  0.000000E+00  7.391202E-02  4.768404E-02
  5.520000E-01  8.633051E-01  1.254981E-01  6.474281E-03  0.000000E+00  0.000000E+00  0.000000E+00  4.722507E-03  0.000000E+00  7.344039E-02  4.733517E-02
  5.540000E-01  8.597624E-01  1.264334E-01  7.268165E-03  0.000000E+00  0.000000E+00  0.000000E+00  6.536025E-03  0.000000E+00  7.293802E-02  4.695940E-02
  5.560000E-01  8.561127E-01  1.274040E-01  8.057334E-03  0.000000E+00  0.000000E+00  0.000000E+00  8.425954E-03  0.000000E+00  7.241372E-02  4.656435E-02
  5.580000E-01  8.523817E-01  1.284010E-01  8.844206E-03  0.000000E+00  0.000000E+00  0.000000E+00  1.037307E-02  0.000000E+00  7.187306E-02  4.615486E-02
  5.600000E-01  8.485871E-01  1.294184E-01  9.630169E-03  0.000000E+00  0.000000E+00  0.000000E+00  1.236425E-02  0.000000E+00  7.131989E-02  4.573430E-02
  5.620000E-01  8.447419E-01  1.304521E-01  1.041605E-02  0.000000E+00  0.000000E+00  0.000000E+00  1.438998E-02  0.000000E+00  7.075702E-02  4.530510E-02
  5.640000E-01  8.408557E-01  1.314988E-01  1.120236E-02  0.000000E+00  0.000000E+00  0.000000E+00  1.644309E-02  0.000000E+00  7.018660E-02  4.486912E-02
  5.660000E-01  8.369365E-01  1.325561E-01  1.198938E-02  0.000000E+00  0.000000E+00  0.000000E+00  1.851799E-02  0.000000E+00  6.961029E-02  4.442784E-02
  5.680000E-01  8.329904E-01  1.336221E-01  1.277730E-02  0.000000E+00  0.000000E+00  0.000000E+00  2.061024E-02  0.000000E+00  6.902944E-02  4.398242E-02
  5.700000E-01  8.290224E-01  1.346952E-01  1.356619E-02  0.000000E+00  0.000000E+00  0.000000E+00  2.271619E-02  0.000000E+00  6.844516E-02  4.353383E-02
  5.720000E-01  8.250370E-01  1.357741E-01  1.435608E-02  0.000000E+00  0.000000E+00  0.000000E+00  2.483285E-02  0.000000E+00  6.785835E-02  4.308286E-02
  5.740000E-01  8.210376E-01  1.368577E-01  1.514696E-02  0.000000E+00  0.000000E+00  0.000000E+00  2.695772E-02  0.000000E+00  6.726980E-02  4.263021E-02
  5.760000E-01  8.170274E-01  1.379452E-01  1.593878E-02  0.000000E+00  0.000000E+00  0.000000E+00  2.908865E-02  0.000000E+00  6.668014E-02  4.217643E-02
  5.780000E-01  8.130089E-01  1.390358E-01  1.673147E-02  0.000000E+00  0.000000E+00  0.000000E+00  3.122383E-02  0.000000E+00  6.608994E-02  4.172202E-02
  5.800000E-01  8.089846E-01  1.401288E-01  1.752498E-02  0.000000E+00  0.000000E+00  0.000000E+00  3.336168E-02  0.000000E+00  6.549969E-02  4.126740E-02
  5.820000E-01  8.049563E-01  1.412236E-01  1.831921E-02  0.000000E+00  0.000000E+00  0.000000E+00  3.550086E-02  0.000000E+00  6.490981E-02  4.081296E-02
  5.840000E-01  8.009260E-01  1.423198E-01  1.911408E-02  0.000000E+00  0.000000E+00  0.000000E+00  3.764015E-02  0.000000E+00  6.432066E-02  4.035902E-02
  5.860000E-01  7.968951E-01  1.434169E-01  1.990949E-02  0.000000E+00  0.000000E+00  0.000000E+00  3.977852E-02  0.000000E+00  6.373257E-02  3.990585E-02
  5.880000E-01  7.928650E-01  1.445146E-01  2.070535E-02  0.000000E+00  0.000000E+00  0.000000E+00  4.191504E-02  0.000000E+00  6.314583E-02  3.945372E-02
  5.900000E-01  7.888371E-01  1.456124E-01  2.150158E-02  0.000000E+00  0.000000E+00  0.000000E+00  4.404889E-02  0.000000E+00  6.256068E-02  3.900285E-02
  5.920000E-01  7.848124E-01  1.467102E-01  2.229808E-02  0.000000E+00  0.000000E+00  0.000000E+00  4.617934E-02  0.000000E+00  6.197737E-02  3.855344E-02
  5.940000E-01  7.807920E-01  1.478075E-01  2.309475E-02  0.000000E+00  0.000000E+00  0.000000E+00  4.830575E-02  0.000000E+00  6.139607E-02  3.810567E-02
  5.960000E-01  7.767767E-01  1.489042E-01  2.389151E-02  0.000000E+00  0.000000E+00  0.000000E+00  5.042753E-02  0.000000E+00  6.081699E-02  3.765970E-02
  5.980000E-01  7.727675E-01  1.500001E-01  2.468827E-02  0.000000E+00  0.000000E+00  0.000000E+00  5.254417E-02  0.000000E+00  6.024026E-02  3.721567E-02
  6.000000E-01  7.687649E-01  1.510949E-01  2.548494E-02  0.000000E+00  0.000000E+00  0.000000E+00  5.465518E-02  0.000000E+00  5.966605E-02  3.677371E-02
  6.020000E-01  7.647698E-01  1.521886E-01  2.628144E-02  0.000000E+00  0.000000E+00  0.000000E+00  5.676015E-02  0.000000E+00  5.909447E-02  3.633394E-02
  6.040000E-01  7.607828E-01  1.532808E-01  2.707769E-02  0.000000E+00  0.000000E+00  0.000000E+00  5.885870E-02  0.000000E+00  5.852564E-02  3.589646E-02
  6.060000E-01  7.568044E-01  1.543715E-01  2.787362E-02  0.000000E+00  0.000000E+00  0.000000E+00  6.095049E-02  0.000000E+00  5.795968E-02  3.546136E-02
  6.080000E-01  7.528351E-01  1.554606E-01  2.866913E-02  0.000000E+00  0.000000E+00  0.000000E+00  6.303521E-02  0.000000E+00  5.739666E-02  3.502873E-02
  6.100000E-01  7.488754E-01  1.565479E-01  2.946417E-02  0.000000E+00  0.000000E+00  0.000000E+00  6.511257E-02  0.000000E+00  5.683667E-02  3.459865E-02
  6.120000E-01  7.453565E-01  1.570635E-01  2.975867E-02  0.000000E+00  0.000000E+00  0.000000E+00  6.673401E-02  1.087321E-03  5.621404E-02  3.411550E-02
  6.140000E-01  7.417517E-01  1.577160E-01  3.016817E-02  0.000000E+00  0.000000E+00  0.000000E+00  6.845456E-02  1.909492E-03  5.561180E-02  3.364969E-02
  6.160000E-01  7.382042E-01  1.583154E-01  3.052677E-02  0.000000E+00  0.000000E+00  0.000000E+00  7.012481E-02  2.828775E-03  5.500799E-02  3.318263E-02
  6.180000E-01  7.347054E-01  1.588740E-01  3.084496E-02  0.000000E+00  0.000000E+00  0.000000E+00  7.175413E-02  3.821472E-03  5.440420E-02  3.271567E-02
  6.200000E-01  7.312500E-01  1.593996E-01  3.112952E-02  0.000000E+00  0.000000E+00  0.000000E+00  7.334853E-02  4.872352E-03  5.380143E-02  3.224969E-02
  6.220000E-01  7.278340E-01  1.598979E-01  3.138525E-02  0.000000E+00  0.000000E+00  0.000000E+00  7.491219E-02  5.970708E-03  5.320040E-02  3.178529E-02
  6.240000E-01  7.244546E-01  1.603728E-01  3.161576E-02  0.000000E+00  0.000000E+00  0.000000E+00  7.644823E-02  7.108571E-03  5.260165E-02  3.132293E-02
  6.260000E-01  7.211097E-01  1.608276E-01  3.182388E-02  0.000000E+00  0.000000E+00  0.000000E+00  7.795905E-02  8.279767E-03  5.200558E-02  3.086297E-02
  6.280000E-01  7.177974E-01  1.612648E-01  3.201188E-02  0.000000E+00  0.000000E+00  0.000000E+00  7.944659E-02  9.479369E-03  5.141251E-02  3.040568E-02
  6.300000E-01  7.145162E-01  1.616864E-01  3.218164E-02  0.000000E+00  0.000000E+00  0.000000E+00  8.091242E-02  1.070335E-02  5.082270E-02  2.995129E-02
  6.320000E-01  7.112648E-01  1.620942E-01  3.233476E-02  0.000000E+00  0.000000E+00  0.000000E+00  8.235786E-02  1.194837E-02  5.023637E-02  2.949998E-02
  6.340000E-01  7.080422E-01  1.624896E-01  3.247258E-02  0.000000E+00  0.000000E+00  0.000000E+00  8.378402E-02  1.321160E-02  4.965369E-02  2.905190E-02
  6.360000E-01  7.048474E-01  1.628738E-01  3.259628E-02  0.000000E+00  0.000000E+00  0.000000E+00  8.519186E-02  1.449063E-02  4.907480E-02  2.860718E-02
  6.380000E-01  7.016795E-01  1.632480E-01  3.270689E-02  0.000000E+00  0.000000E+00  0.000000E+00  8.658223E-02  1.578337E-02  4.849982E-02  2.816592E-02
  6.400000E-01  6.985379E-01  1.636129E-01  3.280533E-02  0.000000E+00  0.000000E+00  0.000000E+00  8.795586E-02  1.708801E-02  4.792886E-02  2.772821E-02
  6.420000E-01  6.954217E-01  1.639695E-01  3.289239E-02  0.000000E+00  0.000000E+00  0.000000E+00  8.931340E-02  1.840295E-02  4.736200E-02  2.729413E-02
  6.440000E-01  6.923304E-01  1.643185E-01  3.296881E-02  0.000000E+00  0.000000E+00  0.000000E+00  9.065545E-02  1.972680E-02  4.679931E-02  2.686374E-02
  6.460000E-01  6.892635E-01  1.646605E-01  3.303524E-02  0.000000E+00  0.000000E+00  0.000000E+00  9.198252E-02  2.105828E-02  4.624085E-02  2.643710E-02
  6.480000E-01  6.862203E-01  1.649960E-01  3.309227E-02  0.000000E+00  0.000000E+00  0.000000E+00  9.329511E-02  2.239630E-02  4.568668E-02  2.601423E-02
  6.500000E-01  6.832004E-01  1.653257E-01  3.314045E-02  0.000000E+00  0.000000E+00  0.000000E+00  9.459365E-02  2.373985E-02  4.513683E-02  2.559520E-02
  6.520000E-01  6.802033E-01  1.656499E-01  3.318027E-02  0.000000E+00  0.000000E+00  0.000000E+00  9.587853E-02  2.508802E-02  4.459133E-02  2.518001E-02
  6.540000E-01  6.772286E-01  1.659691E-01  3.321219E-02  0.000000E+00  0.000000E+00  0.000000E+00  9.715014E-02  2.643999E-02  4.405023E-02  2.476871E-02
  6.560000E-01  6.742759E-01  1.662836E-01  3.323663E-02  0.000000E+00  0.000000E+00  0.000000E+00  9.840881E-02  2.779503E-02  4.351353E-02  2.436130E-02
  6.580000E-01  6.713448E-01  1.665939E-01  3.325397E-02  0.000000E+00  0.000000E+00  0.000000E+00  9.965486E-02  2.915246E-02  4.298126E-02  2.395781E-02
  6.600000E-01  6.684349E-01  1.669003E-01  3.326458E-02  0.000000E+00  0.000000E+00  0.000000E+00  1.008886E-01  3.051167E-02  4.245342E-02  2.355825E-02
  6.620000E-01  6.655459E-01  1.672029E-01  3.326879E-02  0.000000E+00  0.000000E+00  0.000000E+00  1.021103E-01  3.187210E-02  4.193004E-02  2.316262E-02
  6.640000E-01  6.626775E-01  1.675022E-01  3.326692E-02  0.000000E+00  0.000000E+00  0.000000E+00  1.033202E-01  3.323322E-02  4.141110E-02  2.277093E-02
  6.660000E-01  6.598293E-01  1.677984E-01  3.325925E-02  0.000000E+00  0.000000E+00  0.000000E+00  1.045186E-01  3.459457E-02  4.089662E-02  2.238319E-02
  6.680000E-01  6.570010E-01  1.680916E-01  3.324605E-02  0.000000E+00  0.000000E+00  0.000000E+00  1.057056E-01  3.595572E-02  4.038660E-02  2.199939E-02
  6.700000E-01  6.541923E-01  1.683822E-01  3.322760E-02  0.000000E+00  0.000000E+00  0.000000E+00  1.068816E-01  3.731625E-02  3.988102E-02  2.161953E-02
  6.720000E-01  6.514031E-01  1.686703E-01  3.320412E-02  0.000000E+00  0.000000E+00  0.000000E+00  1.080468E-01  3.867580E-02  3.937990E-02  2.124361E-02
  6.740000E-01  6.486329E-01  1.689560E-01  3.317585E-02  0.000000E+00  0.000000E+00  0.000000E+00  1.092012E-01  4.003404E-02  3.888321E-02  2.087163E-02
  6.760000E-01  6.458815E-01  1.692397E-01  3.314299E-02  0.000000E+00  0.000000E+00  0.000000E+00  1.103452E-01  4.139063E-02  3.839096E-02  2.050357E-02
  6.780000E-01  6.431487E-01  1.695214E-01  3.310575E-02  0.000000E+00  0.000000E+00  0.000000E+00  1.114789E-01  4.274530E-02  3.790312E-02  2.013943E-02
  6.800000E-01  6.404342E-01  1.698013E-01  3.306432E-02  0.000000E+00  0.000000E+00  0.000000E+00  1.126024E-01  4.409776E-02  3.741969E-02  1.977920E-02
  6.820000E-01  6.377378E-01  1.700795E-01  3.301889E-02  0.000000E+00  0.000000E+00  0.000000E+00  1.137160E-01  4.544777E-02  3.694066E-02  1.942287E-02
  6.840000E-01  6.350592E-01  1.703562E-01  3.296961E-02  0.000000E+00  0.000000E+00  0.000000E+00  1.148198E-01  4.679509E-02  3.646601E-02  1.907042E-02
  6.860000E-01  6.323983E-01  1.706315E-01  3.291666E-02  0.000000E+00  0.000000E+00  0.000000E+00  1.159140E-01  4.813951E-02  3.599573E-02  1.872185E-02
  6.880000E-01  6.297548E-01  1.709056E-01  3.286019E-02  0.000000E+00  0.000000E+00  0.000000E+00  1.169986E-01  4.948082E-02  3.552979E-02  1.837713E-02
  6.900000E-01  6.271285E-01  1.711784E-01  3.280034E-02  0.000000E+00  0.000000E+00  0.000000E+00  1.180739E-01  5.081884E-02  3.506818E-02  1.803626E-02
  6.920000E-01  6.245191E-01  1.714502E-01  3.273726E-02  0.000000E+00  0.000000E+00  0.000000E+00  1.191400E-01  5.215339E-02  3.461089E-02  1.769923E-02
  6.940000E-01  6.219266E-01  1.717210E-01  3.267108E-02  0.000000E+00  0.000000E+00  0.000000E+00  1.201971E-01  5.348431E-02  3.415789E-02  1.736600E-02
  6.960000E-01  6.193506E-01  1.719909E-01  3.260192E-02  0.000000E+00  0.000000E+00  0.000000E+00  1.212451E-01  5.481145E-02  3.370916E-02  1.703658E-02
  6.980000E-01  6.167911E-01  1.722600E-01  3.252990E-02  0.000000E+00  0.000000E+00  0.000000E+00  1.222844E-01  5.613467E-02  3.326469E-02  1.671093E-02
  7.000000E-01  6.142477E-01  1.725284E-01  3.245515E-02  0.000000E+00  0.000000E+00  0.000000E+00  1.233149E-01  5.745383E-02  3.282445E-02  1.638905E-02
  7.020000E-01  6.117204E-01  1.727962E-01  3.237776E-02  0.000000E+00  0.000000E+00  0.000000E+00  1.243369E-01  5.876881E-02  3.238842E-02  1.607092E-02
  7.040000E-01  6.092088E-01  1.730634E-01  3.229785E-02  0.000000E+00  0.000000E+00  0.000000E+00  1.253504E-01  6.007951E-02  3.195658E-02  1.575651E-02
  7.060000E-01  6.067130E-01  1.733302E-01  3.221552E-02  0.000000E+00  0.000000E+00  0.000000E+00  1.263555E-01  6.138580E-02  3.152891E-02  1.544581E-02
  7.080000E-01  6.042326E-01  1.735965E-01  3.213086E-02  0.000000E+00  0.000000E+00  0.000000E+00  1.273523E-01  6.268761E-02  3.110538E-02  1.513880E-02
  7.100000E-01  6.017676E-01  1.738625E-01  3.204397E-02  0.000000E+00  0.000000E+00  0.000000E+00  1.283411E-01  6.398482E-02  3.068598E-02  1.483546E-02
  7.120000E-01  5.993177E-01  1.741282E-01  3.195493E-02  0.000000E+00  0.000000E+00  0.000000E+00  1.293218E-01  6.527737E-02  3.027067E-02  1.453578E-02
  7.140000E-01  5.968828E-01  1.743937E-01  3.186383E-02  0.000000E+00  0.000000E+00  0.000000E+00  1.302945E-01  6.656517E-02  2.985944E-02  1.423973E-02
  7.160000E-01  5.944627E-01  1.746590E-01  3.177075E-02  0.000000E+00  0.000000E+00  0.000000E+00  1.312594E-01  6.784814E-02  2.945226E-02  1.394729E-02
  7.180000E-01  5.920573E-01  1.749241E-01  3.167577E-02  0.000000E+00  0.000000E+00  0.000000E+00  1.322166E-01  6.912622E-02  2.904911E-02  1.365844E-02
  7.200000E-01  5.896665E-01  1.751892E-01  3.157896E-02  0.000000E+00  0.000000E+00  0.000000E+00  1.331661E-01  7.039934E-02  2.864996E-02  1.337317E-02
  7.220000E-01  5.872899E-01  1.754542E-01  3.148039E-02  0.000000E+00  0.000000E+00  0.000000E+00  1.341080E-01  7.166746E-02  2.825479E-02  1.309145E-02
  7.240000E-01  5.849276E-01  1.757193E-01  3.138014E-02  0.000000E+00  0.000000E+00  0.000000E+00  1.350425E-01  7.293050E-02  2.786357E-02  1.281326E-02
  7.260000E-01  5.825794E-01  1.759844E-01  3.127827E-02  0.000000E+00  0.000000E+00  0.000000E+00  1.359695E-01  7.418843E-02  2.747628E-02  1.253858E-02
  7.280000E-01  5.802451E-01  1.762496E-01  3.117485E-02  0.000000E+00  0.000000E+00  0.000000E+00  1.368893E-01  7.544119E-02  2.709290E-02  1.226739E-02
  7.300000E-01  5.779245E-01  1.765149E-01  3.106993E-02  0.000000E+00  0.000000E+00  0.000000E+00  1.378019E-01  7.668875E-02  2.671341E-02  1.199968E-02
  7.320000E-01  5.756176E-01  1.767804E-01  3.096358E-02  0.000000E+00  0.000000E+00  0.000000E+00  1.387073E-01  7.793106E-02  2.633776E-02  1.173541E-02
  7.340000E-01  5.733242E-01  1.770462E-01  3.085586E-02  0.000000E+00  0.000000E+00  0.000000E+00  1.396056E-01  7.916809E-02  2.596595E-02  1.147458E-02
  7.360000E-01  5.710442E-01  1.773121E-01  3.074681E-02  0.000000E+00  0.000000E+00  0.000000E+00  1.404970E-01  8.039981E-02  2.559795E-02  1.121715E-02
  7.380000E-01  5.687774E-01  1.775784E-01  3.063649E-02  0.000000E+00  0.000000E+00  0.000000E+00  1.413815E-01  8.162619E-02  2.523372E-02  1.096312E-02
  7.400000E-01  5.665238E-01  1.778449E-01  3.052496E-02  0.000000E+00  0.000000E+00  0.000000E+00  1.422592E-01  8.284720E-02  2.487326E-02  1.071245E-02
  7.420000E-01  5.642831E-01  1.781118E-01  3.041225E-02  0.000000E+00  0.000000E+00  0.000000E+00  1.431301E-01  8.406282E-02  2.451652E-02  1.046513E-02
  7.440000E-01  5.620552E-01  1.783790E-01  3.029843E-02  0.000000E+00  0.000000E+00  0.000000E+00  1.439944E-01  8.527302E-02  2.416350E-02  1.022114E-02
  7.460000E-01  5.598401E-01  1.786466E-01  3.018353E-02  0.000000E+00  0.000000E+00  0.000000E+00  1.448520E-01  8.647779E-02  2.381415E-02  9.980450E-03
  7.480000E-01  5.576376E-01  1.789146E-01  3.006760E-02  0.000000E+00  0.000000E+00  0.000000E+00  1.457031E-01  8.767711E-02  2.346847E-02  9.743050E-03
  7.500000E-01  5.554475E-01  1.791831E-01  2.995069E-02  0.000000E+00  0.000000E+00  0.000000E+00  1.465478E-01  8.887096E-02  2.312641E-02  9.508917E-03
  7.520000E-01  5.532698E-01  1.794520E-01  2.983282E-02  0.000000E+00  0.000000E+00  0.000000E+00  1.473860E-01  9.005933E-02  2.278796E-02  9.278029E-03
  7.540000E-01  5.511044E-01  1.797214E-01  2.971406E-02  0.000000E+00  0.000000E+00  0.000000E+00  1.482179E-01  9.124222E-02  2.245310E-02  9.050367E-03
  7.560000E-01  5.489511E-01  1.799913E-01  2.959442E-02  0.000000E+00  0.000000E+00  0.000000E+00  1.490436E-01  9.241960E-02  2.212179E-02  8.825910E-03
  7.580000E-01  5.468098E-01  1.802617E-01  2.947395E-02  0.000000E+00  0.000000E+00  0.000000E+00  1.498631E-01  9.359148E-02  2.179402E-02  8.604639E-03
  7.600000E-01  5.446804E-01  1.805327E-01  2.935269E-02  0.000000E+00  0.000000E+00  0.000000E+00  1.506764E-01  9.475784E-02  2.146976E-02  8.386533E-03
  7.620000E-01  5.425628E-01  1.808042E-01  2.923067E-02  0.000000E+00  0.000000E+00  0.000000E+00  1.514837E-01  9.591869E-02  2.114898E-02  8.171574E-03
  7.640000E-01  5.404568E-01  1.810763E-01  2.910792E-02  0.000000E+00  0.000000E+00  0.000000E+00  1.522849E-01  9.707401E-02  2.083166E-02  7.959740E-03
  7.660000E-01  5.383625E-01  1.813490E-01  2.898448E-02  0.000000E+00  0.000000E+00  0.000000E+00  1.530802E-01  9.822381E-02  2.051777E-02  7.751013E-03
  7.680000E-01  5.362796E-01  1.816223E-01  2.886038E-02  0.000000E+00  0.000000E+00  0.000000E+00  1.538696E-01  9.936809E-02  2.020730E-02  7.545372E-03
  7.700000E-01  5.342080E-01  1.818963E-01  2.873564E-02  0.000000E+00  0.000000E+00  0.000000E+00  1.546532E-01  1.005068E-01  1.990022E-02  7.342799E-03
  7.720000E-01  5.321477E-01  1.821708E-01  2.861031E-02  0.000000E+00  0.000000E+00  0.000000E+00  1.554311E-01  1.016401E-01  1.959649E-02  7.143275E-03
  7.740000E-01  5.300986E-01  1.824461E-01  2.848440E-02  0.000000E+00  0.000000E+00  0.000000E+00  1.562032E-01  1.027678E-01  1.929611E-02  6.946780E-03
  7.760000E-01  5.280605E-01  1.827220E-01  2.835794E-02  0.000000E+00  0.000000E+00  0.000000E+00  1.569696E-01  1.038900E-01  1.899904E-02  6.753295E-03
  7.780000E-01  5.260333E-01  1.829985E-01  2.823097E-02  0.000000E+00  0.000000E+00  0.000000E+00  1.577305E-01  1.050067E-01  1.870526E-02  6.562802E-03
  7.800000E-01  5.240170E-01  1.832758E-01  2.810350E-02  0.000000E+00  0.000000E+00  0.000000E+00  1.584858E-01  1.061179E-01  1.841475E-02  6.375281E-03
  7.820000E-01  5.220115E-01  1.835538E-01  2.797557E-02  0.000000E+00  0.000000E+00  0.000000E+00  1.592356E-01  1.072236E-01  1.812748E-02  6.190715E-03
  7.840000E-01  5.200166E-01  1.838325E-01  2.784719E-02  0.000000E+00  0.000000E+00  0.000000E+00  1.599799E-01  1.083238E-01  1.784343E-02  6.009085E-03
  7.860000E-01  5.180323E-01  1.841119E-01  2.771839E-02  0.000000E+00  0.000000E+00  0.000000E+00  1.607189E-01  1.094185E-01  1.756258E-02  5.830373E-03
  7.880000E-01  5.160584E-01  1.843920E-01  2.758919E-02  0.000000E+00  0.000000E+00  0.000000E+00  1.614526E-01  1.105078E-01  1.728490E-02  5.654561E-03
  7.900000E-01  5.140949E-01  1.846729E-01  2.745962E-02  0.000000E+00  0.000000E+00  0.000000E+00  1.621809E-01  1.115916E-01  1.701037E-02  5.481631E-03
  7.920000E-01  5.121417E-01  1.849546E-01  2.732970E-02  0.000000E+00  0.000000E+00  0.000000E+00  1.629041E-01  1.126699E-01  1.673897E-02  5.311566E-03
  7.940000E-01  5.101987E-01  1.852370E-01  2.719944E-02  0.000000E+00  0.000000E+00  0.000000E+00  1.636220E-01  1.137428E-01  1.647066E-02  5.144347E-03
  7.960000E-01  5.082658E-01  1.855202E-01  2.706887E-02  0.000000E+00  0.000000E+00  0.000000E+00  1.643348E-01  1.148103E-01  1.620544E-02  4.979959E-03
  7.980000E-01  5.063429E-01  1.858042E-01  2.693801E-02  0.000000E+00  0.000000E+00  0.000000E+00  1.650425E-01  1.158724E-01  1.594328E-02  4.818384E-03
  8.000000E-01  5.044299E-01  1.860890E-01  2.680688E-02  0.000000E+00  0.000000E+00  0.000000E+00  1.657452E-01  1.169290E-01  1.568415E-02  4.659604E-03
  8.020000E-01  5.025268E-01  1.863745E-01  2.667549E-02  0.000000E+00  0.000000E+00  0.000000E+00  1.664429E-01  1.179803E-01  1.542803E-02  4.503605E-03
  8.040000E-01  5.006334E-01  1.866609E-01  2.654386E-02  0.000000E+00  0.000000E+00  0.000000E+00  1.671356E-01  1.190262E-01  1.517489E-02  4.350368E-03
  8.060000E-01  4.987497E-01  1.869481E-01  2.641202E-02  0.000000E+00  0.000000E+00  0.000000E+00  1.678234E-01  1.200668E-01  1.492473E-02  4.199879E-03
  8.080000E-01  4.968756E-01  1.872360E-01  2.627997E-02  0.000000E+00  0.000000E+00  0.000000E+00  1.685064E-01  1.211019E-01  1.467751E-02  4.052122E-03
  8.100000E-01  4.950110E-01  1.875249E-01  2.614773E-02  0.000000E+00  0.000000E+00  0.000000E+00  1.691846E-01  1.221318E-01  1.443321E-02  3.907080E-03
  8.120000E-01  4.931559E-01  1.878145E-01  2.601532E-02  0.000000E+00  0.000000E+00  0.000000E+00  1.698580E-01  1.231564E-01  1.419180E-02  3.764738E-03
  8.140000E-01  4.913100E-01  1.881050E-01  2.588276E-02  0.000000E+00  0.000000E+00  0.000000E+00  1.705266E-01  1.241756E-01  1.395328E-02  3.625083E-03
  8.160000E-01  4.894735E-01  1.883963E-01  2.575006E-02  0.000000E+00  0.000000E+00  0.000000E+00  1.711906E-01  1.251896E-01  1.371761E-02  3.488098E-03
  8.180000E-01  4.876461E-01  1.886885E-01  2.561723E-02  0.000000E+00  0.000000E+00  0.000000E+00  1.718499E-01  1.261983E-01  1.348477E-02  3.353769E-03
  8.200000E-01  4.858279E-01  1.889815E-01  2.548429E-02  0.000000E+00  0.000000E+00  0.000000E+00  1.725046E-01  1.272017E-01  1.325474E-02  3.222083E-03
  8.220000E-01  4.840186E-01  1.892753E-01  2.535125E-02  0.000000E+00  0.000000E+00  0.000000E+00  1.731548E-01  1.281999E-01  1.302751E-02  3.093025E-03
  8.240000E-01  4.822184E-01  1.895701E-01  2.521812E-02  0.000000E+00  0.000000E+00  0.000000E+00  1.738005E-01  1.291929E-01  1.280304E-02  2.966583E-03
  8.260000E-01  4.804270E-01  1.898657E-01  2.508493E-02  0.000000E+00  0.000000E+00  0.000000E+00  1.744416E-01  1.301808E-01  1.258131E-02  2.842743E-03
  8.280000E-01  4.786445E-01  1.901621E-01  2.495167E-02  0.000000E+00  0.000000E+00  0.000000E+00  1.750783E-01  1.311634E-01  1.236231E-02  2.721493E-03
  8.300000E-01  4.768707E-01  1.904595E-01  2.481837E-02  0.000000E+00  0.000000E+00  0.000000E+00  1.757106E-01  1.321408E-01  1.214602E-02  2.602820E-03
  8.320000E-01  4.751055E-01  1.907577E-01  2.468503E-02  0.000000E+00  0.000000E+00  0.000000E+00  1.763386E-01  1.331132E-01  1.193241E-02  2.486713E-03
  8.340000E-01  4.733490E-01  1.910568E-01  2.455167E-02  0.000000E+00  0.000000E+00  0.000000E+00  1.769622E-01  1.340803E-01  1.172145E-02  2.373160E-03
  8.360000E-01  4.716010E-01  1.913568E-01  2.441830E-02  0.000000E+00  0.000000E+00  0.000000E+00  1.775815E-01  1.350424E-01  1.151314E-02  2.262152E-03
  8.380000E-01  4.698614E-01  1.916577E-01  2.428492E-02  0.000000E+00  0.000000E+00  0.000000E+00  1.781966E-01  1.359994E-01  1.130744E-02  2.153676E-03
  8.400000E-01  4.681302E-01  1.919595E-01  2.415155E-02  0.000000E+00  0.000000E+00  0.000000E+00  1.788074E-01  1.369513E-01  1.110435E-02  2.047725E-03
  8.420000E-01  4.664074E-01  1.922622E-01  2.401820E-02  0.000000E+00  0.000000E+00  0.000000E+00  1.794140E-01  1.378982E-01  1.090383E-02  1.944288E-03
  8.440000E-01  4.646928E-01  1.925657E-01  2.388487E-02  0.000000E+00  0.000000E+00  0.000000E+00  1.800165E-01  1.388400E-01  1.070586E-02  1.843358E-03
  8.460000E-01  4.629864E-01  1.928702E-01  2.375159E-02  0.000000E+00  0.000000E+00  0.000000E+00  1.806149E-01  1.397769E-01  1.051044E-02  1.744927E-03
  8.480000E-01  4.612882E-01  1.931757E-01  2.361835E-02  0.000000E+00  0.000000E+00  0.000000E+00  1.812092E-01  1.407087E-01  1.031752E-02  1.648987E-03
  8.500000E-01  4.595980E-01  1.934820E-01  2.348516E-02  0.000000E+00  0.000000E+00  0.000000E+00  1.817994E-01  1.416355E-01  1.012711E-02  1.555534E-03
  8.520000E-01  4.579158E-01  1.937893E-01  2.335205E-02  0.000000E+00  0.000000E+00  0.000000E+00  1.823855E-01  1.425574E-01  9.939161E-03  1.464561E-03
  8.540000E-01  4.562415E-01  1.940975E-01  2.321900E-02  0.000000E+00  0.000000E+00  0.000000E+00  1.829677E-01  1.434743E-01  9.753671E-03  1.376064E-03
  8.560000E-01  4.545751E-01  1.944066E-01  2.308603E-02  0.000000E+00  0.000000E+00  0.000000E+00  1.835459E-01  1.443863E-01  9.570614E-03  1.290041E-03
  8.580000E-01  4.529165E-01  1.947167E-01  2.295315E-02  0.000000E+00  0.000000E+00  0.000000E+00  1.841202E-01  1.452934E-01  9.389970E-03  1.206490E-03
  8.600000E-01  4.512657E-01  1.950277E-01  2.282037E-02  0.000000E+00  0.000000E+00  0.000000E+00  1.846906E-01  1.461956E-01  9.211720E-03  1.125410E-03
  8.620000E-01  4.496226E-01  1.953397E-01  2.268769E-02  0.000000E+00  0.000000E+00  0.000000E+00  1.852571E-01  1.470929E-01  9.035843E-03  1.046801E-03
  8.640000E-01  4.479871E-01  1.956527E-01  2.255512E-02  0.000000E+00  0.000000E+00  0.000000E+00  1.858197E-01  1.479854E-01  8.862319E-03  9.706673E-04
  8.660000E-01  4.463592E-01  1.959666E-01  2.242267E-02  0.000000E+00  0.000000E+00  0.000000E+00  1.863785E-01  1.488730E-01  8.691128E-03  8.970123E-04
  8.680000E-01  4.447388E-01  1.962815E-01  2.229033E-02  0.000000E+00  0.000000E+00  0.000000E+00  1.869335E-01  1.497558E-01  8.522250E-03  8.258427E-04
  8.700000E-01  4.431259E-01  1.965975E-01  2.215813E-02  0.000000E+00  0.000000E+00  0.000000E+00  1.874846E-01  1.506338E-01  8.355665E-03  7.571673E-04
  8.720000E-01  4.415205E-01  1.969144E-01  2.202606E-02  0.000000E+00  0.000000E+00  0.000000E+00  1.880321E-01  1.515070E-01  8.191353E-03  6.909978E-04
  8.740000E-01  4.399223E-01  1.972324E-01  2.189413E-02  0.000000E+00  0.000000E+00  0.000000E+00  1.885757E-01  1.523754E-01  8.029294E-03  6.273486E-04
  8.760000E-01  4.383315E-01  1.975514E-01  2.176234E-02  0.000000E+00  0.000000E+00  0.000000E+00  1.891157E-01  1.532391E-01  7.869469E-03  5.662381E-04
  8.780000E-01  4.367480E-01  1.978714E-01  2.163070E-02  0.000000E+00  0.000000E+00  0.000000E+00  1.896519E-01  1.540980E-01  7.711857E-03  5.076889E-04
  8.800000E-01  4.351716E-01  1.981926E-01  2.149922E-02  0.000000E+00  0.000000E+00  0.000000E+00  1.901844E-01  1.549521E-01  7.556438E-03  4.517283E-04
  8.820000E-01  4.336025E-01  1.985148E-01  2.136789E-02  0.000000E+00  0.000000E+00  0.000000E+00  1.907132E-01  1.558016E-01  7.403192E-03  3.983900E-04
  8.840000E-01  4.320404E-01  1.988382E-01  2.123671E-02  0.000000E+00  0.000000E+00  0.000000E+00  1.912384E-01  1.566462E-01  7.252099E-03  3.477146E-04
  8.860000E-01  4.304855E-01  1.991628E-01  2.110570E-02  0.000000E+00  0.000000E+00  0.000000E+00  1.917599E-01  1.574862E-01  7.103138E-03  2.997521E-04
  8.880000E-01  4.289375E-01  1.994885E-01  2.097485E-02  0.000000E+00  0.000000E+00  0.000000E+00  1.922777E-01  1.583215E-01  6.956288E-03  2.545635E-04
  8.900000E-01  4.273966E-01  1.998155E-01  2.084417E-02  0.000000E+00  0.000000E+00  0.000000E+00  1.927917E-01  1.591520E-01  6.811529E-03  2.122244E-04
  8.920000E-01  4.258626E-01  2.001438E-01  2.071364E-02  0.000000E+00  0.000000E+00  0.000000E+00  1.933021E-01  1.599778E-01  6.668838E-03  1.728294E-04
  8.940000E-01  4.243356E-01  2.004735E-01  2.058328E-02  0.000000E+00  0.000000E+00  0.000000E+00  1.938088E-01  1.607988E-01  6.528192E-03  1.364991E-04
  8.960000E-01  4.228155E-01  2.008046E-01  2.045307E-02  0.000000E+00  0.000000E+00  0.000000E+00  1.943117E-01  1.616151E-01  6.389569E-03  1.033909E-04
  8.980000E-01  4.213023E-01  2.011374E-01  2.032301E-02  0.000000E+00  0.000000E+00  0.000000E+00  1.948107E-01  1.624266E-01  6.252941E-03  7.371762E-05
  9.000000E-01  4.197960E-01  2.014719E-01  2.019308E-02  0.000000E+00  0.000000E+00  0.000000E+00  1.953058E-01  1.632333E-01  6.118281E-03  4.778138E-05
  9.020000E-01  4.182966E-01  2.018084E-01  2.006326E-02  0.000000E+00  0.000000E+00  0.000000E+00  1.957968E-01  1.640350E-01  5.985553E-03  2.604792E-05
  9.040000E-01  4.168043E-01  2.021474E-01  1.993350E-02  0.000000E+00  0.000000E+00  0.000000E+00  1.962833E-01  1.648315E-01  5.854709E-03  9.351377E-06
  9.060000E-01  4.153194E-01  2.024902E-01  1.980367E-02  0.000000E+00  0.000000E+00  0.000000E+00  1.967645E-01  1.656223E-01  5.725640E-03  4.078774E-08
  9.080000E-01  4.138422E-01  2.028377E-01  1.967367E-02  0.000000E+00  0.000000E+00  0.000000E+00  1.972395E-01  1.664069E-01  5.598262E-03  0.000000E+00
  9.100000E-01  4.123710E-01  2.031851E-01  1.954404E-02  0.000000E+00  0.000000E+00  0.000000E+00  1.977122E-01  1.671877E-01  5.472930E-03  0.000000E+00
  9.120000E-01  4.109057E-01  2.035323E-01  1.941479E-02  0.000000E+00  0.000000E+00  0.000000E+00  1.981826E-01  1.679646E-01  5.349624E-03  0.000000E+00
  9.140000E-01  4.094462E-01  2.038792E-01  1.928592E-02  0.000000E+00  0.000000E+00  0.000000E+00  1.986509E-01  1.687378E-01  5.228323E-03  0.000000E+00
  9.160000E-01  4.079927E-01  2.042259E-01  1.915743E-02  0.000000E+00  0.000000E+00  0.000000E+00  1.991169E-01  1.695071E-01  5.109006E-03  0.000000E+00
  9.180000E-01  4.065449E-01  2.045724E-01  1.902934E-02  0.000000E+00  0.000000E+00  0.000000E+00  1.995807E-01  1.702727E-01  4.991652E-03  0.000000E+00
  9.200000E-01  4.051029E-01  2.049186E-01  1.890164E-02  0.000000E+00  0.000000E+00  0.000000E+00  2.000423E-01  1.710345E-01  4.876240E-03  0.000000E+00
  9.220000E-01  4.036666E-01  2.052646E-01  1.877433E-02  0.000000E+00  0.000000E+00  0.000000E+00  2.005018E-01  1.717927E-01  4.762750E-03  0.000000E+00
  9.240000E-01  4.022360E-01  2.056103E-01  1.864743E-02  0.000000E+00  0.000000E+00  0.000000E+00  2.009592E-01  1.725471E-01  4.651162E-03  0.000000E+00
  9.260000E-01  4.008110E-01  2.059558E-01  1.852092E-02  0.000000E+00  0.000000E+00  0.000000E+00  2.014144E-01  1.732978E-01  4.541455E-03  0.000000E+00
  9.280000E-01  3.993917E-01  2.063011E-01  1.839482E-02  0.000000E+00  0.000000E+00  0.000000E+00  2.018675E-01  1.740449E-01  4.433608E-03  0.000000E+00
  9.300000E-01  3.979779E-01  2.066461E-01  1.826913E-02  0.000000E+00  0.000000E+00  0.000000E+00  2.023185E-01  1.747884E-01  4.327602E-03  0.000000E+00
  9.320000E-01  3.965696E-01  2.069909E-01  1.814384E-02  0.000000E+00  0.000000E+00  0.000000E+00  2.027675E-01  1.755282E-01  4.223418E-03  0.000000E+00
  9.340000E-01  3.951669E-01  2.073354E-01  1.801897E-02  0.000000E+00  0.000000E+00  0.000000E+00  2.032144E-01  1.762644E-01  4.121034E-03  0.000000E+00
  9.360000E-01  3.937696E-01  2.076796E-01  1.789451E-02  0.000000E+00  0.000000E+00  0.000000E+00  2.036592E-01  1.769971E-01  4.020431E-03  0.000000E+00
  9.380000E-01  3.923777E-01  2.080236E-01  1.777048E-02  0.000000E+00  0.000000E+00  0.000000E+00  2.041020E-01  1.777262E-01  3.921591E-03  0.000000E+00
  9.400000E-01  3.909912E-01  2.083673E-01  1.764686E-02  0.000000E+00  0.000000E+00  0.000000E+00  2.045429E-01  1.784518E-01  3.824492E-03  0.000000E+00
  9.420000E-01  3.896100E-01  2.087108E-01  1.752366E-02  0.000000E+00  0.000000E+00  0.000000E+00  2.049817E-01  1.791738E-01  3.729117E-03  0.000000E+00
  9.440000E-01  3.882342E-01  2.090540E-01  1.740088E-02  0.000000E+00  0.000000E+00  0.000000E+00  2.054185E-01  1.798924E-01  3.635445E-03  0.000000E+00
  9.460000E-01  3.868636E-01  2.093969E-01  1.727854E-02  0.000000E+00  0.000000E+00  0.000000E+00  2.058534E-01  1.806075E-01  3.543458E-03  0.000000E+00
  9.480000E-01  3.854983E-01  2.097395E-01  1.715662E-02  0.000000E+00  0.000000E+00  0.000000E+00  2.062864E-01  1.813192E-01  3.453137E-03  0.000000E+00
  9.500000E-01  3.841382E-01  2.100819E-01  1.703513E-02  0.000000E+00  0.000000E+00  0.000000E+00  2.067174E-01  1.820274E-01  3.364462E-03  0.000000E+00
  9.520000E-01  3.827833E-01  2.104239E-01  1.691407E-02  0.000000E+00  0.000000E+00  0.000000E+00  2.071465E-01  1.827322E-01  3.277415E-03  0.000000E+00
  9.540000E-01  3.814335E-01  2.107657E-01  1.679345E-02  0.000000E+00  0.000000E+00  0.000000E+00  2.075737E-01  1.834336E-01  3.191978E-03  0.000000E+00
  9.560000E-01  3.800888E-01  2.111072E-01  1.667327E-02  0.000000E+00  0.000000E+00  0.000000E+00  2.079991E-01  1.841316E-01  3.108132E-03  0.000000E+00
  9.580000E-01  3.787492E-01  2.114484E-01  1.655352E-02  0.000000E+00  0.000000E+00  0.000000E+00  2.084225E-01  1.848263E-01  3.025858E-03  0.000000E+00
  9.600000E-01  3.774147E-01  2.117893E-01  1.643421E-02  0.000000E+00  0.000000E+00  0.000000E+00  2.088441E-01  1.855177E-01  2.945139E-03  0.000000E+00
  9.620000E-01  3.760851E-01  2.121299E-01  1.631534E-02  0.000000E+00  0.000000E+00  0.000000E+00  2.092639E-01  1.862058E-01  2.865955E-03  0.000000E+00
  9.640000E-01  3.747606E-01  2.124701E-01  1.619691E-02  0.000000E+00  0.000000E+00  0.000000E+00  2.096819E-01  1.868905E-01  2.788289E-03  0.000000E+00
  9.660000E-01  3.734410E-01  2.128101E-01  1.607893E-02  0.000000E+00  0.000000E+00  0.000000E+00  2.100980E-01  1.875720E-01  2.712123E-03  0.000000E+00
  9.680000E-01  3.721263E-01  2.131498E-01  1.596140E-02  0.000000E+00  0.000000E+00  0.000000E+00  2.105123E-01  1.882503E-01  2.637440E-03  0.000000E+00
  9.700000E-01  3.708165E-01  2.134891E-01  1.584431E-02  0.000000E+00  0.000000E+00  0.000000E+00  2.109249E-01  1.889253E-01  2.564220E-03  0.000000E+00
  9.720000E-01  3.695115E-01  2.138281E-01  1.572766E-02  0.000000E+00  0.000000E+00  0.000000E+00  2.113357E-01  1.895971E-01  2.492448E-03  0.000000E+00
  9.740000E-01  3.682114E-01  2.141668E-01  1.561147E-02  0.000000E+00  0.000000E+00  0.000000E+00  2.117447E-01  1.902657E-01  2.422104E-03  0.000000E+00
  9.760000E-01  3.669161E-01  2.145051E-01  1.549573E-02  0.000000E+00  0.000000E+00  0.000000E+00  2.121520E-01  1.909311E-01  2.353172E-03  0.000000E+00
  9.780000E-01  3.656255E-01  2.148432E-01  1.538044E-02  0.000000E+00  0.000000E+00  0.000000E+00  2.125575E-01  1.915934E-01  2.285635E-03  0.000000E+00
  9.800000E-01  3.643397E-01  2.151808E-01  1.526560E-02  0.000000E+00  0.000000E+00  0.000000E+00  2.129614E-01  1.922525E-01  2.219475E-03  0.000000E+00
  9.820000E-01  3.630586E-01  2.155182E-01  1.515122E-02  0.000000E+00  0.000000E+00  0.000000E+00  2.133635E-01  1.929085E-01  2.154674E-03  0.000000E+00
  9.840000E-01  3.617822E-01  2.158551E-01  1.503729E-02  0.000000E+00  0.000000E+00  0.000000E+00  2.137639E-01  1.935615E-01  2.091217E-03  0.000000E+00
  9.860000E-01  3.605104E-01  2.161918E-01  1.492382E-02  0.000000E+00  0.000000E+00  0.000000E+00  2.141627E-01  1.942113E-01  2.029086E-03  0.000000E+00
  9.880000E-01  3.592432E-01  2.165281E-01  1.481081E-02  0.000000E+00  0.000000E+00  0.000000E+00  2.145598E-01  1.948581E-01  1.968264E-03  0.000000E+00
  9.900000E-01  3.579807E-01  2.168640E-01  1.469825E-02  0.000000E+00  0.000000E+00  0.000000E+00  2.149552E-01  1.955019E-01  1.908735E-03  0.000000E+00
  9.920000E-01  3.567227E-01  2.171995E-01  1.458615E-02  0.000000E+00  0.000000E+00  0.000000E+00  2.153490E-01  1.961426E-01  1.850481E-03  0.000000E+00
  9.940000E-01  3.554692E-01  2.175347E-01  1.447451E-02  0.000000E+00  0.000000E+00  0.000000E+00  2.157412E-01  1.967803E-01  1.793487E-03  0.000000E+00
  9.960000E-01  3.542203E-01  2.178695E-01  1.436334E-02  0.000000E+00  0.000000E+00  0.000000E+00  2.161318E-01  1.974151E-01  1.737736E-03  0.000000E+00
  9.980000E-01  3.529758E-01  2.182040E-01  1.425262E-02  0.000000E+00  0.000000E+00  0.000000E+00  2.165207E-01  1.980469E-01  1.683212E-03  0.000000E+00
  1.000000E+00  3.517358E-01  2.185380E-01  1.414236E-02  0.000000E+00  0.000000E+00  0.000000E+00  2.169081E-01  1.986757E-01  1.629898E-03  0.000000E+00
  1.002000E+00  3.505002E-01  2.188717E-01  1.403257E-02  0.000000E+00  0.000000E+00  0.000000E+00  2.172939E-01  1.993016E-01  1.577778E-03  0.000000E+00
  1.004000E+00  3.492691E-01  2.192049E-01  1.392324E-02  0.000000E+00  0.000000E+00  0.000000E+00  2.176781E-01  1.999246E-01  1.526836E-03  0.000000E+00
  1.006000E+00  3.480423E-01  2.195378E-01  1.381438E-02  0.000000E+00  0.000000E+00  0.000000E+00  2.180608E-01  2.005447E-01  1.477057E-03  0.000000E+00
  1.008000E+00  3.468199E-01  2.198703E-01  1.370598E-02  0.000000E+00  0.000000E+00  0.000000E+00  2.184419E-01  2.011620E-01  1.428424E-03  0.000000E+00
  1.010000E+00  3.456018E-01  2.202024E-01  1.359804E-02  0.000000E+00  0.000000E+00  0.000000E+00  2.188214E-01  2.017763E-01  1.380922E-03  0.000000E+00
  1.012000E+00  3.443880E-01  2.205340E-01  1.349057E-02  0.000000E+00  0.000000E+00  0.000000E+00  2.191995E-01  2.023879E-01  1.334535E-03  0.000000E+00
  1.014000E+00  3.431785E-01  2.208653E-01  1.338357E-02  0.000000E+00  0.000000E+00  0.000000E+00  2.195760E-01  2.029966E-01  1.289247E-03  0.000000E+00
  1.016000E+00  3.419733E-01  2.211961E-01  1.327703E-02  0.000000E+00  0.000000E+00  0.000000E+00  2.199511E-01  2.036025E-01  1.245044E-03  0.000000E+00
  1.018000E+00  3.407722E-01  2.215265E-01  1.317096E-02  0.000000E+00  0.000000E+00  0.000000E+00  2.203246E-01  2.042057E-01  1.201909E-03  0.000000E+00
  1.020000E+00  3.395754E-01  2.218565E-01  1.306535E-02  0.000000E+00  0.000000E+00  0.000000E+00  2.206967E-01  2.048060E-01  1.159827E-03  0.000000E+00
  1.022000E+00  3.383828E-01  2.221861E-01  1.296021E-02  0.000000E+00  0.000000E+00  0.000000E+00  2.210673E-01  2.054037E-01  1.118783E-03  0.000000E+00
  1.024000E+00  3.371943E-01  2.225152E-01  1.285554E-02  0.000000E+00  0.000000E+00  0.000000E+00  2.214364E-01  2.059986E-01  1.078762E-03  0.000000E+00
  1.026000E+00  3.360100E-01  2.228438E-01  1.275134E-02  0.000000E+00  0.000000E+00  0.000000E+00  2.218041E-01  2.065907E-01  1.039749E-03  0.000000E+00
  1.028000E+00  3.348298E-01  2.231721E-01  1.264761E-02  0.000000E+00  0.000000E+00  0.000000E+00  2.221703E-01  2.071802E-01  1.001728E-03  0.000000E+00
  1.030000E+00  3.336536E-01  2.234998E-01  1.254434E-02  0.000000E+00  0.000000E+00  0.000000E+00  2.225351E-01  2.077670E-01  9.646860E-04  0.000000E+00
  1.032000E+00  3.324816E-01  2.238272E-01  1.244154E-02  0.000000E+00  0.000000E+00  0.000000E+00  2.228985E-01  2.083512E-01  9.286072E-04  0.000000E+00
  1.034000E+00  3.313136E-01  2.241540E-01  1.233922E-02  0.000000E+00  0.000000E+00  0.000000E+00  2.232605E-01  2.089327E-01  8.934771E-04  0.000000E+00
  1.036000E+00  3.301496E-01  2.244804E-01  1.223736E-02  0.000000E+00  0.000000E+00  0.000000E+00  2.236211E-01  2.095115E-01  8.592807E-04  0.000000E+00
  1.038000E+00  3.289896E-01  2.248063E-01  1.213597E-02  0.000000E+00  0.000000E+00  0.000000E+00  2.239803E-01  2.100878E-01  8.260038E-04  0.000000E+00
  1.040000E+00  3.278335E-01  2.251318E-01  1.203504E-02  0.000000E+00  0.000000E+00  0.000000E+00  2.243382E-01  2.106615E-01  7.936321E-04  0.000000E+00
  1.042000E+00  3.266815E-01  2.254568E-01  1.193459E-02  0.000000E+00  0.000000E+00  0.000000E+00  2.246946E-01  2.112326E-01  7.621510E-04  0.000000E+00
  1.044000E+00  3.255333E-01  2.257812E-01  1.183461E-02  0.000000E+00  0.000000E+00  0.000000E+00  2.250497E-01  2.118011E-01  7.315463E-04  0.000000E+00
  1.046000E+00  3.243891E-01  2.261052E-01  1.173509E-02  0.000000E+00  0.000000E+00  0.000000E+00  2.254034E-01  2.123671E-01  7.018039E-04  0.000000E+00
  1.048000E+00  3.232488E-01  2.264287E-01  1.163605E-02  0.000000E+00  0.000000E+00  0.000000E+00  2.257558E-01  2.129306E-01  6.729095E-04  0.000000E+00
  1.050000E+00  3.221123E-01  2.267518E-01  1.153747E-02  0.000000E+00  0.000000E+00  0.000000E+00  2.261069E-01  2.134915E-01  6.448493E-04  0.000000E+00
  1.052000E+00  3.209797E-01  2.270743E-01  1.143937E-02  0.000000E+00  0.000000E+00  0.000000E+00  2.264566E-01  2.140500E-01  6.176095E-04  0.000000E+00
  1.054000E+00  3.198509E-01  2.273963E-01  1.134173E-02  0.000000E+00  0.000000E+00  0.000000E+00  2.268051E-01  2.146060E-01  5.911756E-04  0.000000E+00
  1.056000E+00  3.187260E-01  2.277177E-01  1.124456E-02  0.000000E+00  0.000000E+00  0.000000E+00  2.271522E-01  2.151595E-01  5.655346E-04  0.000000E+00
  1.058000E+00  3.176048E-01  2.280387E-01  1.114786E-02  0.000000E+00  0.000000E+00  0.000000E+00  2.274980E-01  2.157106E-01  5.406721E-04  0.000000E+00
  1.060000E+00  3.164874E-01  2.283591E-01  1.105163E-02  0.000000E+00  0.000000E+00  0.000000E+00  2.278426E-01  2.162593E-01  5.165752E-04  0.000000E+00
  1.062000E+00  3.153737E-01  2.286791E-01  1.095586E-02  0.000000E+00  0.000000E+00  0.000000E+00  2.281858E-01  2.168055E-01  4.932296E-04  0.000000E+00
  1.064000E+00  3.142638E-01  2.289984E-01  1.086057E-02  0.000000E+00  0.000000E+00  0.000000E+00  2.285278E-01  2.173494E-01  4.706226E-04  0.000000E+00
  1.066000E+00  3.131576E-01  2.293173E-01  1.076574E-02  0.000000E+00  0.000000E+00  0.000000E+00  2.288686E-01  2.178908E-01  4.487404E-04  0.000000E+00
  1.068000E+00  3.120550E-01  2.296356E-01  1.067138E-02  0.000000E+00  0.000000E+00  0.000000E+00  2.292080E-01  2.184300E-01  4.275696E-04  0.000000E+00
  1.070000E+00  3.109562E-01  2.299534E-01  1.057749E-02  0.000000E+00  0.000000E+00  0.000000E+00  2.295463E-01  2.189667E-01  4.070971E-04  0.000000E+00
  1.072000E+00  3.098610E-01  2.302706E-01  1.048407E-02  0.000000E+00  0.000000E+00  0.000000E+00  2.298833E-01  2.195012E-01  3.873101E-04  0.000000E+00
  1.074000E+00  3.087694E-01  2.305872E-01  1.039111E-02  0.000000E+00  0.000000E+00  0.000000E+00  2.302190E-01  2.200333E-01  3.681948E-04  0.000000E+00
  1.076000E+00  3.076814E-01  2.309033E-01  1.029862E-02  0.000000E+00  0.000000E+00  0.000000E+00  2.305536E-01  2.205631E-01  3.497389E-04  0.000000E+00
  1.078000E+00  3.065971E-01  2.312188E-01  1.020660E-02  0.000000E+00  0.000000E+00  0.000000E+00  2.308869E-01  2.210906E-01  3.319292E-04  0.000000E+00
  1.080000E+00  3.055163E-01  2.315338E-01  1.011504E-02  0.000000E+00  0.000000E+00  0.000000E+00  2.312190E-01  2.216159E-01  3.147524E-04  0.000000E+00
  1.082000E+00  3.044391E-01  2.318482E-01  1.002395E-02  0.000000E+00  0.000000E+00  0.000000E+00  2.315500E-01  2.221389E-01  2.981969E-04  0.000000E+00
  1.084000E+00  3.033654E-01  2.321620E-01  9.933319E-03  0.000000E+00  0.000000E+00  0.000000E+00  2.318797E-01  2.226596E-01  2.822491E-04  0.000000E+00
  1.086000E+00  3.022952E-01  2.324752E-01  9.843157E-03  0.000000E+00  0.000000E+00  0.000000E+00  2.322083E-01  2.231782E-01  2.668962E-04  0.000000E+00
  1.088000E+00  3.012286E-01  2.327878E-01  9.753460E-03  0.000000E+00  0.000000E+00  0.000000E+00  2.325357E-01  2.236945E-01  2.521265E-04  0.000000E+00
  1.090000E+00  3.001654E-01  2.330998E-01  9.664227E-03  0.000000E+00  0.000000E+00  0.000000E+00  2.328619E-01  2.242087E-01  2.379267E-04  0.000000E+00
  1.092000E+00  2.991057E-01  2.334112E-01  9.575458E-03  0.000000E+00  0.000000E+00  0.000000E+00  2.331869E-01  2.247206E-01  2.242849E-04  0.000000E+00
  1.094000E+00  2.980495E-01  2.337220E-01  9.487152E-03  0.000000E+00  0.000000E+00  0.000000E+00  2.335109E-01  2.252304E-01  2.111887E-04  0.000000E+00
  1.096000E+00  2.969967E-01  2.340323E-01  9.399309E-03  0.000000E+00  0.000000E+00  0.000000E+00  2.338336E-01  2.257381E-01  1.986260E-04  0.000000E+00
  1.098000E+00  2.959474E-01  2.343419E-01  9.311929E-03  0.000000E+00  0.000000E+00  0.000000E+00  2.341553E-01  2.262436E-01  1.865840E-04  0.000000E+00
  1.100000E+00  2.949014E-01  2.346508E-01  9.225011E-03  0.000000E+00  0.000000E+00  0.000000E+00  2.344758E-01  2.267470E-01  1.750511E-04  0.000000E+00
  1.102000E+00  2.938588E-01  2.349592E-01  9.138554E-03  0.000000E+00  0.000000E+00  0.000000E+00  2.347952E-01  2.272483E-01  1.640157E-04  0.000000E+00
  1.104000E+00  2.928196E-01  2.352669E-01  9.052558E-03  0.000000E+00  0.000000E+00  0.000000E+00  2.351134E-01  2.277475E-01  1.534647E-04  0.000000E+00
  1.106000E+00  2.917838E-01  2.355740E-01  8.967022E-03  0.000000E+00  0.000000E+00  0.000000E+00  2.354306E-01  2.282446E-01  1.433872E-04  0.000000E+00
  1.108000E+00  2.907513E-01  2.358804E-01  8.881946E-03  0.000000E+00  0.000000E+00  0.000000E+00  2.357467E-01  2.287397E-01  1.337706E-04  0.000000E+00
  1.110000E+00  2.897221E-01  2.361862E-01  8.797330E-03  0.000000E+00  0.000000E+00  0.000000E+00  2.360616E-01  2.292327E-01  1.246040E-04  0.000000E+00
  1.112000E+00  2.886962E-01  2.364914E-01  8.713172E-03  0.000000E+00  0.000000E+00  0.000000E+00  2.363755E-01  2.297237E-01  1.158749E-04  0.000000E+00
  1.114000E+00  2.876736E-01  2.367959E-01  8.629473E-03  0.000000E+00  0.000000E+00  0.000000E+00  2.366883E-01  2.302127E-01  1.075724E-04  0.000000E+00
  1.116000E+00  2.866543E-01  2.370997E-01  8.546232E-03  0.000000E+00  0.000000E+00  0.000000E+00  2.370000E-01  2.306997E-01  9.968403E-05  0.000000E+00
  1.118000E+00  2.856275E-01  2.373462E-01  8.468087E-03  0.000000E+00  0.000000E+00  0.000000E+00  2.373462E-01  2.312120E-01  0.000000E+00  0.000000E+00
  1.120000E+00  2.846156E-01  2.376531E-01  8.385388E-03  0.000000E+00  0.000000E+00  0.000000E+00  2.376531E-01  2.316929E-01  0.000000E+00  0.000000E+00
  1.122000E+00  2.836068E-01  2.379590E-01  8.303167E-03  0.000000E+00  0.000000E+00  0.000000E+00  2.379590E-01  2.321720E-01  0.000000E+00  0.000000E+00
  1.124000E+00  2.826013E-01  2.382640E-01  8.221422E-03  0.000000E+00  0.000000E+00  0.000000E+00  2.382640E-01  2.326492E-01  0.000000E+00  0.000000E+00
  1.126000E+00  2.815989E-01  2.385682E-01  8.140150E-03  0.000000E+00  0.000000E+00  0.000000E+00  2.385682E-01  2.331246E-01  0.000000E+00  0.000000E+00
  1.128000E+00  2.805996E-01  2.388714E-01  8.059352E-03  0.000000E+00  0.000000E+00  0.000000E+00  2.388714E-01  2.335982E-01  0.000000E+00  0.000000E+00
  1.130000E+00  2.796035E-01  2.391738E-01  7.979025E-03  0.000000E+00  0.000000E+00  0.000000E+00  2.391738E-01  2.340700E-01  0.000000E+00  0.000000E+00
  1.132000E+00  2.786104E-01  2.394752E-01  7.899169E-03  0.000000E+00  0.000000E+00  0.000000E+00  2.394752E-01  2.345399E-01  0.000000E+00  0.000000E+00
  1.134000E+00  2.776205E-01  2.397758E-01  7.819781E-03  0.000000E+00  0.000000E+00  0.000000E+00  2.397758E-01  2.350081E-01  0.000000E+00  0.000000E+00
  1.136000E+00  2.766337E-01  2.400755E-01  7.740861E-03  0.000000E+00  0.000000E+00  0.000000E+00  2.400755E-01  2.354745E-01  0.000000E+00  0.000000E+00
  1.138000E+00  2.756499E-01  2.403743E-01  7.662406E-03  0.000000E+00  0.000000E+00  0.000000E+00  2.403743E-01  2.359392E-01  0.000000E+00  0.000000E+00
  1.140000E+00  2.746692E-01  2.406721E-01  7.584417E-03  0.000000E+00  0.000000E+00  0.000000E+00  2.406721E-01  2.364021E-01  0.000000E+00  0.000000E+00
  1.142000E+00  2.736916E-01  2.409692E-01  7.506891E-03  0.000000E+00  0.000000E+00  0.000000E+00  2.409692E-01  2.368632E-01  0.000000E+00  0.000000E+00
  1.144000E+00  2.727170E-01  2.412653E-01  7.429827E-03  0.000000E+00  0.000000E+00  0.000000E+00  2.412653E-01  2.373226E-01  0.000000E+00  0.000000E+00
  1.146000E+00  2.717454E-01  2.415605E-01  7.353224E-03  0.000000E+00  0.000000E+00  0.000000E+00  2.415605E-01  2.377803E-01  0.000000E+00  0.000000E+00
  1.148000E+00  2.707769E-01  2.418549E-01  7.277080E-03  0.000000E+00  0.000000E+00  0.000000E+00  2.418549E-01  2.382363E-01  0.000000E+00  0.000000E+00
  1.150000E+00  2.698113E-01  2.421484E-01  7.201394E-03  0.000000E+00  0.000000E+00  0.000000E+00  2.421484E-01  2.386905E-01  0.000000E+00  0.000000E+00
  1.152000E+00  2.688488E-01  2.424410E-01  7.126165E-03  0.000000E+00  0.000000E+00  0.000000E+00  2.424410E-01  2.391431E-01  0.000000E+00  0.000000E+00
  1.154000E+00  2.678892E-01  2.427327E-01  7.051391E-03  0.000000E+00  0.000000E+00  0.000000E+00  2.427327E-01  2.395939E-01  0.000000E+00  0.000000E+00
  1.156000E+00  2.669326E-01  2.430236E-01  6.977071E-03  0.000000E+00  0.000000E+00  0.000000E+00  2.430236E-01  2.400431E-01  0.000000E+00  0.000000E+00
  1.158000E+00  2.659790E-01  2.433136E-01  6.903203E-03  0.000000E+00  0.000000E+00  0.000000E+00  2.433136E-01  2.404907E-01  0.000000E+00  0.000000E+00
  1.160000E+00  2.650283E-01  2.436027E-01  6.829787E-03  0.000000E+00  0.000000E+00  0.000000E+00  2.436027E-01  2.409366E-01  0.000000E+00  0.000000E+00
  1.162000E+00  2.640806E-01  2.438909E-01  6.756820E-03  0.000000E+00  0.000000E+00  0.000000E+00  2.438909E-01  2.413808E-01  0.000000E+00  0.000000E+00
  1.164000E+00  2.631357E-01  2.441783E-01  6.684302E-03  0.000000E+00  0.000000E+00  0.000000E+00  2.441783E-01  2.418234E-01  0.000000E+00  0.000000E+00
  1.166000E+00  2.621938E-01  2.444648E-01  6.612231E-03  0.000000E+00  0.000000E+00  0.000000E+00  2.444648E-01  2.422644E-01  0.000000E+00  0.000000E+00
  1.168000E+00  2.612548E-01  2.447504E-01  6.540606E-03  0.000000E+00  0.000000E+00  0.000000E+00  2.447504E-01  2.427037E-01  0.000000E+00  0.000000E+00
  1.170000E+00  2.603187E-01  2.450352E-01  6.469426E-03  0.000000E+00  0.000000E+00  0.000000E+00  2.450352E-01  2.431415E-01  0.000000E+00  0.000000E+00
  1.172000E+00  2.593855E-01  2.453191E-01  6.398688E-03  0.000000E+00  0.000000E+00  0.000000E+00  2.453191E-01  2.435776E-01  0.000000E+00  0.000000E+00
  1.174000E+00  2.584551E-01  2.456022E-01  6.328393E-03  0.000000E+00  0.000000E+00  0.000000E+00  2.456022E-01  2.440122E-01  0.000000E+00  0.000000E+00
  1.176000E+00  2.575276E-01  2.458843E-01  6.258538E-03  0.000000E+00  0.000000E+00  0.000000E+00  2.458843E-01  2.444451E-01  0.000000E+00  0.000000E+00
  1.178000E+00  2.566030E-01  2.461657E-01  6.189122E-03  0.000000E+00  0.000000E+00  0.000000E+00  2.461657E-01  2.448765E-01  0.000000E+00  0.000000E+00
  1.180000E+00  2.556812E-01  2.464461E-01  6.120144E-03  0.000000E+00  0.000000E+00  0.000000E+00  2.464461E-01  2.453064E-01  0.000000E+00  0.000000E+00
  1.182000E+00  2.547622E-01  2.467258E-01  6.051602E-03  0.000000E+00  0.000000E+00  0.000000E+00  2.467258E-01  2.457347E-01  0.000000E+00  0.000000E+00
  1.184000E+00  2.538460E-01  2.470045E-01  5.983495E-03  0.000000E+00  0.000000E+00  0.000000E+00  2.470045E-01  2.461614E-01  0.000000E+00  0.000000E+00
  1.186000E+00  2.529327E-01  2.472824E-01  5.915823E-03  0.000000E+00  0.000000E+00  0.000000E+00  2.472824E-01  2.465867E-01  0.000000E+00  0.000000E+00
  1.188000E+00  2.520221E-01  2.475595E-01  5.848583E-03  0.000000E+00  0.000000E+00  0.000000E+00  2.475595E-01  2.470103E-01  0.000000E+00  0.000000E+00
  1.190000E+00  2.511143E-01  2.478357E-01  5.781774E-03  0.000000E+00  0.000000E+00  0.000000E+00  2.478357E-01  2.474325E-01  0.000000E+00  0.000000E+00
  1.192000E+00  2.502093E-01  2.481110E-01  5.715395E-03  0.000000E+00  0.000000E+00  0.000000E+00  2.481110E-01  2.478532E-01  0.000000E+00  0.000000E+00
  1.194000E+00  2.493071E-01  2.483855E-01  5.649445E-03  0.000000E+00  0.000000E+00  0.000000E+00  2.483855E-01  2.482724E-01  0.000000E+00  0.000000E+00
  1.196000E+00  2.484076E-01  2.486592E-01  5.583922E-03  0.000000E+00  0.000000E+00  0.000000E+00  2.486592E-01  2.486901E-01  0.000000E+00  0.000000E+00
  1.198000E+00  2.475109E-01  2.489320E-01  5.518826E-03  0.000000E+00  0.000000E+00  0.000000E+00  2.489320E-01  2.491063E-01  0.000000E+00  0.000000E+00
  1.200000E+00  2.466169E-01  2.492040E-01  5.454154E-03  0.000000E+00  0.000000E+00  0.000000E+00  2.492040E-01  2.495210E-01  0.000000E+00  0.000000E+00
