  1.000000E-02  9.259156E+02  9.259156E+02  0.000000E+00  9.860656E-01  9.860656E-01
  2.000000E-02  9.133524E+02  9.133524E+02  0.000000E+00  9.726862E-01  9.726862E-01
  3.000000E-02  9.012729E+02  9.012729E+02  0.000000E+00  9.598220E-01  9.598220E-01
  4.000000E-02  8.896496E+02  8.896496E+02  0.000000E+00  9.474437E-01  9.474437E-01
  5.000000E-02  8.784586E+02  8.784586E+02  0.000000E+00  9.355257E-01  9.355257E-01
  6.000000E-02  8.676781E+02  8.676781E+02  0.000000E+00  9.240448E-01  9.240448E-01
  7.000000E-02  8.572879E+02  8.572879E+02  0.000000E+00  9.129797E-01  9.129797E-01
  8.000000E-02  8.472694E+02  8.472694E+02  0.000000E+00  9.023104E-01  9.023104E-01
  9.000000E-02  8.376051E+02  8.376051E+02  0.000000E+00  8.920182E-01  8.920182E-01
  1.000000E-01  8.282786E+02  8.282786E+02  0.000000E+00  8.820858E-01  8.820858E-01
  1.100000E-01  8.192743E+02  8.192743E+02  0.000000E+00  8.724966E-01  8.724966E-01
  1.200000E-01  8.105778E+02  8.105778E+02  0.000000E+00  8.632351E-01  8.632351E-01
  1.300000E-01  8.021753E+02  8.021753E+02  0.000000E+00  8.542867E-01  8.542867E-01
  1.400000E-01  7.940537E+02  7.940537E+02  0.000000E+00  8.456376E-01  8.456376E-01
  1.500000E-01  7.862008E+02  7.862008E+02  0.000000E+00  8.372745E-01  8.372745E-01
  1.600000E-01  7.786048E+02  7.786048E+02  0.000000E+00  8.291851E-01  8.291851E-01
  1.700000E-01  7.712549E+02  7.712549E+02  0.000000E+00  8.213577E-01  8.213577E-01
  1.800000E-01  7.641404E+02  7.641404E+02  0.000000E+00  8.137810E-01  8.137810E-01
  1.900000E-01  7.572515E+02  7.572515E+02  0.000000E+00  8.064446E-01  8.064446E-01
  2.000000E-01  7.505787E+02  7.505787E+02  0.000000E+00  7.993383E-01  7.993383E-01
  2.100000E-01  7.441130E+02  7.441130E+02  0.000000E+00  7.924526E-01  7.924526E-01
  2.200000E-01  7.378459E+02  7.378459E+02  0.000000E+00  7.857784E-01  7.857784E-01
  2.300000E-01  7.317694E+02  7.317694E+02  0.000000E+00  7.793072E-01  7.793072E-01
  2.400000E-01  7.258757E+02  7.258757E+02  0.000000E+00  7.730306E-01  7.730306E-01
  2.500000E-01  7.201575E+02  7.201575E+02  0.000000E+00  7.669409E-01  7.669409E-01
  2.600000E-01  7.146078E+02  7.146078E+02  0.000000E+00  7.610307E-01  7.610307E-01
  2.700000E-01  7.092200E+02  7.092200E+02  0.000000E+00  7.552929E-01  7.552929E-01
  2.800000E-01  7.039877E+02  7.039877E+02  0.000000E+00  7.497207E-01  7.497207E-01
  2.900000E-01  6.989049E+02  6.989049E+02  0.000000E+00  7.443077E-01  7.443077E-01
  3.000000E-01  6.939659E+02  6.939659E+02  0.000000E+00  7.390478E-01  7.390478E-01
  3.100000E-01  6.891651E+02  6.891651E+02  0.000000E+00  7.339352E-01  7.339352E-01
  3.200000E-01  6.844974E+02  6.844974E+02  0.000000E+00  7.289642E-01  7.289642E-01
  3.300000E-01  6.799577E+02  6.799577E+02  0.000000E+00  7.241296E-01  7.241296E-01
  3.400000E-01  6.755412E+02  6.755412E+02  0.000000E+00  7.194262E-01  7.194262E-01
  3.500000E-01  6.712435E+02  6.712435E+02  0.000000E+00  7.148493E-01  7.148493E-01
  3.600000E-01  6.670601E+02  6.670601E+02  0.000000E+00  7.103942E-01  7.103942E-01
  3.700000E-01  6.629870E+02  6.629870E+02  0.000000E+00  7.060564E-01  7.060564E-01
  3.800000E-01  6.590201E+02  6.590201E+02  0.000000E+00  7.018318E-01  7.018318E-01
  3.900000E-01  6.551556E+02  6.551556E+02  0.000000E+00  6.977163E-01  6.977163E-01
  4.000000E-01  6.513899E+02  6.513899E+02  0.000000E+00  6.937060E-01  6.937060E-01
  4.100000E-01  6.477196E+02  6.477196E+02  0.000000E+00  6.897972E-01  6.897972E-01
  4.200000E-01  6.441412E+02  6.441412E+02  0.000000E+00  6.859864E-01  6.859864E-01
  4.300000E-01  6.406517E+02  6.406517E+02  0.000000E+00  6.822702E-01  6.822702E-01
  4.400000E-01  6.372480E+02  6.372480E+02  0.000000E+00  6.786453E-01  6.786453E-01
  4.500000E-01  6.339271E+02  6.339271E+02  0.000000E+00  6.751087E-01  6.751087E-01
  4.600000E-01  6.306862E+02  6.306862E+02  0.000000E+00  6.716573E-01  6.716573E-01
  4.700000E-01  6.275228E+02  6.275228E+02  0.000000E+00  6.682883E-01  6.682883E-01
  4.800000E-01  6.244341E+02  6.244341E+02  0.000000E+00  6.649990E-01  6.649990E-01
  4.900000E-01  6.214178E+02  6.214178E+02  0.000000E+00  6.617867E-01  6.617867E-01
  5.000000E-01  6.184714E+02  6.184714E+02  0.000000E+00  6.586490E-01  6.586490E-01
  5.100000E-01  6.155927E+02  6.155927E+02  0.000000E+00  6.555833E-01  6.555833E-01
  5.200000E-01  6.127796E+02  6.127796E+02  0.000000E+00  6.525874E-01  6.525874E-01
  5.300000E-01  6.100299E+02  6.100299E+02  0.000000E+00  6.496591E-01  6.496591E-01
  5.400000E-01  6.073416E+02  6.073416E+02  0.000000E+00  6.467962E-01  6.467962E-01
  5.500000E-01  6.047128E+02  6.047128E+02  0.000000E+00  6.439966E-01  6.439966E-01
  5.600000E-01  6.021417E+02  6.021417E+02  0.000000E+00  6.412584E-01  6.412584E-01
  5.700000E-01  5.996264E+02  5.996264E+02  0.000000E+00  6.385798E-01  6.385798E-01
  5.800000E-01  5.971653E+02  5.971653E+02  0.000000E+00  6.359587E-01  6.359587E-01
  5.900000E-01  5.947566E+02  5.947566E+02  0.000000E+00  6.333936E-01  6.333936E-01
  6.000000E-01  5.923989E+02  5.923989E+02  0.000000E+00  6.308828E-01  6.308828E-01
  6.100000E-01  5.900906E+02  5.900906E+02  0.000000E+00  6.284245E-01  6.284245E-01
  6.200000E-01  5.878302E+02  5.878302E+02  0.000000E+00  6.260173E-01  6.260173E-01
  6.300000E-01  5.856163E+02  5.856163E+02  0.000000E+00  6.236596E-01  6.236596E-01
  6.400000E-01  5.834476E+02  5.834476E+02  0.000000E+00  6.213500E-01  6.213500E-01
  6.500000E-01  5.813227E+02  5.813227E+02  0.000000E+00  6.190870E-01  6.190870E-01
  6.600000E-01  5.792404E+02  5.792404E+02  0.000000E+00  6.168695E-01  6.168695E-01
  6.700000E-01  5.771995E+02  5.771995E+02  0.000000E+00  6.146960E-01  6.146960E-01
  6.800000E-01  5.751988E+02  5.751988E+02  0.000000E+00  6.125652E-01  6.125652E-01
  6.900000E-01  5.732371E+02  5.732371E+02  0.000000E+00  6.104761E-01  6.104761E-01
  7.000000E-01  5.713134E+02  5.713134E+02  0.000000E+00  6.084275E-01  6.084275E-01
  7.100000E-01  5.694266E+02  5.694266E+02  0.000000E+00  6.064181E-01  6.064181E-01
  7.200000E-01  5.675758E+02  5.675758E+02  0.000000E+00  6.044470E-01  6.044470E-01
  7.300000E-01  5.657598E+02  5.657598E+02  0.000000E+00  6.025131E-01  6.025131E-01
  7.400000E-01  5.639779E+02  5.639779E+02  0.000000E+00  6.006154E-01  6.006154E-01
  7.500000E-01  5.622290E+02  5.622290E+02  0.000000E+00  5.987529E-01  5.987529E-01
  7.600000E-01  5.605123E+02  5.605123E+02  0.000000E+00  5.969247E-01  5.969247E-01
  7.700000E-01  5.588270E+02  5.588270E+02  0.000000E+00  5.951299E-01  5.951299E-01
  7.800000E-01  5.571722E+02  5.571722E+02  0.000000E+00  5.933676E-01  5.933676E-01
  7.900000E-01  5.555471E+02  5.555471E+02  0.000000E+00  5.916369E-01  5.916369E-01
  8.000000E-01  5.539509E+02  5.539509E+02  0.000000E+00  5.899371E-01  5.899371E-01
  8.100000E-01  5.523830E+02  5.523830E+02  0.000000E+00  5.882673E-01  5.882673E-01
  8.200000E-01  5.508425E+02  5.508425E+02  0.000000E+00  5.866267E-01  5.866267E-01
  8.300000E-01  5.493289E+02  5.493289E+02  0.000000E+00  5.850148E-01  5.850148E-01
  8.400000E-01  5.478413E+02  5.478413E+02  0.000000E+00  5.834306E-01  5.834306E-01
  8.500000E-01  5.463793E+02  5.463793E+02  0.000000E+00  5.818735E-01  5.818735E-01
  8.600000E-01  5.449420E+02  5.449420E+02  0.000000E+00  5.803429E-01  5.803429E-01
  8.700000E-01  5.435290E+02  5.435290E+02  0.000000E+00  5.788382E-01  5.788382E-01
  8.800000E-01  5.421397E+02  5.421397E+02  0.000000E+00  5.773586E-01  5.773586E-01
  8.900000E-01  5.407734E+02  5.407734E+02  0.000000E+00  5.759035E-01  5.759035E-01
  9.000000E-01  5.394296E+02  5.394296E+02  0.000000E+00  5.744724E-01  5.744724E-01
  9.100000E-01  5.381078E+02  5.381078E+02  0.000000E+00  5.730648E-01  5.730648E-01
  9.200000E-01  5.368075E+02  5.368075E+02  0.000000E+00  5.716799E-01  5.716799E-01
  9.300000E-01  5.355281E+02  5.355281E+02  0.000000E+00  5.703174E-01  5.703174E-01
  9.400000E-01  5.342691E+02  5.342691E+02  0.000000E+00  5.689767E-01  5.689767E-01
  9.500000E-01  5.330302E+02  5.330302E+02  0.000000E+00  5.676573E-01  5.676573E-01
  9.600000E-01  5.318107E+02  5.318107E+02  0.000000E+00  5.663586E-01  5.663586E-01
  9.700000E-01  5.306104E+02  5.306104E+02  0.000000E+00  5.650803E-01  5.650803E-01
  9.800000E-01  5.294287E+02  5.294287E+02  0.000000E+00  5.638218E-01  5.638218E-01
  9.900000E-01  5.282652E+02  5.282652E+02  0.000000E+00  5.625827E-01  5.625827E-01
  1.000000E+00  5.271195E+02  5.271195E+02  0.000000E+00  5.613626E-01  5.613626E-01
  1.010000E+00  5.259912E+02  5.259912E+02  0.000000E+00  5.601610E-01  5.601610E-01
  1.020000E+00  5.248800E+02  5.248800E+02  0.000000E+00  5.589776E-01  5.589776E-01
  1.030000E+00  5.237854E+02  5.237854E+02  0.000000E+00  5.578119E-01  5.578119E-01
  1.040000E+00  5.227071E+02  5.227071E+02  0.000000E+00  5.566636E-01  5.566636E-01
  1.050000E+00  5.216448E+02  5.216448E+02  0.000000E+00  5.555322E-01  5.555322E-01
  1.060000E+00  5.205980E+02  5.205980E+02  0.000000E+00  5.544175E-01  5.544175E-01
  1.070000E+00  5.195665E+02  5.195665E+02  0.000000E+00  5.533190E-01  5.533190E-01
  1.080000E+00  5.185500E+02  5.185500E+02  0.000000E+00  5.522364E-01  5.522364E-01
  1.090000E+00  5.175480E+02  5.175480E+02  0.000000E+00  5.511694E-01  5.511694E-01
  1.100000E+00  5.165604E+02  5.165604E+02  0.000000E+00  5.501176E-01  5.501176E-01
  1.110000E+00  5.155868E+02  5.155868E+02  0.000000E+00  5.490807E-01  5.490807E-01
  1.120000E+00  5.146269E+02  5.146269E+02  0.000000E+00  5.480585E-01  5.480585E-01
  1.130000E+00  5.136805E+02  5.136805E+02  0.000000E+00  5.470506E-01  5.470506E-01
  1.140000E+00  5.127472E+02  5.127472E+02  0.000000E+00  5.460567E-01  5.460567E-01
  1.150000E+00  5.118268E+02  5.118268E+02  0.000000E+00  5.450765E-01  5.450765E-01
  1.160000E+00  5.109191E+02  5.109191E+02  0.000000E+00  5.441098E-01  5.441098E-01
  1.170000E+00  5.100238E+02  5.100238E+02  0.000000E+00  5.431563E-01  5.431563E-01
  1.180000E+00  5.091406E+02  5.091406E+02  0.000000E+00  5.422157E-01  5.422157E-01
  1.190000E+00  5.082693E+02  5.082693E+02  0.000000E+00  5.412878E-01  5.412878E-01
  1.200000E+00  5.074096E+02  5.074096E+02  0.000000E+00  5.403723E-01  5.403723E-01
