  1.000000E-02  9.203174E+02  9.203174E+02  0.000000E+00  9.801038E-01  9.801038E-01
  2.000000E-02  9.026581E+02  9.026581E+02  0.000000E+00  9.612972E-01  9.612972E-01
  3.000000E-02  8.859364E+02  8.859364E+02  0.000000E+00  9.434892E-01  9.434892E-01
  4.000000E-02  8.700841E+02  8.700841E+02  0.000000E+00  9.266072E-01  9.266072E-01
  5.000000E-02  8.550413E+02  8.550413E+02  0.000000E+00  9.105871E-01  9.105871E-01
  6.000000E-02  8.407536E+02  8.407536E+02  0.000000E+00  8.953712E-01  8.953712E-01
  7.000000E-02  8.271715E+02  8.271715E+02  0.000000E+00  8.809068E-01  8.809068E-01
  8.000000E-02  8.142497E+02  8.142497E+02  0.000000E+00  8.671456E-01  8.671456E-01
  9.000000E-02  8.019465E+02  8.019465E+02  0.000000E+00  8.540431E-01  8.540431E-01
  1.000000E-01  7.902232E+02  7.902232E+02  0.000000E+00  8.415583E-01  8.415583E-01
  1.100000E-01  7.790445E+02  7.790445E+02  0.000000E+00  8.296533E-01  8.296533E-01
  1.200000E-01  7.683771E+02  7.683771E+02  0.000000E+00  8.182930E-01  8.182930E-01
  1.300000E-01  7.581907E+02  7.581907E+02  0.000000E+00  8.074449E-01  8.074449E-01
  1.400000E-01  7.484569E+02  7.484569E+02  0.000000E+00  7.970787E-01  7.970787E-01
  1.500000E-01  7.391492E+02  7.391492E+02  0.000000E+00  7.871664E-01  7.871664E-01
  1.600000E-01  7.302432E+02  7.302432E+02  0.000000E+00  7.776818E-01  7.776818E-01
  1.700000E-01  7.217161E+02  7.217161E+02  0.000000E+00  7.686007E-01  7.686007E-01
  1.800000E-01  7.135465E+02  7.135465E+02  0.000000E+00  7.599004E-01  7.599004E-01
  1.900000E-01  7.057146E+02  7.057146E+02  0.000000E+00  7.515597E-01  7.515597E-01
  2.000000E-01  6.982018E+02  6.982018E+02  0.000000E+00  7.435589E-01  7.435589E-01
  2.100000E-01  6.909910E+02  6.909910E+02  0.000000E+00  7.358796E-01  7.358796E-01
  2.200000E-01  6.840658E+02  6.840658E+02  0.000000E+00  7.285046E-01  7.285046E-01
  2.300000E-01  6.774112E+02  6.774112E+02  0.000000E+00  7.214177E-01  7.214177E-01
  2.400000E-01  6.710130E+02  6.710130E+02  0.000000E+00  7.146039E-01  7.146039E-01
  2.500000E-01  6.648579E+02  6.648579E+02  0.000000E+00  7.080489E-01  7.080489E-01
  2.600000E-01  6.589335E+02  6.589335E+02  0.000000E+00  7.017396E-01  7.017396E-01
  2.700000E-01  6.532281E+02  6.532281E+02  0.000000E+00  6.956636E-01  6.956636E-01
  2.800000E-01  6.477307E+02  6.477307E+02  0.000000E+00  6.898091E-01  6.898091E-01
  2.900000E-01  6.424311E+02  6.424311E+02  0.000000E+00  6.841651E-01  6.841651E-01
  3.000000E-01  6.373195E+02  6.373195E+02  0.000000E+00  6.787215E-01  6.787215E-01
  3.100000E-01  6.323869E+02  6.323869E+02  0.000000E+00  6.734685E-01  6.734685E-01
  3.200000E-01  6.276248E+02  6.276248E+02  0.000000E+00  6.683970E-01  6.683970E-01
  3.300000E-01  6.230250E+02  6.230250E+02  0.000000E+00  6.634984E-01  6.634984E-01
  3.400000E-01  6.185800E+02  6.185800E+02  0.000000E+00  6.587646E-01  6.587646E-01
  3.500000E-01  6.142826E+02  6.142826E+02  0.000000E+00  6.541881E-01  6.541881E-01
  3.600000E-01  6.101261E+02  6.101261E+02  0.000000E+00  6.497615E-01  6.497615E-01
  3.700000E-01  6.061041E+02  6.061041E+02  0.000000E+00  6.454782E-01  6.454782E-01
  3.800000E-01  6.022105E+02  6.022105E+02  0.000000E+00  6.413318E-01  6.413318E-01
  3.900000E-01  5.984398E+02  5.984398E+02  0.000000E+00  6.373161E-01  6.373161E-01
  4.000000E-01  5.947865E+02  5.947865E+02  0.000000E+00  6.334255E-01  6.334255E-01
  4.100000E-01  5.912456E+02  5.912456E+02  0.000000E+00  6.296545E-01  6.296545E-01
  4.200000E-01  5.878122E+02  5.878122E+02  0.000000E+00  6.259981E-01  6.259981E-01
  4.300000E-01  5.844818E+02  5.844818E+02  0.000000E+00  6.224513E-01  6.224513E-01
  4.400000E-01  5.812501E+02  5.812501E+02  0.000000E+00  6.190097E-01  6.190097E-01
  4.500000E-01  5.781130E+02  5.781130E+02  0.000000E+00  6.156688E-01  6.156688E-01
  4.600000E-01  5.750666E+02  5.750666E+02  0.000000E+00  6.124245E-01  6.124245E-01
  4.700000E-01  5.721072E+02  5.721072E+02  0.000000E+00  6.092729E-01  6.092729E-01
  4.800000E-01  5.692315E+02  5.692315E+02  0.000000E+00  6.062103E-01  6.062103E-01
  4.900000E-01  5.664359E+02  5.664359E+02  0.000000E+00  6.032331E-01  6.032331E-01
  5.000000E-01  5.637175E+02  5.637175E+02  0.000000E+00  6.003381E-01  6.003381E-01
  5.100000E-01  5.610731E+02  5.610731E+02  0.000000E+00  5.975220E-01  5.975220E-01
  5.200000E-01  5.585000E+02  5.585000E+02  0.000000E+00  5.947817E-01  5.947817E-01
  5.300000E-01  5.559955E+02  5.559955E+02  0.000000E+00  5.921145E-01  5.921145E-01
  5.400000E-01  5.535569E+02  5.535569E+02  0.000000E+00  5.895174E-01  5.895174E-01
  5.500000E-01  5.511818E+02  5.511818E+02  0.000000E+00  5.869881E-01  5.869881E-01
  5.600000E-01  5.488679E+02  5.488679E+02  0.000000E+00  5.845238E-01  5.845238E-01
  5.700000E-01  5.466129E+02  5.466129E+02  0.000000E+00  5.821223E-01  5.821223E-01
  5.800000E-01  5.444147E+02  5.444147E+02  0.000000E+00  5.797813E-01  5.797813E-01
  5.900000E-01  5.422712E+02  5.422712E+02  0.000000E+00  5.774987E-01  5.774987E-01
  6.000000E-01  5.401806E+02  5.401806E+02  0.000000E+00  5.752722E-01  5.752722E-01
  6.100000E-01  5.381410E+02  5.381410E+02  0.000000E+00  5.731001E-01  5.731001E-01
  6.200000E-01  5.361506E+02  5.361506E+02  0.000000E+00  5.709804E-01  5.709804E-01
  6.300000E-01  5.342077E+02  5.342077E+02  0.000000E+00  5.689113E-01  5.689113E-01
  6.400000E-01  5.323108E+02  5.323108E+02  0.000000E+00  5.668911E-01  5.668911E-01
  6.500000E-01  5.304581E+02  5.304581E+02  0.000000E+00  5.649181E-01  5.649181E-01
  6.600000E-01  5.286484E+02  5.286484E+02  0.000000E+00  5.629908E-01  5.629908E-01
  6.700000E-01  5.268801E+02  5.268801E+02  0.000000E+00  5.611077E-01  5.611077E-01
  6.800000E-01  5.251519E+02  5.251519E+02  0.000000E+00  5.592672E-01  5.592672E-01
  6.900000E-01  5.234625E+02  5.234625E+02  0.000000E+00  5.574681E-01  5.574681E-01
  7.000000E-01  5.218107E+02  5.218107E+02  0.000000E+00  5.557089E-01  5.557089E-01
  7.100000E-01  5.201952E+02  5.201952E+02  0.000000E+00  5.539885E-01  5.539885E-01
  7.200000E-01  5.186149E+02  5.186149E+02  0.000000E+00  5.523056E-01  5.523056E-01
  7.300000E-01  5.170688E+02  5.170688E+02  0.000000E+00  5.506590E-01  5.506590E-01
  7.400000E-01  5.155557E+02  5.155557E+02  0.000000E+00  5.490476E-01  5.490476E-01
  7.500000E-01  5.140747E+02  5.140747E+02  0.000000E+00  5.474704E-01  5.474704E-01
  7.600000E-01  5.126247E+02  5.126247E+02  0.000000E+00  5.459262E-01  5.459262E-01
  7.700000E-01  5.112048E+02  5.112048E+02  0.000000E+00  5.444141E-01  5.444141E-01
  7.800000E-01  5.098142E+02  5.098142E+02  0.000000E+00  5.429332E-01  5.429332E-01
  7.900000E-01  5.084520E+02  5.084520E+02  0.000000E+00  5.414824E-01  5.414824E-01
  8.000000E-01  5.071173E+02  5.071173E+02  0.000000E+00  5.400610E-01  5.400610E-01
  8.100000E-01  5.058094E+02  5.058094E+02  0.000000E+00  5.386681E-01  5.386681E-01
  8.200000E-01  5.045274E+02  5.045274E+02  0.000000E+00  5.373028E-01  5.373028E-01
  8.300000E-01  5.032706E+02  5.032706E+02  0.000000E+00  5.359644E-01  5.359644E-01
  8.400000E-01  5.020384E+02  5.020384E+02  0.000000E+00  5.346521E-01  5.346521E-01
  8.500000E-01  5.008299E+02  5.008299E+02  0.000000E+00  5.333652E-01  5.333652E-01
  8.600000E-01  4.996447E+02  4.996447E+02  0.000000E+00  5.321029E-01  5.321029E-01
  8.700000E-01  4.984819E+02  4.984819E+02  0.000000E+00  5.308647E-01  5.308647E-01
  8.800000E-01  4.973411E+02  4.973411E+02  0.000000E+00  5.296497E-01  5.296497E-01
  8.900000E-01  4.962215E+02  4.962215E+02  0.000000E+00  5.284574E-01  5.284574E-01
  9.000000E-01  4.951228E+02  4.951228E+02  0.000000E+00  5.272873E-01  5.272873E-01
  9.100000E-01  4.940441E+02  4.940441E+02  0.000000E+00  5.261386E-01  5.261386E-01
  9.200000E-01  4.929852E+02  4.929852E+02  0.000000E+00  5.250108E-01  5.250108E-01
  9.300000E-01  4.919454E+02  4.919454E+02  0.000000E+00  5.239035E-01  5.239035E-01
  9.400000E-01  4.909242E+02  4.909242E+02  0.000000E+00  5.228159E-01  5.228159E-01
  9.500000E-01  4.899211E+02  4.899211E+02  0.000000E+00  5.217477E-01  5.217477E-01
  9.600000E-01  4.889358E+02  4.889358E+02  0.000000E+00  5.206984E-01  5.206984E-01
  9.700000E-01  4.879676E+02  4.879676E+02  0.000000E+00  5.196673E-01  5.196673E-01
  9.800000E-01  4.870163E+02  4.870163E+02  0.000000E+00  5.186542E-01  5.186542E-01
  9.900000E-01  4.860814E+02  4.860814E+02  0.000000E+00  5.176585E-01  5.176585E-01
  1.000000E+00  4.851624E+02  4.851624E+02  0.000000E+00  5.166799E-01  5.166799E-01
  1.010000E+00  4.842590E+02  4.842590E+02  0.000000E+00  5.157178E-01  5.157178E-01
  1.020000E+00  4.833708E+02  4.833708E+02  0.000000E+00  5.147719E-01  5.147719E-01
  1.030000E+00  4.824975E+02  4.824975E+02  0.000000E+00  5.138418E-01  5.138418E-01
  1.040000E+00  4.816386E+02  4.816386E+02  0.000000E+00  5.129271E-01  5.129271E-01
  1.050000E+00  4.807938E+02  4.807938E+02  0.000000E+00  5.120275E-01  5.120275E-01
  1.060000E+00  4.799628E+02  4.799628E+02  0.000000E+00  5.111425E-01  5.111425E-01
  1.070000E+00  4.791453E+02  4.791453E+02  0.000000E+00  5.102719E-01  5.102719E-01
  1.080000E+00  4.783410E+02  4.783410E+02  0.000000E+00  5.094153E-01  5.094153E-01
  1.090000E+00  4.775495E+02  4.775495E+02  0.000000E+00  5.085724E-01  5.085724E-01
  1.100000E+00  4.767705E+02  4.767705E+02  0.000000E+00  5.077428E-01  5.077428E-01
  1.110000E+00  4.760038E+02  4.760038E+02  0.000000E+00  5.069263E-01  5.069263E-01
  1.120000E+00  4.752490E+02  4.752490E+02  0.000000E+00  5.061225E-01  5.061225E-01
  1.130000E+00  4.745060E+02  4.745060E+02  0.000000E+00  5.053312E-01  5.053312E-01
  1.140000E+00  4.737744E+02  4.737744E+02  0.000000E+00  5.045521E-01  5.045521E-01
  1.150000E+00  4.730541E+02  4.730541E+02  0.000000E+00  5.037849E-01  5.037849E-01
  1.160000E+00  4.723446E+02  4.723446E+02  0.000000E+00  5.030294E-01  5.030294E-01
  1.170000E+00  4.716459E+02  4.716459E+02  0.000000E+00  5.022853E-01  5.022853E-01
  1.180000E+00  4.709576E+02  4.709576E+02  0.000000E+00  5.015523E-01  5.015523E-01
  1.190000E+00  4.702796E+02  4.702796E+02  0.000000E+00  5.008303E-01  5.008303E-01
  1.200000E+00  4.696116E+02  4.696116E+02  0.000000E+00  5.001189E-01  5.001189E-01
