  1.000000E-02  2.852983E+00
  2.000000E-02  4.891496E+00
  3.000000E-02  6.763462E+00
  4.000000E-02  8.568963E+00
  5.000000E-02  1.035433E+01
  6.000000E-02  1.214650E+01
  7.000000E-02  1.396285E+01
  8.000000E-02  1.581516E+01
  9.000000E-02  1.771154E+01
  1.000000E-01  1.965757E+01
  1.100000E-01  2.165694E+01
  1.200000E-01  2.371193E+01
  1.300000E-01  2.582373E+01
  1.400000E-01  2.799268E+01
  1.500000E-01  3.021840E+01
  1.600000E-01  3.250000E+01
  1.700000E-01  3.483613E+01
  1.800000E-01  3.722510E+01
  1.900000E-01  3.966496E+01
  2.000000E-01  4.215354E+01
  2.100000E-01  4.468849E+01
  2.200000E-01  4.726738E+01
  2.300000E-01  4.988767E+01
  2.400000E-01  5.254679E+01
  2.500000E-01  5.524213E+01
  2.600000E-01  5.797108E+01
  2.700000E-01  6.073105E+01
  2.800000E-01  6.351949E+01
  2.900000E-01  6.633387E+01
  3.000000E-01  6.917173E+01
  3.100000E-01  7.203067E+01
  3.200000E-01  7.490837E+01
  3.300000E-01  7.780257E+01
  3.400000E-01  8.071109E+01
  3.500000E-01  8.363184E+01
  3.600000E-01  8.656281E+01
  3.700000E-01  8.950207E+01
  3.800000E-01  9.244779E+01
  3.900000E-01  9.539820E+01
  4.000000E-01  9.835164E+01
  4.100000E-01  1.013065E+02
  4.200000E-01  1.042613E+02
  4.300000E-01  1.072147E+02
  4.400000E-01  1.101652E+02
  4.500000E-01  1.131115E+02
  4.600000E-01  1.160526E+02
  4.700000E-01  1.189873E+02
  4.800000E-01  1.219145E+02
  4.900000E-01  1.248332E+02
  5.000000E-01  1.277425E+02
  5.100000E-01  1.306416E+02
  5.200000E-01  1.335296E+02
  5.300000E-01  1.364058E+02
  5.400000E-01  1.392694E+02
  5.500000E-01  1.421199E+02
  5.600000E-01  1.449567E+02
  5.700000E-01  1.477792E+02
  5.800000E-01  1.505868E+02
  5.900000E-01  1.533792E+02
  6.000000E-01  1.561558E+02
  6.100000E-01  1.589164E+02
  6.200000E-01  1.616605E+02
  6.300000E-01  1.643879E+02
  6.400000E-01  1.670982E+02
  6.500000E-01  1.697913E+02
  6.600000E-01  1.724668E+02
  6.700000E-01  1.751245E+02
  6.800000E-01  1.777644E+02
  6.900000E-01  1.803862E+02
  7.000000E-01  1.829898E+02
  7.100000E-01  1.855751E+02
  7.200000E-01  1.881420E+02
  7.300000E-01  1.906904E+02
  7.400000E-01  1.932203E+02
  7.500000E-01  1.957317E+02
  7.600000E-01  1.982245E+02
  7.700000E-01  2.006987E+02
  7.800000E-01  2.031544E+02
  7.900000E-01  2.055914E+02
  8.000000E-01  2.080100E+02
  8.100000E-01  2.104100E+02
  8.200000E-01  2.127916E+02
  8.300000E-01  2.151548E+02
  8.400000E-01  2.174997E+02
  8.500000E-01  2.198264E+02
  8.600000E-01  2.221349E+02
  8.700000E-01  2.244254E+02
  8.800000E-01  2.266978E+02
  8.900000E-01  2.289524E+02
  9.000000E-01  2.311893E+02
  9.100000E-01  2.334085E+02
  9.200000E-01  2.356101E+02
  9.300000E-01  2.377944E+02
  9.400000E-01  2.399614E+02
  9.500000E-01  2.421112E+02
  9.600000E-01  2.442440E+02
  9.700000E-01  2.463599E+02
  9.800000E-01  2.484591E+02
  9.900000E-01  2.505416E+02
  1.000000E+00  2.526077E+02
  1.010000E+00  2.546575E+02
  1.020000E+00  2.566910E+02
  1.030000E+00  2.587086E+02
  1.040000E+00  2.607102E+02
  1.050000E+00  2.626961E+02
  1.060000E+00  2.646664E+02
  1.070000E+00  2.666213E+02
  1.080000E+00  2.685608E+02
  1.090000E+00  2.704852E+02
  1.100000E+00  2.723947E+02
  1.110000E+00  2.742892E+02
  1.120000E+00  2.761691E+02
  1.130000E+00  2.780344E+02
  1.140000E+00  2.798854E+02
  1.150000E+00  2.817220E+02
  1.160000E+00  2.835446E+02
  1.170000E+00  2.853532E+02
  1.180000E+00  2.871481E+02
  1.190000E+00  2.889292E+02
  1.200000E+00  2.906969E+02
