  1.000000E-02 -1.691093E-02  9.381376E+00 -8.623816E-01
  2.000000E-02 -7.177779E-02  1.872740E+01 -2.630173E+00
  3.000000E-02 -1.564376E-01  2.803792E+01 -4.402672E+00
  4.000000E-02 -2.614281E-01  3.731635E+01 -6.091157E+00
  5.000000E-02 -3.772942E-01  4.656681E+01 -7.663849E+00
  6.000000E-02 -4.948180E-01  5.579362E+01 -9.106253E+00
  7.000000E-02 -6.051122E-01  6.500121E+01 -1.041123E+01
  8.000000E-02 -6.996657E-01  7.419397E+01 -1.157540E+01
  9.000000E-02 -7.703653E-01  8.337622E+01 -1.259754E+01
  1.000000E-01 -8.095034E-01  9.255223E+01 -1.347774E+01
  1.100000E-01 -8.097781E-01  1.017261E+02 -1.421698E+01
  1.200000E-01 -7.642868E-01  1.109020E+02 -1.481681E+01
  1.300000E-01 -6.665168E-01  1.200837E+02 -1.527920E+01
  1.400000E-01 -5.103338E-01  1.292751E+02 -1.560638E+01
  1.500000E-01 -2.899680E-01  1.384799E+02 -1.580078E+01
  1.600000E-01  2.297430E-08  1.477016E+02 -1.586500E+01
  1.700000E-01  3.646541E-01  1.569437E+02 -1.580168E+01
  1.800000E-01  8.087578E-01  1.662096E+02 -1.561356E+01
  1.900000E-01  1.336769E+00  1.755024E+02 -1.530337E+01
  2.000000E-01  1.952855E+00  1.848252E+02 -1.487389E+01
  2.100000E-01  2.660908E+00  1.941811E+02 -1.432786E+01
  2.200000E-01  3.464558E+00  2.035730E+02 -1.366803E+01
  2.300000E-01  4.367186E+00  2.130037E+02 -1.289713E+01
  2.400000E-01  5.371941E+00  2.224757E+02 -1.201781E+01
  2.500000E-01  6.481748E+00  2.319918E+02 -1.103274E+01
  2.600000E-01  7.699324E+00  2.415544E+02 -9.944513E+00
  2.700000E-01  9.027190E+00  2.511660E+02 -8.755679E+00
  2.800000E-01  1.046768E+01  2.608288E+02 -7.468744E+00
  2.900000E-01  1.202295E+01  2.705450E+02 -6.086162E+00
  3.000000E-01  1.369499E+01  2.803169E+02 -4.610333E+00
  3.100000E-01  1.548565E+01  2.901465E+02 -3.043604E+00
  3.200000E-01  1.739662E+01  3.000358E+02 -1.388268E+00
  3.300000E-01  1.942945E+01  3.099866E+02  3.534364E-01
  3.400000E-01  2.158558E+01  3.200010E+02  2.179324E+00
  3.500000E-01  2.386631E+01  3.300805E+02  4.087264E+00
  3.600000E-01  2.627284E+01  3.402271E+02  6.075181E+00
  3.700000E-01  2.880626E+01  3.504422E+02  8.141049E+00
  3.800000E-01  3.146757E+01  3.607275E+02  1.028290E+01
  3.900000E-01  3.425766E+01  3.710845E+02  1.249881E+01
  4.000000E-01  3.717735E+01  3.815148E+02  1.478691E+01
  4.100000E-01  4.022737E+01  3.920196E+02  1.714538E+01
  4.200000E-01  4.340839E+01  4.026004E+02  1.957245E+01
  4.300000E-01  4.672100E+01  4.132586E+02  2.206640E+01
  4.400000E-01  5.016571E+01  4.239952E+02  2.462555E+01
  4.500000E-01  5.374299E+01  4.348117E+02  2.724827E+01
  4.600000E-01  5.745325E+01  4.457092E+02  2.993298E+01
  4.700000E-01  6.129685E+01  4.566887E+02  3.267813E+01
  4.800000E-01  6.527409E+01  4.677515E+02  3.548222E+01
  4.900000E-01  6.938523E+01  4.788985E+02  3.834380E+01
  5.000000E-01  7.363050E+01  4.901307E+02  4.126145E+01
  5.100000E-01  7.801006E+01  5.014492E+02  4.423379E+01
  5.200000E-01  8.252407E+01  5.128549E+02  4.725948E+01
  5.300000E-01  8.717264E+01  5.243487E+02  5.033721E+01
  5.400000E-01  9.195584E+01  5.359315E+02  5.346573E+01
  5.500000E-01  9.687373E+01  5.476041E+02  5.664379E+01
  5.600000E-01  1.019263E+02  5.593673E+02  5.987021E+01
  5.700000E-01  1.071136E+02  5.712220E+02  6.314381E+01
  5.800000E-01  1.124356E+02  5.831688E+02  6.646347E+01
  5.900000E-01  1.178923E+02  5.952086E+02  6.982809E+01
  6.000000E-01  1.234835E+02  6.073420E+02  7.323660E+01
  6.100000E-01  1.292093E+02  6.195696E+02  7.668795E+01
  6.200000E-01  1.350694E+02  6.318923E+02  8.018113E+01
  6.300000E-01  1.410639E+02  6.443106E+02  8.371517E+01
  6.400000E-01  1.471925E+02  6.568250E+02  8.728910E+01
  6.500000E-01  1.534552E+02  6.694363E+02  9.090200E+01
  6.600000E-01  1.598518E+02  6.821449E+02  9.455295E+01
  6.700000E-01  1.663821E+02  6.949515E+02  9.824109E+01
  6.800000E-01  1.730460E+02  7.078566E+02  1.019656E+02
  6.900000E-01  1.798433E+02  7.208606E+02  1.057255E+02
  7.000000E-01  1.867738E+02  7.339641E+02  1.095201E+02
  7.100000E-01  1.938374E+02  7.471676E+02  1.133487E+02
  7.200000E-01  2.010338E+02  7.604714E+02  1.172103E+02
  7.300000E-01  2.083628E+02  7.738762E+02  1.211044E+02
  7.400000E-01  2.158243E+02  7.873822E+02  1.250300E+02
  7.500000E-01  2.234180E+02  8.009900E+02  1.289867E+02
  7.600000E-01  2.311438E+02  8.146999E+02  1.329736E+02
  7.700000E-01  2.390013E+02  8.285123E+02  1.369900E+02
  7.800000E-01  2.469905E+02  8.424277E+02  1.410355E+02
  7.900000E-01  2.551110E+02  8.564463E+02  1.451092E+02
  8.000000E-01  2.633627E+02  8.705685E+02  1.492106E+02
  8.100000E-01  2.717453E+02  8.847946E+02  1.533391E+02
  8.200000E-01  2.802587E+02  8.991251E+02  1.574940E+02
  8.300000E-01  2.889025E+02  9.135602E+02  1.616750E+02
  8.400000E-01  2.976766E+02  9.281002E+02  1.658812E+02
  8.500000E-01  3.065807E+02  9.427455E+02  1.701123E+02
  8.600000E-01  3.156147E+02  9.574962E+02  1.743677E+02
  8.700000E-01  3.247782E+02  9.723528E+02  1.786469E+02
  8.800000E-01  3.340711E+02  9.873154E+02  1.829493E+02
  8.900000E-01  3.434932E+02  1.002384E+03  1.872746E+02
  9.000000E-01  3.530442E+02  1.017560E+03  1.916222E+02
  9.100000E-01  3.627239E+02  1.032842E+03  1.959916E+02
  9.200000E-01  3.725321E+02  1.048232E+03  2.003824E+02
  9.300000E-01  3.824685E+02  1.063729E+03  2.047942E+02
  9.400000E-01  3.925330E+02  1.079333E+03  2.092265E+02
  9.500000E-01  4.027254E+02  1.095045E+03  2.136789E+02
  9.600000E-01  4.130453E+02  1.110865E+03  2.181510E+02
  9.700000E-01  4.234927E+02  1.126793E+03  2.226424E+02
  9.800000E-01  4.340672E+02  1.142830E+03  2.271528E+02
  9.900000E-01  4.447688E+02  1.158975E+03  2.316816E+02
  1.000000E+00  4.555971E+02  1.175229E+03  2.362286E+02
  1.010000E+00  4.665520E+02  1.191591E+03  2.407934E+02
  1.020000E+00  4.776332E+02  1.208063E+03  2.453757E+02
  1.030000E+00  4.888406E+02  1.224644E+03  2.499750E+02
  1.040000E+00  5.001740E+02  1.241335E+03  2.545912E+02
  1.050000E+00  5.116332E+02  1.258135E+03  2.592237E+02
  1.060000E+00  5.232179E+02  1.275045E+03  2.638724E+02
  1.070000E+00  5.349281E+02  1.292064E+03  2.685368E+02
  1.080000E+00  5.467634E+02  1.309194E+03  2.732168E+02
  1.090000E+00  5.587237E+02  1.326434E+03  2.779120E+02
  1.100000E+00  5.708088E+02  1.343784E+03  2.826220E+02
  1.110000E+00  5.830186E+02  1.361245E+03  2.873467E+02
  1.120000E+00  5.953528E+02  1.378816E+03  2.920858E+02
  1.130000E+00  6.078112E+02  1.396498E+03  2.968389E+02
  1.140000E+00  6.203938E+02  1.414291E+03  3.016058E+02
  1.150000E+00  6.331002E+02  1.432194E+03  3.063863E+02
  1.160000E+00  6.459304E+02  1.450209E+03  3.111800E+02
  1.170000E+00  6.588842E+02  1.468335E+03  3.159868E+02
  1.180000E+00  6.719613E+02  1.486572E+03  3.208064E+02
  1.190000E+00  6.851617E+02  1.504920E+03  3.256386E+02
  1.200000E+00  6.984852E+02  1.523380E+03  3.304831E+02
