  1.000000E-02  9.203580E+02
  1.200000E-02  9.167615E+02
  1.400000E-02  9.132065E+02
  1.600000E-02  9.096922E+02
  1.800000E-02  9.062180E+02
  2.000000E-02  9.027829E+02
  2.200000E-02  8.993865E+02
  2.400000E-02  8.960281E+02
  2.600000E-02  8.927069E+02
  2.800000E-02  8.894226E+02
  3.000000E-02  8.861743E+02
  3.200000E-02  8.829617E+02
  3.400000E-02  8.797842E+02
  3.600000E-02  8.766411E+02
  3.800000E-02  8.735321E+02
  4.000000E-02  8.704565E+02
  4.200000E-02  8.674139E+02
  4.400000E-02  8.644038E+02
  4.600000E-02  8.614258E+02
  4.800000E-02  8.584792E+02
  5.000000E-02  8.555638E+02
  5.200000E-02  8.526790E+02
  5.400000E-02  8.498245E+02
  5.600000E-02  8.469996E+02
  5.800000E-02  8.442042E+02
  6.000000E-02  8.414376E+02
  6.200000E-02  8.386996E+02
  6.400000E-02  8.359897E+02
  6.600000E-02  8.333075E+02
  6.800000E-02  8.306526E+02
  7.000000E-02  8.280246E+02
  7.200000E-02  8.254233E+02
  7.400000E-02  8.228481E+02
  7.600000E-02  8.202988E+02
  7.800000E-02  8.177749E+02
  8.000000E-02  8.152762E+02
  8.200000E-02  8.128023E+02
  8.400000E-02  8.103528E+02
  8.600000E-02  8.079274E+02
  8.800000E-02  8.055258E+02
  9.000000E-02  8.031477E+02
  9.200000E-02  8.007926E+02
  9.400000E-02  7.984605E+02
  9.600000E-02  7.961508E+02
  9.800000E-02  7.938634E+02
  1.000000E-01  7.915979E+02
  1.020000E-01  7.893540E+02
  1.040000E-01  7.871314E+02
  1.060000E-01  7.849299E+02
  1.080000E-01  7.827492E+02
  1.100000E-01  7.805890E+02
  1.120000E-01  7.784490E+02
  1.140000E-01  7.763289E+02
  1.160000E-01  7.742286E+02
  1.180000E-01  7.721477E+02
  1.200000E-01  7.700860E+02
  1.220000E-01  7.680433E+02
  1.240000E-01  7.660192E+02
  1.260000E-01  7.640136E+02
  1.280000E-01  7.620263E+02
  1.300000E-01  7.600569E+02
  1.320000E-01  7.581052E+02
  1.340000E-01  7.561711E+02
  1.360000E-01  7.542543E+02
  1.380000E-01  7.523539E+02
  1.400000E-01  7.504694E+02
  1.420000E-01  7.486009E+02
  1.440000E-01  7.467484E+02
  1.460000E-01  7.449117E+02
  1.480000E-01  7.430908E+02
  1.500000E-01  7.412854E+02
  1.520000E-01  7.394953E+02
  1.540000E-01  7.377205E+02
  1.560000E-01  7.359607E+02
  1.580000E-01  7.342157E+02
  1.600000E-01  7.324854E+02
  1.620000E-01  7.307697E+02
  1.640000E-01  7.290682E+02
  1.660000E-01  7.273810E+02
  1.680000E-01  7.257078E+02
  1.700000E-01  7.240485E+02
  1.720000E-01  7.224029E+02
  1.740000E-01  7.207708E+02
  1.760000E-01  7.191521E+02
  1.780000E-01  7.175467E+02
  1.800000E-01  7.159544E+02
  1.820000E-01  7.143750E+02
  1.840000E-01  7.128084E+02
  1.860000E-01  7.112545E+02
  1.880000E-01  7.097132E+02
  1.900000E-01  7.081842E+02
  1.920000E-01  7.066674E+02
  1.940000E-01  7.051628E+02
  1.960000E-01  7.036702E+02
  1.980000E-01  7.021894E+02
  2.000000E-01  7.007203E+02
  2.020000E-01  6.992629E+02
  2.040000E-01  6.978169E+02
  2.060000E-01  6.963822E+02
  2.080000E-01  6.949588E+02
  2.100000E-01  6.935465E+02
  2.120000E-01  6.921452E+02
  2.140000E-01  6.907548E+02
  2.160000E-01  6.893751E+02
  2.180000E-01  6.880061E+02
  2.200000E-01  6.866476E+02
  2.220000E-01  6.852996E+02
  2.240000E-01  6.839618E+02
  2.260000E-01  6.826343E+02
  2.280000E-01  6.813169E+02
  2.300000E-01  6.800095E+02
  2.320000E-01  6.787120E+02
  2.340000E-01  6.774243E+02
  2.360000E-01  6.761463E+02
  2.380000E-01  6.748780E+02
  2.400000E-01  6.736191E+02
  2.420000E-01  6.723696E+02
  2.440000E-01  6.711295E+02
  2.460000E-01  6.698985E+02
  2.480000E-01  6.686767E+02
  2.500000E-01  6.674640E+02
  2.520000E-01  6.662602E+02
  2.540000E-01  6.650653E+02
  2.560000E-01  6.638791E+02
  2.580000E-01  6.627016E+02
  2.600000E-01  6.615328E+02
  2.620000E-01  6.603724E+02
  2.640000E-01  6.592205E+02
  2.660000E-01  6.580770E+02
  2.680000E-01  6.569417E+02
  2.700000E-01  6.558146E+02
  2.720000E-01  6.546956E+02
  2.740000E-01  6.535847E+02
  2.760000E-01  6.524817E+02
  2.780000E-01  6.513866E+02
  2.800000E-01  6.502994E+02
  2.820000E-01  6.492198E+02
  2.840000E-01  6.481479E+02
  2.860000E-01  6.470836E+02
  2.880000E-01  6.460269E+02
  2.900000E-01  6.449775E+02
  2.920000E-01  6.439356E+02
  2.940000E-01  6.429009E+02
  2.960000E-01  6.418735E+02
  2.980000E-01  6.408532E+02
  3.000000E-01  6.398401E+02
  3.020000E-01  6.388340E+02
  3.040000E-01  6.378348E+02
  3.060000E-01  6.368426E+02
  3.080000E-01  6.358572E+02
  3.100000E-01  6.348785E+02
  3.120000E-01  6.339066E+02
  3.140000E-01  6.329414E+02
  3.160000E-01  6.319827E+02
  3.180000E-01  6.310306E+02
  3.200000E-01  6.300849E+02
  3.220000E-01  6.291457E+02
  3.240000E-01  6.282128E+02
  3.260000E-01  6.272862E+02
  3.280000E-01  6.263658E+02
  3.300000E-01  6.254516E+02
  3.320000E-01  6.245436E+02
  3.340000E-01  6.236416E+02
  3.360000E-01  6.227456E+02
  3.380000E-01  6.218556E+02
  3.400000E-01  6.209715E+02
  3.420000E-01  6.200933E+02
  3.440000E-01  6.192208E+02
  3.460000E-01  6.183542E+02
  3.480000E-01  6.174932E+02
  3.500000E-01  6.166378E+02
  3.520000E-01  6.157881E+02
  3.540000E-01  6.149439E+02
  3.560000E-01  6.141052E+02
  3.580000E-01  6.132719E+02
  3.600000E-01  6.124441E+02
  3.620000E-01  6.116216E+02
  3.640000E-01  6.108044E+02
  3.660000E-01  6.099925E+02
  3.680000E-01  6.091858E+02
  3.700000E-01  6.083842E+02
  3.720000E-01  6.075878E+02
  3.740000E-01  6.067965E+02
  3.760000E-01  6.060102E+02
  3.780000E-01  6.052289E+02
  3.800000E-01  6.044525E+02
  3.820000E-01  6.036810E+02
  3.840000E-01  6.029145E+02
  3.860000E-01  6.021527E+02
  3.880000E-01  6.013957E+02
  3.900000E-01  6.006434E+02
  3.920000E-01  5.998959E+02
  3.940000E-01  5.991530E+02
  3.960000E-01  5.984147E+02
  3.980000E-01  5.976810E+02
  4.000000E-01  5.969518E+02
  4.020000E-01  5.962271E+02
  4.040000E-01  5.955069E+02
  4.060000E-01  5.947911E+02
  4.080000E-01  5.940797E+02
  4.100000E-01  5.933727E+02
  4.120000E-01  5.926700E+02
  4.140000E-01  5.919715E+02
  4.160000E-01  5.912773E+02
  4.180000E-01  5.905873E+02
  4.200000E-01  5.899014E+02
  4.220000E-01  5.892197E+02
  4.240000E-01  5.885421E+02
  4.260000E-01  5.878686E+02
  4.280000E-01  5.871991E+02
  4.300000E-01  5.865336E+02
  4.320000E-01  5.861245E+02
  4.340000E-01  5.856307E+02
  4.360000E-01  5.851478E+02
  4.380000E-01  5.846731E+02
  4.400000E-01  5.842050E+02
  4.420000E-01  5.837426E+02
  4.440000E-01  5.832851E+02
  4.460000E-01  5.828321E+02
  4.480000E-01  5.823831E+02
  4.500000E-01  5.819378E+02
  4.520000E-01  5.814960E+02
  4.540000E-01  5.810575E+02
  4.560000E-01  5.806221E+02
  4.580000E-01  5.801896E+02
  4.600000E-01  5.797600E+02
  4.620000E-01  5.793330E+02
  4.640000E-01  5.789087E+02
  4.660000E-01  5.784868E+02
  4.680000E-01  5.780674E+02
  4.700000E-01  5.776504E+02
  4.720000E-01  5.772356E+02
  4.740000E-01  5.768231E+02
  4.760000E-01  5.764128E+02
  4.780000E-01  5.760046E+02
  4.800000E-01  5.755984E+02
  4.820000E-01  5.751943E+02
  4.840000E-01  5.747922E+02
  4.860000E-01  5.743920E+02
  4.880000E-01  5.739938E+02
  4.900000E-01  5.735974E+02
  4.920000E-01  5.732029E+02
  4.940000E-01  5.728101E+02
  4.960000E-01  5.724192E+02
  4.980000E-01  5.720300E+02
  5.000000E-01  5.716426E+02
  5.020000E-01  5.712569E+02
  5.040000E-01  5.708728E+02
  5.060000E-01  5.704904E+02
  5.080000E-01  5.701097E+02
  5.100000E-01  5.697305E+02
  5.120000E-01  5.693530E+02
  5.140000E-01  5.689770E+02
  5.160000E-01  5.686026E+02
  5.180000E-01  5.682297E+02
  5.200000E-01  5.678583E+02
  5.220000E-01  5.674885E+02
  5.240000E-01  5.671201E+02
  5.260000E-01  5.667531E+02
  5.280000E-01  5.663877E+02
  5.300000E-01  5.660236E+02
  5.320000E-01  5.656610E+02
  5.340000E-01  5.652998E+02
  5.360000E-01  5.649399E+02
  5.380000E-01  5.645815E+02
  5.400000E-01  5.642244E+02
  5.420000E-01  5.638687E+02
  5.440000E-01  5.635142E+02
  5.460000E-01  5.631612E+02
  5.480000E-01  5.628094E+02
  5.500000E-01  5.624589E+02
  5.520000E-01  5.621097E+02
  5.540000E-01  5.617618E+02
  5.560000E-01  5.614151E+02
  5.580000E-01  5.610697E+02
  5.600000E-01  5.607256E+02
  5.620000E-01  5.603827E+02
  5.640000E-01  5.600410E+02
  5.660000E-01  5.597005E+02
  5.680000E-01  5.593612E+02
  5.700000E-01  5.590230E+02
  5.720000E-01  5.586861E+02
  5.740000E-01  5.583504E+02
  5.760000E-01  5.580158E+02
  5.780000E-01  5.576823E+02
  5.800000E-01  5.573500E+02
  5.820000E-01  5.570188E+02
  5.840000E-01  5.566888E+02
  5.860000E-01  5.563599E+02
  5.880000E-01  5.560320E+02
  5.900000E-01  5.557053E+02
  5.920000E-01  5.553797E+02
  5.940000E-01  5.550551E+02
  5.960000E-01  5.547317E+02
  5.980000E-01  5.544092E+02
  6.000000E-01  5.540879E+02
  6.020000E-01  5.537676E+02
  6.040000E-01  5.534483E+02
  6.060000E-01  5.531301E+02
  6.080000E-01  5.528129E+02
  6.100000E-01  5.524968E+02
  6.120000E-01  5.521816E+02
  6.140000E-01  5.518675E+02
  6.160000E-01  5.515543E+02
  6.180000E-01  5.512422E+02
  6.200000E-01  5.509310E+02
  6.220000E-01  5.506208E+02
  6.240000E-01  5.503116E+02
  6.260000E-01  5.500034E+02
  6.280000E-01  5.496961E+02
  6.300000E-01  5.493897E+02
  6.320000E-01  5.490844E+02
  6.340000E-01  5.487799E+02
  6.360000E-01  5.484764E+02
  6.380000E-01  5.481738E+02
  6.400000E-01  5.478722E+02
  6.420000E-01  5.475714E+02
  6.440000E-01  5.472716E+02
  6.460000E-01  5.469727E+02
  6.480000E-01  5.466747E+02
  6.500000E-01  5.463776E+02
  6.520000E-01  5.460813E+02
  6.540000E-01  5.457860E+02
  6.560000E-01  5.454915E+02
  6.580000E-01  5.451979E+02
  6.600000E-01  5.449052E+02
  6.620000E-01  5.446133E+02
  6.640000E-01  5.443223E+02
  6.660000E-01  5.440321E+02
  6.680000E-01  5.437428E+02
  6.700000E-01  5.434543E+02
  6.720000E-01  5.431667E+02
  6.740000E-01  5.428799E+02
  6.760000E-01  5.425939E+02
  6.780000E-01  5.423087E+02
  6.800000E-01  5.420244E+02
  6.820000E-01  5.417409E+02
  6.840000E-01  5.414582E+02
  6.860000E-01  5.411762E+02
  6.880000E-01  5.408951E+02
  6.900000E-01  5.406148E+02
  6.920000E-01  5.403353E+02
  6.940000E-01  5.400565E+02
  6.960000E-01  5.397785E+02
  6.980000E-01  5.395014E+02
  7.000000E-01  5.392249E+02
  7.020000E-01  5.389493E+02
  7.040000E-01  5.386744E+02
  7.060000E-01  5.384003E+02
  7.080000E-01  5.381269E+02
  7.100000E-01  5.378543E+02
  7.120000E-01  5.375824E+02
  7.140000E-01  5.373112E+02
  7.160000E-01  5.370408E+02
  7.180000E-01  5.367712E+02
  7.200000E-01  5.365023E+02
  7.220000E-01  5.362341E+02
  7.240000E-01  5.359666E+02
  7.260000E-01  5.356998E+02
  7.280000E-01  5.354338E+02
  7.300000E-01  5.351684E+02
  7.320000E-01  5.349038E+02
  7.340000E-01  5.346399E+02
  7.360000E-01  5.343767E+02
  7.380000E-01  5.341142E+02
  7.400000E-01  5.338523E+02
  7.420000E-01  5.335912E+02
  7.440000E-01  5.333308E+02
  7.460000E-01  5.330710E+02
  7.480000E-01  5.328119E+02
  7.500000E-01  5.325535E+02
  7.520000E-01  5.322958E+02
  7.540000E-01  5.320387E+02
  7.560000E-01  5.317823E+02
  7.580000E-01  5.315266E+02
  7.600000E-01  5.312715E+02
  7.620000E-01  5.310171E+02
  7.640000E-01  5.307633E+02
  7.660000E-01  5.305102E+02
  7.680000E-01  5.302577E+02
  7.700000E-01  5.300059E+02
  7.720000E-01  5.297547E+02
  7.740000E-01  5.295042E+02
  7.760000E-01  5.292543E+02
  7.780000E-01  5.290050E+02
  7.800000E-01  5.287564E+02
  7.820000E-01  5.285084E+02
  7.840000E-01  5.282610E+02
  7.860000E-01  5.280142E+02
  7.880000E-01  5.277680E+02
  7.900000E-01  5.275225E+02
  7.920000E-01  5.272776E+02
  7.940000E-01  5.270333E+02
  7.960000E-01  5.267895E+02
  7.980000E-01  5.265464E+02
  8.000000E-01  5.263039E+02
  8.020000E-01  5.260620E+02
  8.040000E-01  5.258207E+02
  8.060000E-01  5.255800E+02
  8.080000E-01  5.253399E+02
  8.100000E-01  5.251003E+02
  8.120000E-01  5.248614E+02
  8.140000E-01  5.246230E+02
  8.160000E-01  5.243852E+02
  8.180000E-01  5.241480E+02
  8.200000E-01  5.239113E+02
  8.220000E-01  5.236753E+02
  8.240000E-01  5.234398E+02
  8.260000E-01  5.232048E+02
  8.280000E-01  5.229705E+02
  8.300000E-01  5.227367E+02
  8.320000E-01  5.225034E+02
  8.340000E-01  5.222707E+02
  8.360000E-01  5.220386E+02
  8.380000E-01  5.218070E+02
  8.400000E-01  5.215760E+02
  8.420000E-01  5.213455E+02
  8.440000E-01  5.211156E+02
  8.460000E-01  5.208862E+02
  8.480000E-01  5.206573E+02
  8.500000E-01  5.204290E+02
  8.520000E-01  5.202012E+02
  8.540000E-01  5.199740E+02
  8.560000E-01  5.197473E+02
  8.580000E-01  5.195211E+02
  8.600000E-01  5.192954E+02
  8.620000E-01  5.190703E+02
  8.640000E-01  5.188457E+02
  8.660000E-01  5.186216E+02
  8.680000E-01  5.183980E+02
  8.700000E-01  5.181749E+02
  8.720000E-01  5.179930E+02
  8.740000E-01  5.178026E+02
  8.760000E-01  5.176170E+02
  8.780000E-01  5.174350E+02
  8.800000E-01  5.172562E+02
  8.820000E-01  5.170800E+02
  8.840000E-01  5.169063E+02
  8.860000E-01  5.167346E+02
  8.880000E-01  5.165648E+02
  8.900000E-01  5.163968E+02
  8.920000E-01  5.162304E+02
  8.940000E-01  5.160655E+02
  8.960000E-01  5.159019E+02
  8.980000E-01  5.157396E+02
  9.000000E-01  5.155785E+02
  9.020000E-01  5.154185E+02
  9.040000E-01  5.152597E+02
  9.060000E-01  5.151018E+02
  9.080000E-01  5.149448E+02
  9.100000E-01  5.147888E+02
  9.120000E-01  5.146337E+02
  9.140000E-01  5.144793E+02
  9.160000E-01  5.143258E+02
  9.180000E-01  5.141730E+02
  9.200000E-01  5.140209E+02
  9.220000E-01  5.138695E+02
  9.240000E-01  5.137187E+02
  9.260000E-01  5.135685E+02
  9.280000E-01  5.134187E+02
  9.300000E-01  5.132694E+02
  9.320000E-01  5.131208E+02
  9.340000E-01  5.129728E+02
  9.360000E-01  5.128255E+02
  9.380000E-01  5.126788E+02
  9.400000E-01  5.125327E+02
  9.420000E-01  5.123872E+02
  9.440000E-01  5.122423E+02
  9.460000E-01  5.120980E+02
  9.480000E-01  5.119543E+02
  9.500000E-01  5.118111E+02
  9.520000E-01  5.116684E+02
  9.540000E-01  5.115263E+02
  9.560000E-01  5.113847E+02
  9.580000E-01  5.112436E+02
  9.600000E-01  5.111030E+02
  9.620000E-01  5.109629E+02
  9.640000E-01  5.108233E+02
  9.660000E-01  5.106842E+02
  9.680000E-01  5.105455E+02
  9.700000E-01  5.104073E+02
  9.720000E-01  5.102695E+02
  9.740000E-01  5.101322E+02
  9.760000E-01  5.099953E+02
  9.780000E-01  5.098589E+02
  9.800000E-01  5.097229E+02
  9.820000E-01  5.095873E+02
  9.840000E-01  5.094522E+02
  9.860000E-01  5.093174E+02
  9.880000E-01  5.091831E+02
  9.900000E-01  5.090491E+02
  9.920000E-01  5.089156E+02
  9.940000E-01  5.087824E+02
  9.960000E-01  5.086496E+02
  9.980000E-01  5.085172E+02
  1.000000E+00  5.083852E+02
  1.002000E+00  5.082536E+02
  1.004000E+00  5.081223E+02
  1.006000E+00  5.079914E+02
  1.008000E+00  5.078609E+02
  1.010000E+00  5.077307E+02
  1.012000E+00  5.076009E+02
  1.014000E+00  5.074714E+02
  1.016000E+00  5.073423E+02
  1.018000E+00  5.072136E+02
  1.020000E+00  5.070851E+02
  1.022000E+00  5.069570E+02
  1.024000E+00  5.068293E+02
  1.026000E+00  5.067019E+02
  1.028000E+00  5.065748E+02
  1.030000E+00  5.064480E+02
  1.032000E+00  5.063216E+02
  1.034000E+00  5.061955E+02
  1.036000E+00  5.060697E+02
  1.038000E+00  5.059442E+02
  1.040000E+00  5.058191E+02
  1.042000E+00  5.056942E+02
  1.044000E+00  5.055697E+02
  1.046000E+00  5.054455E+02
  1.048000E+00  5.053215E+02
  1.050000E+00  5.051979E+02
  1.052000E+00  5.050746E+02
  1.054000E+00  5.049516E+02
  1.056000E+00  5.048289E+02
  1.058000E+00  5.047065E+02
  1.060000E+00  5.045844E+02
  1.062000E+00  5.044625E+02
  1.064000E+00  5.043410E+02
  1.066000E+00  5.042197E+02
  1.068000E+00  5.040988E+02
  1.070000E+00  5.039781E+02
  1.072000E+00  5.038577E+02
  1.074000E+00  5.037376E+02
  1.076000E+00  5.036178E+02
  1.078000E+00  5.034982E+02
  1.080000E+00  5.033789E+02
  1.082000E+00  5.032599E+02
  1.084000E+00  5.031412E+02
  1.086000E+00  5.030227E+02
  1.088000E+00  5.029045E+02
  1.090000E+00  5.027866E+02
  1.092000E+00  5.026690E+02
  1.094000E+00  5.025516E+02
  1.096000E+00  5.024345E+02
  1.098000E+00  5.023176E+02
  1.100000E+00  5.022011E+02
  1.102000E+00  5.020847E+02
  1.104000E+00  5.019687E+02
  1.106000E+00  5.018528E+02
  1.108000E+00  5.017373E+02
  1.110000E+00  5.016220E+02
  1.112000E+00  5.015070E+02
  1.114000E+00  5.013922E+02
  1.116000E+00  5.012776E+02
  1.118000E+00  5.011634E+02
  1.120000E+00  5.010493E+02
  1.122000E+00  5.009356E+02
  1.124000E+00  5.008220E+02
  1.126000E+00  5.007087E+02
  1.128000E+00  5.005957E+02
  1.130000E+00  5.004829E+02
  1.132000E+00  5.003703E+02
  1.134000E+00  5.002580E+02
  1.136000E+00  5.001460E+02
  1.138000E+00  5.000342E+02
  1.140000E+00  4.999226E+02
  1.142000E+00  4.998112E+02
  1.144000E+00  4.997001E+02
  1.146000E+00  4.995892E+02
  1.148000E+00  4.994786E+02
  1.150000E+00  4.993682E+02
  1.152000E+00  4.992580E+02
  1.154000E+00  4.991481E+02
  1.156000E+00  4.990384E+02
  1.158000E+00  4.989290E+02
  1.160000E+00  4.988197E+02
  1.162000E+00  4.987107E+02
  1.164000E+00  4.986019E+02
  1.166000E+00  4.984934E+02
  1.168000E+00  4.983851E+02
  1.170000E+00  4.982770E+02
  1.172000E+00  4.981691E+02
  1.174000E+00  4.980650E+02
  1.176000E+00  4.979573E+02
  1.178000E+00  4.978499E+02
  1.180000E+00  4.977427E+02
  1.182000E+00  4.976358E+02
  1.184000E+00  4.975291E+02
  1.186000E+00  4.974226E+02
  1.188000E+00  4.973163E+02
  1.190000E+00  4.972103E+02
  1.192000E+00  4.971045E+02
  1.194000E+00  4.969989E+02
  1.196000E+00  4.968936E+02
  1.198000E+00  4.967884E+02
  1.200000E+00  4.966835E+02
