  1.000000E-02  3.525204E-02 -5.251026E-02 -1.784156E-02 -4.481897E-03
  1.200000E-02  4.958951E-02 -7.464901E-02 -2.554023E-02 -6.100690E-03
  1.400000E-02  6.599663E-02 -1.003891E-01 -3.458682E-02 -7.898888E-03
  1.600000E-02  8.434650E-02 -1.296357E-01 -4.497602E-02 -9.862315E-03
  1.800000E-02  1.045213E-01 -1.623008E-01 -5.670456E-02 -1.197934E-02
  2.000000E-02  1.264111E-01 -1.983027E-01 -6.977084E-02 -1.424021E-02
  2.200000E-02  1.499130E-01 -2.375644E-01 -8.417465E-02 -1.663665E-02
  2.400000E-02  1.749301E-01 -2.800133E-01 -9.991700E-02 -1.916150E-02
  2.600000E-02  2.013711E-01 -3.255803E-01 -1.169999E-01 -2.180856E-02
  2.800000E-02  2.291498E-01 -3.741998E-01 -1.354264E-01 -2.457236E-02
  3.000000E-02  2.581846E-01 -4.258088E-01 -1.552002E-01 -2.744809E-02
  3.200000E-02  2.883981E-01 -4.803469E-01 -1.763259E-01 -3.043146E-02
  3.400000E-02  3.197169E-01 -5.377562E-01 -1.988088E-01 -3.351865E-02
  3.600000E-02  3.520709E-01 -5.979805E-01 -2.226547E-01 -3.670624E-02
  3.800000E-02  3.853939E-01 -6.609657E-01 -2.478700E-01 -3.999115E-02
  4.000000E-02  4.196223E-01 -7.266592E-01 -2.744619E-01 -4.337059E-02
  4.200000E-02  4.546958E-01 -7.950101E-01 -3.024378E-01 -4.684208E-02
  4.400000E-02  4.905569E-01 -8.659689E-01 -3.318058E-01 -5.040333E-02
  4.600000E-02  5.271504E-01 -9.394873E-01 -3.625744E-01 -5.405231E-02
  4.800000E-02  5.644238E-01 -1.015518E+00 -3.947526E-01 -5.778717E-02
  5.000000E-02  6.023268E-01 -1.094016E+00 -4.283498E-01 -6.160621E-02
  5.200000E-02  6.408114E-01 -1.174935E+00 -4.633759E-01 -6.550793E-02
  5.400000E-02  6.798317E-01 -1.258231E+00 -4.998410E-01 -6.949094E-02
  5.600000E-02  7.193436E-01 -1.343863E+00 -5.377559E-01 -7.355401E-02
  5.800000E-02  7.593049E-01 -1.431787E+00 -5.771317E-01 -7.769603E-02
  6.000000E-02  7.996755E-01 -1.521961E+00 -6.179796E-01 -8.191598E-02
  6.200000E-02  8.404166E-01 -1.614346E+00 -6.603116E-01 -8.621296E-02
  6.400000E-02  8.814913E-01 -1.708901E+00 -7.041397E-01 -9.058618E-02
  6.600000E-02  9.228640E-01 -1.805587E+00 -7.494766E-01 -9.503491E-02
  6.800000E-02  9.645009E-01 -1.904366E+00 -7.963350E-01 -9.955852E-02
  7.000000E-02  1.006369E+00 -2.005198E+00 -8.447282E-01 -1.041565E-01
  7.200000E-02  1.048438E+00 -2.108047E+00 -8.946698E-01 -1.088282E-01
  7.400000E-02  1.090678E+00 -2.212876E+00 -9.461736E-01 -1.135734E-01
  7.600000E-02  1.133059E+00 -2.319648E+00 -9.992537E-01 -1.183917E-01
  7.800000E-02  1.175555E+00 -2.428328E+00 -1.053925E+00 -1.232827E-01
  8.000000E-02  1.218140E+00 -2.538879E+00 -1.110202E+00 -1.282462E-01
  8.200000E-02  1.260787E+00 -2.651269E+00 -1.168099E+00 -1.332821E-01
  8.400000E-02  1.303473E+00 -2.765461E+00 -1.227633E+00 -1.383901E-01
  8.600000E-02  1.346176E+00 -2.881421E+00 -1.288819E+00 -1.435702E-01
  8.800000E-02  1.388872E+00 -2.999118E+00 -1.351673E+00 -1.488222E-01
  9.000000E-02  1.431541E+00 -3.118517E+00 -1.416211E+00 -1.541462E-01
  9.200000E-02  1.474163E+00 -3.239586E+00 -1.482450E+00 -1.595422E-01
  9.400000E-02  1.516719E+00 -3.362293E+00 -1.550406E+00 -1.650101E-01
  9.600000E-02  1.559189E+00 -3.486607E+00 -1.620097E+00 -1.705501E-01
  9.800000E-02  1.601557E+00 -3.612496E+00 -1.691540E+00 -1.761622E-01
  1.000000E-01  1.643805E+00 -3.739929E+00 -1.764751E+00 -1.818466E-01
  1.020000E-01  1.685918E+00 -3.868876E+00 -1.839750E+00 -1.876033E-01
  1.040000E-01  1.727880E+00 -3.999307E+00 -1.916553E+00 -1.934325E-01
  1.060000E-01  1.769677E+00 -4.131193E+00 -1.995179E+00 -1.993345E-01
  1.080000E-01  1.811295E+00 -4.264505E+00 -2.075646E+00 -2.053093E-01
  1.100000E-01  1.852721E+00 -4.399214E+00 -2.157972E+00 -2.113571E-01
  1.120000E-01  1.893942E+00 -4.535292E+00 -2.242176E+00 -2.174782E-01
  1.140000E-01  1.934946E+00 -4.672711E+00 -2.328277E+00 -2.236729E-01
  1.160000E-01  1.975723E+00 -4.811444E+00 -2.416294E+00 -2.299412E-01
  1.180000E-01  2.016261E+00 -4.951464E+00 -2.506246E+00 -2.362834E-01
  1.200000E-01  2.056550E+00 -5.092745E+00 -2.598151E+00 -2.426998E-01
  1.220000E-01  2.096582E+00 -5.235261E+00 -2.692028E+00 -2.491907E-01
  1.240000E-01  2.136346E+00 -5.378987E+00 -2.787898E+00 -2.557561E-01
  1.260000E-01  2.175835E+00 -5.523897E+00 -2.885780E+00 -2.623965E-01
  1.280000E-01  2.215041E+00 -5.669966E+00 -2.985692E+00 -2.691120E-01
  1.300000E-01  2.253955E+00 -5.817172E+00 -3.087655E+00 -2.759028E-01
  1.320000E-01  2.292572E+00 -5.965489E+00 -3.191687E+00 -2.827692E-01
  1.340000E-01  2.330884E+00 -6.114896E+00 -3.297809E+00 -2.897115E-01
  1.360000E-01  2.368886E+00 -6.265368E+00 -3.406040E+00 -2.967298E-01
  1.380000E-01  2.406317E+00 -6.416214E+00 -3.517038E+00 -3.038981E-01
  1.400000E-01  2.442971E+00 -6.566866E+00 -3.631367E+00 -3.112768E-01
  1.420000E-01  2.479056E+00 -6.717839E+00 -3.748558E+00 -3.188068E-01
  1.440000E-01  2.514626E+00 -6.869258E+00 -3.868506E+00 -3.264722E-01
  1.460000E-01  2.549709E+00 -7.021178E+00 -3.991170E+00 -3.342652E-01
  1.480000E-01  2.584323E+00 -7.173627E+00 -4.116534E+00 -3.421804E-01
  1.500000E-01  2.618480E+00 -7.326620E+00 -4.244594E+00 -3.502144E-01
  1.520000E-01  2.652189E+00 -7.480165E+00 -4.375354E+00 -3.583644E-01
  1.540000E-01  2.685458E+00 -7.634265E+00 -4.508818E+00 -3.666282E-01
  1.560000E-01  2.718294E+00 -7.788921E+00 -4.644997E+00 -3.750041E-01
  1.580000E-01  2.750701E+00 -7.944131E+00 -4.783902E+00 -3.834903E-01
  1.600000E-01  2.782686E+00 -8.099893E+00 -4.925545E+00 -3.920857E-01
  1.620000E-01  2.814252E+00 -8.256203E+00 -5.069940E+00 -4.007888E-01
  1.640000E-01  2.845405E+00 -8.413056E+00 -5.217099E+00 -4.095986E-01
  1.660000E-01  2.876148E+00 -8.570449E+00 -5.367036E+00 -4.185140E-01
  1.680000E-01  2.906486E+00 -8.728377E+00 -5.519766E+00 -4.275339E-01
  1.700000E-01  2.936424E+00 -8.886836E+00 -5.675301E+00 -4.366572E-01
  1.720000E-01  2.965965E+00 -9.045820E+00 -5.833656E+00 -4.458831E-01
  1.740000E-01  2.995113E+00 -9.205326E+00 -5.994844E+00 -4.552106E-01
  1.760000E-01  3.023873E+00 -9.365350E+00 -6.158878E+00 -4.646387E-01
  1.780000E-01  3.052249E+00 -9.525888E+00 -6.325771E+00 -4.741664E-01
  1.800000E-01  3.080246E+00 -9.686936E+00 -6.495536E+00 -4.837929E-01
  1.820000E-01  3.107867E+00 -9.848490E+00 -6.668185E+00 -4.935172E-01
  1.840000E-01  3.135116E+00 -1.001055E+01 -6.843730E+00 -5.033383E-01
  1.860000E-01  3.162000E+00 -1.017311E+01 -7.022182E+00 -5.132553E-01
  1.880000E-01  3.188520E+00 -1.033616E+01 -7.203552E+00 -5.232672E-01
  1.900000E-01  3.214683E+00 -1.049972E+01 -7.387851E+00 -5.333731E-01
  1.920000E-01  3.240492E+00 -1.066376E+01 -7.575089E+00 -5.435720E-01
  1.940000E-01  3.265953E+00 -1.082830E+01 -7.765275E+00 -5.538630E-01
  1.960000E-01  3.291069E+00 -1.099333E+01 -7.958419E+00 -5.642449E-01
  1.980000E-01  3.315844E+00 -1.115885E+01 -8.154530E+00 -5.747169E-01
  2.000000E-01  3.340284E+00 -1.132486E+01 -8.353615E+00 -5.852779E-01
  2.020000E-01  3.364394E+00 -1.149135E+01 -8.555683E+00 -5.959270E-01
  2.040000E-01  3.388176E+00 -1.165834E+01 -8.760741E+00 -6.066630E-01
  2.060000E-01  3.411637E+00 -1.182581E+01 -8.968796E+00 -6.174850E-01
  2.080000E-01  3.434781E+00 -1.199376E+01 -9.179854E+00 -6.283919E-01
  2.100000E-01  3.457611E+00 -1.216221E+01 -9.393921E+00 -6.393828E-01
  2.120000E-01  3.480133E+00 -1.233114E+01 -9.611003E+00 -6.504564E-01
  2.140000E-01  3.502351E+00 -1.250056E+01 -9.831104E+00 -6.616118E-01
  2.160000E-01  3.524270E+00 -1.267047E+01 -1.005423E+01 -6.728480E-01
  2.180000E-01  3.545894E+00 -1.284087E+01 -1.028038E+01 -6.841637E-01
  2.200000E-01  3.567227E+00 -1.301176E+01 -1.050957E+01 -6.955581E-01
  2.220000E-01  3.588274E+00 -1.318314E+01 -1.074179E+01 -7.070300E-01
  2.240000E-01  3.609039E+00 -1.335502E+01 -1.097705E+01 -7.185783E-01
  2.260000E-01  3.629526E+00 -1.352739E+01 -1.121535E+01 -7.302019E-01
  2.280000E-01  3.649740E+00 -1.370026E+01 -1.145670E+01 -7.418998E-01
  2.300000E-01  3.669685E+00 -1.387363E+01 -1.170108E+01 -7.536709E-01
  2.320000E-01  3.689366E+00 -1.404750E+01 -1.194852E+01 -7.655141E-01
  2.340000E-01  3.708785E+00 -1.422187E+01 -1.219899E+01 -7.774283E-01
  2.360000E-01  3.727948E+00 -1.439674E+01 -1.245252E+01 -7.894124E-01
  2.380000E-01  3.746858E+00 -1.457212E+01 -1.270909E+01 -8.014654E-01
  2.400000E-01  3.765520E+00 -1.474801E+01 -1.296871E+01 -8.135862E-01
  2.420000E-01  3.783937E+00 -1.492441E+01 -1.323137E+01 -8.257736E-01
  2.440000E-01  3.802113E+00 -1.510132E+01 -1.349708E+01 -8.380267E-01
  2.460000E-01  3.820052E+00 -1.527874E+01 -1.376583E+01 -8.503444E-01
  2.480000E-01  3.837759E+00 -1.545668E+01 -1.403762E+01 -8.627255E-01
  2.500000E-01  3.855235E+00 -1.563514E+01 -1.431246E+01 -8.751691E-01
  2.520000E-01  3.872486E+00 -1.581413E+01 -1.459033E+01 -8.876740E-01
  2.540000E-01  3.889515E+00 -1.599363E+01 -1.487123E+01 -9.002393E-01
  2.560000E-01  3.906326E+00 -1.617366E+01 -1.515516E+01 -9.128638E-01
  2.580000E-01  3.922921E+00 -1.635422E+01 -1.544213E+01 -9.255466E-01
  2.600000E-01  3.939304E+00 -1.653531E+01 -1.573211E+01 -9.382866E-01
  2.620000E-01  3.955479E+00 -1.671694E+01 -1.602512E+01 -9.510828E-01
  2.640000E-01  3.971449E+00 -1.689909E+01 -1.632114E+01 -9.639341E-01
  2.660000E-01  3.987218E+00 -1.708179E+01 -1.662018E+01 -9.768397E-01
  2.680000E-01  4.002788E+00 -1.726502E+01 -1.692222E+01 -9.897983E-01
  2.700000E-01  4.018162E+00 -1.744879E+01 -1.722727E+01 -1.002809E+00
  2.720000E-01  4.033344E+00 -1.763311E+01 -1.753532E+01 -1.015871E+00
  2.740000E-01  4.048337E+00 -1.781797E+01 -1.784635E+01 -1.028983E+00
  2.760000E-01  4.063143E+00 -1.800338E+01 -1.816038E+01 -1.042145E+00
  2.780000E-01  4.077766E+00 -1.818934E+01 -1.847738E+01 -1.055355E+00
  2.800000E-01  4.092209E+00 -1.837585E+01 -1.879736E+01 -1.068612E+00
  2.820000E-01  4.106473E+00 -1.856291E+01 -1.912031E+01 -1.081915E+00
  2.840000E-01  4.120563E+00 -1.875053E+01 -1.944622E+01 -1.095264E+00
  2.860000E-01  4.134480E+00 -1.893870E+01 -1.977509E+01 -1.108657E+00
  2.880000E-01  4.148227E+00 -1.912744E+01 -2.010690E+01 -1.122095E+00
  2.900000E-01  4.161807E+00 -1.931673E+01 -2.044166E+01 -1.135575E+00
  2.920000E-01  4.175222E+00 -1.950658E+01 -2.077935E+01 -1.149096E+00
  2.940000E-01  4.188476E+00 -1.969699E+01 -2.111998E+01 -1.162659E+00
  2.960000E-01  4.201569E+00 -1.988797E+01 -2.146352E+01 -1.176262E+00
  2.980000E-01  4.214505E+00 -2.007952E+01 -2.180997E+01 -1.189904E+00
  3.000000E-01  4.227286E+00 -2.027163E+01 -2.215934E+01 -1.203585E+00
  3.020000E-01  4.239914E+00 -2.046431E+01 -2.251159E+01 -1.217303E+00
  3.040000E-01  4.252391E+00 -2.065756E+01 -2.286674E+01 -1.231058E+00
  3.060000E-01  4.264720E+00 -2.085137E+01 -2.322477E+01 -1.244849E+00
  3.080000E-01  4.276902E+00 -2.104576E+01 -2.358568E+01 -1.258675E+00
  3.100000E-01  4.288940E+00 -2.124072E+01 -2.394945E+01 -1.272535E+00
  3.120000E-01  4.300836E+00 -2.143626E+01 -2.431608E+01 -1.286429E+00
  3.140000E-01  4.312592E+00 -2.163236E+01 -2.468555E+01 -1.300356E+00
  3.160000E-01  4.324209E+00 -2.182905E+01 -2.505787E+01 -1.314316E+00
  3.180000E-01  4.335690E+00 -2.202630E+01 -2.543301E+01 -1.328306E+00
  3.200000E-01  4.347036E+00 -2.222413E+01 -2.581098E+01 -1.342327E+00
  3.220000E-01  4.358250E+00 -2.242254E+01 -2.619177E+01 -1.356378E+00
  3.240000E-01  4.369333E+00 -2.262153E+01 -2.657535E+01 -1.370458E+00
  3.260000E-01  4.380286E+00 -2.282109E+01 -2.696174E+01 -1.384567E+00
  3.280000E-01  4.391112E+00 -2.302123E+01 -2.735091E+01 -1.398703E+00
  3.300000E-01  4.401813E+00 -2.322194E+01 -2.774285E+01 -1.412867E+00
  3.320000E-01  4.412389E+00 -2.342323E+01 -2.813757E+01 -1.427057E+00
  3.340000E-01  4.422842E+00 -2.362510E+01 -2.853504E+01 -1.441272E+00
  3.360000E-01  4.433175E+00 -2.382755E+01 -2.893527E+01 -1.455513E+00
  3.380000E-01  4.443388E+00 -2.403058E+01 -2.933823E+01 -1.469779E+00
  3.400000E-01  4.453483E+00 -2.423418E+01 -2.974393E+01 -1.484068E+00
  3.420000E-01  4.463461E+00 -2.443836E+01 -3.015234E+01 -1.498381E+00
  3.440000E-01  4.473325E+00 -2.464312E+01 -3.056347E+01 -1.512716E+00
  3.460000E-01  4.483075E+00 -2.484845E+01 -3.097730E+01 -1.527074E+00
  3.480000E-01  4.492712E+00 -2.505436E+01 -3.139382E+01 -1.541453E+00
  3.500000E-01  4.502239E+00 -2.526085E+01 -3.181303E+01 -1.555853E+00
  3.520000E-01  4.511656E+00 -2.546791E+01 -3.223491E+01 -1.570273E+00
  3.540000E-01  4.520965E+00 -2.567555E+01 -3.265945E+01 -1.584713E+00
  3.560000E-01  4.530167E+00 -2.588376E+01 -3.308664E+01 -1.599172E+00
  3.580000E-01  4.539263E+00 -2.609254E+01 -3.351648E+01 -1.613650E+00
  3.600000E-01  4.548255E+00 -2.630190E+01 -3.394896E+01 -1.628146E+00
  3.620000E-01  4.557143E+00 -2.651183E+01 -3.438406E+01 -1.642660E+00
  3.640000E-01  4.565929E+00 -2.672233E+01 -3.482177E+01 -1.657191E+00
  3.660000E-01  4.574614E+00 -2.693340E+01 -3.526208E+01 -1.671739E+00
  3.680000E-01  4.583199E+00 -2.714504E+01 -3.570499E+01 -1.686303E+00
  3.700000E-01  4.591685E+00 -2.735725E+01 -3.615049E+01 -1.700883E+00
  3.720000E-01  4.600073E+00 -2.757003E+01 -3.659856E+01 -1.715478E+00
  3.740000E-01  4.608365E+00 -2.778337E+01 -3.704920E+01 -1.730087E+00
  3.760000E-01  4.616561E+00 -2.799728E+01 -3.750239E+01 -1.744711E+00
  3.780000E-01  4.624663E+00 -2.821176E+01 -3.795812E+01 -1.759349E+00
  3.800000E-01  4.632671E+00 -2.842679E+01 -3.841639E+01 -1.774001E+00
  3.820000E-01  4.640587E+00 -2.864239E+01 -3.887719E+01 -1.788665E+00
  3.840000E-01  4.648410E+00 -2.885855E+01 -3.934050E+01 -1.803342E+00
  3.860000E-01  4.656144E+00 -2.907527E+01 -3.980632E+01 -1.818031E+00
  3.880000E-01  4.663787E+00 -2.929255E+01 -4.027463E+01 -1.832731E+00
  3.900000E-01  4.671342E+00 -2.951039E+01 -4.074542E+01 -1.847443E+00
  3.920000E-01  4.678808E+00 -2.972878E+01 -4.121870E+01 -1.862166E+00
  3.940000E-01  4.686188E+00 -2.994772E+01 -4.169443E+01 -1.876900E+00
  3.960000E-01  4.693481E+00 -3.016722E+01 -4.217263E+01 -1.891644E+00
  3.980000E-01  4.700689E+00 -3.038727E+01 -4.265327E+01 -1.906397E+00
  4.000000E-01  4.707813E+00 -3.060786E+01 -4.313634E+01 -1.921160E+00
  4.020000E-01  4.714853E+00 -3.082901E+01 -4.362184E+01 -1.935933E+00
  4.040000E-01  4.721810E+00 -3.105070E+01 -4.410976E+01 -1.950713E+00
  4.060000E-01  4.728685E+00 -3.127293E+01 -4.460008E+01 -1.965503E+00
  4.080000E-01  4.735479E+00 -3.149571E+01 -4.509280E+01 -1.980300E+00
  4.100000E-01  4.742192E+00 -3.171903E+01 -4.558790E+01 -1.995105E+00
  4.120000E-01  4.748826E+00 -3.194289E+01 -4.608538E+01 -2.009917E+00
  4.140000E-01  4.755381E+00 -3.216728E+01 -4.658523E+01 -2.024737E+00
  4.160000E-01  4.761857E+00 -3.239221E+01 -4.708744E+01 -2.039563E+00
  4.180000E-01  4.768256E+00 -3.261768E+01 -4.759199E+01 -2.054396E+00
  4.200000E-01  4.774578E+00 -3.284368E+01 -4.809888E+01 -2.069235E+00
  4.220000E-01  4.780824E+00 -3.307021E+01 -4.860809E+01 -2.084080E+00
  4.240000E-01  4.786995E+00 -3.329726E+01 -4.911963E+01 -2.098930E+00
  4.260000E-01  4.793091E+00 -3.352485E+01 -4.963347E+01 -2.113786E+00
  4.280000E-01  4.799113E+00 -3.375295E+01 -5.014961E+01 -2.128646E+00
  4.300000E-01  4.805061E+00 -3.398159E+01 -5.066804E+01 -2.143512E+00
  4.320000E-01  4.795803E+00 -3.402999E+01 -5.093961E+01 -2.151973E+00
  4.340000E-01  4.791826E+00 -3.414065E+01 -5.129681E+01 -2.162611E+00
  4.360000E-01  4.787392E+00 -3.424544E+01 -5.164604E+01 -2.173013E+00
  4.380000E-01  4.782663E+00 -3.434622E+01 -5.198983E+01 -2.183245E+00
  4.400000E-01  4.777731E+00 -3.444403E+01 -5.232957E+01 -2.193344E+00
  4.420000E-01  4.772654E+00 -3.453955E+01 -5.266617E+01 -2.203334E+00
  4.440000E-01  4.767471E+00 -3.463324E+01 -5.300025E+01 -2.213231E+00
  4.460000E-01  4.762213E+00 -3.472544E+01 -5.333225E+01 -2.223046E+00
  4.480000E-01  4.756900E+00 -3.481639E+01 -5.366251E+01 -2.232789E+00
  4.500000E-01  4.751550E+00 -3.490629E+01 -5.399128E+01 -2.242467E+00
  4.520000E-01  4.746175E+00 -3.499530E+01 -5.431879E+01 -2.252085E+00
  4.540000E-01  4.740787E+00 -3.508355E+01 -5.464521E+01 -2.261648E+00
  4.560000E-01  4.735394E+00 -3.517115E+01 -5.497066E+01 -2.271159E+00
  4.580000E-01  4.730003E+00 -3.525818E+01 -5.529528E+01 -2.280623E+00
  4.600000E-01  4.724620E+00 -3.534472E+01 -5.561917E+01 -2.290042E+00
  4.620000E-01  4.719251E+00 -3.543084E+01 -5.594241E+01 -2.299418E+00
  4.640000E-01  4.713899E+00 -3.551659E+01 -5.626508E+01 -2.308753E+00
  4.660000E-01  4.708569E+00 -3.560203E+01 -5.658725E+01 -2.318049E+00
  4.680000E-01  4.703264E+00 -3.568719E+01 -5.690897E+01 -2.327309E+00
  4.700000E-01  4.697985E+00 -3.577212E+01 -5.723030E+01 -2.336533E+00
  4.720000E-01  4.692737E+00 -3.585685E+01 -5.755128E+01 -2.345722E+00
  4.740000E-01  4.687520E+00 -3.594141E+01 -5.787196E+01 -2.354879E+00
  4.760000E-01  4.682336E+00 -3.602584E+01 -5.819237E+01 -2.364004E+00
  4.780000E-01  4.677187E+00 -3.611014E+01 -5.851256E+01 -2.373098E+00
  4.800000E-01  4.672075E+00 -3.619436E+01 -5.883254E+01 -2.382162E+00
  4.820000E-01  4.667000E+00 -3.627850E+01 -5.915235E+01 -2.391197E+00
  4.840000E-01  4.661963E+00 -3.636259E+01 -5.947201E+01 -2.400203E+00
  4.860000E-01  4.656965E+00 -3.644664E+01 -5.979156E+01 -2.409183E+00
  4.880000E-01  4.652007E+00 -3.653068E+01 -6.011101E+01 -2.418135E+00
  4.900000E-01  4.647089E+00 -3.661471E+01 -6.043038E+01 -2.427061E+00
  4.920000E-01  4.642212E+00 -3.669875E+01 -6.074969E+01 -2.435962E+00
  4.940000E-01  4.637377E+00 -3.678282E+01 -6.106896E+01 -2.444838E+00
  4.960000E-01  4.632584E+00 -3.686692E+01 -6.138822E+01 -2.453689E+00
  4.980000E-01  4.627832E+00 -3.695106E+01 -6.170746E+01 -2.462517E+00
  5.000000E-01  4.623123E+00 -3.703526E+01 -6.202671E+01 -2.471321E+00
  5.020000E-01  4.618456E+00 -3.711952E+01 -6.234599E+01 -2.480102E+00
  5.040000E-01  4.613832E+00 -3.720386E+01 -6.266530E+01 -2.488861E+00
  5.060000E-01  4.609251E+00 -3.728828E+01 -6.298466E+01 -2.497598E+00
  5.080000E-01  4.604712E+00 -3.737279E+01 -6.330408E+01 -2.506313E+00
  5.100000E-01  4.600216E+00 -3.745740E+01 -6.362358E+01 -2.515007E+00
  5.120000E-01  4.595763E+00 -3.754212E+01 -6.394315E+01 -2.523680E+00
  5.140000E-01  4.591352E+00 -3.762694E+01 -6.426282E+01 -2.532333E+00
  5.160000E-01  4.586984E+00 -3.771188E+01 -6.458259E+01 -2.540965E+00
  5.180000E-01  4.582659E+00 -3.779695E+01 -6.490248E+01 -2.549578E+00
  5.200000E-01  4.578376E+00 -3.788215E+01 -6.522248E+01 -2.558171E+00
  5.220000E-01  4.574135E+00 -3.796748E+01 -6.554262E+01 -2.566746E+00
  5.240000E-01  4.569936E+00 -3.805294E+01 -6.586289E+01 -2.575301E+00
  5.260000E-01  4.565780E+00 -3.813856E+01 -6.618331E+01 -2.583838E+00
  5.280000E-01  4.561665E+00 -3.822432E+01 -6.650389E+01 -2.592357E+00
  5.300000E-01  4.557591E+00 -3.831024E+01 -6.682462E+01 -2.600857E+00
  5.320000E-01  4.553559E+00 -3.839631E+01 -6.714553E+01 -2.609340E+00
  5.340000E-01  4.549568E+00 -3.848255E+01 -6.746661E+01 -2.617806E+00
  5.360000E-01  4.545618E+00 -3.856895E+01 -6.778787E+01 -2.626254E+00
  5.380000E-01  4.541709E+00 -3.865552E+01 -6.810932E+01 -2.634685E+00
  5.400000E-01  4.537840E+00 -3.874226E+01 -6.843097E+01 -2.643100E+00
  5.420000E-01  4.534011E+00 -3.882918E+01 -6.875281E+01 -2.651498E+00
  5.440000E-01  4.530222E+00 -3.891627E+01 -6.907487E+01 -2.659881E+00
  5.460000E-01  4.526473E+00 -3.900355E+01 -6.939714E+01 -2.668247E+00
  5.480000E-01  4.522763E+00 -3.909101E+01 -6.971962E+01 -2.676597E+00
  5.500000E-01  4.519092E+00 -3.917867E+01 -7.004233E+01 -2.684932E+00
  5.520000E-01  4.515460E+00 -3.926651E+01 -7.036527E+01 -2.693252E+00
  5.540000E-01  4.511866E+00 -3.935454E+01 -7.068844E+01 -2.701556E+00
  5.560000E-01  4.508311E+00 -3.944277E+01 -7.101185E+01 -2.709846E+00
  5.580000E-01  4.504794E+00 -3.953120E+01 -7.133551E+01 -2.718120E+00
  5.600000E-01  4.501314E+00 -3.961983E+01 -7.165942E+01 -2.726381E+00
  5.620000E-01  4.497872E+00 -3.970867E+01 -7.198358E+01 -2.734627E+00
  5.640000E-01  4.494467E+00 -3.979771E+01 -7.230800E+01 -2.742859E+00
  5.660000E-01  4.491098E+00 -3.988695E+01 -7.263269E+01 -2.751077E+00
  5.680000E-01  4.487766E+00 -3.997641E+01 -7.295764E+01 -2.759281E+00
  5.700000E-01  4.484470E+00 -4.006608E+01 -7.328287E+01 -2.767472E+00
  5.720000E-01  4.481210E+00 -4.015596E+01 -7.360837E+01 -2.775649E+00
  5.740000E-01  4.477986E+00 -4.024606E+01 -7.393415E+01 -2.783813E+00
  5.760000E-01  4.474797E+00 -4.033637E+01 -7.426022E+01 -2.791964E+00
  5.780000E-01  4.471643E+00 -4.042690E+01 -7.458658E+01 -2.800102E+00
  5.800000E-01  4.468523E+00 -4.051766E+01 -7.491324E+01 -2.808228E+00
  5.820000E-01  4.465438E+00 -4.060864E+01 -7.524019E+01 -2.816341E+00
  5.840000E-01  4.462387E+00 -4.069984E+01 -7.556744E+01 -2.824442E+00
  5.860000E-01  4.459370E+00 -4.079127E+01 -7.589500E+01 -2.832530E+00
  5.880000E-01  4.456386E+00 -4.088292E+01 -7.622287E+01 -2.840606E+00
  5.900000E-01  4.453436E+00 -4.097481E+01 -7.655106E+01 -2.848671E+00
  5.920000E-01  4.450518E+00 -4.106692E+01 -7.687956E+01 -2.856724E+00
  5.940000E-01  4.447633E+00 -4.115927E+01 -7.720838E+01 -2.864765E+00
  5.960000E-01  4.444780E+00 -4.125185E+01 -7.753752E+01 -2.872795E+00
  5.980000E-01  4.441959E+00 -4.134467E+01 -7.786700E+01 -2.880813E+00
  6.000000E-01  4.439170E+00 -4.143772E+01 -7.819681E+01 -2.888821E+00
  6.020000E-01  4.436412E+00 -4.153102E+01 -7.852695E+01 -2.896817E+00
  6.040000E-01  4.433686E+00 -4.162455E+01 -7.885743E+01 -2.904803E+00
  6.060000E-01  4.430990E+00 -4.171832E+01 -7.918826E+01 -2.912778E+00
  6.080000E-01  4.428325E+00 -4.181233E+01 -7.951943E+01 -2.920742E+00
  6.100000E-01  4.425690E+00 -4.190659E+01 -7.985095E+01 -2.928696E+00
  6.120000E-01  4.423085E+00 -4.200109E+01 -8.018282E+01 -2.936640E+00
  6.140000E-01  4.420510E+00 -4.209584E+01 -8.051506E+01 -2.944573E+00
  6.160000E-01  4.417964E+00 -4.219084E+01 -8.084765E+01 -2.952497E+00
  6.180000E-01  4.415447E+00 -4.228608E+01 -8.118060E+01 -2.960410E+00
  6.200000E-01  4.412959E+00 -4.238157E+01 -8.151392E+01 -2.968314E+00
  6.220000E-01  4.410500E+00 -4.247732E+01 -8.184761E+01 -2.976208E+00
  6.240000E-01  4.408069E+00 -4.257331E+01 -8.218167E+01 -2.984093E+00
  6.260000E-01  4.405666E+00 -4.266956E+01 -8.251611E+01 -2.991969E+00
  6.280000E-01  4.403291E+00 -4.276606E+01 -8.285093E+01 -2.999835E+00
  6.300000E-01  4.400943E+00 -4.286282E+01 -8.318614E+01 -3.007692E+00
  6.320000E-01  4.398623E+00 -4.295983E+01 -8.352173E+01 -3.015540E+00
  6.340000E-01  4.396330E+00 -4.305711E+01 -8.385770E+01 -3.023379E+00
  6.360000E-01  4.394063E+00 -4.315463E+01 -8.419407E+01 -3.031210E+00
  6.380000E-01  4.391823E+00 -4.325242E+01 -8.453084E+01 -3.039032E+00
  6.400000E-01  4.389608E+00 -4.335047E+01 -8.486800E+01 -3.046845E+00
  6.420000E-01  4.387420E+00 -4.344878E+01 -8.520557E+01 -3.054650E+00
  6.440000E-01  4.385258E+00 -4.354736E+01 -8.554354E+01 -3.062447E+00
  6.460000E-01  4.383121E+00 -4.364619E+01 -8.588192E+01 -3.070236E+00
  6.480000E-01  4.381009E+00 -4.374529E+01 -8.622070E+01 -3.078016E+00
  6.500000E-01  4.378922E+00 -4.384466E+01 -8.655991E+01 -3.085789E+00
  6.520000E-01  4.376859E+00 -4.394429E+01 -8.689953E+01 -3.093554E+00
  6.540000E-01  4.374821E+00 -4.404419E+01 -8.723956E+01 -3.101311E+00
  6.560000E-01  4.372808E+00 -4.414436E+01 -8.758003E+01 -3.109061E+00
  6.580000E-01  4.370818E+00 -4.424480E+01 -8.792091E+01 -3.116803E+00
  6.600000E-01  4.368852E+00 -4.434551E+01 -8.826223E+01 -3.124538E+00
  6.620000E-01  4.366909E+00 -4.444648E+01 -8.860398E+01 -3.132265E+00
  6.640000E-01  4.364989E+00 -4.454774E+01 -8.894616E+01 -3.139986E+00
  6.660000E-01  4.363093E+00 -4.464926E+01 -8.928878E+01 -3.147699E+00
  6.680000E-01  4.361219E+00 -4.475106E+01 -8.963184E+01 -3.155405E+00
  6.700000E-01  4.359368E+00 -4.485313E+01 -8.997534E+01 -3.163105E+00
  6.720000E-01  4.357539E+00 -4.495548E+01 -9.031929E+01 -3.170798E+00
  6.740000E-01  4.355732E+00 -4.505811E+01 -9.066369E+01 -3.178484E+00
  6.760000E-01  4.353947E+00 -4.516101E+01 -9.100854E+01 -3.186164E+00
  6.780000E-01  4.352184E+00 -4.526419E+01 -9.135385E+01 -3.193837E+00
  6.800000E-01  4.350441E+00 -4.536765E+01 -9.169961E+01 -3.201504E+00
  6.820000E-01  4.348720E+00 -4.547139E+01 -9.204584E+01 -3.209165E+00
  6.840000E-01  4.347020E+00 -4.557542E+01 -9.239252E+01 -3.216820E+00
  6.860000E-01  4.345341E+00 -4.567972E+01 -9.273968E+01 -3.224468E+00
  6.880000E-01  4.343682E+00 -4.578431E+01 -9.308730E+01 -3.232111E+00
  6.900000E-01  4.342044E+00 -4.588918E+01 -9.343539E+01 -3.239748E+00
  6.920000E-01  4.340426E+00 -4.599433E+01 -9.378396E+01 -3.247379E+00
  6.940000E-01  4.338827E+00 -4.609977E+01 -9.413300E+01 -3.255004E+00
  6.960000E-01  4.337248E+00 -4.620550E+01 -9.448253E+01 -3.262624E+00
  6.980000E-01  4.335689E+00 -4.631151E+01 -9.483254E+01 -3.270239E+00
  7.000000E-01  4.334149E+00 -4.641781E+01 -9.518303E+01 -3.277848E+00
  7.020000E-01  4.332628E+00 -4.652440E+01 -9.553401E+01 -3.285452E+00
  7.040000E-01  4.331125E+00 -4.663128E+01 -9.588548E+01 -3.293050E+00
  7.060000E-01  4.329642E+00 -4.673845E+01 -9.623745E+01 -3.300644E+00
  7.080000E-01  4.328177E+00 -4.684591E+01 -9.658991E+01 -3.308232E+00
  7.100000E-01  4.326730E+00 -4.695367E+01 -9.694287E+01 -3.315816E+00
  7.120000E-01  4.325301E+00 -4.706171E+01 -9.729633E+01 -3.323395E+00
  7.140000E-01  4.323890E+00 -4.717005E+01 -9.765030E+01 -3.330969E+00
  7.160000E-01  4.322497E+00 -4.727868E+01 -9.800477E+01 -3.338538E+00
  7.180000E-01  4.321121E+00 -4.738761E+01 -9.835976E+01 -3.346103E+00
  7.200000E-01  4.319762E+00 -4.749684E+01 -9.871525E+01 -3.353663E+00
  7.220000E-01  4.318421E+00 -4.760636E+01 -9.907126E+01 -3.361219E+00
  7.240000E-01  4.317096E+00 -4.771618E+01 -9.942779E+01 -3.368771E+00
  7.260000E-01  4.315789E+00 -4.782630E+01 -9.978484E+01 -3.376318E+00
  7.280000E-01  4.314497E+00 -4.793671E+01 -1.001424E+02 -3.383862E+00
  7.300000E-01  4.313222E+00 -4.804743E+01 -1.005005E+02 -3.391401E+00
  7.320000E-01  4.311964E+00 -4.815845E+01 -1.008591E+02 -3.398936E+00
  7.340000E-01  4.310721E+00 -4.826976E+01 -1.012183E+02 -3.406467E+00
  7.360000E-01  4.309494E+00 -4.838138E+01 -1.015780E+02 -3.413994E+00
  7.380000E-01  4.308283E+00 -4.849331E+01 -1.019382E+02 -3.421518E+00
  7.400000E-01  4.307087E+00 -4.860554E+01 -1.022990E+02 -3.429038E+00
  7.420000E-01  4.305907E+00 -4.871807E+01 -1.026603E+02 -3.436554E+00
  7.440000E-01  4.304742E+00 -4.883091E+01 -1.030221E+02 -3.444067E+00
  7.460000E-01  4.303591E+00 -4.894405E+01 -1.033845E+02 -3.451577E+00
  7.480000E-01  4.302456E+00 -4.905750E+01 -1.037474E+02 -3.459083E+00
  7.500000E-01  4.301335E+00 -4.917126E+01 -1.041109E+02 -3.466585E+00
  7.520000E-01  4.300229E+00 -4.928532E+01 -1.044750E+02 -3.474085E+00
  7.540000E-01  4.299137E+00 -4.939970E+01 -1.048396E+02 -3.481581E+00
  7.560000E-01  4.298059E+00 -4.951439E+01 -1.052048E+02 -3.489075E+00
  7.580000E-01  4.296995E+00 -4.962938E+01 -1.055705E+02 -3.496565E+00
  7.600000E-01  4.295944E+00 -4.974469E+01 -1.059368E+02 -3.504052E+00
  7.620000E-01  4.294908E+00 -4.986031E+01 -1.063036E+02 -3.511537E+00
  7.640000E-01  4.293885E+00 -4.997624E+01 -1.066710E+02 -3.519019E+00
  7.660000E-01  4.292875E+00 -5.009249E+01 -1.070390E+02 -3.526497E+00
  7.680000E-01  4.291879E+00 -5.020905E+01 -1.074076E+02 -3.533974E+00
  7.700000E-01  4.290895E+00 -5.032592E+01 -1.077767E+02 -3.541448E+00
  7.720000E-01  4.289925E+00 -5.044312E+01 -1.081464E+02 -3.548919E+00
  7.740000E-01  4.288967E+00 -5.056062E+01 -1.085167E+02 -3.556388E+00
  7.760000E-01  4.288022E+00 -5.067845E+01 -1.088876E+02 -3.563854E+00
  7.780000E-01  4.287089E+00 -5.079659E+01 -1.092591E+02 -3.571318E+00
  7.800000E-01  4.286168E+00 -5.091506E+01 -1.096311E+02 -3.578780E+00
  7.820000E-01  4.285260E+00 -5.103384E+01 -1.100038E+02 -3.586240E+00
  7.840000E-01  4.284364E+00 -5.115294E+01 -1.103770E+02 -3.593697E+00
  7.860000E-01  4.283479E+00 -5.127236E+01 -1.107509E+02 -3.601153E+00
  7.880000E-01  4.282606E+00 -5.139211E+01 -1.111253E+02 -3.608606E+00
  7.900000E-01  4.281745E+00 -5.151218E+01 -1.115003E+02 -3.616058E+00
  7.920000E-01  4.280895E+00 -5.163257E+01 -1.118760E+02 -3.623508E+00
  7.940000E-01  4.280057E+00 -5.175328E+01 -1.122522E+02 -3.630956E+00
  7.960000E-01  4.279229E+00 -5.187432E+01 -1.126290E+02 -3.638402E+00
  7.980000E-01  4.278413E+00 -5.199569E+01 -1.130065E+02 -3.645847E+00
  8.000000E-01  4.277608E+00 -5.211738E+01 -1.133846E+02 -3.653289E+00
  8.020000E-01  4.276813E+00 -5.223940E+01 -1.137632E+02 -3.660731E+00
  8.040000E-01  4.276029E+00 -5.236174E+01 -1.141425E+02 -3.668171E+00
  8.060000E-01  4.275255E+00 -5.248442E+01 -1.145225E+02 -3.675609E+00
  8.080000E-01  4.274492E+00 -5.260742E+01 -1.149030E+02 -3.683046E+00
  8.100000E-01  4.273739E+00 -5.273075E+01 -1.152842E+02 -3.690482E+00
  8.120000E-01  4.272996E+00 -5.285442E+01 -1.156659E+02 -3.697917E+00
  8.140000E-01  4.272262E+00 -5.297841E+01 -1.160484E+02 -3.705350E+00
  8.160000E-01  4.271539E+00 -5.310274E+01 -1.164314E+02 -3.712783E+00
  8.180000E-01  4.270826E+00 -5.322740E+01 -1.168151E+02 -3.720214E+00
  8.200000E-01  4.270122E+00 -5.335239E+01 -1.171994E+02 -3.727644E+00
  8.220000E-01  4.269427E+00 -5.347772E+01 -1.175843E+02 -3.735073E+00
  8.240000E-01  4.268742E+00 -5.360338E+01 -1.179699E+02 -3.742502E+00
  8.260000E-01  4.268066E+00 -5.372938E+01 -1.183562E+02 -3.749929E+00
  8.280000E-01  4.267400E+00 -5.385572E+01 -1.187430E+02 -3.757356E+00
  8.300000E-01  4.266742E+00 -5.398239E+01 -1.191306E+02 -3.764782E+00
  8.320000E-01  4.266093E+00 -5.410940E+01 -1.195187E+02 -3.772207E+00
  8.340000E-01  4.265453E+00 -5.423675E+01 -1.199076E+02 -3.779632E+00
  8.360000E-01  4.264821E+00 -5.436444E+01 -1.202971E+02 -3.787056E+00
  8.380000E-01  4.264198E+00 -5.449247E+01 -1.206872E+02 -3.794480E+00
  8.400000E-01  4.263583E+00 -5.462084E+01 -1.210780E+02 -3.801903E+00
  8.420000E-01  4.262977E+00 -5.474956E+01 -1.214695E+02 -3.809326E+00
  8.440000E-01  4.262379E+00 -5.487861E+01 -1.218616E+02 -3.816749E+00
  8.460000E-01  4.261789E+00 -5.500802E+01 -1.222544E+02 -3.824171E+00
  8.480000E-01  4.261206E+00 -5.513776E+01 -1.226479E+02 -3.831594E+00
  8.500000E-01  4.260632E+00 -5.526786E+01 -1.230420E+02 -3.839016E+00
  8.520000E-01  4.260066E+00 -5.539830E+01 -1.234368E+02 -3.846438E+00
  8.540000E-01  4.259507E+00 -5.552908E+01 -1.238323E+02 -3.853860E+00
  8.560000E-01  4.258955E+00 -5.566022E+01 -1.242285E+02 -3.861282E+00
  8.580000E-01  4.258412E+00 -5.579171E+01 -1.246253E+02 -3.868705E+00
  8.600000E-01  4.257875E+00 -5.592355E+01 -1.250229E+02 -3.876127E+00
  8.620000E-01  4.257346E+00 -5.605574E+01 -1.254211E+02 -3.883550E+00
  8.640000E-01  4.256824E+00 -5.618828E+01 -1.258201E+02 -3.890974E+00
  8.660000E-01  4.256308E+00 -5.632118E+01 -1.262197E+02 -3.898397E+00
  8.680000E-01  4.255800E+00 -5.645443E+01 -1.266201E+02 -3.905822E+00
  8.700000E-01  4.255299E+00 -5.658804E+01 -1.270211E+02 -3.913247E+00
  8.720000E-01  4.251925E+00 -5.665864E+01 -1.272774E+02 -3.917453E+00
  8.740000E-01  4.249193E+00 -5.674308E+01 -1.275654E+02 -3.922354E+00
  8.760000E-01  4.246179E+00 -5.682107E+01 -1.278383E+02 -3.926917E+00
  8.780000E-01  4.242952E+00 -5.689402E+01 -1.280995E+02 -3.931215E+00
  8.800000E-01  4.239557E+00 -5.696284E+01 -1.283511E+02 -3.935294E+00
  8.820000E-01  4.236025E+00 -5.702819E+01 -1.285945E+02 -3.939188E+00
  8.840000E-01  4.232380E+00 -5.709054E+01 -1.288308E+02 -3.942921E+00
  8.860000E-01  4.228642E+00 -5.715028E+01 -1.290609E+02 -3.946514E+00
  8.880000E-01  4.224825E+00 -5.720772E+01 -1.292855E+02 -3.949981E+00
  8.900000E-01  4.220942E+00 -5.726311E+01 -1.295052E+02 -3.953336E+00
  8.920000E-01  4.217003E+00 -5.731665E+01 -1.297204E+02 -3.956589E+00
  8.940000E-01  4.213017E+00 -5.736853E+01 -1.299316E+02 -3.959750E+00
  8.960000E-01  4.208993E+00 -5.741890E+01 -1.301391E+02 -3.962826E+00
  8.980000E-01  4.204936E+00 -5.746790E+01 -1.303432E+02 -3.965824E+00
  9.000000E-01  4.200853E+00 -5.751564E+01 -1.305441E+02 -3.968750E+00
  9.020000E-01  4.196748E+00 -5.756223E+01 -1.307422E+02 -3.971610E+00
  9.040000E-01  4.192626E+00 -5.760776E+01 -1.309376E+02 -3.974408E+00
  9.060000E-01  4.188491E+00 -5.765232E+01 -1.311306E+02 -3.977149E+00
  9.080000E-01  4.184346E+00 -5.769598E+01 -1.313212E+02 -3.979836E+00
  9.100000E-01  4.180196E+00 -5.773882E+01 -1.315097E+02 -3.982473E+00
  9.120000E-01  4.176042E+00 -5.778089E+01 -1.316962E+02 -3.985064E+00
  9.140000E-01  4.171887E+00 -5.782225E+01 -1.318809E+02 -3.987611E+00
  9.160000E-01  4.167734E+00 -5.786297E+01 -1.320638E+02 -3.990117E+00
  9.180000E-01  4.163586E+00 -5.790309E+01 -1.322452E+02 -3.992586E+00
  9.200000E-01  4.159443E+00 -5.794268E+01 -1.324250E+02 -3.995019E+00
  9.220000E-01  4.155308E+00 -5.798177E+01 -1.326036E+02 -3.997421E+00
  9.240000E-01  4.151183E+00 -5.802044E+01 -1.327809E+02 -3.999793E+00
  9.260000E-01  4.147069E+00 -5.805875E+01 -1.329573E+02 -4.002141E+00
  9.280000E-01  4.142970E+00 -5.809686E+01 -1.331331E+02 -4.004474E+00
  9.300000E-01  4.138886E+00 -5.813484E+01 -1.333084E+02 -4.006795E+00
  9.320000E-01  4.134816E+00 -5.817232E+01 -1.334824E+02 -4.009082E+00
  9.340000E-01  4.130759E+00 -5.820932E+01 -1.336549E+02 -4.011335E+00
  9.360000E-01  4.126716E+00 -5.824588E+01 -1.338261E+02 -4.013555E+00
  9.380000E-01  4.122689E+00 -5.828200E+01 -1.339960E+02 -4.015745E+00
  9.400000E-01  4.118679E+00 -5.831772E+01 -1.341646E+02 -4.017905E+00
  9.420000E-01  4.114685E+00 -5.835305E+01 -1.343320E+02 -4.020035E+00
  9.440000E-01  4.110709E+00 -5.838800E+01 -1.344983E+02 -4.022138E+00
  9.460000E-01  4.106751E+00 -5.842260E+01 -1.346635E+02 -4.024213E+00
  9.480000E-01  4.102811E+00 -5.845686E+01 -1.348276E+02 -4.026262E+00
  9.500000E-01  4.098891E+00 -5.849080E+01 -1.349906E+02 -4.028286E+00
  9.520000E-01  4.094991E+00 -5.852443E+01 -1.351526E+02 -4.030285E+00
  9.540000E-01  4.091111E+00 -5.855777E+01 -1.353136E+02 -4.032259E+00
  9.560000E-01  4.087252E+00 -5.859082E+01 -1.354737E+02 -4.034211E+00
  9.580000E-01  4.083413E+00 -5.862360E+01 -1.356329E+02 -4.036139E+00
  9.600000E-01  4.079596E+00 -5.865613E+01 -1.357911E+02 -4.038046E+00
  9.620000E-01  4.075801E+00 -5.868840E+01 -1.359485E+02 -4.039930E+00
  9.640000E-01  4.072027E+00 -5.872044E+01 -1.361051E+02 -4.041794E+00
  9.660000E-01  4.068275E+00 -5.875224E+01 -1.362608E+02 -4.043638E+00
  9.680000E-01  4.064546E+00 -5.878383E+01 -1.364157E+02 -4.045461E+00
  9.700000E-01  4.060839E+00 -5.881521E+01 -1.365698E+02 -4.047265E+00
  9.720000E-01  4.057154E+00 -5.884639E+01 -1.367232E+02 -4.049050E+00
  9.740000E-01  4.053493E+00 -5.887738E+01 -1.368759E+02 -4.050816E+00
  9.760000E-01  4.049854E+00 -5.890817E+01 -1.370278E+02 -4.052564E+00
  9.780000E-01  4.046239E+00 -5.893879E+01 -1.371790E+02 -4.054294E+00
  9.800000E-01  4.042646E+00 -5.896924E+01 -1.373295E+02 -4.056007E+00
  9.820000E-01  4.039077E+00 -5.899952E+01 -1.374794E+02 -4.057703E+00
  9.840000E-01  4.035532E+00 -5.902964E+01 -1.376286E+02 -4.059382E+00
  9.860000E-01  4.032009E+00 -5.905961E+01 -1.377771E+02 -4.061044E+00
  9.880000E-01  4.028511E+00 -5.908943E+01 -1.379251E+02 -4.062691E+00
  9.900000E-01  4.025036E+00 -5.911911E+01 -1.380724E+02 -4.064322E+00
  9.920000E-01  4.021584E+00 -5.914865E+01 -1.382191E+02 -4.065937E+00
  9.940000E-01  4.018156E+00 -5.917806E+01 -1.383652E+02 -4.067538E+00
  9.960000E-01  4.014751E+00 -5.920735E+01 -1.385108E+02 -4.069123E+00
  9.980000E-01  4.011371E+00 -5.923651E+01 -1.386557E+02 -4.070694E+00
  1.000000E+00  4.008013E+00 -5.926555E+01 -1.388002E+02 -4.072250E+00
  1.002000E+00  4.004680E+00 -5.929448E+01 -1.389440E+02 -4.073792E+00
  1.004000E+00  4.001370E+00 -5.932330E+01 -1.390874E+02 -4.075321E+00
  1.006000E+00  3.998084E+00 -5.935202E+01 -1.392302E+02 -4.076835E+00
  1.008000E+00  3.994821E+00 -5.938063E+01 -1.393725E+02 -4.078337E+00
  1.010000E+00  3.991581E+00 -5.940914E+01 -1.395143E+02 -4.079825E+00
  1.012000E+00  3.988366E+00 -5.943756E+01 -1.396556E+02 -4.081299E+00
  1.014000E+00  3.985173E+00 -5.946589E+01 -1.397964E+02 -4.082762E+00
  1.016000E+00  3.982004E+00 -5.949413E+01 -1.399367E+02 -4.084211E+00
  1.018000E+00  3.978859E+00 -5.952228E+01 -1.400766E+02 -4.085648E+00
  1.020000E+00  3.975736E+00 -5.955035E+01 -1.402160E+02 -4.087072E+00
  1.022000E+00  3.972637E+00 -5.957834E+01 -1.403549E+02 -4.088485E+00
  1.024000E+00  3.969561E+00 -5.960625E+01 -1.404934E+02 -4.089885E+00
  1.026000E+00  3.966508E+00 -5.963409E+01 -1.406314E+02 -4.091274E+00
  1.028000E+00  3.963478E+00 -5.966185E+01 -1.407690E+02 -4.092651E+00
  1.030000E+00  3.960471E+00 -5.968955E+01 -1.409062E+02 -4.094017E+00
  1.032000E+00  3.957487E+00 -5.971717E+01 -1.410429E+02 -4.095371E+00
  1.034000E+00  3.954526E+00 -5.974474E+01 -1.411792E+02 -4.096714E+00
  1.036000E+00  3.951587E+00 -5.977224E+01 -1.413151E+02 -4.098046E+00
  1.038000E+00  3.948672E+00 -5.979967E+01 -1.414506E+02 -4.099367E+00
  1.040000E+00  3.945778E+00 -5.982705E+01 -1.415857E+02 -4.100677E+00
  1.042000E+00  3.942907E+00 -5.985437E+01 -1.417204E+02 -4.101976E+00
  1.044000E+00  3.940059E+00 -5.988164E+01 -1.418547E+02 -4.103265E+00
  1.046000E+00  3.937233E+00 -5.990885E+01 -1.419886E+02 -4.104543E+00
  1.048000E+00  3.934429E+00 -5.993601E+01 -1.421221E+02 -4.105811E+00
  1.050000E+00  3.931647E+00 -5.996312E+01 -1.422552E+02 -4.107069E+00
  1.052000E+00  3.928887E+00 -5.999018E+01 -1.423880E+02 -4.108316E+00
  1.054000E+00  3.926149E+00 -6.001719E+01 -1.425203E+02 -4.109553E+00
  1.056000E+00  3.923433E+00 -6.004415E+01 -1.426524E+02 -4.110781E+00
  1.058000E+00  3.920738E+00 -6.007108E+01 -1.427840E+02 -4.111998E+00
  1.060000E+00  3.918065E+00 -6.009795E+01 -1.429153E+02 -4.113206E+00
  1.062000E+00  3.915414E+00 -6.012479E+01 -1.430462E+02 -4.114404E+00
  1.064000E+00  3.912784E+00 -6.015158E+01 -1.431768E+02 -4.115593E+00
  1.066000E+00  3.910175E+00 -6.017834E+01 -1.433070E+02 -4.116772E+00
  1.068000E+00  3.907588E+00 -6.020506E+01 -1.434369E+02 -4.117942E+00
  1.070000E+00  3.905021E+00 -6.023173E+01 -1.435664E+02 -4.119102E+00
  1.072000E+00  3.902476E+00 -6.025838E+01 -1.436956E+02 -4.120253E+00
  1.074000E+00  3.899951E+00 -6.028498E+01 -1.438245E+02 -4.121395E+00
  1.076000E+00  3.897448E+00 -6.031156E+01 -1.439530E+02 -4.122528E+00
  1.078000E+00  3.894965E+00 -6.033810E+01 -1.440811E+02 -4.123652E+00
  1.080000E+00  3.892502E+00 -6.036460E+01 -1.442090E+02 -4.124766E+00
  1.082000E+00  3.890060E+00 -6.039108E+01 -1.443365E+02 -4.125872E+00
  1.084000E+00  3.887639E+00 -6.041752E+01 -1.444637E+02 -4.126969E+00
  1.086000E+00  3.885237E+00 -6.044394E+01 -1.445906E+02 -4.128058E+00
  1.088000E+00  3.882856E+00 -6.047032E+01 -1.447171E+02 -4.129137E+00
  1.090000E+00  3.880495E+00 -6.049668E+01 -1.448434E+02 -4.130208E+00
  1.092000E+00  3.878154E+00 -6.052300E+01 -1.449693E+02 -4.131270E+00
  1.094000E+00  3.875833E+00 -6.054930E+01 -1.450949E+02 -4.132324E+00
  1.096000E+00  3.873531E+00 -6.057558E+01 -1.452202E+02 -4.133370E+00
  1.098000E+00  3.871249E+00 -6.060183E+01 -1.453452E+02 -4.134407E+00
  1.100000E+00  3.868986E+00 -6.062805E+01 -1.454698E+02 -4.135435E+00
  1.102000E+00  3.866743E+00 -6.065425E+01 -1.455942E+02 -4.136455E+00
  1.104000E+00  3.864520E+00 -6.068042E+01 -1.457183E+02 -4.137467E+00
  1.106000E+00  3.862315E+00 -6.070657E+01 -1.458420E+02 -4.138471E+00
  1.108000E+00  3.860129E+00 -6.073270E+01 -1.459655E+02 -4.139467E+00
  1.110000E+00  3.857963E+00 -6.075880E+01 -1.460887E+02 -4.140454E+00
  1.112000E+00  3.855815E+00 -6.078488E+01 -1.462115E+02 -4.141434E+00
  1.114000E+00  3.853686E+00 -6.081094E+01 -1.463341E+02 -4.142405E+00
  1.116000E+00  3.851576E+00 -6.083698E+01 -1.464563E+02 -4.143369E+00
  1.118000E+00  3.849485E+00 -6.086300E+01 -1.465783E+02 -4.144325E+00
  1.120000E+00  3.847411E+00 -6.088900E+01 -1.467000E+02 -4.145272E+00
  1.122000E+00  3.845357E+00 -6.091497E+01 -1.468214E+02 -4.146212E+00
  1.124000E+00  3.843320E+00 -6.094093E+01 -1.469425E+02 -4.147144E+00
  1.126000E+00  3.841302E+00 -6.096687E+01 -1.470633E+02 -4.148068E+00
  1.128000E+00  3.839301E+00 -6.099278E+01 -1.471838E+02 -4.148985E+00
  1.130000E+00  3.837319E+00 -6.101868E+01 -1.473041E+02 -4.149894E+00
  1.132000E+00  3.835354E+00 -6.104456E+01 -1.474240E+02 -4.150795E+00
  1.134000E+00  3.833407E+00 -6.107042E+01 -1.475437E+02 -4.151689E+00
  1.136000E+00  3.831478E+00 -6.109626E+01 -1.476631E+02 -4.152575E+00
  1.138000E+00  3.829566E+00 -6.112209E+01 -1.477822E+02 -4.153453E+00
  1.140000E+00  3.827672E+00 -6.114789E+01 -1.479010E+02 -4.154324E+00
  1.142000E+00  3.825795E+00 -6.117368E+01 -1.480196E+02 -4.155187E+00
  1.144000E+00  3.823935E+00 -6.119945E+01 -1.481379E+02 -4.156043E+00
  1.146000E+00  3.822093E+00 -6.122521E+01 -1.482558E+02 -4.156892E+00
  1.148000E+00  3.820267E+00 -6.125094E+01 -1.483736E+02 -4.157733E+00
  1.150000E+00  3.818458E+00 -6.127666E+01 -1.484910E+02 -4.158567E+00
  1.152000E+00  3.816667E+00 -6.130237E+01 -1.486082E+02 -4.159393E+00
  1.154000E+00  3.814891E+00 -6.132805E+01 -1.487250E+02 -4.160212E+00
  1.156000E+00  3.813133E+00 -6.135372E+01 -1.488416E+02 -4.161024E+00
  1.158000E+00  3.811391E+00 -6.137937E+01 -1.489580E+02 -4.161829E+00
  1.160000E+00  3.809665E+00 -6.140501E+01 -1.490740E+02 -4.162626E+00
  1.162000E+00  3.807956E+00 -6.143063E+01 -1.491898E+02 -4.163416E+00
  1.164000E+00  3.806263E+00 -6.145623E+01 -1.493053E+02 -4.164199E+00
  1.166000E+00  3.804586E+00 -6.148182E+01 -1.494206E+02 -4.164975E+00
  1.168000E+00  3.802926E+00 -6.150739E+01 -1.495356E+02 -4.165744E+00
  1.170000E+00  3.801281E+00 -6.153295E+01 -1.496503E+02 -4.166505E+00
  1.172000E+00  3.799652E+00 -6.155848E+01 -1.497647E+02 -4.167260E+00
  1.174000E+00  3.797978E+00 -6.157778E+01 -1.498619E+02 -4.167659E+00
  1.176000E+00  3.796384E+00 -6.160369E+01 -1.499769E+02 -4.168422E+00
  1.178000E+00  3.794806E+00 -6.162956E+01 -1.500916E+02 -4.169177E+00
  1.180000E+00  3.793243E+00 -6.165540E+01 -1.502059E+02 -4.169924E+00
  1.182000E+00  3.791696E+00 -6.168121E+01 -1.503200E+02 -4.170663E+00
  1.184000E+00  3.790163E+00 -6.170699E+01 -1.504337E+02 -4.171395E+00
  1.186000E+00  3.788646E+00 -6.173273E+01 -1.505471E+02 -4.172118E+00
  1.188000E+00  3.787143E+00 -6.175844E+01 -1.506602E+02 -4.172834E+00
  1.190000E+00  3.785656E+00 -6.178412E+01 -1.507730E+02 -4.173541E+00
  1.192000E+00  3.784183E+00 -6.180977E+01 -1.508855E+02 -4.174241E+00
  1.194000E+00  3.782725E+00 -6.183538E+01 -1.509977E+02 -4.174934E+00
  1.196000E+00  3.781282E+00 -6.186097E+01 -1.511096E+02 -4.175619E+00
  1.198000E+00  3.779853E+00 -6.188653E+01 -1.512212E+02 -4.176296E+00
  1.200000E+00  3.778438E+00 -6.191205E+01 -1.513325E+02 -4.176965E+00
