  1.000000E-02  1.102735E+03
  1.200000E-02  1.100175E+03
  1.400000E-02  1.097644E+03
  1.600000E-02  1.095142E+03
  1.800000E-02  1.092668E+03
  2.000000E-02  1.090222E+03
  2.200000E-02  1.087803E+03
  2.400000E-02  1.085411E+03
  2.600000E-02  1.083046E+03
  2.800000E-02  1.080706E+03
  3.000000E-02  1.078391E+03
  3.200000E-02  1.076102E+03
  3.400000E-02  1.073838E+03
  3.600000E-02  1.071598E+03
  3.800000E-02  1.069382E+03
  4.000000E-02  1.067189E+03
  4.200000E-02  1.065020E+03
  4.400000E-02  1.062874E+03
  4.600000E-02  1.060750E+03
  4.800000E-02  1.058649E+03
  5.000000E-02  1.056569E+03
  5.200000E-02  1.054512E+03
  5.400000E-02  1.052475E+03
  5.600000E-02  1.050460E+03
  5.800000E-02  1.048465E+03
  6.000000E-02  1.046491E+03
  6.200000E-02  1.044537E+03
  6.400000E-02  1.042603E+03
  6.600000E-02  1.040688E+03
  6.800000E-02  1.038793E+03
  7.000000E-02  1.036916E+03
  7.200000E-02  1.035059E+03
  7.400000E-02  1.033220E+03
  7.600000E-02  1.031399E+03
  7.800000E-02  1.029597E+03
  8.000000E-02  1.027812E+03
  8.200000E-02  1.026044E+03
  8.400000E-02  1.024294E+03
  8.600000E-02  1.022561E+03
  8.800000E-02  1.020845E+03
  9.000000E-02  1.019145E+03
  9.200000E-02  1.017462E+03
  9.400000E-02  1.015795E+03
  9.600000E-02  1.014143E+03
  9.800000E-02  1.012508E+03
  1.000000E-01  1.010888E+03
  1.020000E-01  1.009283E+03
  1.040000E-01  1.007693E+03
  1.060000E-01  1.006119E+03
  1.080000E-01  1.004559E+03
  1.100000E-01  1.003013E+03
  1.120000E-01  1.001482E+03
  1.140000E-01  9.999650E+02
  1.160000E-01  9.984619E+02
  1.180000E-01  9.969726E+02
  1.200000E-01  9.954969E+02
  1.220000E-01  9.940345E+02
  1.240000E-01  9.925855E+02
  1.260000E-01  9.911494E+02
  1.280000E-01  9.897263E+02
  1.300000E-01  9.883159E+02
  1.320000E-01  9.869181E+02
  1.340000E-01  9.855327E+02
  1.360000E-01  9.841596E+02
  1.380000E-01  9.827981E+02
  1.400000E-01  9.814479E+02
  1.420000E-01  9.801089E+02
  1.440000E-01  9.787814E+02
  1.460000E-01  9.774650E+02
  1.480000E-01  9.761598E+02
  1.500000E-01  9.748656E+02
  1.520000E-01  9.735822E+02
  1.540000E-01  9.723097E+02
  1.560000E-01  9.710478E+02
  1.580000E-01  9.697964E+02
  1.600000E-01  9.685554E+02
  1.620000E-01  9.673247E+02
  1.640000E-01  9.661042E+02
  1.660000E-01  9.648938E+02
  1.680000E-01  9.636933E+02
  1.700000E-01  9.625026E+02
  1.720000E-01  9.613217E+02
  1.740000E-01  9.601504E+02
  1.760000E-01  9.589885E+02
  1.780000E-01  9.578361E+02
  1.800000E-01  9.566930E+02
  1.820000E-01  9.555590E+02
  1.840000E-01  9.544342E+02
  1.860000E-01  9.533183E+02
  1.880000E-01  9.522113E+02
  1.900000E-01  9.511131E+02
  1.920000E-01  9.500236E+02
  1.940000E-01  9.489427E+02
  1.960000E-01  9.478703E+02
  1.980000E-01  9.468063E+02
  2.000000E-01  9.457506E+02
  2.020000E-01  9.447032E+02
  2.040000E-01  9.436639E+02
  2.060000E-01  9.426327E+02
  2.080000E-01  9.416094E+02
  2.100000E-01  9.405941E+02
  2.120000E-01  9.395865E+02
  2.140000E-01  9.385867E+02
  2.160000E-01  9.375945E+02
  2.180000E-01  9.366099E+02
  2.200000E-01  9.356327E+02
  2.220000E-01  9.346630E+02
  2.240000E-01  9.337006E+02
  2.260000E-01  9.327455E+02
  2.280000E-01  9.317975E+02
  2.300000E-01  9.308567E+02
  2.320000E-01  9.299229E+02
  2.340000E-01  9.289961E+02
  2.360000E-01  9.280761E+02
  2.380000E-01  9.271630E+02
  2.400000E-01  9.262567E+02
  2.420000E-01  9.253570E+02
  2.440000E-01  9.244640E+02
  2.460000E-01  9.235775E+02
  2.480000E-01  9.226975E+02
  2.500000E-01  9.218240E+02
  2.520000E-01  9.209568E+02
  2.540000E-01  9.200959E+02
  2.560000E-01  9.192413E+02
  2.580000E-01  9.183928E+02
  2.600000E-01  9.175505E+02
  2.620000E-01  9.167142E+02
  2.640000E-01  9.158839E+02
  2.660000E-01  9.150596E+02
  2.680000E-01  9.142412E+02
  2.700000E-01  9.134286E+02
  2.720000E-01  9.126218E+02
  2.740000E-01  9.118207E+02
  2.760000E-01  9.110252E+02
  2.780000E-01  9.102354E+02
  2.800000E-01  9.094511E+02
  2.820000E-01  9.086724E+02
  2.840000E-01  9.078991E+02
  2.860000E-01  9.071312E+02
  2.880000E-01  9.063686E+02
  2.900000E-01  9.056114E+02
  2.920000E-01  9.048594E+02
  2.940000E-01  9.041126E+02
  2.960000E-01  9.033710E+02
  2.980000E-01  9.026344E+02
  3.000000E-01  9.019030E+02
  3.020000E-01  9.011765E+02
  3.040000E-01  9.004550E+02
  3.060000E-01  8.997384E+02
  3.080000E-01  8.990268E+02
  3.100000E-01  8.983199E+02
  3.120000E-01  8.976178E+02
  3.140000E-01  8.969205E+02
  3.160000E-01  8.962278E+02
  3.180000E-01  8.955399E+02
  3.200000E-01  8.948565E+02
  3.220000E-01  8.941777E+02
  3.240000E-01  8.935035E+02
  3.260000E-01  8.928337E+02
  3.280000E-01  8.921684E+02
  3.300000E-01  8.915074E+02
  3.320000E-01  8.908509E+02
  3.340000E-01  8.901987E+02
  3.360000E-01  8.895508E+02
  3.380000E-01  8.889071E+02
  3.400000E-01  8.882677E+02
  3.420000E-01  8.876324E+02
  3.440000E-01  8.870012E+02
  3.460000E-01  8.863742E+02
  3.480000E-01  8.857513E+02
  3.500000E-01  8.851323E+02
  3.520000E-01  8.845174E+02
  3.540000E-01  8.839064E+02
  3.560000E-01  8.832994E+02
  3.580000E-01  8.826962E+02
  3.600000E-01  8.820969E+02
  3.620000E-01  8.815014E+02
  3.640000E-01  8.809097E+02
  3.660000E-01  8.803218E+02
  3.680000E-01  8.797376E+02
  3.700000E-01  8.791571E+02
  3.720000E-01  8.785802E+02
  3.740000E-01  8.780070E+02
  3.760000E-01  8.774374E+02
  3.780000E-01  8.768713E+02
  3.800000E-01  8.763088E+02
  3.820000E-01  8.757498E+02
  3.840000E-01  8.751942E+02
  3.860000E-01  8.746421E+02
  3.880000E-01  8.740934E+02
  3.900000E-01  8.735482E+02
  3.920000E-01  8.730062E+02
  3.940000E-01  8.724676E+02
  3.960000E-01  8.719323E+02
  3.980000E-01  8.714002E+02
  4.000000E-01  8.708715E+02
  4.020000E-01  8.703459E+02
  4.040000E-01  8.698235E+02
  4.060000E-01  8.693043E+02
  4.080000E-01  8.687882E+02
  4.100000E-01  8.682752E+02
  4.120000E-01  8.677653E+02
  4.140000E-01  8.672585E+02
  4.160000E-01  8.667547E+02
  4.180000E-01  8.662539E+02
  4.200000E-01  8.657561E+02
  4.220000E-01  8.652613E+02
  4.240000E-01  8.647694E+02
  4.260000E-01  8.642804E+02
  4.280000E-01  8.637943E+02
  4.300000E-01  8.633110E+02
  4.320000E-01  8.630139E+02
  4.340000E-01  8.626553E+02
  4.360000E-01  8.623046E+02
  4.380000E-01  8.619598E+02
  4.400000E-01  8.616198E+02
  4.420000E-01  8.612839E+02
  4.440000E-01  8.609516E+02
  4.460000E-01  8.606225E+02
  4.480000E-01  8.602962E+02
  4.500000E-01  8.599727E+02
  4.520000E-01  8.596517E+02
  4.540000E-01  8.593330E+02
  4.560000E-01  8.590166E+02
  4.580000E-01  8.587023E+02
  4.600000E-01  8.583900E+02
  4.620000E-01  8.580797E+02
  4.640000E-01  8.577713E+02
  4.660000E-01  8.574646E+02
  4.680000E-01  8.571597E+02
  4.700000E-01  8.568565E+02
  4.720000E-01  8.565550E+02
  4.740000E-01  8.562550E+02
  4.760000E-01  8.559567E+02
  4.780000E-01  8.556598E+02
  4.800000E-01  8.553645E+02
  4.820000E-01  8.550706E+02
  4.840000E-01  8.547781E+02
  4.860000E-01  8.544871E+02
  4.880000E-01  8.541974E+02
  4.900000E-01  8.539090E+02
  4.920000E-01  8.536220E+02
  4.940000E-01  8.533363E+02
  4.960000E-01  8.530519E+02
  4.980000E-01  8.527688E+02
  5.000000E-01  8.524868E+02
  5.020000E-01  8.522062E+02
  5.040000E-01  8.519267E+02
  5.060000E-01  8.516484E+02
  5.080000E-01  8.513713E+02
  5.100000E-01  8.510953E+02
  5.120000E-01  8.508205E+02
  5.140000E-01  8.505469E+02
  5.160000E-01  8.502743E+02
  5.180000E-01  8.500028E+02
  5.200000E-01  8.497325E+02
  5.220000E-01  8.494632E+02
  5.240000E-01  8.491949E+02
  5.260000E-01  8.489278E+02
  5.280000E-01  8.486616E+02
  5.300000E-01  8.483965E+02
  5.320000E-01  8.481324E+02
  5.340000E-01  8.478693E+02
  5.360000E-01  8.476073E+02
  5.380000E-01  8.473462E+02
  5.400000E-01  8.470860E+02
  5.420000E-01  8.468269E+02
  5.440000E-01  8.465687E+02
  5.460000E-01  8.463115E+02
  5.480000E-01  8.460551E+02
  5.500000E-01  8.457998E+02
  5.520000E-01  8.455453E+02
  5.540000E-01  8.452918E+02
  5.560000E-01  8.450392E+02
  5.580000E-01  8.447875E+02
  5.600000E-01  8.445366E+02
  5.620000E-01  8.442867E+02
  5.640000E-01  8.440376E+02
  5.660000E-01  8.437894E+02
  5.680000E-01  8.435420E+02
  5.700000E-01  8.432955E+02
  5.720000E-01  8.430499E+02
  5.740000E-01  8.428051E+02
  5.760000E-01  8.425611E+02
  5.780000E-01  8.423180E+02
  5.800000E-01  8.420756E+02
  5.820000E-01  8.418341E+02
  5.840000E-01  8.415934E+02
  5.860000E-01  8.413535E+02
  5.880000E-01  8.411144E+02
  5.900000E-01  8.408761E+02
  5.920000E-01  8.406385E+02
  5.940000E-01  8.404018E+02
  5.960000E-01  8.401658E+02
  5.980000E-01  8.399306E+02
  6.000000E-01  8.396961E+02
  6.020000E-01  8.394624E+02
  6.040000E-01  8.392294E+02
  6.060000E-01  8.389972E+02
  6.080000E-01  8.387657E+02
  6.100000E-01  8.385350E+02
  6.120000E-01  8.383050E+02
  6.140000E-01  8.380757E+02
  6.160000E-01  8.378471E+02
  6.180000E-01  8.376192E+02
  6.200000E-01  8.373921E+02
  6.220000E-01  8.371656E+02
  6.240000E-01  8.369399E+02
  6.260000E-01  8.367148E+02
  6.280000E-01  8.364904E+02
  6.300000E-01  8.362667E+02
  6.320000E-01  8.360437E+02
  6.340000E-01  8.358214E+02
  6.360000E-01  8.355997E+02
  6.380000E-01  8.353787E+02
  6.400000E-01  8.351584E+02
  6.420000E-01  8.349387E+02
  6.440000E-01  8.347197E+02
  6.460000E-01  8.345014E+02
  6.480000E-01  8.342836E+02
  6.500000E-01  8.340666E+02
  6.520000E-01  8.338501E+02
  6.540000E-01  8.336343E+02
  6.560000E-01  8.334191E+02
  6.580000E-01  8.332046E+02
  6.600000E-01  8.329906E+02
  6.620000E-01  8.327773E+02
  6.640000E-01  8.325646E+02
  6.660000E-01  8.323526E+02
  6.680000E-01  8.321411E+02
  6.700000E-01  8.319302E+02
  6.720000E-01  8.317199E+02
  6.740000E-01  8.315102E+02
  6.760000E-01  8.313012E+02
  6.780000E-01  8.310927E+02
  6.800000E-01  8.308848E+02
  6.820000E-01  8.306774E+02
  6.840000E-01  8.304707E+02
  6.860000E-01  8.302645E+02
  6.880000E-01  8.300589E+02
  6.900000E-01  8.298539E+02
  6.920000E-01  8.296494E+02
  6.940000E-01  8.294455E+02
  6.960000E-01  8.292422E+02
  6.980000E-01  8.290394E+02
  7.000000E-01  8.288372E+02
  7.020000E-01  8.286355E+02
  7.040000E-01  8.284344E+02
  7.060000E-01  8.282338E+02
  7.080000E-01  8.280338E+02
  7.100000E-01  8.278343E+02
  7.120000E-01  8.276353E+02
  7.140000E-01  8.274369E+02
  7.160000E-01  8.272390E+02
  7.180000E-01  8.270416E+02
  7.200000E-01  8.268448E+02
  7.220000E-01  8.266484E+02
  7.240000E-01  8.264526E+02
  7.260000E-01  8.262573E+02
  7.280000E-01  8.260625E+02
  7.300000E-01  8.258683E+02
  7.320000E-01  8.256745E+02
  7.340000E-01  8.254813E+02
  7.360000E-01  8.252885E+02
  7.380000E-01  8.250963E+02
  7.400000E-01  8.249045E+02
  7.420000E-01  8.247133E+02
  7.440000E-01  8.245225E+02
  7.460000E-01  8.243322E+02
  7.480000E-01  8.241424E+02
  7.500000E-01  8.239531E+02
  7.520000E-01  8.237643E+02
  7.540000E-01  8.235760E+02
  7.560000E-01  8.233881E+02
  7.580000E-01  8.232007E+02
  7.600000E-01  8.230138E+02
  7.620000E-01  8.228274E+02
  7.640000E-01  8.226414E+02
  7.660000E-01  8.224559E+02
  7.680000E-01  8.222709E+02
  7.700000E-01  8.220863E+02
  7.720000E-01  8.219022E+02
  7.740000E-01  8.217186E+02
  7.760000E-01  8.215354E+02
  7.780000E-01  8.213526E+02
  7.800000E-01  8.211703E+02
  7.820000E-01  8.209885E+02
  7.840000E-01  8.208071E+02
  7.860000E-01  8.206261E+02
  7.880000E-01  8.204456E+02
  7.900000E-01  8.202656E+02
  7.920000E-01  8.200859E+02
  7.940000E-01  8.199068E+02
  7.960000E-01  8.197280E+02
  7.980000E-01  8.195497E+02
  8.000000E-01  8.193718E+02
  8.020000E-01  8.191943E+02
  8.040000E-01  8.190173E+02
  8.060000E-01  8.188407E+02
  8.080000E-01  8.186645E+02
  8.100000E-01  8.184888E+02
  8.120000E-01  8.183134E+02
  8.140000E-01  8.181385E+02
  8.160000E-01  8.179640E+02
  8.180000E-01  8.177899E+02
  8.200000E-01  8.176162E+02
  8.220000E-01  8.174429E+02
  8.240000E-01  8.172701E+02
  8.260000E-01  8.170976E+02
  8.280000E-01  8.169256E+02
  8.300000E-01  8.167539E+02
  8.320000E-01  8.165827E+02
  8.340000E-01  8.164119E+02
  8.360000E-01  8.162414E+02
  8.380000E-01  8.160714E+02
  8.400000E-01  8.159017E+02
  8.420000E-01  8.157325E+02
  8.440000E-01  8.155636E+02
  8.460000E-01  8.153951E+02
  8.480000E-01  8.152270E+02
  8.500000E-01  8.150593E+02
  8.520000E-01  8.148920E+02
  8.540000E-01  8.147251E+02
  8.560000E-01  8.145585E+02
  8.580000E-01  8.143923E+02
  8.600000E-01  8.142265E+02
  8.620000E-01  8.140611E+02
  8.640000E-01  8.138961E+02
  8.660000E-01  8.137314E+02
  8.680000E-01  8.135671E+02
  8.700000E-01  8.134032E+02
  8.720000E-01  8.132694E+02
  8.740000E-01  8.131295E+02
  8.760000E-01  8.129930E+02
  8.780000E-01  8.128593E+02
  8.800000E-01  8.127278E+02
  8.820000E-01  8.125984E+02
  8.840000E-01  8.124706E+02
  8.860000E-01  8.123444E+02
  8.880000E-01  8.122196E+02
  8.900000E-01  8.120961E+02
  8.920000E-01  8.119737E+02
  8.940000E-01  8.118524E+02
  8.960000E-01  8.117321E+02
  8.980000E-01  8.116128E+02
  9.000000E-01  8.114943E+02
  9.020000E-01  8.113767E+02
  9.040000E-01  8.112598E+02
  9.060000E-01  8.111437E+02
  9.080000E-01  8.110283E+02
  9.100000E-01  8.109135E+02
  9.120000E-01  8.107994E+02
  9.140000E-01  8.106859E+02
  9.160000E-01  8.105729E+02
  9.180000E-01  8.104605E+02
  9.200000E-01  8.103486E+02
  9.220000E-01  8.102372E+02
  9.240000E-01  8.101263E+02
  9.260000E-01  8.100158E+02
  9.280000E-01  8.099056E+02
  9.300000E-01  8.097957E+02
  9.320000E-01  8.096863E+02
  9.340000E-01  8.095774E+02
  9.360000E-01  8.094690E+02
  9.380000E-01  8.093610E+02
  9.400000E-01  8.092535E+02
  9.420000E-01  8.091465E+02
  9.440000E-01  8.090398E+02
  9.460000E-01  8.089336E+02
  9.480000E-01  8.088278E+02
  9.500000E-01  8.087224E+02
  9.520000E-01  8.086174E+02
  9.540000E-01  8.085128E+02
  9.560000E-01  8.084085E+02
  9.580000E-01  8.083046E+02
  9.600000E-01  8.082011E+02
  9.620000E-01  8.080980E+02
  9.640000E-01  8.079952E+02
  9.660000E-01  8.078927E+02
  9.680000E-01  8.077906E+02
  9.700000E-01  8.076888E+02
  9.720000E-01  8.075874E+02
  9.740000E-01  8.074863E+02
  9.760000E-01  8.073855E+02
  9.780000E-01  8.072850E+02
  9.800000E-01  8.071848E+02
  9.820000E-01  8.070850E+02
  9.840000E-01  8.069854E+02
  9.860000E-01  8.068862E+02
  9.880000E-01  8.067872E+02
  9.900000E-01  8.066885E+02
  9.920000E-01  8.065901E+02
  9.940000E-01  8.064920E+02
  9.960000E-01  8.063942E+02
  9.980000E-01  8.062967E+02
  1.000000E+00  8.061994E+02
  1.002000E+00  8.061024E+02
  1.004000E+00  8.060057E+02
  1.006000E+00  8.059093E+02
  1.008000E+00  8.058131E+02
  1.010000E+00  8.057172E+02
  1.012000E+00  8.056215E+02
  1.014000E+00  8.055261E+02
  1.016000E+00  8.054309E+02
  1.018000E+00  8.053360E+02
  1.020000E+00  8.052414E+02
  1.022000E+00  8.051470E+02
  1.024000E+00  8.050528E+02
  1.026000E+00  8.049589E+02
  1.028000E+00  8.048652E+02
  1.030000E+00  8.047717E+02
  1.032000E+00  8.046785E+02
  1.034000E+00  8.045856E+02
  1.036000E+00  8.044928E+02
  1.038000E+00  8.044003E+02
  1.040000E+00  8.043080E+02
  1.042000E+00  8.042160E+02
  1.044000E+00  8.041242E+02
  1.046000E+00  8.040326E+02
  1.048000E+00  8.039412E+02
  1.050000E+00  8.038500E+02
  1.052000E+00  8.037591E+02
  1.054000E+00  8.036684E+02
  1.056000E+00  8.035779E+02
  1.058000E+00  8.034876E+02
  1.060000E+00  8.033975E+02
  1.062000E+00  8.033077E+02
  1.064000E+00  8.032180E+02
  1.066000E+00  8.031286E+02
  1.068000E+00  8.030393E+02
  1.070000E+00  8.029503E+02
  1.072000E+00  8.028615E+02
  1.074000E+00  8.027729E+02
  1.076000E+00  8.026845E+02
  1.078000E+00  8.025963E+02
  1.080000E+00  8.025083E+02
  1.082000E+00  8.024205E+02
  1.084000E+00  8.023329E+02
  1.086000E+00  8.022455E+02
  1.088000E+00  8.021582E+02
  1.090000E+00  8.020712E+02
  1.092000E+00  8.019844E+02
  1.094000E+00  8.018978E+02
  1.096000E+00  8.018114E+02
  1.098000E+00  8.017251E+02
  1.100000E+00  8.016391E+02
  1.102000E+00  8.015532E+02
  1.104000E+00  8.014675E+02
  1.106000E+00  8.013820E+02
  1.108000E+00  8.012968E+02
  1.110000E+00  8.012116E+02
  1.112000E+00  8.011267E+02
  1.114000E+00  8.010420E+02
  1.116000E+00  8.009574E+02
  1.118000E+00  8.008730E+02
  1.120000E+00  8.007889E+02
  1.122000E+00  8.007048E+02
  1.124000E+00  8.006210E+02
  1.126000E+00  8.005374E+02
  1.128000E+00  8.004539E+02
  1.130000E+00  8.003706E+02
  1.132000E+00  8.002875E+02
  1.134000E+00  8.002046E+02
  1.136000E+00  8.001218E+02
  1.138000E+00  8.000392E+02
  1.140000E+00  7.999568E+02
  1.142000E+00  7.998746E+02
  1.144000E+00  7.997925E+02
  1.146000E+00  7.997106E+02
  1.148000E+00  7.996289E+02
  1.150000E+00  7.995473E+02
  1.152000E+00  7.994659E+02
  1.154000E+00  7.993847E+02
  1.156000E+00  7.993037E+02
  1.158000E+00  7.992228E+02
  1.160000E+00  7.991421E+02
  1.162000E+00  7.990616E+02
  1.164000E+00  7.989812E+02
  1.166000E+00  7.989010E+02
  1.168000E+00  7.988210E+02
  1.170000E+00  7.987411E+02
  1.172000E+00  7.986614E+02
  1.174000E+00  7.985844E+02
  1.176000E+00  7.985049E+02
  1.178000E+00  7.984255E+02
  1.180000E+00  7.983463E+02
  1.182000E+00  7.982672E+02
  1.184000E+00  7.981884E+02
  1.186000E+00  7.981096E+02
  1.188000E+00  7.980311E+02
  1.190000E+00  7.979527E+02
  1.192000E+00  7.978745E+02
  1.194000E+00  7.977965E+02
  1.196000E+00  7.977186E+02
  1.198000E+00  7.976409E+02
  1.200000E+00  7.975633E+02
