  1.600000E-03  8.451069E-04  1.504071E+00  1.044401E+00  1.000000E-02  9.368686E+02  9.977302E-01  9.405724E+02
  3.200000E-03  2.140538E-03  3.009471E+00  1.459728E+00  2.000000E-02  9.347540E+02  9.954781E-01  9.411283E+02
  4.800000E-03  3.556920E-03  4.515581E+00  1.746039E+00  3.000000E-02  9.326549E+02  9.932427E-01  9.414867E+02
  6.400000E-03  5.002028E-03  6.022178E+00  1.965307E+00  4.000000E-02  9.305708E+02  9.910232E-01  9.417465E+02
  8.000000E-03  6.440287E-03  7.529140E+00  2.142464E+00  5.000000E-02  9.285014E+02  9.888194E-01  9.419471E+02
  9.600000E-03  7.861070E-03  9.036389E+00  2.290569E+00  6.000000E-02  9.264463E+02  9.866308E-01  9.421090E+02
  1.120000E-02  9.267313E-03  1.054388E+01  2.417488E+00  7.000000E-02  9.244053E+02  9.844572E-01  9.422446E+02
  1.280000E-02  1.067025E-02  1.205156E+01  2.528395E+00  8.000000E-02  9.223782E+02  9.822984E-01  9.423617E+02
  1.440000E-02  1.208662E-02  1.355943E+01  2.626908E+00  9.000000E-02  9.203648E+02  9.801542E-01  9.424660E+02
  1.600000E-02  1.353697E-02  1.506745E+01  2.715676E+00  1.000000E-01  9.183648E+02  9.780243E-01  9.425615E+02
  1.760000E-02  1.504467E-02  1.657562E+01  2.796705E+00  1.100000E-01  9.163782E+02  9.759086E-01  9.426513E+02
  1.920000E-02  1.663515E-02  1.808393E+01  2.871557E+00  1.200000E-01  9.144048E+02  9.738070E-01  9.427379E+02
  2.080000E-02  1.833548E-02  1.959238E+01  2.941478E+00  1.300000E-01  9.124443E+02  9.717192E-01  9.428230E+02
  2.240000E-02  2.017398E-02  2.110097E+01  3.007479E+00  1.400000E-01  9.104968E+02  9.696452E-01  9.429082E+02
  2.400000E-02  2.217996E-02  2.260969E+01  3.070392E+00  1.500000E-01  9.085620E+02  9.675847E-01  9.429948E+02
  2.560000E-02  2.438351E-02  2.411855E+01  3.130913E+00  1.600000E-01  9.066398E+02  9.655376E-01  9.430837E+02
  2.720000E-02  2.681539E-02  2.562756E+01  3.189633E+00  1.700000E-01  9.047301E+02  9.635038E-01  9.431760E+02
  2.880000E-02  2.950688E-02  2.713671E+01  3.247052E+00  1.800000E-01  9.028327E+02  9.614832E-01  9.432722E+02
  3.040000E-02  3.248965E-02  2.864603E+01  3.303605E+00  1.900000E-01  9.009476E+02  9.594756E-01  9.433731E+02
  3.200000E-02  3.579572E-02  3.015551E+01  3.359668E+00  2.000000E-01  8.990745E+02  9.574809E-01  9.434792E+02
  3.360000E-02  3.945739E-02  3.166516E+01  3.415569E+00  2.100000E-01  8.972135E+02  9.554990E-01  9.435910E+02
  3.520000E-02  4.350716E-02  3.317500E+01  3.471599E+00  2.200000E-01  8.953644E+02  9.535297E-01  9.437089E+02
  3.680000E-02  4.797768E-02  3.468503E+01  3.528013E+00  2.300000E-01  8.935270E+02  9.515730E-01  9.438332E+02
  3.840000E-02  5.290175E-02  3.619526E+01  3.585039E+00  2.400000E-01  8.917013E+02  9.496287E-01  9.439644E+02
  4.000000E-02  5.831223E-02  3.770571E+01  3.642881E+00  2.500000E-01  8.898872E+02  9.476967E-01  9.441026E+02
  4.160000E-02  6.424204E-02  3.921639E+01  3.701722E+00  2.600000E-01  8.880845E+02  9.457769E-01  9.442481E+02
  4.320000E-02  7.072412E-02  4.072731E+01  3.761724E+00  2.700000E-01  8.862931E+02  9.438692E-01  9.444012E+02
  4.480000E-02  7.779143E-02  4.223847E+01  3.823038E+00  2.800000E-01  8.845131E+02  9.419734E-01  9.445620E+02
  4.640000E-02  8.547688E-02  4.374990E+01  3.885797E+00  2.900000E-01  8.827441E+02  9.400896E-01  9.447308E+02
  4.800000E-02  9.381336E-02  4.526160E+01  3.950123E+00  3.000000E-01  8.809863E+02  9.382175E-01  9.449077E+02
  4.960000E-02  1.028337E-01  4.677360E+01  4.016128E+00  3.100000E-01  8.792393E+02  9.363571E-01  9.450927E+02
  5.120000E-02  1.125706E-01  4.828590E+01  4.083914E+00  3.200000E-01  8.775033E+02  9.345083E-01  9.452862E+02
  5.280000E-02  1.230569E-01  4.979851E+01  4.153573E+00  3.300000E-01  8.757780E+02  9.326709E-01  9.454881E+02
  5.440000E-02  1.343249E-01  5.131145E+01  4.225191E+00  3.400000E-01  8.740634E+02  9.308450E-01  9.456986E+02
  5.600000E-02  1.464073E-01  5.282473E+01  4.298846E+00  3.500000E-01  8.723594E+02  9.290303E-01  9.459177E+02
  5.760000E-02  1.593362E-01  5.433838E+01  4.374609E+00  3.600000E-01  8.706659E+02  9.272267E-01  9.461456E+02
  5.920000E-02  1.731440E-01  5.585239E+01  4.452548E+00  3.700000E-01  8.689828E+02  9.254343E-01  9.463823E+02
  6.080000E-02  1.878627E-01  5.736679E+01  4.532722E+00  3.800000E-01  8.673100E+02  9.236529E-01  9.466279E+02
  6.240000E-02  2.035242E-01  5.888159E+01  4.615189E+00  3.900000E-01  8.656475E+02  9.218823E-01  9.468825E+02
  6.400000E-02  2.201602E-01  6.039680E+01  4.700001E+00  4.000000E-01  8.639951E+02  9.201226E-01  9.471460E+02
  6.560000E-02  2.378023E-01  6.191244E+01  4.787205E+00  4.100000E-01  8.623528E+02  9.183736E-01  9.474186E+02
  6.720000E-02  2.564820E-01  6.342852E+01  4.876846E+00  4.200000E-01  8.607205E+02  9.166352E-01  9.477002E+02
  6.880000E-02  2.762305E-01  6.494506E+01  4.968965E+00  4.300000E-01  8.590980E+02  9.149074E-01  9.479910E+02
  7.040000E-02  2.970788E-01  6.646208E+01  5.063601E+00  4.400000E-01  8.574854E+02  9.131900E-01  9.482909E+02
  7.200000E-02  3.190579E-01  6.797958E+01  5.160789E+00  4.500000E-01  8.558826E+02  9.114830E-01  9.485999E+02
  7.360000E-02  3.421985E-01  6.949758E+01  5.260561E+00  4.600000E-01  8.542894E+02  9.097863E-01  9.489181E+02
  7.520000E-02  3.665310E-01  7.101609E+01  5.362948E+00  4.700000E-01  8.527058E+02  9.080998E-01  9.492455E+02
  7.680000E-02  3.920857E-01  7.253514E+01  5.467978E+00  4.800000E-01  8.511317E+02  9.064235E-01  9.495821E+02
  7.840000E-02  4.188928E-01  7.405473E+01  5.575677E+00  4.900000E-01  8.495670E+02  9.047572E-01  9.499279E+02
  8.000000E-02  4.469821E-01  7.557488E+01  5.686068E+00  5.000000E-01  8.480117E+02  9.031008E-01  9.502829E+02
  8.160000E-02  4.763834E-01  7.709561E+01  5.799175E+00  5.100000E-01  8.464656E+02  9.014543E-01  9.506472E+02
  8.320000E-02  5.071261E-01  7.861693E+01  5.915017E+00  5.200000E-01  8.449288E+02  8.998177E-01  9.510207E+02
  8.480000E-02  5.392395E-01  8.013885E+01  6.033614E+00  5.300000E-01  8.434011E+02  8.981907E-01  9.514033E+02
  8.640000E-02  5.727527E-01  8.166139E+01  6.154983E+00  5.400000E-01  8.418824E+02  8.965734E-01  9.517952E+02
  8.800000E-02  6.076945E-01  8.318456E+01  6.279141E+00  5.500000E-01  8.403728E+02  8.949657E-01  9.521963E+02
  8.960000E-02  6.440935E-01  8.470838E+01  6.406102E+00  5.600000E-01  8.388721E+02  8.933675E-01  9.526066E+02
  9.120000E-02  6.819782E-01  8.623287E+01  6.535879E+00  5.700000E-01  8.373802E+02  8.917787E-01  9.530261E+02
  9.280000E-02  7.213767E-01  8.775803E+01  6.668486E+00  5.800000E-01  8.358971E+02  8.901992E-01  9.534548E+02
  9.440000E-02  7.623170E-01  8.928389E+01  6.803933E+00  5.900000E-01  8.344226E+02  8.886290E-01  9.538926E+02
  9.600000E-02  8.048269E-01  9.081045E+01  6.942231E+00  6.000000E-01  8.329569E+02  8.870680E-01  9.543395E+02
  9.760000E-02  8.489338E-01  9.233774E+01  7.083390E+00  6.100000E-01  8.314997E+02  8.855162E-01  9.547956E+02
  9.920000E-02  8.946652E-01  9.386576E+01  7.227417E+00  6.200000E-01  8.300510E+02  8.839734E-01  9.552608E+02
  1.008000E-01  9.420479E-01  9.539453E+01  7.374321E+00  6.300000E-01  8.286108E+02  8.824396E-01  9.557350E+02
  1.024000E-01  9.911090E-01  9.692407E+01  7.524109E+00  6.400000E-01  8.271789E+02  8.809147E-01  9.562183E+02
  1.040000E-01  1.041875E+00  9.845438E+01  7.676785E+00  6.500000E-01  8.257553E+02  8.793987E-01  9.567107E+02
  1.056000E-01  1.094372E+00  9.998549E+01  7.832357E+00  6.600000E-01  8.243400E+02  8.778914E-01  9.572120E+02
  1.072000E-01  1.148627E+00  1.015174E+02  7.990829E+00  6.700000E-01  8.229329E+02  8.763928E-01  9.577224E+02
  1.088000E-01  1.204665E+00  1.030502E+02  8.152203E+00  6.800000E-01  8.215339E+02  8.749029E-01  9.582417E+02
  1.104000E-01  1.262513E+00  1.045837E+02  8.316485E+00  6.900000E-01  8.201429E+02  8.734216E-01  9.587700E+02
  1.120000E-01  1.322195E+00  1.061182E+02  8.483677E+00  7.000000E-01  8.187599E+02  8.719488E-01  9.593071E+02
  1.136000E-01  1.383737E+00  1.076535E+02  8.653781E+00  7.100000E-01  8.173849E+02  8.704844E-01  9.598531E+02
  1.152000E-01  1.447164E+00  1.091896E+02  8.826798E+00  7.200000E-01  8.160177E+02  8.690285E-01  9.604080E+02
  1.168000E-01  1.512501E+00  1.107267E+02  9.002731E+00  7.300000E-01  8.146584E+02  8.675808E-01  9.609717E+02
  1.184000E-01  1.579772E+00  1.122647E+02  9.181579E+00  7.400000E-01  8.133068E+02  8.661414E-01  9.615442E+02
  1.200000E-01  1.649001E+00  1.138036E+02  9.363343E+00  7.500000E-01  8.119629E+02  8.647102E-01  9.621255E+02
  1.216000E-01  1.720214E+00  1.153434E+02  9.548023E+00  7.600000E-01  8.106266E+02  8.632871E-01  9.627154E+02
  1.232000E-01  1.793433E+00  1.168842E+02  9.735619E+00  7.700000E-01  8.092979E+02  8.618721E-01  9.633141E+02
  1.248000E-01  1.868683E+00  1.184260E+02  9.926129E+00  7.800000E-01  8.079767E+02  8.604651E-01  9.639214E+02
  1.264000E-01  1.945987E+00  1.199687E+02  1.011955E+01  7.900000E-01  8.066630E+02  8.590661E-01  9.645373E+02
  1.280000E-01  2.025367E+00  1.215124E+02  1.031589E+01  8.000000E-01  8.053567E+02  8.576749E-01  9.651619E+02
  1.296000E-01  2.106848E+00  1.230572E+02  1.051513E+01  8.100000E-01  8.040578E+02  8.562916E-01  9.657950E+02
  1.312000E-01  2.190452E+00  1.246029E+02  1.071728E+01  8.200000E-01  8.027661E+02  8.549160E-01  9.664366E+02
  1.328000E-01  2.276202E+00  1.261497E+02  1.092234E+01  8.300000E-01  8.014817E+02  8.535481E-01  9.670867E+02
  1.344000E-01  2.364119E+00  1.276975E+02  1.113030E+01  8.400000E-01  8.002045E+02  8.521879E-01  9.677452E+02
  1.360000E-01  2.454226E+00  1.292464E+02  1.134115E+01  8.500000E-01  7.989344E+02  8.508353E-01  9.684121E+02
  1.376000E-01  2.546545E+00  1.307964E+02  1.155490E+01  8.600000E-01  7.976714E+02  8.494903E-01  9.690875E+02
  1.392000E-01  2.641098E+00  1.323474E+02  1.177154E+01  8.700000E-01  7.964154E+02  8.481527E-01  9.697711E+02
  1.408000E-01  2.737906E+00  1.338995E+02  1.199107E+01  8.800000E-01  7.951664E+02  8.468225E-01  9.704631E+02
  1.424000E-01  2.836990E+00  1.354528E+02  1.221348E+01  8.900000E-01  7.939243E+02  8.454998E-01  9.711633E+02
  1.440000E-01  2.938371E+00  1.370072E+02  1.243877E+01  9.000000E-01  7.926891E+02  8.441843E-01  9.718718E+02
  1.456000E-01  3.042071E+00  1.385627E+02  1.266693E+01  9.100000E-01  7.914607E+02  8.428761E-01  9.725884E+02
  1.472000E-01  3.148110E+00  1.401194E+02  1.289796E+01  9.200000E-01  7.902390E+02  8.415751E-01  9.733132E+02
  1.488000E-01  3.256508E+00  1.416772E+02  1.313186E+01  9.300000E-01  7.890241E+02  8.402813E-01  9.740461E+02
  1.504000E-01  3.367285E+00  1.432362E+02  1.336861E+01  9.400000E-01  7.878159E+02  8.389946E-01  9.747870E+02
  1.520000E-01  3.480462E+00  1.447964E+02  1.360821E+01  9.500000E-01  7.866143E+02  8.377149E-01  9.755360E+02
  1.536000E-01  3.596058E+00  1.463579E+02  1.385066E+01  9.600000E-01  7.854192E+02  8.364422E-01  9.762930E+02
  1.552000E-01  3.714092E+00  1.479205E+02  1.409596E+01  9.700000E-01  7.842307E+02  8.351765E-01  9.770580E+02
  1.568000E-01  3.834585E+00  1.494843E+02  1.434409E+01  9.800000E-01  7.830487E+02  8.339177E-01  9.778309E+02
  1.584000E-01  3.957555E+00  1.510495E+02  1.459504E+01  9.900000E-01  7.818731E+02  8.326657E-01  9.786116E+02
  1.600000E-01  4.083022E+00  1.526158E+02  1.484882E+01  1.000000E+00  7.807039E+02  8.314205E-01  9.794002E+02
  1.616000E-01  4.211003E+00  1.541834E+02  1.510542E+01  1.010000E+00  7.795410E+02  8.301821E-01  9.801966E+02
  1.632000E-01  4.341518E+00  1.557523E+02  1.536482E+01  1.020000E+00  7.783844E+02  8.289504E-01  9.810007E+02
  1.648000E-01  4.474585E+00  1.573225E+02  1.562703E+01  1.030000E+00  7.772340E+02  8.277253E-01  9.818126E+02
  1.664000E-01  4.610222E+00  1.588940E+02  1.589204E+01  1.040000E+00  7.760899E+02  8.265068E-01  9.826321E+02
  1.680000E-01  4.748447E+00  1.604668E+02  1.615983E+01  1.050000E+00  7.749519E+02  8.252949E-01  9.834593E+02
  1.696000E-01  4.889278E+00  1.620410E+02  1.643041E+01  1.060000E+00  7.738200E+02  8.240895E-01  9.842941E+02
  1.712000E-01  5.032732E+00  1.636165E+02  1.670376E+01  1.070000E+00  7.726942E+02  8.228905E-01  9.851364E+02
  1.728000E-01  5.178827E+00  1.651933E+02  1.697988E+01  1.080000E+00  7.715744E+02  8.216980E-01  9.859863E+02
  1.744000E-01  5.327580E+00  1.667715E+02  1.725876E+01  1.090000E+00  7.704606E+02  8.205118E-01  9.868437E+02
  1.760000E-01  5.479008E+00  1.683511E+02  1.754039E+01  1.100000E+00  7.693527E+02  8.193319E-01  9.877084E+02
  1.776000E-01  5.633127E+00  1.699321E+02  1.782477E+01  1.110000E+00  7.682507E+02  8.181583E-01  9.885806E+02
  1.792000E-01  5.789955E+00  1.715144E+02  1.811188E+01  1.120000E+00  7.671545E+02  8.169910E-01  9.894602E+02
  1.808000E-01  5.949507E+00  1.730982E+02  1.840173E+01  1.130000E+00  7.660642E+02  8.158298E-01  9.903471E+02
  1.824000E-01  6.111801E+00  1.746834E+02  1.869430E+01  1.140000E+00  7.649796E+02  8.146748E-01  9.912412E+02
  1.840000E-01  6.276851E+00  1.762701E+02  1.898958E+01  1.150000E+00  7.639008E+02  8.135259E-01  9.921426E+02
  1.856000E-01  6.444675E+00  1.778582E+02  1.928757E+01  1.160000E+00  7.628277E+02  8.123830E-01  9.930512E+02
  1.872000E-01  6.615286E+00  1.794477E+02  1.958826E+01  1.170000E+00  7.617601E+02  8.112462E-01  9.939670E+02
  1.888000E-01  6.788702E+00  1.810387E+02  1.989164E+01  1.180000E+00  7.606982E+02  8.101153E-01  9.948899E+02
  1.904000E-01  6.964937E+00  1.826312E+02  2.019770E+01  1.190000E+00  7.596419E+02  8.089903E-01  9.958198E+02
  1.920000E-01  7.144007E+00  1.842252E+02  2.050643E+01  1.200000E+00  7.585911E+02  8.078712E-01  9.967569E+02
  1.936000E-01  7.325926E+00  1.858207E+02  2.081784E+01  1.210000E+00  7.575458E+02  8.067580E-01  9.977009E+02
  1.952000E-01  7.510710E+00  1.874177E+02  2.113189E+01  1.220000E+00  7.565059E+02  8.056506E-01  9.986519E+02
  1.968000E-01  7.698373E+00  1.890163E+02  2.144860E+01  1.230000E+00  7.554714E+02  8.045489E-01  9.996098E+02
  1.984000E-01  7.888928E+00  1.906164E+02  2.176795E+01  1.240000E+00  7.544423E+02  8.034529E-01  1.000575E+03
  2.000000E-01  8.082392E+00  1.922180E+02  2.208994E+01  1.250000E+00  7.534185E+02  8.023627E-01  1.001546E+03
  2.016000E-01  8.278777E+00  1.938212E+02  2.241454E+01  1.260000E+00  7.524001E+02  8.012780E-01  1.002525E+03
  2.032000E-01  8.478098E+00  1.954259E+02  2.274176E+01  1.270000E+00  7.513869E+02  8.001990E-01  1.003510E+03
  2.048000E-01  8.680369E+00  1.970323E+02  2.307159E+01  1.280000E+00  7.503789E+02  7.991255E-01  1.004502E+03
  2.064000E-01  8.885602E+00  1.986402E+02  2.340402E+01  1.290000E+00  7.493761E+02  7.980576E-01  1.005501E+03
  2.080000E-01  9.093812E+00  2.002497E+02  2.373904E+01  1.300000E+00  7.483784E+02  7.969951E-01  1.006506E+03
  2.096000E-01  9.305012E+00  2.018609E+02  2.407664E+01  1.310000E+00  7.473859E+02  7.959381E-01  1.007518E+03
  2.112000E-01  9.519215E+00  2.034736E+02  2.441681E+01  1.320000E+00  7.463984E+02  7.948865E-01  1.008536E+03
  2.128000E-01  9.736433E+00  2.050880E+02  2.475954E+01  1.330000E+00  7.454160E+02  7.938402E-01  1.009561E+03
  2.144000E-01  9.956681E+00  2.067041E+02  2.510483E+01  1.340000E+00  7.444386E+02  7.927993E-01  1.010593E+03
  2.160000E-01  1.017997E+01  2.083218E+02  2.545267E+01  1.350000E+00  7.434661E+02  7.917637E-01  1.011631E+03
  2.176000E-01  1.040631E+01  2.099411E+02  2.580305E+01  1.360000E+00  7.424986E+02  7.907333E-01  1.012675E+03
  2.192000E-01  1.063572E+01  2.115622E+02  2.615595E+01  1.370000E+00  7.415360E+02  7.897082E-01  1.013726E+03
  2.208000E-01  1.086821E+01  2.131849E+02  2.651137E+01  1.380000E+00  7.405783E+02  7.886883E-01  1.014783E+03
  2.224000E-01  1.110378E+01  2.148093E+02  2.686931E+01  1.390000E+00  7.396254E+02  7.876735E-01  1.015847E+03
  2.240000E-01  1.134246E+01  2.164355E+02  2.722975E+01  1.400000E+00  7.386773E+02  7.866638E-01  1.016917E+03
  2.256000E-01  1.158426E+01  2.180633E+02  2.759268E+01  1.410000E+00  7.377340E+02  7.856592E-01  1.017993E+03
  2.272000E-01  1.182918E+01  2.196929E+02  2.795809E+01  1.420000E+00  7.367954E+02  7.846596E-01  1.019075E+03
  2.288000E-01  1.207723E+01  2.213242E+02  2.832598E+01  1.430000E+00  7.358615E+02  7.836651E-01  1.020163E+03
  2.304000E-01  1.232844E+01  2.229572E+02  2.869634E+01  1.440000E+00  7.349323E+02  7.826755E-01  1.021258E+03
  2.320000E-01  1.258280E+01  2.245920E+02  2.906916E+01  1.450000E+00  7.340077E+02  7.816908E-01  1.022358E+03
  2.336000E-01  1.284033E+01  2.262286E+02  2.944442E+01  1.460000E+00  7.330877E+02  7.807111E-01  1.023465E+03
  2.352000E-01  1.310105E+01  2.278670E+02  2.982213E+01  1.470000E+00  7.321724E+02  7.797363E-01  1.024578E+03
  2.368000E-01  1.336496E+01  2.295071E+02  3.020227E+01  1.480000E+00  7.312615E+02  7.787663E-01  1.025696E+03
  2.384000E-01  1.363207E+01  2.311490E+02  3.058483E+01  1.490000E+00  7.303552E+02  7.778011E-01  1.026821E+03
  2.400000E-01  1.390239E+01  2.327927E+02  3.096980E+01  1.500000E+00  7.294533E+02  7.768406E-01  1.027952E+03
  2.416000E-01  1.417593E+01  2.344383E+02  3.135718E+01  1.510000E+00  7.285560E+02  7.758849E-01  1.029088E+03
  2.432000E-01  1.445271E+01  2.360857E+02  3.174695E+01  1.520000E+00  7.276630E+02  7.749340E-01  1.030230E+03
  2.448000E-01  1.473274E+01  2.377349E+02  3.213912E+01  1.530000E+00  7.267744E+02  7.739877E-01  1.031378E+03
  2.464000E-01  1.501601E+01  2.393859E+02  3.253365E+01  1.540000E+00  7.258902E+02  7.730460E-01  1.032532E+03
  2.480000E-01  1.530255E+01  2.410388E+02  3.293056E+01  1.550000E+00  7.250104E+02  7.721090E-01  1.033691E+03
  2.496000E-01  1.559236E+01  2.426935E+02  3.332983E+01  1.560000E+00  7.241348E+02  7.711766E-01  1.034857E+03
  2.512000E-01  1.588546E+01  2.443501E+02  3.373145E+01  1.570000E+00  7.232635E+02  7.702487E-01  1.036028E+03
  2.528000E-01  1.618184E+01  2.460086E+02  3.413541E+01  1.580000E+00  7.223965E+02  7.693253E-01  1.037204E+03
  2.544000E-01  1.648153E+01  2.476690E+02  3.454170E+01  1.590000E+00  7.215336E+02  7.684064E-01  1.038386E+03
  2.560000E-01  1.678453E+01  2.493313E+02  3.495032E+01  1.600000E+00  7.206750E+02  7.674920E-01  1.039574E+03
  2.576000E-01  1.709084E+01  2.509955E+02  3.536126E+01  1.610000E+00  7.198205E+02  7.665820E-01  1.040767E+03
  2.592000E-01  1.740049E+01  2.526615E+02  3.577450E+01  1.620000E+00  7.189702E+02  7.656765E-01  1.041966E+03
  2.608000E-01  1.771347E+01  2.543296E+02  3.619004E+01  1.630000E+00  7.181240E+02  7.647753E-01  1.043170E+03
  2.624000E-01  1.802979E+01  2.559995E+02  3.660787E+01  1.640000E+00  7.172818E+02  7.638784E-01  1.044379E+03
  2.640000E-01  1.834947E+01  2.576714E+02  3.702798E+01  1.650000E+00  7.164437E+02  7.629859E-01  1.045594E+03
  2.656000E-01  1.867252E+01  2.593452E+02  3.745036E+01  1.660000E+00  7.156097E+02  7.620976E-01  1.046815E+03
  2.672000E-01  1.899893E+01  2.610210E+02  3.787500E+01  1.670000E+00  7.147796E+02  7.612136E-01  1.048040E+03
  2.688000E-01  1.932872E+01  2.626987E+02  3.830190E+01  1.680000E+00  7.139535E+02  7.603339E-01  1.049271E+03
  2.704000E-01  1.966190E+01  2.643785E+02  3.873104E+01  1.690000E+00  7.131314E+02  7.594583E-01  1.050507E+03
  2.720000E-01  1.999847E+01  2.660602E+02  3.916242E+01  1.700000E+00  7.123131E+02  7.585869E-01  1.051749E+03
  2.736000E-01  2.033845E+01  2.677439E+02  3.959602E+01  1.710000E+00  7.114988E+02  7.577197E-01  1.052995E+03
  2.752000E-01  2.068183E+01  2.694296E+02  4.003185E+01  1.720000E+00  7.106883E+02  7.568566E-01  1.054247E+03
  2.768000E-01  2.102864E+01  2.711173E+02  4.046988E+01  1.730000E+00  7.098817E+02  7.559976E-01  1.055504E+03
  2.784000E-01  2.137887E+01  2.728070E+02  4.091011E+01  1.740000E+00  7.090789E+02  7.551426E-01  1.056766E+03
  2.800000E-01  2.173253E+01  2.744987E+02  4.135254E+01  1.750000E+00  7.082799E+02  7.542917E-01  1.058033E+03
  2.816000E-01  2.208963E+01  2.761925E+02  4.179715E+01  1.760000E+00  7.074847E+02  7.534448E-01  1.059305E+03
  2.832000E-01  2.245018E+01  2.778883E+02  4.224394E+01  1.770000E+00  7.066932E+02  7.526019E-01  1.060582E+03
  2.848000E-01  2.281418E+01  2.795861E+02  4.269289E+01  1.780000E+00  7.059054E+02  7.517629E-01  1.061864E+03
  2.864000E-01  2.318165E+01  2.812860E+02  4.314400E+01  1.790000E+00  7.051213E+02  7.509279E-01  1.063151E+03
  2.880000E-01  2.355258E+01  2.829880E+02  4.359726E+01  1.800000E+00  7.043409E+02  7.500968E-01  1.064443E+03
  2.896000E-01  2.392699E+01  2.846920E+02  4.405267E+01  1.810000E+00  7.035641E+02  7.492696E-01  1.065740E+03
  2.912000E-01  2.430488E+01  2.863982E+02  4.451020E+01  1.820000E+00  7.027910E+02  7.484462E-01  1.067041E+03
  2.928000E-01  2.468626E+01  2.881064E+02  4.496986E+01  1.830000E+00  7.020215E+02  7.476267E-01  1.068348E+03
  2.944000E-01  2.507113E+01  2.898167E+02  4.543163E+01  1.840000E+00  7.012555E+02  7.468110E-01  1.069659E+03
  2.960000E-01  2.545951E+01  2.915291E+02  4.589551E+01  1.850000E+00  7.004931E+02  7.459990E-01  1.070975E+03
  2.976000E-01  2.585139E+01  2.932436E+02  4.636148E+01  1.860000E+00  6.997342E+02  7.451909E-01  1.072295E+03
  2.992000E-01  2.624678E+01  2.949602E+02  4.682955E+01  1.870000E+00  6.989788E+02  7.443864E-01  1.073621E+03
  3.008000E-01  2.664570E+01  2.966789E+02  4.729970E+01  1.880000E+00  6.982270E+02  7.435857E-01  1.074951E+03
  3.024000E-01  2.704813E+01  2.983998E+02  4.777192E+01  1.890000E+00  6.974785E+02  7.427886E-01  1.076285E+03
  3.040000E-01  2.745411E+01  3.001228E+02  4.824620E+01  1.900000E+00  6.967335E+02  7.419953E-01  1.077625E+03
  3.056000E-01  2.786361E+01  3.018480E+02  4.872254E+01  1.910000E+00  6.959920E+02  7.412055E-01  1.078968E+03
  3.072000E-01  2.827667E+01  3.035753E+02  4.920093E+01  1.920000E+00  6.952538E+02  7.404194E-01  1.080317E+03
  3.088000E-01  2.869327E+01  3.053048E+02  4.968135E+01  1.930000E+00  6.945190E+02  7.396369E-01  1.081670E+03
  3.104000E-01  2.911342E+01  3.070364E+02  5.016381E+01  1.940000E+00  6.937876E+02  7.388579E-01  1.083027E+03
  3.120000E-01  2.953713E+01  3.087703E+02  5.064829E+01  1.950000E+00  6.930595E+02  7.380825E-01  1.084389E+03
  3.136000E-01  2.996441E+01  3.105063E+02  5.113479E+01  1.960000E+00  6.923347E+02  7.373106E-01  1.085755E+03
  3.152000E-01  3.039526E+01  3.122445E+02  5.162329E+01  1.970000E+00  6.916132E+02  7.365422E-01  1.087126E+03
  3.168000E-01  3.082968E+01  3.139848E+02  5.211379E+01  1.980000E+00  6.908949E+02  7.357773E-01  1.088501E+03
  3.184000E-01  3.126769E+01  3.157274E+02  5.260627E+01  1.990000E+00  6.901799E+02  7.350159E-01  1.089880E+03
  3.200000E-01  3.170928E+01  3.174722E+02  5.310074E+01  2.000000E+00  6.894682E+02  7.342579E-01  1.091264E+03
  3.216000E-01  3.215446E+01  3.192192E+02  5.359719E+01  2.010000E+00  6.887596E+02  7.335033E-01  1.092652E+03
  3.232000E-01  3.260324E+01  3.209685E+02  5.409559E+01  2.020000E+00  6.880542E+02  7.327521E-01  1.094044E+03
  3.248000E-01  3.305561E+01  3.227200E+02  5.459596E+01  2.030000E+00  6.873520E+02  7.320043E-01  1.095440E+03
  3.264000E-01  3.351160E+01  3.244737E+02  5.509827E+01  2.040000E+00  6.866530E+02  7.312598E-01  1.096841E+03
  3.280000E-01  3.397119E+01  3.262296E+02  5.560253E+01  2.050000E+00  6.859571E+02  7.305187E-01  1.098246E+03
  3.296000E-01  3.443439E+01  3.279878E+02  5.610872E+01  2.060000E+00  6.852642E+02  7.297809E-01  1.099655E+03
  3.312000E-01  3.490122E+01  3.297483E+02  5.661683E+01  2.070000E+00  6.845745E+02  7.290463E-01  1.101068E+03
  3.328000E-01  3.537166E+01  3.315110E+02  5.712686E+01  2.080000E+00  6.838878E+02  7.283151E-01  1.102485E+03
  3.344000E-01  3.584574E+01  3.332760E+02  5.763880E+01  2.090000E+00  6.832042E+02  7.275870E-01  1.103907E+03
  3.360000E-01  3.632344E+01  3.350433E+02  5.815264E+01  2.100000E+00  6.825236E+02  7.268622E-01  1.105332E+03
  3.376000E-01  3.680479E+01  3.368128E+02  5.866837E+01  2.110000E+00  6.818461E+02  7.261406E-01  1.106761E+03
  3.392000E-01  3.728977E+01  3.385847E+02  5.918599E+01  2.120000E+00  6.811715E+02  7.254222E-01  1.108195E+03
  3.408000E-01  3.777839E+01  3.403588E+02  5.970549E+01  2.130000E+00  6.804999E+02  7.247070E-01  1.109632E+03
  3.424000E-01  3.827067E+01  3.421353E+02  6.022685E+01  2.140000E+00  6.798312E+02  7.239949E-01  1.111074E+03
  3.440000E-01  3.876659E+01  3.439140E+02  6.075008E+01  2.150000E+00  6.791655E+02  7.232860E-01  1.112519E+03
  3.456000E-01  3.926617E+01  3.456951E+02  6.127516E+01  2.160000E+00  6.785027E+02  7.225801E-01  1.113968E+03
  3.472000E-01  3.976941E+01  3.474785E+02  6.180209E+01  2.170000E+00  6.778428E+02  7.218774E-01  1.115421E+03
  3.488000E-01  4.027631E+01  3.492642E+02  6.233086E+01  2.180000E+00  6.771858E+02  7.211777E-01  1.116878E+03
  3.504000E-01  4.078688E+01  3.510522E+02  6.286146E+01  2.190000E+00  6.765317E+02  7.204810E-01  1.118338E+03
  3.520000E-01  4.130112E+01  3.528426E+02  6.339388E+01  2.200000E+00  6.758804E+02  7.197874E-01  1.119803E+03
  3.536000E-01  4.181904E+01  3.546354E+02  6.392812E+01  2.210000E+00  6.752319E+02  7.190968E-01  1.121271E+03
  3.552000E-01  4.234063E+01  3.564305E+02  6.446416E+01  2.220000E+00  6.745863E+02  7.184092E-01  1.122743E+03
  3.568000E-01  4.286590E+01  3.582279E+02  6.500201E+01  2.230000E+00  6.739434E+02  7.177246E-01  1.124219E+03
  3.584000E-01  4.339485E+01  3.600277E+02  6.554165E+01  2.240000E+00  6.733033E+02  7.170430E-01  1.125698E+03
  3.600000E-01  4.392750E+01  3.618299E+02  6.608307E+01  2.250000E+00  6.726660E+02  7.163642E-01  1.127181E+03
  3.616000E-01  4.446383E+01  3.636345E+02  6.662627E+01  2.260000E+00  6.720314E+02  7.156884E-01  1.128668E+03
  3.632000E-01  4.500385E+01  3.654414E+02  6.717125E+01  2.270000E+00  6.713996E+02  7.150155E-01  1.130158E+03
  3.648000E-01  4.554758E+01  3.672507E+02  6.771798E+01  2.280000E+00  6.707705E+02  7.143455E-01  1.131652E+03
  3.664000E-01  4.609500E+01  3.690624E+02  6.826647E+01  2.290000E+00  6.701440E+02  7.136784E-01  1.133149E+03
  3.680000E-01  4.664612E+01  3.708765E+02  6.881671E+01  2.300000E+00  6.695203E+02  7.130141E-01  1.134650E+03
  3.696000E-01  4.720095E+01  3.726931E+02  6.936870E+01  2.310000E+00  6.688992E+02  7.123527E-01  1.136155E+03
  3.712000E-01  4.775949E+01  3.745120E+02  6.992241E+01  2.320000E+00  6.682807E+02  7.116941E-01  1.137663E+03
  3.728000E-01  4.832173E+01  3.763333E+02  7.047785E+01  2.330000E+00  6.676649E+02  7.110382E-01  1.139175E+03
  3.744000E-01  4.888769E+01  3.781571E+02  7.103501E+01  2.340000E+00  6.670517E+02  7.103852E-01  1.140690E+03
  3.760000E-01  4.945737E+01  3.799833E+02  7.159388E+01  2.350000E+00  6.664411E+02  7.097349E-01  1.142208E+03
  3.776000E-01  5.003077E+01  3.818119E+02  7.215446E+01  2.360000E+00  6.658331E+02  7.090874E-01  1.143730E+03
  3.792000E-01  5.060788E+01  3.836430E+02  7.271674E+01  2.370000E+00  6.652276E+02  7.084426E-01  1.145255E+03
  3.808000E-01  5.118872E+01  3.854765E+02  7.328070E+01  2.380000E+00  6.646247E+02  7.078006E-01  1.146784E+03
  3.824000E-01  5.177329E+01  3.873124E+02  7.384635E+01  2.390000E+00  6.640244E+02  7.071612E-01  1.148316E+03
  3.840000E-01  5.236159E+01  3.891508E+02  7.441367E+01  2.400000E+00  6.634265E+02  7.065245E-01  1.149851E+03
  3.856000E-01  5.295361E+01  3.909917E+02  7.498266E+01  2.410000E+00  6.628312E+02  7.058905E-01  1.151390E+03
  3.872000E-01  5.354937E+01  3.928350E+02  7.555332E+01  2.420000E+00  6.622383E+02  7.052592E-01  1.152932E+03
  3.888000E-01  5.414887E+01  3.946808E+02  7.612563E+01  2.430000E+00  6.616480E+02  7.046304E-01  1.154477E+03
  3.904000E-01  5.475210E+01  3.965291E+02  7.669959E+01  2.440000E+00  6.610601E+02  7.040043E-01  1.156026E+03
  3.920000E-01  5.535908E+01  3.983799E+02  7.727519E+01  2.450000E+00  6.604746E+02  7.033809E-01  1.157578E+03
  3.936000E-01  5.596979E+01  4.002331E+02  7.785242E+01  2.460000E+00  6.598916E+02  7.027600E-01  1.159132E+03
  3.952000E-01  5.658425E+01  4.020888E+02  7.843128E+01  2.470000E+00  6.593110E+02  7.021416E-01  1.160691E+03
  3.968000E-01  5.720245E+01  4.039471E+02  7.901176E+01  2.480000E+00  6.587328E+02  7.015259E-01  1.162252E+03
  3.984000E-01  5.782441E+01  4.058078E+02  7.959385E+01  2.490000E+00  6.581570E+02  7.009127E-01  1.163816E+03
  4.000000E-01  5.845011E+01  4.076710E+02  8.017755E+01  2.500000E+00  6.575835E+02  7.003020E-01  1.165384E+03
  4.016000E-01  5.907956E+01  4.095368E+02  8.076285E+01  2.510000E+00  6.570125E+02  6.996938E-01  1.166954E+03
  4.032000E-01  5.971277E+01  4.114050E+02  8.134975E+01  2.520000E+00  6.564438E+02  6.990881E-01  1.168528E+03
  4.048000E-01  6.034973E+01  4.132758E+02  8.193822E+01  2.530000E+00  6.558774E+02  6.984849E-01  1.170105E+03
  4.064000E-01  6.099045E+01  4.151491E+02  8.252828E+01  2.540000E+00  6.553133E+02  6.978842E-01  1.171685E+03
  4.080000E-01  6.163493E+01  4.170249E+02  8.311991E+01  2.550000E+00  6.547515E+02  6.972860E-01  1.173267E+03
  4.096000E-01  6.228316E+01  4.189033E+02  8.371311E+01  2.560000E+00  6.541921E+02  6.966902E-01  1.174853E+03
  4.112000E-01  6.293516E+01  4.207842E+02  8.430787E+01  2.570000E+00  6.536349E+02  6.960968E-01  1.176442E+03
  4.128000E-01  6.359093E+01  4.226676E+02  8.490418E+01  2.580000E+00  6.530800E+02  6.955058E-01  1.178034E+03
  4.144000E-01  6.425046E+01  4.245536E+02  8.550204E+01  2.590000E+00  6.525273E+02  6.949173E-01  1.179628E+03
  4.160000E-01  6.491375E+01  4.264422E+02  8.610143E+01  2.600000E+00  6.519769E+02  6.943311E-01  1.181226E+03
  4.176000E-01  6.558081E+01  4.283333E+02  8.670236E+01  2.610000E+00  6.514287E+02  6.937473E-01  1.182827E+03
  4.192000E-01  6.625164E+01  4.302270E+02  8.730482E+01  2.620000E+00  6.508827E+02  6.931658E-01  1.184430E+03
  4.208000E-01  6.692624E+01  4.321232E+02  8.790880E+01  2.630000E+00  6.503389E+02  6.925867E-01  1.186036E+03
  4.224000E-01  6.760462E+01  4.340220E+02  8.851429E+01  2.640000E+00  6.497973E+02  6.920100E-01  1.187645E+03
  4.240000E-01  6.828676E+01  4.359234E+02  8.912128E+01  2.650000E+00  6.492579E+02  6.914355E-01  1.189257E+03
  4.256000E-01  6.897268E+01  4.378274E+02  8.972978E+01  2.660000E+00  6.487207E+02  6.908634E-01  1.190872E+03
  4.272000E-01  6.966238E+01  4.397339E+02  9.033978E+01  2.670000E+00  6.481856E+02  6.902935E-01  1.192490E+03
  4.288000E-01  7.035585E+01  4.416431E+02  9.095126E+01  2.680000E+00  6.476526E+02  6.897259E-01  1.194110E+03
  4.304000E-01  7.105310E+01  4.435548E+02  9.156422E+01  2.690000E+00  6.471218E+02  6.891606E-01  1.195733E+03
  4.320000E-01  7.175413E+01  4.454692E+02  9.217866E+01  2.700000E+00  6.465931E+02  6.885975E-01  1.197359E+03
  4.336000E-01  7.245894E+01  4.473861E+02  9.279457E+01  2.710000E+00  6.460665E+02  6.880367E-01  1.198988E+03
  4.352000E-01  7.316753E+01  4.493057E+02  9.341195E+01  2.720000E+00  6.455420E+02  6.874781E-01  1.200619E+03
  4.368000E-01  7.387990E+01  4.512278E+02  9.403078E+01  2.730000E+00  6.450195E+02  6.869218E-01  1.202253E+03
  4.384000E-01  7.459606E+01  4.531526E+02  9.465106E+01  2.740000E+00  6.444992E+02  6.863676E-01  1.203889E+03
  4.400000E-01  7.531600E+01  4.550800E+02  9.527278E+01  2.750000E+00  6.439808E+02  6.858156E-01  1.205529E+03
  4.416000E-01  7.603972E+01  4.570100E+02  9.589595E+01  2.760000E+00  6.434646E+02  6.852658E-01  1.207171E+03
  4.432000E-01  7.676723E+01  4.589427E+02  9.652055E+01  2.770000E+00  6.429503E+02  6.847181E-01  1.208815E+03
  4.448000E-01  7.749853E+01  4.608780E+02  9.714657E+01  2.780000E+00  6.424381E+02  6.841726E-01  1.210462E+03
  4.464000E-01  7.823361E+01  4.628159E+02  9.777401E+01  2.790000E+00  6.419279E+02  6.836293E-01  1.212112E+03
  4.480000E-01  7.897248E+01  4.647565E+02  9.840287E+01  2.800000E+00  6.414197E+02  6.830881E-01  1.213764E+03
  4.496000E-01  7.971514E+01  4.666997E+02  9.903314E+01  2.810000E+00  6.409135E+02  6.825489E-01  1.215419E+03
  4.512000E-01  8.046158E+01  4.686456E+02  9.966481E+01  2.820000E+00  6.404092E+02  6.820119E-01  1.217076E+03
  4.528000E-01  8.121182E+01  4.705941E+02  1.002979E+02  2.830000E+00  6.399069E+02  6.814770E-01  1.218736E+03
  4.544000E-01  8.196585E+01  4.725452E+02  1.009323E+02  2.840000E+00  6.394066E+02  6.809442E-01  1.220399E+03
  4.560000E-01  8.272367E+01  4.744991E+02  1.015682E+02  2.850000E+00  6.389082E+02  6.804134E-01  1.222063E+03
  4.576000E-01  8.348528E+01  4.764556E+02  1.022054E+02  2.860000E+00  6.384117E+02  6.798847E-01  1.223731E+03
  4.592000E-01  8.425069E+01  4.784147E+02  1.028440E+02  2.870000E+00  6.379172E+02  6.793580E-01  1.225400E+03
  4.608000E-01  8.501988E+01  4.803766E+02  1.034839E+02  2.880000E+00  6.374246E+02  6.788334E-01  1.227073E+03
  4.624000E-01  8.579287E+01  4.823411E+02  1.041253E+02  2.890000E+00  6.369339E+02  6.783108E-01  1.228747E+03
  4.640000E-01  8.656966E+01  4.843083E+02  1.047679E+02  2.900000E+00  6.364450E+02  6.777902E-01  1.230424E+03
  4.656000E-01  8.735023E+01  4.862782E+02  1.054120E+02  2.910000E+00  6.359581E+02  6.772716E-01  1.232104E+03
  4.672000E-01  8.813461E+01  4.882508E+02  1.060573E+02  2.920000E+00  6.354730E+02  6.767550E-01  1.233785E+03
  4.688000E-01  8.892277E+01  4.902261E+02  1.067041E+02  2.930000E+00  6.349897E+02  6.762404E-01  1.235470E+03
  4.704000E-01  8.971474E+01  4.922040E+02  1.073521E+02  2.940000E+00  6.345083E+02  6.757277E-01  1.237156E+03
  4.720000E-01  9.051050E+01  4.941847E+02  1.080015E+02  2.950000E+00  6.340288E+02  6.752170E-01  1.238845E+03
  4.736000E-01  9.131005E+01  4.961681E+02  1.086522E+02  2.960000E+00  6.335511E+02  6.747083E-01  1.240536E+03
  4.752000E-01  9.211340E+01  4.981541E+02  1.093042E+02  2.970000E+00  6.330752E+02  6.742015E-01  1.242229E+03
  4.768000E-01  9.292055E+01  5.001429E+02  1.099575E+02  2.980000E+00  6.326011E+02  6.736966E-01  1.243925E+03
  4.784000E-01  9.373149E+01  5.021344E+02  1.106121E+02  2.990000E+00  6.321288E+02  6.731936E-01  1.245623E+03
  4.800000E-01  9.454623E+01  5.041286E+02  1.112680E+02  3.000000E+00  6.316583E+02  6.726925E-01  1.247323E+03
  4.816000E-01  9.536477E+01  5.061256E+02  1.119253E+02  3.010000E+00  6.311895E+02  6.721933E-01  1.249026E+03
  4.832000E-01  9.618711E+01  5.081253E+02  1.125838E+02  3.020000E+00  6.307225E+02  6.716960E-01  1.250731E+03
  4.848000E-01  9.701324E+01  5.101277E+02  1.132435E+02  3.030000E+00  6.302573E+02  6.712006E-01  1.252437E+03
  4.864000E-01  9.784317E+01  5.121328E+02  1.139046E+02  3.040000E+00  6.297939E+02  6.707070E-01  1.254147E+03
  4.880000E-01  9.867690E+01  5.141407E+02  1.145670E+02  3.050000E+00  6.293322E+02  6.702153E-01  1.255858E+03
  4.896000E-01  9.951442E+01  5.161513E+02  1.152306E+02  3.060000E+00  6.288722E+02  6.697254E-01  1.257571E+03
  4.912000E-01  1.003557E+02  5.181646E+02  1.158954E+02  3.070000E+00  6.284139E+02  6.692374E-01  1.259287E+03
  4.928000E-01  1.012009E+02  5.201807E+02  1.165615E+02  3.080000E+00  6.279573E+02  6.687511E-01  1.261005E+03
  4.944000E-01  1.020498E+02  5.221996E+02  1.172289E+02  3.090000E+00  6.275025E+02  6.682667E-01  1.262724E+03
  4.960000E-01  1.029025E+02  5.242212E+02  1.178975E+02  3.100000E+00  6.270493E+02  6.677841E-01  1.264446E+03
  4.976000E-01  1.037590E+02  5.262455E+02  1.185674E+02  3.110000E+00  6.265978E+02  6.673033E-01  1.266170E+03
  4.992000E-01  1.046193E+02  5.282726E+02  1.192385E+02  3.120000E+00  6.261480E+02  6.668243E-01  1.267897E+03
  5.008000E-01  1.054834E+02  5.303025E+02  1.199108E+02  3.130000E+00  6.256999E+02  6.663470E-01  1.269625E+03
  5.024000E-01  1.063513E+02  5.323352E+02  1.205844E+02  3.140000E+00  6.252534E+02  6.658715E-01  1.271355E+03
  5.040000E-01  1.072230E+02  5.343706E+02  1.212591E+02  3.150000E+00  6.248085E+02  6.653978E-01  1.273087E+03
