  1.000000E-02  6.661905E-01  7.525585E-02  0.000000E+00  0.000000E+00  0.000000E+00  0.000000E+00  0.000000E+00  0.000000E+00
  1.200000E-02  7.078392E-01  8.673849E-02  0.000000E+00  0.000000E+00  0.000000E+00  0.000000E+00  0.000000E+00  0.000000E+00
  1.400000E-02  7.450564E-01  9.781145E-02  0.000000E+00  0.000000E+00  0.000000E+00  0.000000E+00  0.000000E+00  0.000000E+00
  1.600000E-02  7.788534E-01  1.085415E-01  0.000000E+00  0.000000E+00  0.000000E+00  0.000000E+00  0.000000E+00  0.000000E+00
  1.800000E-02  8.099154E-01  1.189766E-01  0.000000E+00  0.000000E+00  0.000000E+00  0.000000E+00  0.000000E+00  0.000000E+00
  2.000000E-02  8.387310E-01  1.291531E-01  0.000000E+00  0.000000E+00  0.000000E+00  0.000000E+00  0.000000E+00  0.000000E+00
  2.200000E-02  8.656624E-01  1.390990E-01  0.000000E+00  0.000000E+00  0.000000E+00  0.000000E+00  0.000000E+00  0.000000E+00
  2.400000E-02  8.909859E-01  1.488370E-01  0.000000E+00  0.000000E+00  0.000000E+00  0.000000E+00  0.000000E+00  0.000000E+00
  2.600000E-02  9.149184E-01  1.583854E-01  0.000000E+00  0.000000E+00  0.000000E+00  0.000000E+00  0.000000E+00  0.000000E+00
  2.800000E-02  9.376330E-01  1.677596E-01  0.000000E+00  0.000000E+00  0.000000E+00  0.000000E+00  0.000000E+00  0.000000E+00
  3.000000E-02  9.592709E-01  1.769725E-01  0.000000E+00  0.000000E+00  0.000000E+00  0.000000E+00  0.000000E+00  0.000000E+00
  3.200000E-02  9.799485E-01  1.860352E-01  0.000000E+00  0.000000E+00  0.000000E+00  0.000000E+00  0.000000E+00  0.000000E+00
  3.400000E-02  9.997632E-01  1.949575E-01  0.000000E+00  0.000000E+00  0.000000E+00  0.000000E+00  0.000000E+00  0.000000E+00
  3.600000E-02  1.018797E+00  2.037476E-01  0.000000E+00  0.000000E+00  0.000000E+00  0.000000E+00  0.000000E+00  0.000000E+00
  3.800000E-02  1.037122E+00  2.124130E-01  0.000000E+00  0.000000E+00  0.000000E+00  0.000000E+00  0.000000E+00  0.000000E+00
  4.000000E-02  1.054797E+00  2.209605E-01  0.000000E+00  0.000000E+00  0.000000E+00  0.000000E+00  0.000000E+00  0.000000E+00
  4.200000E-02  1.071876E+00  2.293958E-01  0.000000E+00  0.000000E+00  0.000000E+00  0.000000E+00  0.000000E+00  0.000000E+00
  4.400000E-02  1.088405E+00  2.377244E-01  0.000000E+00  0.000000E+00  0.000000E+00  0.000000E+00  0.000000E+00  0.000000E+00
  4.600000E-02  1.104425E+00  2.459512E-01  0.000000E+00  0.000000E+00  0.000000E+00  0.000000E+00  0.000000E+00  0.000000E+00
  4.800000E-02  1.119971E+00  2.540805E-01  0.000000E+00  0.000000E+00  0.000000E+00  0.000000E+00  0.000000E+00  0.000000E+00
  5.000000E-02  1.135077E+00  2.621165E-01  0.000000E+00  0.000000E+00  0.000000E+00  0.000000E+00  0.000000E+00  0.000000E+00
  5.200000E-02  1.149770E+00  2.700628E-01  0.000000E+00  0.000000E+00  0.000000E+00  0.000000E+00  0.000000E+00  0.000000E+00
  5.400000E-02  1.164076E+00  2.779230E-01  0.000000E+00  0.000000E+00  0.000000E+00  0.000000E+00  0.000000E+00  0.000000E+00
  5.600000E-02  1.178020E+00  2.857001E-01  0.000000E+00  0.000000E+00  0.000000E+00  0.000000E+00  0.000000E+00  0.000000E+00
  5.800000E-02  1.191621E+00  2.933973E-01  0.000000E+00  0.000000E+00  0.000000E+00  0.000000E+00  0.000000E+00  0.000000E+00
  6.000000E-02  1.204900E+00  3.010172E-01  0.000000E+00  0.000000E+00  0.000000E+00  0.000000E+00  0.000000E+00  0.000000E+00
  6.200000E-02  1.217873E+00  3.085625E-01  0.000000E+00  0.000000E+00  0.000000E+00  0.000000E+00  0.000000E+00  0.000000E+00
  6.400000E-02  1.230558E+00  3.160356E-01  0.000000E+00  0.000000E+00  0.000000E+00  0.000000E+00  0.000000E+00  0.000000E+00
  6.600000E-02  1.242968E+00  3.234387E-01  0.000000E+00  0.000000E+00  0.000000E+00  0.000000E+00  0.000000E+00  0.000000E+00
  6.800000E-02  1.255117E+00  3.307740E-01  0.000000E+00  0.000000E+00  0.000000E+00  0.000000E+00  0.000000E+00  0.000000E+00
  7.000000E-02  1.267018E+00  3.380436E-01  0.000000E+00  0.000000E+00  0.000000E+00  0.000000E+00  0.000000E+00  0.000000E+00
  7.200000E-02  1.278682E+00  3.452493E-01  0.000000E+00  0.000000E+00  0.000000E+00  0.000000E+00  0.000000E+00  0.000000E+00
  7.400000E-02  1.290121E+00  3.523930E-01  0.000000E+00  0.000000E+00  0.000000E+00  0.000000E+00  0.000000E+00  0.000000E+00
  7.600000E-02  1.301343E+00  3.594764E-01  0.000000E+00  0.000000E+00  0.000000E+00  0.000000E+00  0.000000E+00  0.000000E+00
  7.800000E-02  1.312359E+00  3.665011E-01  0.000000E+00  0.000000E+00  0.000000E+00  0.000000E+00  0.000000E+00  0.000000E+00
  8.000000E-02  1.323177E+00  3.734686E-01  0.000000E+00  0.000000E+00  0.000000E+00  0.000000E+00  0.000000E+00  0.000000E+00
  8.200000E-02  1.333805E+00  3.803805E-01  0.000000E+00  0.000000E+00  0.000000E+00  0.000000E+00  0.000000E+00  0.000000E+00
  8.400000E-02  1.344250E+00  3.872382E-01  0.000000E+00  0.000000E+00  0.000000E+00  0.000000E+00  0.000000E+00  0.000000E+00
  8.600000E-02  1.354521E+00  3.940429E-01  0.000000E+00  0.000000E+00  0.000000E+00  0.000000E+00  0.000000E+00  0.000000E+00
  8.800000E-02  1.364623E+00  4.007960E-01  0.000000E+00  0.000000E+00  0.000000E+00  0.000000E+00  0.000000E+00  0.000000E+00
  9.000000E-02  1.374562E+00  4.074987E-01  0.000000E+00  0.000000E+00  0.000000E+00  0.000000E+00  0.000000E+00  0.000000E+00
  9.200000E-02  1.384345E+00  4.141522E-01  0.000000E+00  0.000000E+00  0.000000E+00  0.000000E+00  0.000000E+00  0.000000E+00
  9.400000E-02  1.393977E+00  4.207575E-01  0.000000E+00  0.000000E+00  0.000000E+00  0.000000E+00  0.000000E+00  0.000000E+00
  9.600000E-02  1.403464E+00  4.273159E-01  0.000000E+00  0.000000E+00  0.000000E+00  0.000000E+00  0.000000E+00  0.000000E+00
  9.800000E-02  1.412810E+00  4.338282E-01  0.000000E+00  0.000000E+00  0.000000E+00  0.000000E+00  0.000000E+00  0.000000E+00
  1.000000E-01  1.422020E+00  4.402956E-01  0.000000E+00  0.000000E+00  0.000000E+00  0.000000E+00  0.000000E+00  0.000000E+00
  1.020000E-01  1.431099E+00  4.467189E-01  0.000000E+00  0.000000E+00  0.000000E+00  0.000000E+00  0.000000E+00  0.000000E+00
  1.040000E-01  1.440050E+00  4.530990E-01  0.000000E+00  0.000000E+00  0.000000E+00  0.000000E+00  0.000000E+00  0.000000E+00
  1.060000E-01  1.448878E+00  4.594369E-01  0.000000E+00  0.000000E+00  0.000000E+00  0.000000E+00  0.000000E+00  0.000000E+00
  1.080000E-01  1.457587E+00  4.657334E-01  0.000000E+00  0.000000E+00  0.000000E+00  0.000000E+00  0.000000E+00  0.000000E+00
  1.100000E-01  1.466180E+00  4.719893E-01  0.000000E+00  0.000000E+00  0.000000E+00  0.000000E+00  0.000000E+00  0.000000E+00
  1.120000E-01  1.474660E+00  4.782054E-01  0.000000E+00  0.000000E+00  0.000000E+00  0.000000E+00  0.000000E+00  0.000000E+00
  1.140000E-01  1.483032E+00  4.843825E-01  0.000000E+00  0.000000E+00  0.000000E+00  0.000000E+00  0.000000E+00  0.000000E+00
  1.160000E-01  1.491297E+00  4.905212E-01  0.000000E+00  0.000000E+00  0.000000E+00  0.000000E+00  0.000000E+00  0.000000E+00
  1.180000E-01  1.499460E+00  4.966224E-01  0.000000E+00  0.000000E+00  0.000000E+00  0.000000E+00  0.000000E+00  0.000000E+00
  1.200000E-01  1.507522E+00  5.026866E-01  0.000000E+00  0.000000E+00  0.000000E+00  0.000000E+00  0.000000E+00  0.000000E+00
  1.220000E-01  1.515488E+00  5.087146E-01  0.000000E+00  0.000000E+00  0.000000E+00  0.000000E+00  0.000000E+00  0.000000E+00
  1.240000E-01  1.523358E+00  5.147069E-01  0.000000E+00  0.000000E+00  0.000000E+00  0.000000E+00  0.000000E+00  0.000000E+00
  1.260000E-01  1.531136E+00  5.206642E-01  0.000000E+00  0.000000E+00  0.000000E+00  0.000000E+00  0.000000E+00  0.000000E+00
  1.280000E-01  1.538825E+00  5.265871E-01  0.000000E+00  0.000000E+00  0.000000E+00  0.000000E+00  0.000000E+00  0.000000E+00
  1.300000E-01  1.546426E+00  5.324761E-01  0.000000E+00  0.000000E+00  0.000000E+00  0.000000E+00  0.000000E+00  0.000000E+00
  1.320000E-01  1.553924E+00  5.384781E-01  0.000000E+00  0.000000E+00  0.000000E+00  0.000000E+00  0.000000E+00  0.000000E+00
  1.340000E-01  1.561284E+00  5.448927E-01  0.000000E+00  0.000000E+00  0.000000E+00  0.000000E+00  0.000000E+00  0.000000E+00
  1.360000E-01  1.568536E+00  5.514827E-01  0.000000E+00  0.000000E+00  0.000000E+00  0.000000E+00  0.000000E+00  0.000000E+00
  1.380000E-01  1.575689E+00  5.581730E-01  0.000000E+00  0.000000E+00  0.000000E+00  0.000000E+00  0.000000E+00  0.000000E+00
  1.400000E-01  1.582750E+00  5.649252E-01  0.000000E+00  0.000000E+00  0.000000E+00  0.000000E+00  0.000000E+00  0.000000E+00
  1.420000E-01  1.589723E+00  5.717146E-01  0.000000E+00  0.000000E+00  0.000000E+00  0.000000E+00  0.000000E+00  0.000000E+00
  1.440000E-01  1.596613E+00  5.785242E-01  0.000000E+00  0.000000E+00  0.000000E+00  0.000000E+00  0.000000E+00  0.000000E+00
  1.460000E-01  1.603422E+00  5.853414E-01  0.000000E+00  0.000000E+00  0.000000E+00  0.000000E+00  0.000000E+00  0.000000E+00
  1.480000E-01  1.610152E+00  5.921564E-01  0.000000E+00  0.000000E+00  0.000000E+00  0.000000E+00  0.000000E+00  0.000000E+00
  1.500000E-01  1.616807E+00  5.989619E-01  0.000000E+00  0.000000E+00  0.000000E+00  0.000000E+00  0.000000E+00  0.000000E+00
  1.520000E-01  1.623389E+00  6.057518E-01  0.000000E+00  0.000000E+00  0.000000E+00  0.000000E+00  0.000000E+00  0.000000E+00
  1.540000E-01  1.629900E+00  6.125214E-01  0.000000E+00  0.000000E+00  0.000000E+00  0.000000E+00  0.000000E+00  0.000000E+00
  1.560000E-01  1.636342E+00  6.192670E-01  0.000000E+00  0.000000E+00  0.000000E+00  0.000000E+00  0.000000E+00  0.000000E+00
  1.580000E-01  1.642716E+00  6.259853E-01  0.000000E+00  0.000000E+00  0.000000E+00  0.000000E+00  0.000000E+00  0.000000E+00
  1.600000E-01  1.649025E+00  6.326740E-01  0.000000E+00  0.000000E+00  0.000000E+00  0.000000E+00  0.000000E+00  0.000000E+00
  1.620000E-01  1.655270E+00  6.393310E-01  0.000000E+00  0.000000E+00  0.000000E+00  0.000000E+00  0.000000E+00  0.000000E+00
  1.640000E-01  1.661453E+00  6.459546E-01  0.000000E+00  0.000000E+00  0.000000E+00  0.000000E+00  0.000000E+00  0.000000E+00
  1.660000E-01  1.667575E+00  6.525436E-01  0.000000E+00  0.000000E+00  0.000000E+00  0.000000E+00  0.000000E+00  0.000000E+00
  1.680000E-01  1.673637E+00  6.590969E-01  0.000000E+00  0.000000E+00  0.000000E+00  0.000000E+00  0.000000E+00  0.000000E+00
  1.700000E-01  1.679642E+00  6.656138E-01  0.000000E+00  0.000000E+00  0.000000E+00  0.000000E+00  0.000000E+00  0.000000E+00
  1.720000E-01  1.685590E+00  6.720935E-01  0.000000E+00  0.000000E+00  0.000000E+00  0.000000E+00  0.000000E+00  0.000000E+00
  1.740000E-01  1.691483E+00  6.785357E-01  0.000000E+00  0.000000E+00  0.000000E+00  0.000000E+00  0.000000E+00  0.000000E+00
  1.760000E-01  1.697322E+00  6.849400E-01  0.000000E+00  0.000000E+00  0.000000E+00  0.000000E+00  0.000000E+00  0.000000E+00
  1.780000E-01  1.703107E+00  6.913061E-01  0.000000E+00  0.000000E+00  0.000000E+00  0.000000E+00  0.000000E+00  0.000000E+00
  1.800000E-01  1.708841E+00  6.976341E-01  0.000000E+00  0.000000E+00  0.000000E+00  0.000000E+00  0.000000E+00  0.000000E+00
  1.820000E-01  1.714524E+00  7.039237E-01  0.000000E+00  0.000000E+00  0.000000E+00  0.000000E+00  0.000000E+00  0.000000E+00
  1.840000E-01  1.720157E+00  7.101751E-01  0.000000E+00  0.000000E+00  0.000000E+00  0.000000E+00  0.000000E+00  0.000000E+00
  1.860000E-01  1.725742E+00  7.163884E-01  0.000000E+00  0.000000E+00  0.000000E+00  0.000000E+00  0.000000E+00  0.000000E+00
  1.880000E-01  1.731279E+00  7.225636E-01  0.000000E+00  0.000000E+00  0.000000E+00  0.000000E+00  0.000000E+00  0.000000E+00
  1.900000E-01  1.736769E+00  7.287010E-01  0.000000E+00  0.000000E+00  0.000000E+00  0.000000E+00  0.000000E+00  0.000000E+00
  1.920000E-01  1.742213E+00  7.348008E-01  0.000000E+00  0.000000E+00  0.000000E+00  0.000000E+00  0.000000E+00  0.000000E+00
  1.940000E-01  1.747612E+00  7.408632E-01  0.000000E+00  0.000000E+00  0.000000E+00  0.000000E+00  0.000000E+00  0.000000E+00
  1.960000E-01  1.752967E+00  7.468885E-01  0.000000E+00  0.000000E+00  0.000000E+00  0.000000E+00  0.000000E+00  0.000000E+00
  1.980000E-01  1.758279E+00  7.528769E-01  0.000000E+00  0.000000E+00  0.000000E+00  0.000000E+00  0.000000E+00  0.000000E+00
  2.000000E-01  1.763548E+00  7.588288E-01  0.000000E+00  0.000000E+00  0.000000E+00  0.000000E+00  0.000000E+00  0.000000E+00
  2.020000E-01  1.768775E+00  7.647445E-01  0.000000E+00  0.000000E+00  0.000000E+00  0.000000E+00  0.000000E+00  0.000000E+00
  2.040000E-01  1.773962E+00  7.706244E-01  0.000000E+00  0.000000E+00  0.000000E+00  0.000000E+00  0.000000E+00  0.000000E+00
  2.060000E-01  1.779108E+00  7.764687E-01  0.000000E+00  0.000000E+00  0.000000E+00  0.000000E+00  0.000000E+00  0.000000E+00
  2.080000E-01  1.784215E+00  7.822778E-01  0.000000E+00  0.000000E+00  0.000000E+00  0.000000E+00  0.000000E+00  0.000000E+00
  2.100000E-01  1.789283E+00  7.880521E-01  0.000000E+00  0.000000E+00  0.000000E+00  0.000000E+00  0.000000E+00  0.000000E+00
  2.120000E-01  1.794313E+00  7.937919E-01  0.000000E+00  0.000000E+00  0.000000E+00  0.000000E+00  0.000000E+00  0.000000E+00
  2.140000E-01  1.799305E+00  7.994976E-01  0.000000E+00  0.000000E+00  0.000000E+00  0.000000E+00  0.000000E+00  0.000000E+00
  2.160000E-01  1.804261E+00  8.051695E-01  0.000000E+00  0.000000E+00  0.000000E+00  0.000000E+00  0.000000E+00  0.000000E+00
  2.180000E-01  1.809180E+00  8.108080E-01  0.000000E+00  0.000000E+00  0.000000E+00  0.000000E+00  0.000000E+00  0.000000E+00
  2.200000E-01  1.814064E+00  8.164135E-01  0.000000E+00  0.000000E+00  0.000000E+00  0.000000E+00  0.000000E+00  0.000000E+00
  2.220000E-01  1.818913E+00  8.219863E-01  0.000000E+00  0.000000E+00  0.000000E+00  0.000000E+00  0.000000E+00  0.000000E+00
  2.240000E-01  1.823727E+00  8.275268E-01  0.000000E+00  0.000000E+00  0.000000E+00  0.000000E+00  0.000000E+00  0.000000E+00
  2.260000E-01  1.828508E+00  8.330353E-01  0.000000E+00  0.000000E+00  0.000000E+00  0.000000E+00  0.000000E+00  0.000000E+00
  2.280000E-01  1.833255E+00  8.385122E-01  0.000000E+00  0.000000E+00  0.000000E+00  0.000000E+00  0.000000E+00  0.000000E+00
  2.300000E-01  1.837970E+00  8.439578E-01  0.000000E+00  0.000000E+00  0.000000E+00  0.000000E+00  0.000000E+00  0.000000E+00
  2.320000E-01  1.842652E+00  8.493725E-01  0.000000E+00  0.000000E+00  0.000000E+00  0.000000E+00  0.000000E+00  0.000000E+00
  2.340000E-01  1.847303E+00  8.547566E-01  0.000000E+00  0.000000E+00  0.000000E+00  0.000000E+00  0.000000E+00  0.000000E+00
  2.360000E-01  1.851922E+00  8.601105E-01  0.000000E+00  0.000000E+00  0.000000E+00  0.000000E+00  0.000000E+00  0.000000E+00
  2.380000E-01  1.856511E+00  8.654345E-01  0.000000E+00  0.000000E+00  0.000000E+00  0.000000E+00  0.000000E+00  0.000000E+00
  2.400000E-01  1.861069E+00  8.707288E-01  0.000000E+00  0.000000E+00  0.000000E+00  0.000000E+00  0.000000E+00  0.000000E+00
  2.420000E-01  1.865597E+00  8.759940E-01  0.000000E+00  0.000000E+00  0.000000E+00  0.000000E+00  0.000000E+00  0.000000E+00
  2.440000E-01  1.870097E+00  8.812302E-01  0.000000E+00  0.000000E+00  0.000000E+00  0.000000E+00  0.000000E+00  0.000000E+00
  2.460000E-01  1.874567E+00  8.864377E-01  0.000000E+00  0.000000E+00  0.000000E+00  0.000000E+00  0.000000E+00  0.000000E+00
  2.480000E-01  1.879009E+00  8.916170E-01  0.000000E+00  0.000000E+00  0.000000E+00  0.000000E+00  0.000000E+00  0.000000E+00
  2.500000E-01  1.883423E+00  8.967683E-01  0.000000E+00  0.000000E+00  0.000000E+00  0.000000E+00  0.000000E+00  0.000000E+00
  2.520000E-01  1.887809E+00  9.018919E-01  0.000000E+00  0.000000E+00  0.000000E+00  0.000000E+00  0.000000E+00  0.000000E+00
  2.540000E-01  1.892168E+00  9.069880E-01  0.000000E+00  0.000000E+00  0.000000E+00  0.000000E+00  0.000000E+00  0.000000E+00
  2.560000E-01  1.896500E+00  9.120571E-01  0.000000E+00  0.000000E+00  0.000000E+00  0.000000E+00  0.000000E+00  0.000000E+00
  2.580000E-01  1.900806E+00  9.170994E-01  0.000000E+00  0.000000E+00  0.000000E+00  0.000000E+00  0.000000E+00  0.000000E+00
  2.600000E-01  1.905085E+00  9.221151E-01  0.000000E+00  0.000000E+00  0.000000E+00  0.000000E+00  0.000000E+00  0.000000E+00
  2.620000E-01  1.909339E+00  9.271046E-01  0.000000E+00  0.000000E+00  0.000000E+00  0.000000E+00  0.000000E+00  0.000000E+00
  2.640000E-01  1.913568E+00  9.320681E-01  0.000000E+00  0.000000E+00  0.000000E+00  0.000000E+00  0.000000E+00  0.000000E+00
  2.660000E-01  1.917772E+00  9.370059E-01  0.000000E+00  0.000000E+00  0.000000E+00  0.000000E+00  0.000000E+00  0.000000E+00
  2.680000E-01  1.921951E+00  9.419183E-01  0.000000E+00  0.000000E+00  0.000000E+00  0.000000E+00  0.000000E+00  0.000000E+00
  2.700000E-01  1.926105E+00  9.468055E-01  0.000000E+00  0.000000E+00  0.000000E+00  0.000000E+00  0.000000E+00  0.000000E+00
  2.720000E-01  1.930236E+00  9.516678E-01  0.000000E+00  0.000000E+00  0.000000E+00  0.000000E+00  0.000000E+00  0.000000E+00
  2.740000E-01  1.934344E+00  9.565054E-01  0.000000E+00  0.000000E+00  0.000000E+00  0.000000E+00  0.000000E+00  0.000000E+00
  2.760000E-01  1.938428E+00  9.613186E-01  0.000000E+00  0.000000E+00  0.000000E+00  0.000000E+00  0.000000E+00  0.000000E+00
  2.780000E-01  1.942489E+00  9.661077E-01  0.000000E+00  0.000000E+00  0.000000E+00  0.000000E+00  0.000000E+00  0.000000E+00
  2.800000E-01  1.946527E+00  9.708728E-01  0.000000E+00  0.000000E+00  0.000000E+00  0.000000E+00  0.000000E+00  0.000000E+00
  2.820000E-01  1.950543E+00  9.756143E-01  0.000000E+00  0.000000E+00  0.000000E+00  0.000000E+00  0.000000E+00  0.000000E+00
  2.840000E-01  1.954537E+00  9.803323E-01  0.000000E+00  0.000000E+00  0.000000E+00  0.000000E+00  0.000000E+00  0.000000E+00
  2.860000E-01  1.958509E+00  9.850271E-01  0.000000E+00  0.000000E+00  0.000000E+00  0.000000E+00  0.000000E+00  0.000000E+00
  2.880000E-01  1.962460E+00  9.896989E-01  0.000000E+00  0.000000E+00  0.000000E+00  0.000000E+00  0.000000E+00  0.000000E+00
  2.900000E-01  1.966390E+00  9.943480E-01  0.000000E+00  0.000000E+00  0.000000E+00  0.000000E+00  0.000000E+00  0.000000E+00
  2.920000E-01  1.970298E+00  9.989745E-01  0.000000E+00  0.000000E+00  0.000000E+00  0.000000E+00  0.000000E+00  0.000000E+00
  2.940000E-01  1.974186E+00  1.003579E+00  0.000000E+00  0.000000E+00  0.000000E+00  0.000000E+00  0.000000E+00  0.000000E+00
  2.960000E-01  1.978054E+00  1.008161E+00  0.000000E+00  0.000000E+00  0.000000E+00  0.000000E+00  0.000000E+00  0.000000E+00
  2.980000E-01  1.981901E+00  1.012721E+00  0.000000E+00  0.000000E+00  0.000000E+00  0.000000E+00  0.000000E+00  0.000000E+00
  3.000000E-01  1.985729E+00  1.017260E+00  0.000000E+00  0.000000E+00  0.000000E+00  0.000000E+00  0.000000E+00  0.000000E+00
  3.020000E-01  1.989537E+00  1.021777E+00  0.000000E+00  0.000000E+00  0.000000E+00  0.000000E+00  0.000000E+00  0.000000E+00
  3.040000E-01  1.993326E+00  1.026272E+00  0.000000E+00  0.000000E+00  0.000000E+00  0.000000E+00  0.000000E+00  0.000000E+00
  3.060000E-01  1.997095E+00  1.030747E+00  0.000000E+00  0.000000E+00  0.000000E+00  0.000000E+00  0.000000E+00  0.000000E+00
  3.080000E-01  2.000846E+00  1.035201E+00  0.000000E+00  0.000000E+00  0.000000E+00  0.000000E+00  0.000000E+00  0.000000E+00
  3.100000E-01  2.004578E+00  1.039634E+00  0.000000E+00  0.000000E+00  0.000000E+00  0.000000E+00  0.000000E+00  0.000000E+00
  3.120000E-01  2.008291E+00  1.044046E+00  0.000000E+00  0.000000E+00  0.000000E+00  0.000000E+00  0.000000E+00  0.000000E+00
  3.140000E-01  2.011986E+00  1.048438E+00  0.000000E+00  0.000000E+00  0.000000E+00  0.000000E+00  0.000000E+00  0.000000E+00
  3.160000E-01  2.015664E+00  1.052811E+00  0.000000E+00  0.000000E+00  0.000000E+00  0.000000E+00  0.000000E+00  0.000000E+00
  3.180000E-01  2.019323E+00  1.057163E+00  0.000000E+00  0.000000E+00  0.000000E+00  0.000000E+00  0.000000E+00  0.000000E+00
  3.200000E-01  2.022965E+00  1.061495E+00  0.000000E+00  0.000000E+00  0.000000E+00  0.000000E+00  0.000000E+00  0.000000E+00
  3.220000E-01  2.026590E+00  1.065808E+00  0.000000E+00  0.000000E+00  0.000000E+00  0.000000E+00  0.000000E+00  0.000000E+00
  3.240000E-01  2.030197E+00  1.070101E+00  0.000000E+00  0.000000E+00  0.000000E+00  0.000000E+00  0.000000E+00  0.000000E+00
  3.260000E-01  2.033788E+00  1.074375E+00  0.000000E+00  0.000000E+00  0.000000E+00  0.000000E+00  0.000000E+00  0.000000E+00
  3.280000E-01  2.037362E+00  1.078630E+00  0.000000E+00  0.000000E+00  0.000000E+00  0.000000E+00  0.000000E+00  0.000000E+00
  3.300000E-01  2.040919E+00  1.082866E+00  0.000000E+00  0.000000E+00  0.000000E+00  0.000000E+00  0.000000E+00  0.000000E+00
  3.320000E-01  2.044460E+00  1.087083E+00  0.000000E+00  0.000000E+00  0.000000E+00  0.000000E+00  0.000000E+00  0.000000E+00
  3.340000E-01  2.047985E+00  1.091282E+00  0.000000E+00  0.000000E+00  0.000000E+00  0.000000E+00  0.000000E+00  0.000000E+00
  3.360000E-01  2.051493E+00  1.095462E+00  0.000000E+00  0.000000E+00  0.000000E+00  0.000000E+00  0.000000E+00  0.000000E+00
  3.380000E-01  2.054986E+00  1.099624E+00  0.000000E+00  0.000000E+00  0.000000E+00  0.000000E+00  0.000000E+00  0.000000E+00
  3.400000E-01  2.058464E+00  1.103768E+00  0.000000E+00  0.000000E+00  0.000000E+00  0.000000E+00  0.000000E+00  0.000000E+00
  3.420000E-01  2.061926E+00  1.107894E+00  0.000000E+00  0.000000E+00  0.000000E+00  0.000000E+00  0.000000E+00  0.000000E+00
  3.440000E-01  2.065372E+00  1.112002E+00  0.000000E+00  0.000000E+00  0.000000E+00  0.000000E+00  0.000000E+00  0.000000E+00
  3.460000E-01  2.068804E+00  1.116092E+00  0.000000E+00  0.000000E+00  0.000000E+00  0.000000E+00  0.000000E+00  0.000000E+00
  3.480000E-01  2.072221E+00  1.120165E+00  0.000000E+00  0.000000E+00  0.000000E+00  0.000000E+00  0.000000E+00  0.000000E+00
  3.500000E-01  2.075622E+00  1.124221E+00  0.000000E+00  0.000000E+00  0.000000E+00  0.000000E+00  0.000000E+00  0.000000E+00
  3.520000E-01  2.079010E+00  1.128259E+00  0.000000E+00  0.000000E+00  0.000000E+00  0.000000E+00  0.000000E+00  0.000000E+00
  3.540000E-01  2.082383E+00  1.132280E+00  0.000000E+00  0.000000E+00  0.000000E+00  0.000000E+00  0.000000E+00  0.000000E+00
  3.560000E-01  2.085741E+00  1.136284E+00  0.000000E+00  0.000000E+00  0.000000E+00  0.000000E+00  0.000000E+00  0.000000E+00
  3.580000E-01  2.089086E+00  1.140271E+00  0.000000E+00  0.000000E+00  0.000000E+00  0.000000E+00  0.000000E+00  0.000000E+00
  3.600000E-01  2.092416E+00  1.144242E+00  0.000000E+00  0.000000E+00  0.000000E+00  0.000000E+00  0.000000E+00  0.000000E+00
  3.620000E-01  2.095733E+00  1.148196E+00  0.000000E+00  0.000000E+00  0.000000E+00  0.000000E+00  0.000000E+00  0.000000E+00
  3.640000E-01  2.099036E+00  1.152134E+00  0.000000E+00  0.000000E+00  0.000000E+00  0.000000E+00  0.000000E+00  0.000000E+00
  3.660000E-01  2.102325E+00  1.156055E+00  0.000000E+00  0.000000E+00  0.000000E+00  0.000000E+00  0.000000E+00  0.000000E+00
  3.680000E-01  2.105602E+00  1.159960E+00  0.000000E+00  0.000000E+00  0.000000E+00  0.000000E+00  0.000000E+00  0.000000E+00
  3.700000E-01  2.108865E+00  1.163850E+00  0.000000E+00  0.000000E+00  0.000000E+00  0.000000E+00  0.000000E+00  0.000000E+00
  3.720000E-01  2.112114E+00  1.167723E+00  0.000000E+00  0.000000E+00  0.000000E+00  0.000000E+00  0.000000E+00  0.000000E+00
  3.740000E-01  2.115351E+00  1.171580E+00  0.000000E+00  0.000000E+00  0.000000E+00  0.000000E+00  0.000000E+00  0.000000E+00
  3.760000E-01  2.118575E+00  1.175422E+00  0.000000E+00  0.000000E+00  0.000000E+00  0.000000E+00  0.000000E+00  0.000000E+00
  3.780000E-01  2.121786E+00  1.179249E+00  0.000000E+00  0.000000E+00  0.000000E+00  0.000000E+00  0.000000E+00  0.000000E+00
  3.800000E-01  2.124985E+00  1.183060E+00  0.000000E+00  0.000000E+00  0.000000E+00  0.000000E+00  0.000000E+00  0.000000E+00
  3.820000E-01  2.128172E+00  1.186855E+00  0.000000E+00  0.000000E+00  0.000000E+00  0.000000E+00  0.000000E+00  0.000000E+00
  3.840000E-01  2.131346E+00  1.190636E+00  0.000000E+00  0.000000E+00  0.000000E+00  0.000000E+00  0.000000E+00  0.000000E+00
  3.860000E-01  2.134507E+00  1.194401E+00  0.000000E+00  0.000000E+00  0.000000E+00  0.000000E+00  0.000000E+00  0.000000E+00
  3.880000E-01  2.137657E+00  1.198152E+00  0.000000E+00  0.000000E+00  0.000000E+00  0.000000E+00  0.000000E+00  0.000000E+00
  3.900000E-01  2.140795E+00  1.201887E+00  0.000000E+00  0.000000E+00  0.000000E+00  0.000000E+00  0.000000E+00  0.000000E+00
  3.920000E-01  2.143921E+00  1.205608E+00  0.000000E+00  0.000000E+00  0.000000E+00  0.000000E+00  0.000000E+00  0.000000E+00
  3.940000E-01  2.147035E+00  1.209315E+00  0.000000E+00  0.000000E+00  0.000000E+00  0.000000E+00  0.000000E+00  0.000000E+00
  3.960000E-01  2.150138E+00  1.213006E+00  0.000000E+00  0.000000E+00  0.000000E+00  0.000000E+00  0.000000E+00  0.000000E+00
  3.980000E-01  2.153229E+00  1.216684E+00  0.000000E+00  0.000000E+00  0.000000E+00  0.000000E+00  0.000000E+00  0.000000E+00
  4.000000E-01  2.156309E+00  1.220347E+00  0.000000E+00  0.000000E+00  0.000000E+00  0.000000E+00  0.000000E+00  0.000000E+00
  4.020000E-01  2.159378E+00  1.223996E+00  0.000000E+00  0.000000E+00  0.000000E+00  0.000000E+00  0.000000E+00  0.000000E+00
  4.040000E-01  2.162436E+00  1.227631E+00  0.000000E+00  0.000000E+00  0.000000E+00  0.000000E+00  0.000000E+00  0.000000E+00
  4.060000E-01  2.165482E+00  1.231252E+00  0.000000E+00  0.000000E+00  0.000000E+00  0.000000E+00  0.000000E+00  0.000000E+00
  4.080000E-01  2.168518E+00  1.234859E+00  0.000000E+00  0.000000E+00  0.000000E+00  0.000000E+00  0.000000E+00  0.000000E+00
  4.100000E-01  2.171543E+00  1.238452E+00  0.000000E+00  0.000000E+00  0.000000E+00  0.000000E+00  0.000000E+00  0.000000E+00
  4.120000E-01  2.174557E+00  1.242032E+00  0.000000E+00  0.000000E+00  0.000000E+00  0.000000E+00  0.000000E+00  0.000000E+00
  4.140000E-01  2.177560E+00  1.245598E+00  0.000000E+00  0.000000E+00  0.000000E+00  0.000000E+00  0.000000E+00  0.000000E+00
  4.160000E-01  2.180553E+00  1.249150E+00  0.000000E+00  0.000000E+00  0.000000E+00  0.000000E+00  0.000000E+00  0.000000E+00
  4.180000E-01  2.183536E+00  1.252690E+00  0.000000E+00  0.000000E+00  0.000000E+00  0.000000E+00  0.000000E+00  0.000000E+00
  4.200000E-01  2.186508E+00  1.256216E+00  0.000000E+00  0.000000E+00  0.000000E+00  0.000000E+00  0.000000E+00  0.000000E+00
  4.220000E-01  2.189470E+00  1.259729E+00  0.000000E+00  0.000000E+00  0.000000E+00  0.000000E+00  0.000000E+00  0.000000E+00
  4.240000E-01  2.192422E+00  1.263228E+00  0.000000E+00  0.000000E+00  0.000000E+00  0.000000E+00  0.000000E+00  0.000000E+00
  4.260000E-01  2.195364E+00  1.266715E+00  0.000000E+00  0.000000E+00  0.000000E+00  0.000000E+00  0.000000E+00  0.000000E+00
  4.280000E-01  2.198296E+00  1.270189E+00  0.000000E+00  0.000000E+00  0.000000E+00  0.000000E+00  0.000000E+00  0.000000E+00
  4.300000E-01  2.201218E+00  1.273650E+00  0.000000E+00  0.000000E+00  0.000000E+00  0.000000E+00  0.000000E+00  0.000000E+00
  4.320000E-01  2.204130E+00  1.277098E+00  0.000000E+00  0.000000E+00  0.000000E+00  0.000000E+00  0.000000E+00  0.000000E+00
  4.340000E-01  2.207033E+00  1.280534E+00  0.000000E+00  0.000000E+00  0.000000E+00  0.000000E+00  0.000000E+00  0.000000E+00
  4.360000E-01  2.209926E+00  1.283957E+00  0.000000E+00  0.000000E+00  0.000000E+00  0.000000E+00  0.000000E+00  0.000000E+00
  4.380000E-01  2.212810E+00  1.287368E+00  0.000000E+00  0.000000E+00  0.000000E+00  0.000000E+00  0.000000E+00  0.000000E+00
  4.400000E-01  2.215684E+00  1.290766E+00  0.000000E+00  0.000000E+00  0.000000E+00  0.000000E+00  0.000000E+00  0.000000E+00
  4.420000E-01  2.218549E+00  1.294152E+00  0.000000E+00  0.000000E+00  0.000000E+00  0.000000E+00  0.000000E+00  0.000000E+00
  4.440000E-01  2.218108E+00  1.299346E+00  0.000000E+00  3.406346E-01  0.000000E+00  0.000000E+00  0.000000E+00  0.000000E+00
  4.460000E-01  2.218948E+00  1.303798E+00  0.000000E+00  3.993976E-01  0.000000E+00  0.000000E+00  0.000000E+00  0.000000E+00
  4.480000E-01  2.219617E+00  1.308314E+00  0.000000E+00  4.480338E-01  0.000000E+00  0.000000E+00  0.000000E+00  0.000000E+00
  4.500000E-01  2.220166E+00  1.312865E+00  0.000000E+00  4.899093E-01  0.000000E+00  0.000000E+00  0.000000E+00  0.000000E+00
  4.520000E-01  2.220629E+00  1.317433E+00  0.000000E+00  5.268822E-01  0.000000E+00  0.000000E+00  0.000000E+00  0.000000E+00
  4.540000E-01  2.221026E+00  1.322005E+00  0.000000E+00  5.601063E-01  0.000000E+00  0.000000E+00  0.000000E+00  0.000000E+00
  4.560000E-01  2.221373E+00  1.326574E+00  0.000000E+00  5.903557E-01  0.000000E+00  0.000000E+00  0.000000E+00  0.000000E+00
  4.580000E-01  2.221683E+00  1.331133E+00  0.000000E+00  6.181785E-01  0.000000E+00  0.000000E+00  0.000000E+00  0.000000E+00
  4.600000E-01  2.221962E+00  1.335679E+00  0.000000E+00  6.439793E-01  0.000000E+00  0.000000E+00  0.000000E+00  0.000000E+00
  4.620000E-01  2.222219E+00  1.340207E+00  0.000000E+00  6.680658E-01  0.000000E+00  0.000000E+00  0.000000E+00  0.000000E+00
  4.640000E-01  2.222457E+00  1.344716E+00  0.000000E+00  6.906787E-01  0.000000E+00  0.000000E+00  0.000000E+00  0.000000E+00
  4.660000E-01  2.222680E+00  1.349204E+00  0.000000E+00  7.120096E-01  0.000000E+00  0.000000E+00  0.000000E+00  0.000000E+00
  4.680000E-01  2.222892E+00  1.353670E+00  0.000000E+00  7.322143E-01  0.000000E+00  0.000000E+00  0.000000E+00  0.000000E+00
  4.700000E-01  2.223471E+00  1.357672E+00  0.000000E+00  7.354771E-01  0.000000E+00  0.000000E+00  2.855915E-01  0.000000E+00
  4.720000E-01  2.223918E+00  1.361803E+00  0.000000E+00  7.442009E-01  0.000000E+00  0.000000E+00  3.380645E-01  0.000000E+00
  4.740000E-01  2.224398E+00  1.365870E+00  0.000000E+00  7.512249E-01  0.000000E+00  0.000000E+00  3.831673E-01  0.000000E+00
  4.760000E-01  2.224907E+00  1.369879E+00  0.000000E+00  7.568399E-01  0.000000E+00  0.000000E+00  4.232930E-01  0.000000E+00
  4.780000E-01  2.225440E+00  1.373835E+00  0.000000E+00  7.612465E-01  0.000000E+00  0.000000E+00  4.597648E-01  0.000000E+00
  4.800000E-01  2.225996E+00  1.377742E+00  0.000000E+00  7.645904E-01  0.000000E+00  0.000000E+00  4.934050E-01  0.000000E+00
  4.820000E-01  2.226572E+00  1.381603E+00  0.000000E+00  7.669823E-01  0.000000E+00  0.000000E+00  5.247663E-01  0.000000E+00
  4.840000E-01  2.227168E+00  1.385420E+00  0.000000E+00  7.685076E-01  0.000000E+00  0.000000E+00  5.542413E-01  0.000000E+00
  4.860000E-01  2.227781E+00  1.389196E+00  0.000000E+00  7.692337E-01  0.000000E+00  0.000000E+00  5.821207E-01  0.000000E+00
  4.880000E-01  2.228410E+00  1.392933E+00  0.000000E+00  7.692140E-01  0.000000E+00  0.000000E+00  6.086271E-01  0.000000E+00
  4.900000E-01  2.229054E+00  1.396632E+00  0.000000E+00  7.684913E-01  0.000000E+00  0.000000E+00  6.339354E-01  0.000000E+00
  4.920000E-01  2.229713E+00  1.400295E+00  0.000000E+00  7.670995E-01  0.000000E+00  0.000000E+00  6.581858E-01  0.000000E+00
  4.940000E-01  2.230384E+00  1.403923E+00  0.000000E+00  7.650655E-01  0.000000E+00  0.000000E+00  6.814929E-01  0.000000E+00
  4.960000E-01  2.231069E+00  1.407518E+00  0.000000E+00  7.624099E-01  0.000000E+00  0.000000E+00  7.039517E-01  0.000000E+00
  4.980000E-01  2.231765E+00  1.411080E+00  0.000000E+00  7.591485E-01  0.000000E+00  0.000000E+00  7.256420E-01  0.000000E+00
  5.000000E-01  2.232473E+00  1.414612E+00  0.000000E+00  7.552923E-01  0.000000E+00  0.000000E+00  7.466312E-01  0.000000E+00
  5.020000E-01  2.233191E+00  1.418114E+00  0.000000E+00  7.508486E-01  0.000000E+00  0.000000E+00  7.669771E-01  0.000000E+00
  5.040000E-01  2.233919E+00  1.421587E+00  0.000000E+00  7.458209E-01  0.000000E+00  0.000000E+00  7.867295E-01  0.000000E+00
  5.060000E-01  2.234657E+00  1.425032E+00  0.000000E+00  7.402096E-01  0.000000E+00  0.000000E+00  8.059314E-01  0.000000E+00
  5.080000E-01  2.235402E+00  1.428451E+00  0.000000E+00  7.340121E-01  0.000000E+00  0.000000E+00  8.246202E-01  0.000000E+00
  5.100000E-01  2.236156E+00  1.431843E+00  0.000000E+00  7.272233E-01  0.000000E+00  0.000000E+00  8.428282E-01  0.000000E+00
  5.120000E-01  2.236917E+00  1.435210E+00  0.000000E+00  7.198353E-01  0.000000E+00  0.000000E+00  8.605839E-01  0.000000E+00
  5.140000E-01  2.237684E+00  1.438554E+00  0.000000E+00  7.118383E-01  0.000000E+00  0.000000E+00  8.779117E-01  0.000000E+00
  5.160000E-01  2.238457E+00  1.441874E+00  0.000000E+00  7.032203E-01  0.000000E+00  0.000000E+00  8.948328E-01  0.000000E+00
  5.180000E-01  2.239235E+00  1.445173E+00  0.000000E+00  6.939675E-01  0.000000E+00  0.000000E+00  9.113653E-01  0.000000E+00
  5.200000E-01  2.240016E+00  1.448450E+00  0.000000E+00  6.840649E-01  0.000000E+00  0.000000E+00  9.275245E-01  0.000000E+00
  5.220000E-01  2.240800E+00  1.451708E+00  0.000000E+00  6.734963E-01  0.000000E+00  0.000000E+00  9.433232E-01  0.000000E+00
  5.240000E-01  2.241585E+00  1.454948E+00  0.000000E+00  6.622450E-01  0.000000E+00  0.000000E+00  9.587716E-01  0.000000E+00
  5.260000E-01  2.242369E+00  1.458170E+00  0.000000E+00  6.502941E-01  0.000000E+00  0.000000E+00  9.738777E-01  0.000000E+00
  5.280000E-01  2.243152E+00  1.461377E+00  0.000000E+00  6.376274E-01  0.000000E+00  0.000000E+00  9.886474E-01  0.000000E+00
  5.300000E-01  2.243931E+00  1.464570E+00  0.000000E+00  6.242299E-01  0.000000E+00  0.000000E+00  1.003084E+00  0.000000E+00
  5.320000E-01  2.244704E+00  1.467750E+00  0.000000E+00  6.100883E-01  0.000000E+00  0.000000E+00  1.017190E+00  0.000000E+00
  5.340000E-01  2.245470E+00  1.470920E+00  0.000000E+00  5.951926E-01  0.000000E+00  0.000000E+00  1.030966E+00  0.000000E+00
  5.360000E-01  2.246225E+00  1.474081E+00  0.000000E+00  5.795358E-01  0.000000E+00  0.000000E+00  1.044410E+00  0.000000E+00
  5.380000E-01  2.246968E+00  1.477235E+00  0.000000E+00  5.631152E-01  0.000000E+00  0.000000E+00  1.057521E+00  0.000000E+00
  5.400000E-01  2.247696E+00  1.480384E+00  0.000000E+00  5.459324E-01  0.000000E+00  0.000000E+00  1.070295E+00  0.000000E+00
  5.420000E-01  2.248407E+00  1.483531E+00  0.000000E+00  5.279934E-01  0.000000E+00  0.000000E+00  1.082731E+00  0.000000E+00
  5.440000E-01  2.249097E+00  1.486676E+00  0.000000E+00  5.093081E-01  0.000000E+00  0.000000E+00  1.094825E+00  0.000000E+00
  5.460000E-01  2.249765E+00  1.489822E+00  0.000000E+00  4.898889E-01  0.000000E+00  0.000000E+00  1.106577E+00  0.000000E+00
  5.480000E-01  2.250409E+00  1.492971E+00  0.000000E+00  4.697493E-01  0.000000E+00  0.000000E+00  1.117985E+00  0.000000E+00
  5.500000E-01  2.251027E+00  1.496123E+00  0.000000E+00  4.489010E-01  0.000000E+00  0.000000E+00  1.129051E+00  0.000000E+00
  5.520000E-01  2.251616E+00  1.499280E+00  0.000000E+00  4.273506E-01  0.000000E+00  0.000000E+00  1.139779E+00  0.000000E+00
  5.540000E-01  2.252177E+00  1.502444E+00  0.000000E+00  4.050956E-01  0.000000E+00  0.000000E+00  1.150172E+00  0.000000E+00
  5.560000E-01  2.252708E+00  1.505614E+00  0.000000E+00  3.821191E-01  0.000000E+00  0.000000E+00  1.160239E+00  0.000000E+00
  5.580000E-01  2.253209E+00  1.508791E+00  0.000000E+00  3.583832E-01  0.000000E+00  0.000000E+00  1.169988E+00  0.000000E+00
  5.600000E-01  2.253680E+00  1.511976E+00  0.000000E+00  3.338200E-01  0.000000E+00  0.000000E+00  1.179429E+00  0.000000E+00
  5.620000E-01  2.254120E+00  1.515167E+00  0.000000E+00  3.083189E-01  0.000000E+00  0.000000E+00  1.188574E+00  0.000000E+00
  5.640000E-01  2.254531E+00  1.518366E+00  0.000000E+00  2.817065E-01  0.000000E+00  0.000000E+00  1.197434E+00  0.000000E+00
  5.660000E-01  2.254913E+00  1.521571E+00  0.000000E+00  2.537108E-01  0.000000E+00  0.000000E+00  1.206021E+00  0.000000E+00
  5.680000E-01  2.255266E+00  1.524783E+00  0.000000E+00  2.238941E-01  0.000000E+00  0.000000E+00  1.214347E+00  0.000000E+00
  5.700000E-01  2.255592E+00  1.528001E+00  0.000000E+00  1.915048E-01  0.000000E+00  0.000000E+00  1.222423E+00  0.000000E+00
  5.720000E-01  2.255889E+00  1.531225E+00  0.000000E+00  1.550895E-01  0.000000E+00  0.000000E+00  1.230256E+00  0.000000E+00
  5.740000E-01  2.256158E+00  1.534455E+00  0.000000E+00  1.110914E-01  0.000000E+00  0.000000E+00  1.237851E+00  0.000000E+00
  5.760000E-01  2.256398E+00  1.537692E+00  0.000000E+00  0.000000E+00  0.000000E+00  0.000000E+00  1.245206E+00  0.000000E+00
  5.780000E-01  2.256598E+00  1.540943E+00  0.000000E+00  0.000000E+00  0.000000E+00  0.000000E+00  1.252269E+00  0.000000E+00
  5.800000E-01  2.256796E+00  1.544184E+00  0.000000E+00  0.000000E+00  0.000000E+00  0.000000E+00  1.259258E+00  0.000000E+00
  5.820000E-01  2.256990E+00  1.547415E+00  0.000000E+00  0.000000E+00  0.000000E+00  0.000000E+00  1.266176E+00  0.000000E+00
  5.840000E-01  2.257181E+00  1.550635E+00  0.000000E+00  0.000000E+00  0.000000E+00  0.000000E+00  1.273025E+00  0.000000E+00
  5.860000E-01  2.257370E+00  1.553845E+00  0.000000E+00  0.000000E+00  0.000000E+00  0.000000E+00  1.279805E+00  0.000000E+00
  5.880000E-01  2.257555E+00  1.557044E+00  0.000000E+00  0.000000E+00  0.000000E+00  0.000000E+00  1.286518E+00  0.000000E+00
  5.900000E-01  2.257737E+00  1.560234E+00  0.000000E+00  0.000000E+00  0.000000E+00  0.000000E+00  1.293166E+00  0.000000E+00
  5.920000E-01  2.257917E+00  1.563414E+00  0.000000E+00  0.000000E+00  0.000000E+00  0.000000E+00  1.299751E+00  0.000000E+00
  5.940000E-01  2.258093E+00  1.566584E+00  0.000000E+00  0.000000E+00  0.000000E+00  0.000000E+00  1.306274E+00  0.000000E+00
  5.960000E-01  2.258267E+00  1.569744E+00  0.000000E+00  0.000000E+00  0.000000E+00  0.000000E+00  1.312737E+00  0.000000E+00
  5.980000E-01  2.258438E+00  1.572895E+00  0.000000E+00  0.000000E+00  0.000000E+00  0.000000E+00  1.319140E+00  0.000000E+00
  6.000000E-01  2.258606E+00  1.576036E+00  0.000000E+00  0.000000E+00  0.000000E+00  0.000000E+00  1.325485E+00  0.000000E+00
  6.020000E-01  2.258772E+00  1.579168E+00  0.000000E+00  0.000000E+00  0.000000E+00  0.000000E+00  1.331773E+00  0.000000E+00
  6.040000E-01  2.258934E+00  1.582290E+00  0.000000E+00  0.000000E+00  0.000000E+00  0.000000E+00  1.338006E+00  0.000000E+00
  6.060000E-01  2.259095E+00  1.585403E+00  0.000000E+00  0.000000E+00  0.000000E+00  0.000000E+00  1.344185E+00  0.000000E+00
  6.080000E-01  2.259252E+00  1.588507E+00  0.000000E+00  0.000000E+00  0.000000E+00  0.000000E+00  1.350310E+00  0.000000E+00
  6.100000E-01  2.259408E+00  1.591601E+00  0.000000E+00  0.000000E+00  0.000000E+00  0.000000E+00  1.356383E+00  0.000000E+00
  6.120000E-01  2.259560E+00  1.594687E+00  0.000000E+00  0.000000E+00  0.000000E+00  0.000000E+00  1.362405E+00  0.000000E+00
  6.140000E-01  2.259710E+00  1.597764E+00  0.000000E+00  0.000000E+00  0.000000E+00  0.000000E+00  1.368377E+00  0.000000E+00
  6.160000E-01  2.259858E+00  1.600832E+00  0.000000E+00  0.000000E+00  0.000000E+00  0.000000E+00  1.374300E+00  0.000000E+00
  6.180000E-01  2.260003E+00  1.603891E+00  0.000000E+00  0.000000E+00  0.000000E+00  0.000000E+00  1.380174E+00  0.000000E+00
  6.200000E-01  2.260146E+00  1.606941E+00  0.000000E+00  0.000000E+00  0.000000E+00  0.000000E+00  1.386002E+00  0.000000E+00
  6.220000E-01  2.260287E+00  1.609983E+00  0.000000E+00  0.000000E+00  0.000000E+00  0.000000E+00  1.391783E+00  0.000000E+00
  6.240000E-01  2.260425E+00  1.613016E+00  0.000000E+00  0.000000E+00  0.000000E+00  0.000000E+00  1.397519E+00  0.000000E+00
  6.260000E-01  2.260561E+00  1.616041E+00  0.000000E+00  0.000000E+00  0.000000E+00  0.000000E+00  1.403210E+00  0.000000E+00
  6.280000E-01  2.260694E+00  1.619057E+00  0.000000E+00  0.000000E+00  0.000000E+00  0.000000E+00  1.408857E+00  0.000000E+00
  6.300000E-01  2.260826E+00  1.622065E+00  0.000000E+00  0.000000E+00  0.000000E+00  0.000000E+00  1.414461E+00  0.000000E+00
  6.320000E-01  2.260955E+00  1.625065E+00  0.000000E+00  0.000000E+00  0.000000E+00  0.000000E+00  1.420023E+00  0.000000E+00
  6.340000E-01  2.261082E+00  1.628057E+00  0.000000E+00  0.000000E+00  0.000000E+00  0.000000E+00  1.425544E+00  0.000000E+00
  6.360000E-01  2.261206E+00  1.631041E+00  0.000000E+00  0.000000E+00  0.000000E+00  0.000000E+00  1.431023E+00  0.000000E+00
  6.380000E-01  2.261329E+00  1.634016E+00  0.000000E+00  0.000000E+00  0.000000E+00  0.000000E+00  1.436463E+00  0.000000E+00
  6.400000E-01  2.261449E+00  1.636984E+00  0.000000E+00  0.000000E+00  0.000000E+00  0.000000E+00  1.441863E+00  0.000000E+00
  6.420000E-01  2.261568E+00  1.639944E+00  0.000000E+00  0.000000E+00  0.000000E+00  0.000000E+00  1.447225E+00  0.000000E+00
  6.440000E-01  2.261684E+00  1.642896E+00  0.000000E+00  0.000000E+00  0.000000E+00  0.000000E+00  1.452548E+00  0.000000E+00
  6.460000E-01  2.261798E+00  1.645840E+00  0.000000E+00  0.000000E+00  0.000000E+00  0.000000E+00  1.457835E+00  0.000000E+00
  6.480000E-01  2.261910E+00  1.648777E+00  0.000000E+00  0.000000E+00  0.000000E+00  0.000000E+00  1.463084E+00  0.000000E+00
  6.500000E-01  2.262020E+00  1.651706E+00  0.000000E+00  0.000000E+00  0.000000E+00  0.000000E+00  1.468297E+00  0.000000E+00
  6.520000E-01  2.262129E+00  1.654627E+00  0.000000E+00  0.000000E+00  0.000000E+00  0.000000E+00  1.473474E+00  0.000000E+00
  6.540000E-01  2.262235E+00  1.657542E+00  0.000000E+00  0.000000E+00  0.000000E+00  0.000000E+00  1.478616E+00  0.000000E+00
  6.560000E-01  2.262339E+00  1.660448E+00  0.000000E+00  0.000000E+00  0.000000E+00  0.000000E+00  1.483724E+00  0.000000E+00
  6.580000E-01  2.262441E+00  1.663348E+00  0.000000E+00  0.000000E+00  0.000000E+00  0.000000E+00  1.488798E+00  0.000000E+00
  6.600000E-01  2.262542E+00  1.666240E+00  0.000000E+00  0.000000E+00  0.000000E+00  0.000000E+00  1.493838E+00  0.000000E+00
  6.620000E-01  2.262640E+00  1.669125E+00  0.000000E+00  0.000000E+00  0.000000E+00  0.000000E+00  1.498845E+00  0.000000E+00
  6.640000E-01  2.262737E+00  1.672003E+00  0.000000E+00  0.000000E+00  0.000000E+00  0.000000E+00  1.503820E+00  0.000000E+00
  6.660000E-01  2.262831E+00  1.674874E+00  0.000000E+00  0.000000E+00  0.000000E+00  0.000000E+00  1.508763E+00  0.000000E+00
  6.680000E-01  2.262924E+00  1.677737E+00  0.000000E+00  0.000000E+00  0.000000E+00  0.000000E+00  1.513674E+00  0.000000E+00
  6.700000E-01  2.263015E+00  1.680594E+00  0.000000E+00  0.000000E+00  0.000000E+00  0.000000E+00  1.518554E+00  0.000000E+00
  6.720000E-01  2.263105E+00  1.683444E+00  0.000000E+00  0.000000E+00  0.000000E+00  0.000000E+00  1.523404E+00  0.000000E+00
  6.740000E-01  2.263192E+00  1.686287E+00  0.000000E+00  0.000000E+00  0.000000E+00  0.000000E+00  1.528224E+00  0.000000E+00
  6.760000E-01  2.263278E+00  1.689124E+00  0.000000E+00  0.000000E+00  0.000000E+00  0.000000E+00  1.533013E+00  0.000000E+00
  6.780000E-01  2.263362E+00  1.691953E+00  0.000000E+00  0.000000E+00  0.000000E+00  0.000000E+00  1.537774E+00  0.000000E+00
  6.800000E-01  2.263444E+00  1.694776E+00  0.000000E+00  0.000000E+00  0.000000E+00  0.000000E+00  1.542505E+00  0.000000E+00
  6.820000E-01  2.263524E+00  1.697593E+00  0.000000E+00  0.000000E+00  0.000000E+00  0.000000E+00  1.547208E+00  0.000000E+00
  6.840000E-01  2.263603E+00  1.700403E+00  0.000000E+00  0.000000E+00  0.000000E+00  0.000000E+00  1.551883E+00  0.000000E+00
  6.860000E-01  2.263680E+00  1.703206E+00  0.000000E+00  0.000000E+00  0.000000E+00  0.000000E+00  1.556530E+00  0.000000E+00
  6.880000E-01  2.263755E+00  1.706003E+00  0.000000E+00  0.000000E+00  0.000000E+00  0.000000E+00  1.561150E+00  0.000000E+00
  6.900000E-01  2.263829E+00  1.708794E+00  0.000000E+00  0.000000E+00  0.000000E+00  0.000000E+00  1.565743E+00  0.000000E+00
  6.920000E-01  2.263901E+00  1.711578E+00  0.000000E+00  0.000000E+00  0.000000E+00  0.000000E+00  1.570309E+00  0.000000E+00
  6.940000E-01  2.263972E+00  1.714356E+00  0.000000E+00  0.000000E+00  0.000000E+00  0.000000E+00  1.574848E+00  0.000000E+00
  6.960000E-01  2.264040E+00  1.717128E+00  0.000000E+00  0.000000E+00  0.000000E+00  0.000000E+00  1.579362E+00  0.000000E+00
  6.980000E-01  2.264108E+00  1.719893E+00  0.000000E+00  0.000000E+00  0.000000E+00  0.000000E+00  1.583850E+00  0.000000E+00
  7.000000E-01  2.264173E+00  1.722653E+00  0.000000E+00  0.000000E+00  0.000000E+00  0.000000E+00  1.588313E+00  0.000000E+00
  7.020000E-01  2.264237E+00  1.725406E+00  0.000000E+00  0.000000E+00  0.000000E+00  0.000000E+00  1.592751E+00  0.000000E+00
  7.040000E-01  2.264300E+00  1.728154E+00  0.000000E+00  0.000000E+00  0.000000E+00  0.000000E+00  1.597165E+00  0.000000E+00
  7.060000E-01  2.264360E+00  1.730895E+00  0.000000E+00  0.000000E+00  0.000000E+00  0.000000E+00  1.601554E+00  0.000000E+00
  7.080000E-01  2.264420E+00  1.733631E+00  0.000000E+00  0.000000E+00  0.000000E+00  0.000000E+00  1.605919E+00  0.000000E+00
  7.100000E-01  2.264478E+00  1.736360E+00  0.000000E+00  0.000000E+00  0.000000E+00  0.000000E+00  1.610260E+00  0.000000E+00
  7.120000E-01  2.264534E+00  1.739084E+00  0.000000E+00  0.000000E+00  0.000000E+00  0.000000E+00  1.614577E+00  0.000000E+00
  7.140000E-01  2.264589E+00  1.741802E+00  0.000000E+00  0.000000E+00  0.000000E+00  0.000000E+00  1.618872E+00  0.000000E+00
  7.160000E-01  2.264642E+00  1.744515E+00  0.000000E+00  0.000000E+00  0.000000E+00  0.000000E+00  1.623143E+00  0.000000E+00
  7.180000E-01  2.264694E+00  1.747221E+00  0.000000E+00  0.000000E+00  0.000000E+00  0.000000E+00  1.627392E+00  0.000000E+00
  7.200000E-01  2.264744E+00  1.749923E+00  0.000000E+00  0.000000E+00  0.000000E+00  0.000000E+00  1.631619E+00  0.000000E+00
  7.220000E-01  2.264793E+00  1.752618E+00  0.000000E+00  0.000000E+00  0.000000E+00  0.000000E+00  1.635823E+00  0.000000E+00
  7.240000E-01  2.264840E+00  1.755308E+00  0.000000E+00  0.000000E+00  0.000000E+00  0.000000E+00  1.640006E+00  0.000000E+00
  7.260000E-01  2.264886E+00  1.757992E+00  0.000000E+00  0.000000E+00  0.000000E+00  0.000000E+00  1.644167E+00  0.000000E+00
  7.280000E-01  2.264931E+00  1.760671E+00  0.000000E+00  0.000000E+00  0.000000E+00  0.000000E+00  1.648307E+00  0.000000E+00
  7.300000E-01  2.264974E+00  1.763345E+00  0.000000E+00  0.000000E+00  0.000000E+00  0.000000E+00  1.652425E+00  0.000000E+00
  7.320000E-01  2.265015E+00  1.766013E+00  0.000000E+00  0.000000E+00  0.000000E+00  0.000000E+00  1.656523E+00  0.000000E+00
  7.340000E-01  2.265056E+00  1.768676E+00  0.000000E+00  0.000000E+00  0.000000E+00  0.000000E+00  1.660600E+00  0.000000E+00
  7.360000E-01  2.265094E+00  1.771334E+00  0.000000E+00  0.000000E+00  0.000000E+00  0.000000E+00  1.664656E+00  0.000000E+00
  7.380000E-01  2.265132E+00  1.773986E+00  0.000000E+00  0.000000E+00  0.000000E+00  0.000000E+00  1.668693E+00  0.000000E+00
  7.400000E-01  2.264863E+00  1.776053E+00  2.515361E-01  0.000000E+00  0.000000E+00  0.000000E+00  1.672025E+00  0.000000E+00
  7.420000E-01  2.264803E+00  1.778515E+00  2.754907E-01  0.000000E+00  0.000000E+00  0.000000E+00  1.675811E+00  0.000000E+00
  7.440000E-01  2.264733E+00  1.780957E+00  2.975478E-01  0.000000E+00  0.000000E+00  0.000000E+00  1.679561E+00  0.000000E+00
  7.460000E-01  2.264654E+00  1.783379E+00  3.180984E-01  0.000000E+00  0.000000E+00  0.000000E+00  1.683275E+00  0.000000E+00
  7.480000E-01  2.264567E+00  1.785784E+00  3.374148E-01  0.000000E+00  0.000000E+00  0.000000E+00  1.686956E+00  0.000000E+00
  7.500000E-01  2.264471E+00  1.788172E+00  3.556957E-01  0.000000E+00  0.000000E+00  0.000000E+00  1.690605E+00  0.000000E+00
  7.520000E-01  2.264369E+00  1.790543E+00  3.730912E-01  0.000000E+00  0.000000E+00  0.000000E+00  1.694223E+00  0.000000E+00
  7.540000E-01  2.264259E+00  1.792899E+00  3.897182E-01  0.000000E+00  0.000000E+00  0.000000E+00  1.697811E+00  0.000000E+00
  7.560000E-01  2.264142E+00  1.795240E+00  4.056697E-01  0.000000E+00  0.000000E+00  0.000000E+00  1.701370E+00  0.000000E+00
  7.580000E-01  2.264018E+00  1.797567E+00  4.210212E-01  0.000000E+00  0.000000E+00  0.000000E+00  1.704901E+00  0.000000E+00
  7.600000E-01  2.263888E+00  1.799880E+00  4.358349E-01  0.000000E+00  0.000000E+00  0.000000E+00  1.708404E+00  0.000000E+00
  7.620000E-01  2.263752E+00  1.802179E+00  4.501630E-01  0.000000E+00  0.000000E+00  0.000000E+00  1.711881E+00  0.000000E+00
  7.640000E-01  2.263609E+00  1.804466E+00  4.640495E-01  0.000000E+00  0.000000E+00  0.000000E+00  1.715331E+00  0.000000E+00
  7.660000E-01  2.263461E+00  1.806739E+00  4.775323E-01  0.000000E+00  0.000000E+00  0.000000E+00  1.718756E+00  0.000000E+00
  7.680000E-01  2.263307E+00  1.809001E+00  4.906438E-01  0.000000E+00  0.000000E+00  0.000000E+00  1.722156E+00  0.000000E+00
  7.700000E-01  2.263148E+00  1.811250E+00  5.034123E-01  0.000000E+00  0.000000E+00  0.000000E+00  1.725531E+00  0.000000E+00
  7.720000E-01  2.262983E+00  1.813488E+00  5.158629E-01  0.000000E+00  0.000000E+00  0.000000E+00  1.728882E+00  0.000000E+00
  7.740000E-01  2.262813E+00  1.815715E+00  5.280175E-01  0.000000E+00  0.000000E+00  0.000000E+00  1.732210E+00  0.000000E+00
  7.760000E-01  2.262638E+00  1.817930E+00  5.398954E-01  0.000000E+00  0.000000E+00  0.000000E+00  1.735515E+00  0.000000E+00
  7.780000E-01  2.262458E+00  1.820135E+00  5.515143E-01  0.000000E+00  0.000000E+00  0.000000E+00  1.738798E+00  0.000000E+00
  7.800000E-01  2.262273E+00  1.822330E+00  5.628896E-01  0.000000E+00  0.000000E+00  0.000000E+00  1.742058E+00  0.000000E+00
  7.820000E-01  2.262083E+00  1.824514E+00  5.740356E-01  0.000000E+00  0.000000E+00  0.000000E+00  1.745297E+00  0.000000E+00
  7.840000E-01  2.261889E+00  1.826688E+00  5.849649E-01  0.000000E+00  0.000000E+00  0.000000E+00  1.748514E+00  0.000000E+00
  7.860000E-01  2.261690E+00  1.828852E+00  5.956892E-01  0.000000E+00  0.000000E+00  0.000000E+00  1.751710E+00  0.000000E+00
  7.880000E-01  2.261487E+00  1.831006E+00  6.062190E-01  0.000000E+00  0.000000E+00  0.000000E+00  1.754885E+00  0.000000E+00
  7.900000E-01  2.261279E+00  1.833151E+00  6.165640E-01  0.000000E+00  0.000000E+00  0.000000E+00  1.758041E+00  0.000000E+00
  7.920000E-01  2.261067E+00  1.835287E+00  6.267332E-01  0.000000E+00  0.000000E+00  0.000000E+00  1.761176E+00  0.000000E+00
  7.940000E-01  2.260851E+00  1.837414E+00  6.367346E-01  0.000000E+00  0.000000E+00  0.000000E+00  1.764292E+00  0.000000E+00
  7.960000E-01  2.260630E+00  1.839532E+00  6.465759E-01  0.000000E+00  0.000000E+00  0.000000E+00  1.767388E+00  0.000000E+00
  7.980000E-01  2.260406E+00  1.841641E+00  6.562640E-01  0.000000E+00  0.000000E+00  0.000000E+00  1.770465E+00  0.000000E+00
  8.000000E-01  2.260178E+00  1.843742E+00  6.658055E-01  0.000000E+00  0.000000E+00  0.000000E+00  1.773524E+00  0.000000E+00
  8.020000E-01  2.259945E+00  1.845834E+00  6.752064E-01  0.000000E+00  0.000000E+00  0.000000E+00  1.776564E+00  0.000000E+00
  8.040000E-01  2.259709E+00  1.847918E+00  6.844722E-01  0.000000E+00  0.000000E+00  0.000000E+00  1.779586E+00  0.000000E+00
  8.060000E-01  2.259469E+00  1.849994E+00  6.936083E-01  0.000000E+00  0.000000E+00  0.000000E+00  1.782590E+00  0.000000E+00
  8.080000E-01  2.259226E+00  1.852062E+00  7.026196E-01  0.000000E+00  0.000000E+00  0.000000E+00  1.785576E+00  0.000000E+00
  8.100000E-01  2.258979E+00  1.854122E+00  7.115106E-01  0.000000E+00  0.000000E+00  0.000000E+00  1.788544E+00  0.000000E+00
  8.120000E-01  2.258728E+00  1.856175E+00  7.202857E-01  0.000000E+00  0.000000E+00  0.000000E+00  1.791496E+00  0.000000E+00
  8.140000E-01  2.258473E+00  1.858220E+00  7.289489E-01  0.000000E+00  0.000000E+00  0.000000E+00  1.794431E+00  0.000000E+00
  8.160000E-01  2.258216E+00  1.860258E+00  7.375042E-01  0.000000E+00  0.000000E+00  0.000000E+00  1.797348E+00  0.000000E+00
  8.180000E-01  2.257955E+00  1.862288E+00  7.459550E-01  0.000000E+00  0.000000E+00  0.000000E+00  1.800250E+00  0.000000E+00
  8.200000E-01  2.257690E+00  1.864311E+00  7.543048E-01  0.000000E+00  0.000000E+00  0.000000E+00  1.803135E+00  0.000000E+00
  8.220000E-01  2.257422E+00  1.866328E+00  7.625568E-01  0.000000E+00  0.000000E+00  0.000000E+00  1.806004E+00  0.000000E+00
  8.240000E-01  2.257151E+00  1.868337E+00  7.707141E-01  0.000000E+00  0.000000E+00  0.000000E+00  1.808857E+00  0.000000E+00
  8.260000E-01  2.256877E+00  1.870339E+00  7.787796E-01  0.000000E+00  0.000000E+00  0.000000E+00  1.811694E+00  0.000000E+00
  8.280000E-01  2.256599E+00  1.872335E+00  7.867560E-01  0.000000E+00  0.000000E+00  0.000000E+00  1.814516E+00  0.000000E+00
  8.300000E-01  2.256319E+00  1.874324E+00  7.946459E-01  0.000000E+00  0.000000E+00  0.000000E+00  1.817322E+00  0.000000E+00
  8.320000E-01  2.256035E+00  1.876307E+00  8.024519E-01  0.000000E+00  0.000000E+00  0.000000E+00  1.820114E+00  0.000000E+00
  8.340000E-01  2.255748E+00  1.878283E+00  8.101762E-01  0.000000E+00  0.000000E+00  0.000000E+00  1.822890E+00  0.000000E+00
  8.360000E-01  2.255459E+00  1.880253E+00  8.178211E-01  0.000000E+00  0.000000E+00  0.000000E+00  1.825652E+00  0.000000E+00
  8.380000E-01  2.255166E+00  1.882216E+00  8.253888E-01  0.000000E+00  0.000000E+00  0.000000E+00  1.828399E+00  0.000000E+00
  8.400000E-01  2.254870E+00  1.884174E+00  8.328813E-01  0.000000E+00  0.000000E+00  0.000000E+00  1.831131E+00  0.000000E+00
  8.420000E-01  2.254572E+00  1.886125E+00  8.403007E-01  0.000000E+00  0.000000E+00  0.000000E+00  1.833850E+00  0.000000E+00
  8.440000E-01  2.254271E+00  1.888071E+00  8.476487E-01  0.000000E+00  0.000000E+00  0.000000E+00  1.836554E+00  0.000000E+00
  8.460000E-01  2.253967E+00  1.890011E+00  8.549272E-01  0.000000E+00  0.000000E+00  0.000000E+00  1.839244E+00  0.000000E+00
  8.480000E-01  2.253660E+00  1.891944E+00  8.621379E-01  0.000000E+00  0.000000E+00  0.000000E+00  1.841921E+00  0.000000E+00
  8.500000E-01  2.253350E+00  1.893873E+00  8.692824E-01  0.000000E+00  0.000000E+00  0.000000E+00  1.844584E+00  0.000000E+00
  8.520000E-01  2.253038E+00  1.895795E+00  8.763624E-01  0.000000E+00  0.000000E+00  0.000000E+00  1.847233E+00  0.000000E+00
  8.540000E-01  2.252723E+00  1.897712E+00  8.833794E-01  0.000000E+00  0.000000E+00  0.000000E+00  1.849870E+00  0.000000E+00
  8.560000E-01  2.252406E+00  1.899624E+00  8.903347E-01  0.000000E+00  0.000000E+00  0.000000E+00  1.852492E+00  0.000000E+00
  8.580000E-01  2.252086E+00  1.901530E+00  8.972299E-01  0.000000E+00  0.000000E+00  0.000000E+00  1.855102E+00  0.000000E+00
  8.600000E-01  2.251763E+00  1.903431E+00  9.040663E-01  0.000000E+00  0.000000E+00  0.000000E+00  1.857699E+00  0.000000E+00
  8.620000E-01  2.251438E+00  1.905327E+00  9.108452E-01  0.000000E+00  0.000000E+00  0.000000E+00  1.860283E+00  0.000000E+00
  8.640000E-01  2.251110E+00  1.907217E+00  9.175678E-01  0.000000E+00  0.000000E+00  0.000000E+00  1.862855E+00  0.000000E+00
  8.660000E-01  2.250780E+00  1.909102E+00  9.242353E-01  0.000000E+00  0.000000E+00  0.000000E+00  1.865414E+00  0.000000E+00
  8.680000E-01  2.250448E+00  1.910983E+00  9.308490E-01  0.000000E+00  0.000000E+00  0.000000E+00  1.867961E+00  0.000000E+00
  8.700000E-01  2.250113E+00  1.912858E+00  9.374099E-01  0.000000E+00  0.000000E+00  0.000000E+00  1.870495E+00  0.000000E+00
  8.720000E-01  2.249775E+00  1.914729E+00  9.439191E-01  0.000000E+00  0.000000E+00  0.000000E+00  1.873017E+00  0.000000E+00
  8.740000E-01  2.249436E+00  1.916594E+00  9.503778E-01  0.000000E+00  0.000000E+00  0.000000E+00  1.875527E+00  0.000000E+00
  8.760000E-01  2.249094E+00  1.918455E+00  9.567868E-01  0.000000E+00  0.000000E+00  0.000000E+00  1.878025E+00  0.000000E+00
  8.780000E-01  2.248749E+00  1.920311E+00  9.631472E-01  0.000000E+00  0.000000E+00  0.000000E+00  1.880512E+00  0.000000E+00
  8.800000E-01  2.248403E+00  1.922163E+00  9.694600E-01  0.000000E+00  0.000000E+00  0.000000E+00  1.882987E+00  0.000000E+00
  8.820000E-01  2.248054E+00  1.924009E+00  9.757259E-01  0.000000E+00  0.000000E+00  0.000000E+00  1.885450E+00  0.000000E+00
  8.840000E-01  2.247703E+00  1.925852E+00  9.819461E-01  0.000000E+00  0.000000E+00  0.000000E+00  1.887901E+00  0.000000E+00
  8.860000E-01  2.247350E+00  1.927690E+00  9.881212E-01  0.000000E+00  0.000000E+00  0.000000E+00  1.890342E+00  0.000000E+00
  8.880000E-01  2.246994E+00  1.929523E+00  9.942522E-01  0.000000E+00  0.000000E+00  0.000000E+00  1.892771E+00  0.000000E+00
  8.900000E-01  2.246637E+00  1.931352E+00  1.000340E+00  0.000000E+00  0.000000E+00  0.000000E+00  1.895189E+00  0.000000E+00
  8.920000E-01  2.246277E+00  1.933177E+00  1.006385E+00  0.000000E+00  0.000000E+00  0.000000E+00  1.897595E+00  0.000000E+00
  8.940000E-01  2.245915E+00  1.934997E+00  1.012388E+00  0.000000E+00  0.000000E+00  0.000000E+00  1.899991E+00  0.000000E+00
  8.960000E-01  2.245551E+00  1.936814E+00  1.018350E+00  0.000000E+00  0.000000E+00  0.000000E+00  1.902376E+00  0.000000E+00
  8.980000E-01  2.245185E+00  1.938626E+00  1.024272E+00  0.000000E+00  0.000000E+00  0.000000E+00  1.904751E+00  0.000000E+00
  9.000000E-01  2.244817E+00  1.940434E+00  1.030154E+00  0.000000E+00  0.000000E+00  0.000000E+00  1.907114E+00  0.000000E+00
  9.020000E-01  2.244447E+00  1.942238E+00  1.035998E+00  0.000000E+00  0.000000E+00  0.000000E+00  1.909467E+00  0.000000E+00
  9.040000E-01  2.244075E+00  1.944038E+00  1.041803E+00  0.000000E+00  0.000000E+00  0.000000E+00  1.911810E+00  0.000000E+00
  9.060000E-01  2.243701E+00  1.945834E+00  1.047570E+00  0.000000E+00  0.000000E+00  0.000000E+00  1.914142E+00  0.000000E+00
  9.080000E-01  2.243325E+00  1.947626E+00  1.053300E+00  0.000000E+00  0.000000E+00  0.000000E+00  1.916464E+00  0.000000E+00
  9.100000E-01  2.242947E+00  1.949414E+00  1.058994E+00  0.000000E+00  0.000000E+00  0.000000E+00  1.918775E+00  0.000000E+00
  9.120000E-01  2.242567E+00  1.951198E+00  1.064652E+00  0.000000E+00  0.000000E+00  0.000000E+00  1.921077E+00  0.000000E+00
  9.140000E-01  2.242186E+00  1.952979E+00  1.070275E+00  0.000000E+00  0.000000E+00  0.000000E+00  1.923368E+00  0.000000E+00
  9.160000E-01  2.241802E+00  1.954756E+00  1.075863E+00  0.000000E+00  0.000000E+00  0.000000E+00  1.925650E+00  0.000000E+00
  9.180000E-01  2.241416E+00  1.956529E+00  1.081416E+00  0.000000E+00  0.000000E+00  0.000000E+00  1.927921E+00  0.000000E+00
  9.200000E-01  2.241029E+00  1.958299E+00  1.086937E+00  0.000000E+00  0.000000E+00  0.000000E+00  1.930183E+00  0.000000E+00
  9.220000E-01  2.240640E+00  1.960065E+00  1.092424E+00  0.000000E+00  0.000000E+00  0.000000E+00  1.932435E+00  0.000000E+00
  9.240000E-01  2.240249E+00  1.961827E+00  1.097878E+00  0.000000E+00  0.000000E+00  0.000000E+00  1.934677E+00  0.000000E+00
  9.260000E-01  2.239856E+00  1.963586E+00  1.103301E+00  0.000000E+00  0.000000E+00  0.000000E+00  1.936910E+00  0.000000E+00
  9.280000E-01  2.239461E+00  1.965341E+00  1.108691E+00  0.000000E+00  0.000000E+00  0.000000E+00  1.939133E+00  0.000000E+00
  9.300000E-01  2.239065E+00  1.967093E+00  1.114051E+00  0.000000E+00  0.000000E+00  0.000000E+00  1.941347E+00  0.000000E+00
  9.320000E-01  2.238667E+00  1.968842E+00  1.119380E+00  0.000000E+00  0.000000E+00  0.000000E+00  1.943551E+00  0.000000E+00
  9.340000E-01  2.238267E+00  1.970587E+00  1.124678E+00  0.000000E+00  0.000000E+00  0.000000E+00  1.945746E+00  0.000000E+00
  9.360000E-01  2.237914E+00  1.971687E+00  1.128035E+00  0.000000E+00  0.000000E+00  0.000000E+00  1.947240E+00  2.799779E-01
  9.380000E-01  2.237541E+00  1.973039E+00  1.132134E+00  0.000000E+00  0.000000E+00  0.000000E+00  1.949001E+00  3.278143E-01
  9.400000E-01  2.237171E+00  1.974345E+00  1.136083E+00  0.000000E+00  0.000000E+00  0.000000E+00  1.950707E+00  3.685283E-01
  9.420000E-01  2.236803E+00  1.975612E+00  1.139906E+00  0.000000E+00  0.000000E+00  0.000000E+00  1.952367E+00  4.044247E-01
  9.440000E-01  2.236436E+00  1.976847E+00  1.143622E+00  0.000000E+00  0.000000E+00  0.000000E+00  1.953986E+00  4.367875E-01
  9.460000E-01  2.236072E+00  1.978052E+00  1.147243E+00  0.000000E+00  0.000000E+00  0.000000E+00  1.955571E+00  4.664182E-01
  9.480000E-01  2.235708E+00  1.979233E+00  1.150779E+00  0.000000E+00  0.000000E+00  0.000000E+00  1.957123E+00  4.938570E-01
  9.500000E-01  2.235346E+00  1.980390E+00  1.154239E+00  0.000000E+00  0.000000E+00  0.000000E+00  1.958646E+00  5.194878E-01
  9.520000E-01  2.234984E+00  1.981526E+00  1.157629E+00  0.000000E+00  0.000000E+00  0.000000E+00  1.960142E+00  5.435952E-01
  9.540000E-01  2.234624E+00  1.982643E+00  1.160954E+00  0.000000E+00  0.000000E+00  0.000000E+00  1.961613E+00  5.663969E-01
  9.560000E-01  2.234264E+00  1.983743E+00  1.164220E+00  0.000000E+00  0.000000E+00  0.000000E+00  1.963061E+00  5.880639E-01
  9.580000E-01  2.233906E+00  1.984826E+00  1.167431E+00  0.000000E+00  0.000000E+00  0.000000E+00  1.964487E+00  6.087333E-01
  9.600000E-01  2.233548E+00  1.985894E+00  1.170589E+00  0.000000E+00  0.000000E+00  0.000000E+00  1.965892E+00  6.285169E-01
  9.620000E-01  2.233191E+00  1.986947E+00  1.173699E+00  0.000000E+00  0.000000E+00  0.000000E+00  1.967278E+00  6.475076E-01
  9.640000E-01  2.232834E+00  1.987988E+00  1.176762E+00  0.000000E+00  0.000000E+00  0.000000E+00  1.968645E+00  6.657831E-01
  9.660000E-01  2.232478E+00  1.989016E+00  1.179783E+00  0.000000E+00  0.000000E+00  0.000000E+00  1.969995E+00  6.834096E-01
  9.680000E-01  2.232123E+00  1.990032E+00  1.182762E+00  0.000000E+00  0.000000E+00  0.000000E+00  1.971327E+00  7.004438E-01
  9.700000E-01  2.231768E+00  1.991036E+00  1.185702E+00  0.000000E+00  0.000000E+00  0.000000E+00  1.972644E+00  7.169348E-01
  9.720000E-01  2.231414E+00  1.992031E+00  1.188605E+00  0.000000E+00  0.000000E+00  0.000000E+00  1.973944E+00  7.329252E-01
  9.740000E-01  2.231061E+00  1.993015E+00  1.191472E+00  0.000000E+00  0.000000E+00  0.000000E+00  1.975230E+00  7.484526E-01
  9.760000E-01  2.230708E+00  1.993989E+00  1.194305E+00  0.000000E+00  0.000000E+00  0.000000E+00  1.976501E+00  7.635502E-01
  9.780000E-01  2.230355E+00  1.994954E+00  1.197105E+00  0.000000E+00  0.000000E+00  0.000000E+00  1.977758E+00  7.782475E-01
  9.800000E-01  2.230003E+00  1.995911E+00  1.199875E+00  0.000000E+00  0.000000E+00  0.000000E+00  1.979002E+00  7.925707E-01
  9.820000E-01  2.229652E+00  1.996859E+00  1.202614E+00  0.000000E+00  0.000000E+00  0.000000E+00  1.980232E+00  8.065437E-01
  9.840000E-01  2.229301E+00  1.997799E+00  1.205325E+00  0.000000E+00  0.000000E+00  0.000000E+00  1.981450E+00  8.201875E-01
  9.860000E-01  2.228950E+00  1.998732E+00  1.208007E+00  0.000000E+00  0.000000E+00  0.000000E+00  1.982655E+00  8.335216E-01
  9.880000E-01  2.228600E+00  1.999657E+00  1.210663E+00  0.000000E+00  0.000000E+00  0.000000E+00  1.983848E+00  8.465635E-01
  9.900000E-01  2.228251E+00  2.000575E+00  1.213293E+00  0.000000E+00  0.000000E+00  0.000000E+00  1.985030E+00  8.593291E-01
  9.920000E-01  2.227901E+00  2.001487E+00  1.215898E+00  0.000000E+00  0.000000E+00  0.000000E+00  1.986199E+00  8.718331E-01
  9.940000E-01  2.227553E+00  2.002392E+00  1.218479E+00  0.000000E+00  0.000000E+00  0.000000E+00  1.987358E+00  8.840889E-01
  9.960000E-01  2.227204E+00  2.003291E+00  1.221036E+00  0.000000E+00  0.000000E+00  0.000000E+00  1.988505E+00  8.961088E-01
  9.980000E-01  2.226857E+00  2.004183E+00  1.223571E+00  0.000000E+00  0.000000E+00  0.000000E+00  1.989641E+00  9.079042E-01
  1.000000E+00  2.226509E+00  2.005071E+00  1.226084E+00  0.000000E+00  0.000000E+00  0.000000E+00  1.990767E+00  9.194857E-01
  1.002000E+00  2.226162E+00  2.005952E+00  1.228575E+00  0.000000E+00  0.000000E+00  0.000000E+00  1.991882E+00  9.308631E-01
  1.004000E+00  2.225816E+00  2.006829E+00  1.231046E+00  0.000000E+00  0.000000E+00  0.000000E+00  1.992986E+00  9.420454E-01
  1.006000E+00  2.225470E+00  2.007700E+00  1.233497E+00  0.000000E+00  0.000000E+00  0.000000E+00  1.994080E+00  9.530413E-01
  1.008000E+00  2.225124E+00  2.008567E+00  1.235928E+00  0.000000E+00  0.000000E+00  0.000000E+00  1.995163E+00  9.638585E-01
  1.010000E+00  2.224779E+00  2.009430E+00  1.238341E+00  0.000000E+00  0.000000E+00  0.000000E+00  1.996236E+00  9.745047E-01
  1.012000E+00  2.224435E+00  2.010289E+00  1.240735E+00  0.000000E+00  0.000000E+00  0.000000E+00  1.997298E+00  9.849870E-01
  1.014000E+00  2.224091E+00  2.011144E+00  1.243111E+00  0.000000E+00  0.000000E+00  0.000000E+00  1.998348E+00  9.953125E-01
  1.016000E+00  2.223749E+00  2.011999E+00  1.245472E+00  0.000000E+00  0.000000E+00  0.000000E+00  1.999383E+00  1.005489E+00
  1.018000E+00  2.223407E+00  2.012848E+00  1.247814E+00  0.000000E+00  0.000000E+00  0.000000E+00  2.000410E+00  1.015519E+00
  1.020000E+00  2.223065E+00  2.013693E+00  1.250140E+00  0.000000E+00  0.000000E+00  0.000000E+00  2.001430E+00  1.025406E+00
  1.022000E+00  2.222723E+00  2.014533E+00  1.252449E+00  0.000000E+00  0.000000E+00  0.000000E+00  2.002442E+00  1.035155E+00
  1.024000E+00  2.222382E+00  2.015367E+00  1.254741E+00  0.000000E+00  0.000000E+00  0.000000E+00  2.003448E+00  1.044771E+00
  1.026000E+00  2.222040E+00  2.016197E+00  1.257017E+00  0.000000E+00  0.000000E+00  0.000000E+00  2.004447E+00  1.054260E+00
  1.028000E+00  2.221698E+00  2.017022E+00  1.259278E+00  0.000000E+00  0.000000E+00  0.000000E+00  2.005440E+00  1.063624E+00
  1.030000E+00  2.221357E+00  2.017843E+00  1.261523E+00  0.000000E+00  0.000000E+00  0.000000E+00  2.006426E+00  1.072868E+00
  1.032000E+00  2.221016E+00  2.018659E+00  1.263753E+00  0.000000E+00  0.000000E+00  0.000000E+00  2.007406E+00  1.081996E+00
  1.034000E+00  2.220675E+00  2.019470E+00  1.265969E+00  0.000000E+00  0.000000E+00  0.000000E+00  2.008380E+00  1.091012E+00
  1.036000E+00  2.220334E+00  2.020277E+00  1.268170E+00  0.000000E+00  0.000000E+00  0.000000E+00  2.009348E+00  1.099919E+00
  1.038000E+00  2.219993E+00  2.021080E+00  1.270356E+00  0.000000E+00  0.000000E+00  0.000000E+00  2.010310E+00  1.108720E+00
  1.040000E+00  2.219652E+00  2.021879E+00  1.272530E+00  0.000000E+00  0.000000E+00  0.000000E+00  2.011266E+00  1.117418E+00
  1.042000E+00  2.219311E+00  2.022674E+00  1.274689E+00  0.000000E+00  0.000000E+00  0.000000E+00  2.012216E+00  1.126017E+00
  1.044000E+00  2.218970E+00  2.023465E+00  1.276835E+00  0.000000E+00  0.000000E+00  0.000000E+00  2.013160E+00  1.134520E+00
  1.046000E+00  2.218629E+00  2.024251E+00  1.278968E+00  0.000000E+00  0.000000E+00  0.000000E+00  2.014099E+00  1.142929E+00
  1.048000E+00  2.218289E+00  2.025034E+00  1.281088E+00  0.000000E+00  0.000000E+00  0.000000E+00  2.015033E+00  1.151246E+00
  1.050000E+00  2.217948E+00  2.025814E+00  1.283196E+00  0.000000E+00  0.000000E+00  0.000000E+00  2.015961E+00  1.159474E+00
  1.052000E+00  2.217608E+00  2.026589E+00  1.285291E+00  0.000000E+00  0.000000E+00  0.000000E+00  2.016883E+00  1.167617E+00
  1.054000E+00  2.217267E+00  2.027361E+00  1.287375E+00  0.000000E+00  0.000000E+00  0.000000E+00  2.017801E+00  1.175675E+00
  1.056000E+00  2.216927E+00  2.028129E+00  1.289446E+00  0.000000E+00  0.000000E+00  0.000000E+00  2.018713E+00  1.183651E+00
  1.058000E+00  2.216587E+00  2.028894E+00  1.291505E+00  0.000000E+00  0.000000E+00  0.000000E+00  2.019620E+00  1.191547E+00
  1.060000E+00  2.216246E+00  2.029655E+00  1.293553E+00  0.000000E+00  0.000000E+00  0.000000E+00  2.020522E+00  1.199366E+00
  1.062000E+00  2.215906E+00  2.030413E+00  1.295590E+00  0.000000E+00  0.000000E+00  0.000000E+00  2.021419E+00  1.207108E+00
  1.064000E+00  2.215566E+00  2.031167E+00  1.297615E+00  0.000000E+00  0.000000E+00  0.000000E+00  2.022311E+00  1.214777E+00
  1.066000E+00  2.215226E+00  2.031918E+00  1.299629E+00  0.000000E+00  0.000000E+00  0.000000E+00  2.023199E+00  1.222373E+00
  1.068000E+00  2.214886E+00  2.032666E+00  1.301633E+00  0.000000E+00  0.000000E+00  0.000000E+00  2.024081E+00  1.229899E+00
  1.070000E+00  2.214546E+00  2.033411E+00  1.303626E+00  0.000000E+00  0.000000E+00  0.000000E+00  2.024959E+00  1.237356E+00
  1.072000E+00  2.214206E+00  2.034152E+00  1.305608E+00  0.000000E+00  0.000000E+00  0.000000E+00  2.025833E+00  1.244746E+00
  1.074000E+00  2.213867E+00  2.034891E+00  1.307580E+00  0.000000E+00  0.000000E+00  0.000000E+00  2.026701E+00  1.252070E+00
  1.076000E+00  2.213527E+00  2.035626E+00  1.309542E+00  0.000000E+00  0.000000E+00  0.000000E+00  2.027566E+00  1.259330E+00
  1.078000E+00  2.213187E+00  2.036359E+00  1.311494E+00  0.000000E+00  0.000000E+00  0.000000E+00  2.028425E+00  1.266527E+00
  1.080000E+00  2.212848E+00  2.037088E+00  1.313436E+00  0.000000E+00  0.000000E+00  0.000000E+00  2.029281E+00  1.273662E+00
  1.082000E+00  2.212508E+00  2.037814E+00  1.315369E+00  0.000000E+00  0.000000E+00  0.000000E+00  2.030132E+00  1.280738E+00
  1.084000E+00  2.212168E+00  2.038538E+00  1.317292E+00  0.000000E+00  0.000000E+00  0.000000E+00  2.030978E+00  1.287754E+00
  1.086000E+00  2.211829E+00  2.039259E+00  1.319205E+00  0.000000E+00  0.000000E+00  0.000000E+00  2.031821E+00  1.294713E+00
  1.088000E+00  2.211489E+00  2.039977E+00  1.321109E+00  0.000000E+00  0.000000E+00  0.000000E+00  2.032659E+00  1.301616E+00
  1.090000E+00  2.211150E+00  2.040692E+00  1.323004E+00  0.000000E+00  0.000000E+00  0.000000E+00  2.033493E+00  1.308464E+00
  1.092000E+00  2.210811E+00  2.041404E+00  1.324890E+00  0.000000E+00  0.000000E+00  0.000000E+00  2.034323E+00  1.315257E+00
  1.094000E+00  2.210471E+00  2.042114E+00  1.326767E+00  0.000000E+00  0.000000E+00  0.000000E+00  2.035149E+00  1.321997E+00
  1.096000E+00  2.210132E+00  2.042821E+00  1.328635E+00  0.000000E+00  0.000000E+00  0.000000E+00  2.035971E+00  1.328685E+00
  1.098000E+00  2.209793E+00  2.043526E+00  1.330494E+00  0.000000E+00  0.000000E+00  0.000000E+00  2.036789E+00  1.335323E+00
  1.100000E+00  2.209454E+00  2.044228E+00  1.332345E+00  0.000000E+00  0.000000E+00  0.000000E+00  2.037603E+00  1.341910E+00
  1.102000E+00  2.209114E+00  2.044927E+00  1.334187E+00  0.000000E+00  0.000000E+00  0.000000E+00  2.038413E+00  1.348449E+00
  1.104000E+00  2.208775E+00  2.045624E+00  1.336021E+00  0.000000E+00  0.000000E+00  0.000000E+00  2.039219E+00  1.354939E+00
  1.106000E+00  2.208436E+00  2.046318E+00  1.337847E+00  0.000000E+00  0.000000E+00  0.000000E+00  2.040022E+00  1.361382E+00
  1.108000E+00  2.208097E+00  2.047010E+00  1.339664E+00  0.000000E+00  0.000000E+00  0.000000E+00  2.040820E+00  1.367779E+00
  1.110000E+00  2.207758E+00  2.047700E+00  1.341474E+00  0.000000E+00  0.000000E+00  0.000000E+00  2.041616E+00  1.374130E+00
  1.112000E+00  2.207419E+00  2.048387E+00  1.343275E+00  0.000000E+00  0.000000E+00  0.000000E+00  2.042407E+00  1.380437E+00
  1.114000E+00  2.207080E+00  2.049071E+00  1.345069E+00  0.000000E+00  0.000000E+00  0.000000E+00  2.043195E+00  1.386700E+00
  1.116000E+00  2.206741E+00  2.049754E+00  1.346855E+00  0.000000E+00  0.000000E+00  0.000000E+00  2.043979E+00  1.392920E+00
  1.118000E+00  2.206402E+00  2.050434E+00  1.348633E+00  0.000000E+00  0.000000E+00  0.000000E+00  2.044759E+00  1.399097E+00
  1.120000E+00  2.206064E+00  2.051111E+00  1.350404E+00  0.000000E+00  0.000000E+00  0.000000E+00  2.045536E+00  1.405233E+00
  1.122000E+00  2.205725E+00  2.051787E+00  1.352167E+00  0.000000E+00  0.000000E+00  0.000000E+00  2.046310E+00  1.411328E+00
  1.124000E+00  2.205386E+00  2.052460E+00  1.353922E+00  0.000000E+00  0.000000E+00  0.000000E+00  2.047080E+00  1.417383E+00
  1.126000E+00  2.205047E+00  2.053131E+00  1.355671E+00  0.000000E+00  0.000000E+00  0.000000E+00  2.047847E+00  1.423399E+00
  1.128000E+00  2.204708E+00  2.053800E+00  1.357412E+00  0.000000E+00  0.000000E+00  0.000000E+00  2.048610E+00  1.429375E+00
  1.130000E+00  2.204370E+00  2.054466E+00  1.359146E+00  0.000000E+00  0.000000E+00  0.000000E+00  2.049370E+00  1.435314E+00
  1.132000E+00  2.204031E+00  2.055131E+00  1.360873E+00  0.000000E+00  0.000000E+00  0.000000E+00  2.050126E+00  1.441214E+00
  1.134000E+00  2.203692E+00  2.055793E+00  1.362593E+00  0.000000E+00  0.000000E+00  0.000000E+00  2.050880E+00  1.447078E+00
  1.136000E+00  2.203354E+00  2.056453E+00  1.364305E+00  0.000000E+00  0.000000E+00  0.000000E+00  2.051630E+00  1.452906E+00
  1.138000E+00  2.203015E+00  2.057111E+00  1.366011E+00  0.000000E+00  0.000000E+00  0.000000E+00  2.052376E+00  1.458698E+00
  1.140000E+00  2.202677E+00  2.057767E+00  1.367711E+00  0.000000E+00  0.000000E+00  0.000000E+00  2.053120E+00  1.464454E+00
  1.142000E+00  2.202338E+00  2.058421E+00  1.369403E+00  0.000000E+00  0.000000E+00  0.000000E+00  2.053860E+00  1.470176E+00
  1.144000E+00  2.202000E+00  2.059073E+00  1.371089E+00  0.000000E+00  0.000000E+00  0.000000E+00  2.054598E+00  1.475863E+00
  1.146000E+00  2.201661E+00  2.059723E+00  1.372769E+00  0.000000E+00  0.000000E+00  0.000000E+00  2.055332E+00  1.481517E+00
  1.148000E+00  2.201323E+00  2.060371E+00  1.374441E+00  0.000000E+00  0.000000E+00  0.000000E+00  2.056063E+00  1.487138E+00
  1.150000E+00  2.200984E+00  2.061017E+00  1.376108E+00  0.000000E+00  0.000000E+00  0.000000E+00  2.056791E+00  1.492726E+00
  1.152000E+00  2.200646E+00  2.061662E+00  1.377768E+00  0.000000E+00  0.000000E+00  0.000000E+00  2.057516E+00  1.498282E+00
  1.154000E+00  2.200307E+00  2.062304E+00  1.379421E+00  0.000000E+00  0.000000E+00  0.000000E+00  2.058238E+00  1.503807E+00
  1.156000E+00  2.199969E+00  2.062944E+00  1.381069E+00  0.000000E+00  0.000000E+00  0.000000E+00  2.058957E+00  1.509300E+00
  1.158000E+00  2.199631E+00  2.063582E+00  1.382710E+00  0.000000E+00  0.000000E+00  0.000000E+00  2.059673E+00  1.514763E+00
  1.160000E+00  2.199292E+00  2.064219E+00  1.384345E+00  0.000000E+00  0.000000E+00  0.000000E+00  2.060386E+00  1.520195E+00
  1.162000E+00  2.198954E+00  2.064853E+00  1.385974E+00  0.000000E+00  0.000000E+00  0.000000E+00  2.061096E+00  1.525597E+00
  1.164000E+00  2.198616E+00  2.065486E+00  1.387597E+00  0.000000E+00  0.000000E+00  0.000000E+00  2.061803E+00  1.530970E+00
  1.166000E+00  2.198277E+00  2.066117E+00  1.389214E+00  0.000000E+00  0.000000E+00  0.000000E+00  2.062508E+00  1.536314E+00
  1.168000E+00  2.197939E+00  2.066746E+00  1.390825E+00  0.000000E+00  0.000000E+00  0.000000E+00  2.063209E+00  1.541629E+00
  1.170000E+00  2.197601E+00  2.067373E+00  1.392431E+00  0.000000E+00  0.000000E+00  0.000000E+00  2.063908E+00  1.546915E+00
  1.172000E+00  2.197263E+00  2.067999E+00  1.394030E+00  0.000000E+00  0.000000E+00  0.000000E+00  2.064604E+00  1.552174E+00
  1.174000E+00  2.196925E+00  2.068623E+00  1.395624E+00  0.000000E+00  0.000000E+00  0.000000E+00  2.065298E+00  1.557406E+00
  1.176000E+00  2.196586E+00  2.069245E+00  1.397212E+00  0.000000E+00  0.000000E+00  0.000000E+00  2.065988E+00  1.562610E+00
  1.178000E+00  2.196248E+00  2.069865E+00  1.398795E+00  0.000000E+00  0.000000E+00  0.000000E+00  2.066676E+00  1.567788E+00
  1.180000E+00  2.195910E+00  2.070484E+00  1.400372E+00  0.000000E+00  0.000000E+00  0.000000E+00  2.067361E+00  1.572939E+00
  1.182000E+00  2.195572E+00  2.071100E+00  1.401943E+00  0.000000E+00  0.000000E+00  0.000000E+00  2.068043E+00  1.578064E+00
  1.184000E+00  2.195234E+00  2.071716E+00  1.403509E+00  0.000000E+00  0.000000E+00  0.000000E+00  2.068723E+00  1.583164E+00
  1.186000E+00  2.194896E+00  2.072329E+00  1.405069E+00  0.000000E+00  0.000000E+00  0.000000E+00  2.069400E+00  1.588238E+00
  1.188000E+00  2.194558E+00  2.072941E+00  1.406624E+00  0.000000E+00  0.000000E+00  0.000000E+00  2.070075E+00  1.593286E+00
  1.190000E+00  2.194219E+00  2.073551E+00  1.408174E+00  0.000000E+00  0.000000E+00  0.000000E+00  2.070747E+00  1.598311E+00
  1.192000E+00  2.193881E+00  2.074160E+00  1.409718E+00  0.000000E+00  0.000000E+00  0.000000E+00  2.071416E+00  1.603310E+00
  1.194000E+00  2.193543E+00  2.074766E+00  1.411258E+00  0.000000E+00  0.000000E+00  0.000000E+00  2.072083E+00  1.608286E+00
  1.196000E+00  2.193205E+00  2.075372E+00  1.412792E+00  0.000000E+00  0.000000E+00  0.000000E+00  2.072748E+00  1.613238E+00
  1.198000E+00  2.192867E+00  2.075975E+00  1.414320E+00  0.000000E+00  0.000000E+00  0.000000E+00  2.073409E+00  1.618166E+00
  1.200000E+00  2.192529E+00  2.076577E+00  1.415844E+00  0.000000E+00  0.000000E+00  0.000000E+00  2.074069E+00  1.623071E+00
