  1.000000E-02  9.257206E+02
  1.200000E-02  9.231257E+02
  1.400000E-02  9.205498E+02
  1.600000E-02  9.179928E+02
  1.800000E-02  9.154544E+02
  2.000000E-02  9.129342E+02
  2.200000E-02  9.104321E+02
  2.400000E-02  9.079477E+02
  2.600000E-02  9.054810E+02
  2.800000E-02  9.030316E+02
  3.000000E-02  9.005994E+02
  3.200000E-02  8.981842E+02
  3.400000E-02  8.957857E+02
  3.600000E-02  8.934039E+02
  3.800000E-02  8.910385E+02
  4.000000E-02  8.886893E+02
  4.200000E-02  8.863563E+02
  4.400000E-02  8.840391E+02
  4.600000E-02  8.817378E+02
  4.800000E-02  8.794520E+02
  5.000000E-02  8.771817E+02
  5.200000E-02  8.749267E+02
  5.400000E-02  8.726868E+02
  5.600000E-02  8.704620E+02
  5.800000E-02  8.682520E+02
  6.000000E-02  8.660567E+02
  6.200000E-02  8.638760E+02
  6.400000E-02  8.617098E+02
  6.600000E-02  8.595579E+02
  6.800000E-02  8.574201E+02
  7.000000E-02  8.552965E+02
  7.200000E-02  8.531867E+02
  7.400000E-02  8.510907E+02
  7.600000E-02  8.490084E+02
  7.800000E-02  8.469396E+02
  8.000000E-02  8.448843E+02
  8.200000E-02  8.428423E+02
  8.400000E-02  8.408134E+02
  8.600000E-02  8.387976E+02
  8.800000E-02  8.367948E+02
  9.000000E-02  8.348048E+02
  9.200000E-02  8.328276E+02
  9.400000E-02  8.308629E+02
  9.600000E-02  8.289108E+02
  9.800000E-02  8.269710E+02
  1.000000E-01  8.250435E+02
  1.020000E-01  8.231282E+02
  1.040000E-01  8.212250E+02
  1.060000E-01  8.193338E+02
  1.080000E-01  8.174544E+02
  1.100000E-01  8.155868E+02
  1.120000E-01  8.137309E+02
  1.140000E-01  8.118865E+02
  1.160000E-01  8.100536E+02
  1.180000E-01  8.082321E+02
  1.200000E-01  8.064218E+02
  1.220000E-01  8.046227E+02
  1.240000E-01  8.028347E+02
  1.260000E-01  8.010578E+02
  1.280000E-01  7.992917E+02
  1.300000E-01  7.975364E+02
  1.320000E-01  7.957916E+02
  1.340000E-01  7.940567E+02
  1.360000E-01  7.923320E+02
  1.380000E-01  7.906174E+02
  1.400000E-01  7.889129E+02
  1.420000E-01  7.872185E+02
  1.440000E-01  7.855341E+02
  1.460000E-01  7.838596E+02
  1.480000E-01  7.821950E+02
  1.500000E-01  7.805402E+02
  1.520000E-01  7.788951E+02
  1.540000E-01  7.772597E+02
  1.560000E-01  7.756338E+02
  1.580000E-01  7.740175E+02
  1.600000E-01  7.724105E+02
  1.620000E-01  7.708130E+02
  1.640000E-01  7.692247E+02
  1.660000E-01  7.676457E+02
  1.680000E-01  7.660758E+02
  1.700000E-01  7.645149E+02
  1.720000E-01  7.629631E+02
  1.740000E-01  7.614203E+02
  1.760000E-01  7.598863E+02
  1.780000E-01  7.583611E+02
  1.800000E-01  7.568446E+02
  1.820000E-01  7.553368E+02
  1.840000E-01  7.538376E+02
  1.860000E-01  7.523470E+02
  1.880000E-01  7.508648E+02
  1.900000E-01  7.493911E+02
  1.920000E-01  7.479257E+02
  1.940000E-01  7.464685E+02
  1.960000E-01  7.450196E+02
  1.980000E-01  7.435789E+02
  2.000000E-01  7.421462E+02
  2.020000E-01  7.407216E+02
  2.040000E-01  7.393050E+02
  2.060000E-01  7.378962E+02
  2.080000E-01  7.364954E+02
  2.100000E-01  7.351023E+02
  2.120000E-01  7.337170E+02
  2.140000E-01  7.323393E+02
  2.160000E-01  7.309693E+02
  2.180000E-01  7.296069E+02
  2.200000E-01  7.282519E+02
  2.220000E-01  7.269045E+02
  2.240000E-01  7.255644E+02
  2.260000E-01  7.242317E+02
  2.280000E-01  7.229062E+02
  2.300000E-01  7.215881E+02
  2.320000E-01  7.202771E+02
  2.340000E-01  7.189732E+02
  2.360000E-01  7.176764E+02
  2.380000E-01  7.163867E+02
  2.400000E-01  7.151039E+02
  2.420000E-01  7.138281E+02
  2.440000E-01  7.125591E+02
  2.460000E-01  7.112970E+02
  2.480000E-01  7.100416E+02
  2.500000E-01  7.087930E+02
  2.520000E-01  7.075511E+02
  2.540000E-01  7.063158E+02
  2.560000E-01  7.050871E+02
  2.580000E-01  7.038650E+02
  2.600000E-01  7.026493E+02
  2.620000E-01  7.014401E+02
  2.640000E-01  7.002373E+02
  2.660000E-01  6.990408E+02
  2.680000E-01  6.978507E+02
  2.700000E-01  6.966668E+02
  2.720000E-01  6.954891E+02
  2.740000E-01  6.943176E+02
  2.760000E-01  6.931523E+02
  2.780000E-01  6.919930E+02
  2.800000E-01  6.908398E+02
  2.820000E-01  6.896927E+02
  2.840000E-01  6.885514E+02
  2.860000E-01  6.874161E+02
  2.880000E-01  6.862867E+02
  2.900000E-01  6.851631E+02
  2.920000E-01  6.840453E+02
  2.940000E-01  6.829333E+02
  2.960000E-01  6.818270E+02
  2.980000E-01  6.807264E+02
  3.000000E-01  6.796314E+02
  3.020000E-01  6.785420E+02
  3.040000E-01  6.774582E+02
  3.060000E-01  6.763799E+02
  3.080000E-01  6.753071E+02
  3.100000E-01  6.742398E+02
  3.120000E-01  6.731779E+02
  3.140000E-01  6.721213E+02
  3.160000E-01  6.710701E+02
  3.180000E-01  6.700242E+02
  3.200000E-01  6.689835E+02
  3.220000E-01  6.679481E+02
  3.240000E-01  6.669179E+02
  3.260000E-01  6.658928E+02
  3.280000E-01  6.648729E+02
  3.300000E-01  6.638580E+02
  3.320000E-01  6.628482E+02
  3.340000E-01  6.618434E+02
  3.360000E-01  6.608437E+02
  3.380000E-01  6.598488E+02
  3.400000E-01  6.588589E+02
  3.420000E-01  6.578739E+02
  3.440000E-01  6.568938E+02
  3.460000E-01  6.559184E+02
  3.480000E-01  6.549479E+02
  3.500000E-01  6.539821E+02
  3.520000E-01  6.530211E+02
  3.540000E-01  6.520647E+02
  3.560000E-01  6.511130E+02
  3.580000E-01  6.501660E+02
  3.600000E-01  6.492235E+02
  3.620000E-01  6.482856E+02
  3.640000E-01  6.473523E+02
  3.660000E-01  6.464235E+02
  3.680000E-01  6.454991E+02
  3.700000E-01  6.445793E+02
  3.720000E-01  6.436638E+02
  3.740000E-01  6.427528E+02
  3.760000E-01  6.418461E+02
  3.780000E-01  6.409437E+02
  3.800000E-01  6.400457E+02
  3.820000E-01  6.391520E+02
  3.840000E-01  6.382625E+02
  3.860000E-01  6.373772E+02
  3.880000E-01  6.364961E+02
  3.900000E-01  6.356192E+02
  3.920000E-01  6.347465E+02
  3.940000E-01  6.338779E+02
  3.960000E-01  6.330133E+02
  3.980000E-01  6.321529E+02
  4.000000E-01  6.312965E+02
  4.020000E-01  6.304440E+02
  4.040000E-01  6.295956E+02
  4.060000E-01  6.287512E+02
  4.080000E-01  6.279107E+02
  4.100000E-01  6.270741E+02
  4.120000E-01  6.262414E+02
  4.140000E-01  6.254125E+02
  4.160000E-01  6.245875E+02
  4.180000E-01  6.237663E+02
  4.200000E-01  6.229489E+02
  4.220000E-01  6.221353E+02
  4.240000E-01  6.213254E+02
  4.260000E-01  6.205192E+02
  4.280000E-01  6.197167E+02
  4.300000E-01  6.189179E+02
  4.320000E-01  6.181228E+02
  4.340000E-01  6.173313E+02
  4.360000E-01  6.165433E+02
  4.380000E-01  6.157590E+02
  4.400000E-01  6.149782E+02
  4.420000E-01  6.142010E+02
  4.440000E-01  6.135655E+02
  4.460000E-01  6.128790E+02
  4.480000E-01  6.122024E+02
  4.500000E-01  6.115335E+02
  4.520000E-01  6.108708E+02
  4.540000E-01  6.102134E+02
  4.560000E-01  6.095605E+02
  4.580000E-01  6.089118E+02
  4.600000E-01  6.082668E+02
  4.620000E-01  6.076252E+02
  4.640000E-01  6.069867E+02
  4.660000E-01  6.063513E+02
  4.680000E-01  6.057188E+02
  4.700000E-01  6.051533E+02
  4.720000E-01  6.045678E+02
  4.740000E-01  6.039907E+02
  4.760000E-01  6.034210E+02
  4.780000E-01  6.028581E+02
  4.800000E-01  6.023014E+02
  4.820000E-01  6.017505E+02
  4.840000E-01  6.012051E+02
  4.860000E-01  6.006649E+02
  4.880000E-01  6.001297E+02
  4.900000E-01  5.995992E+02
  4.920000E-01  5.990733E+02
  4.940000E-01  5.985517E+02
  4.960000E-01  5.980344E+02
  4.980000E-01  5.975212E+02
  5.000000E-01  5.970119E+02
  5.020000E-01  5.965064E+02
  5.040000E-01  5.960046E+02
  5.060000E-01  5.955065E+02
  5.080000E-01  5.950119E+02
  5.100000E-01  5.945206E+02
  5.120000E-01  5.940327E+02
  5.140000E-01  5.935480E+02
  5.160000E-01  5.930665E+02
  5.180000E-01  5.925880E+02
  5.200000E-01  5.921124E+02
  5.220000E-01  5.916396E+02
  5.240000E-01  5.911696E+02
  5.260000E-01  5.907022E+02
  5.280000E-01  5.902372E+02
  5.300000E-01  5.897747E+02
  5.320000E-01  5.893144E+02
  5.340000E-01  5.888561E+02
  5.360000E-01  5.883998E+02
  5.380000E-01  5.879453E+02
  5.400000E-01  5.874923E+02
  5.420000E-01  5.870408E+02
  5.440000E-01  5.865906E+02
  5.460000E-01  5.861414E+02
  5.480000E-01  5.856932E+02
  5.500000E-01  5.852457E+02
  5.520000E-01  5.847990E+02
  5.540000E-01  5.843527E+02
  5.560000E-01  5.839070E+02
  5.580000E-01  5.834616E+02
  5.600000E-01  5.830165E+02
  5.620000E-01  5.825717E+02
  5.640000E-01  5.821272E+02
  5.660000E-01  5.816829E+02
  5.680000E-01  5.812388E+02
  5.700000E-01  5.807950E+02
  5.720000E-01  5.803513E+02
  5.740000E-01  5.799078E+02
  5.760000E-01  5.794643E+02
  5.780000E-01  5.790204E+02
  5.800000E-01  5.785778E+02
  5.820000E-01  5.781365E+02
  5.840000E-01  5.776966E+02
  5.860000E-01  5.772580E+02
  5.880000E-01  5.768207E+02
  5.900000E-01  5.763847E+02
  5.920000E-01  5.759500E+02
  5.940000E-01  5.755166E+02
  5.960000E-01  5.750845E+02
  5.980000E-01  5.746536E+02
  6.000000E-01  5.742240E+02
  6.020000E-01  5.737956E+02
  6.040000E-01  5.733685E+02
  6.060000E-01  5.729426E+02
  6.080000E-01  5.725180E+02
  6.100000E-01  5.720945E+02
  6.120000E-01  5.716723E+02
  6.140000E-01  5.712513E+02
  6.160000E-01  5.708315E+02
  6.180000E-01  5.704128E+02
  6.200000E-01  5.699954E+02
  6.220000E-01  5.695791E+02
  6.240000E-01  5.691640E+02
  6.260000E-01  5.687500E+02
  6.280000E-01  5.683372E+02
  6.300000E-01  5.679255E+02
  6.320000E-01  5.675150E+02
  6.340000E-01  5.671056E+02
  6.360000E-01  5.666974E+02
  6.380000E-01  5.662902E+02
  6.400000E-01  5.658842E+02
  6.420000E-01  5.654793E+02
  6.440000E-01  5.650755E+02
  6.460000E-01  5.646727E+02
  6.480000E-01  5.642711E+02
  6.500000E-01  5.638705E+02
  6.520000E-01  5.634711E+02
  6.540000E-01  5.630727E+02
  6.560000E-01  5.626753E+02
  6.580000E-01  5.622790E+02
  6.600000E-01  5.618838E+02
  6.620000E-01  5.614896E+02
  6.640000E-01  5.610965E+02
  6.660000E-01  5.607044E+02
  6.680000E-01  5.603133E+02
  6.700000E-01  5.599233E+02
  6.720000E-01  5.595343E+02
  6.740000E-01  5.591463E+02
  6.760000E-01  5.587593E+02
  6.780000E-01  5.583733E+02
  6.800000E-01  5.579883E+02
  6.820000E-01  5.576043E+02
  6.840000E-01  5.572213E+02
  6.860000E-01  5.568393E+02
  6.880000E-01  5.564583E+02
  6.900000E-01  5.560782E+02
  6.920000E-01  5.556991E+02
  6.940000E-01  5.553210E+02
  6.960000E-01  5.549439E+02
  6.980000E-01  5.545677E+02
  7.000000E-01  5.541924E+02
  7.020000E-01  5.538181E+02
  7.040000E-01  5.534448E+02
  7.060000E-01  5.530724E+02
  7.080000E-01  5.527009E+02
  7.100000E-01  5.523303E+02
  7.120000E-01  5.519607E+02
  7.140000E-01  5.515920E+02
  7.160000E-01  5.512242E+02
  7.180000E-01  5.508574E+02
  7.200000E-01  5.504914E+02
  7.220000E-01  5.501264E+02
  7.240000E-01  5.497622E+02
  7.260000E-01  5.493989E+02
  7.280000E-01  5.490366E+02
  7.300000E-01  5.486751E+02
  7.320000E-01  5.483145E+02
  7.340000E-01  5.479548E+02
  7.360000E-01  5.475960E+02
  7.380000E-01  5.472380E+02
  7.400000E-01  5.468679E+02
  7.420000E-01  5.465076E+02
  7.440000E-01  5.461478E+02
  7.460000E-01  5.457885E+02
  7.480000E-01  5.454297E+02
  7.500000E-01  5.450715E+02
  7.520000E-01  5.447138E+02
  7.540000E-01  5.443568E+02
  7.560000E-01  5.440003E+02
  7.580000E-01  5.436444E+02
  7.600000E-01  5.432891E+02
  7.620000E-01  5.429343E+02
  7.640000E-01  5.425802E+02
  7.660000E-01  5.422267E+02
  7.680000E-01  5.418739E+02
  7.700000E-01  5.415216E+02
  7.720000E-01  5.411699E+02
  7.740000E-01  5.408189E+02
  7.760000E-01  5.404685E+02
  7.780000E-01  5.401187E+02
  7.800000E-01  5.397695E+02
  7.820000E-01  5.394210E+02
  7.840000E-01  5.390731E+02
  7.860000E-01  5.387258E+02
  7.880000E-01  5.383791E+02
  7.900000E-01  5.380331E+02
  7.920000E-01  5.376877E+02
  7.940000E-01  5.373429E+02
  7.960000E-01  5.369988E+02
  7.980000E-01  5.366553E+02
  8.000000E-01  5.363124E+02
  8.020000E-01  5.359701E+02
  8.040000E-01  5.356285E+02
  8.060000E-01  5.352875E+02
  8.080000E-01  5.349471E+02
  8.100000E-01  5.346074E+02
  8.120000E-01  5.342683E+02
  8.140000E-01  5.339298E+02
  8.160000E-01  5.335919E+02
  8.180000E-01  5.332547E+02
  8.200000E-01  5.329181E+02
  8.220000E-01  5.325821E+02
  8.240000E-01  5.322468E+02
  8.260000E-01  5.319121E+02
  8.280000E-01  5.315780E+02
  8.300000E-01  5.312445E+02
  8.320000E-01  5.309116E+02
  8.340000E-01  5.305794E+02
  8.360000E-01  5.302478E+02
  8.380000E-01  5.299168E+02
  8.400000E-01  5.295864E+02
  8.420000E-01  5.292566E+02
  8.440000E-01  5.289275E+02
  8.460000E-01  5.285990E+02
  8.480000E-01  5.282711E+02
  8.500000E-01  5.279438E+02
  8.520000E-01  5.276171E+02
  8.540000E-01  5.272910E+02
  8.560000E-01  5.269656E+02
  8.580000E-01  5.266407E+02
  8.600000E-01  5.263165E+02
  8.620000E-01  5.259928E+02
  8.640000E-01  5.256698E+02
  8.660000E-01  5.253474E+02
  8.680000E-01  5.250256E+02
  8.700000E-01  5.247044E+02
  8.720000E-01  5.243838E+02
  8.740000E-01  5.240638E+02
  8.760000E-01  5.237444E+02
  8.780000E-01  5.234256E+02
  8.800000E-01  5.231074E+02
  8.820000E-01  5.227898E+02
  8.840000E-01  5.224728E+02
  8.860000E-01  5.221563E+02
  8.880000E-01  5.218405E+02
  8.900000E-01  5.215253E+02
  8.920000E-01  5.212106E+02
  8.940000E-01  5.208966E+02
  8.960000E-01  5.205831E+02
  8.980000E-01  5.202703E+02
  9.000000E-01  5.199580E+02
  9.020000E-01  5.196463E+02
  9.040000E-01  5.193352E+02
  9.060000E-01  5.190246E+02
  9.080000E-01  5.187147E+02
  9.100000E-01  5.184053E+02
  9.120000E-01  5.180965E+02
  9.140000E-01  5.177883E+02
  9.160000E-01  5.174807E+02
  9.180000E-01  5.171736E+02
  9.200000E-01  5.168671E+02
  9.220000E-01  5.165612E+02
  9.240000E-01  5.162558E+02
  9.260000E-01  5.159511E+02
  9.280000E-01  5.156469E+02
  9.300000E-01  5.153432E+02
  9.320000E-01  5.150401E+02
  9.340000E-01  5.147376E+02
  9.360000E-01  5.144842E+02
  9.380000E-01  5.142121E+02
  9.400000E-01  5.139437E+02
  9.420000E-01  5.136786E+02
  9.440000E-01  5.134163E+02
  9.460000E-01  5.131565E+02
  9.480000E-01  5.128989E+02
  9.500000E-01  5.126434E+02
  9.520000E-01  5.123898E+02
  9.540000E-01  5.121379E+02
  9.560000E-01  5.118877E+02
  9.580000E-01  5.116390E+02
  9.600000E-01  5.113918E+02
  9.620000E-01  5.111460E+02
  9.640000E-01  5.109014E+02
  9.660000E-01  5.106582E+02
  9.680000E-01  5.104161E+02
  9.700000E-01  5.101752E+02
  9.720000E-01  5.099354E+02
  9.740000E-01  5.096966E+02
  9.760000E-01  5.094589E+02
  9.780000E-01  5.092222E+02
  9.800000E-01  5.089864E+02
  9.820000E-01  5.087516E+02
  9.840000E-01  5.085176E+02
  9.860000E-01  5.082846E+02
  9.880000E-01  5.080524E+02
  9.900000E-01  5.078210E+02
  9.920000E-01  5.075904E+02
  9.940000E-01  5.073606E+02
  9.960000E-01  5.071316E+02
  9.980000E-01  5.069033E+02
  1.000000E+00  5.066757E+02
  1.002000E+00  5.064489E+02
  1.004000E+00  5.062227E+02
  1.006000E+00  5.059972E+02
  1.008000E+00  5.057723E+02
  1.010000E+00  5.055481E+02
  1.012000E+00  5.053244E+02
  1.014000E+00  5.051013E+02
  1.016000E+00  5.048786E+02
  1.018000E+00  5.046566E+02
  1.020000E+00  5.044351E+02
  1.022000E+00  5.042144E+02
  1.024000E+00  5.039943E+02
  1.026000E+00  5.037748E+02
  1.028000E+00  5.035560E+02
  1.030000E+00  5.033378E+02
  1.032000E+00  5.031202E+02
  1.034000E+00  5.029032E+02
  1.036000E+00  5.026868E+02
  1.038000E+00  5.024710E+02
  1.040000E+00  5.022558E+02
  1.042000E+00  5.020412E+02
  1.044000E+00  5.018271E+02
  1.046000E+00  5.016136E+02
  1.048000E+00  5.014006E+02
  1.050000E+00  5.011882E+02
  1.052000E+00  5.009764E+02
  1.054000E+00  5.007650E+02
  1.056000E+00  5.005543E+02
  1.058000E+00  5.003440E+02
  1.060000E+00  5.001343E+02
  1.062000E+00  4.999250E+02
  1.064000E+00  4.997163E+02
  1.066000E+00  4.995081E+02
  1.068000E+00  4.993004E+02
  1.070000E+00  4.990933E+02
  1.072000E+00  4.988866E+02
  1.074000E+00  4.986803E+02
  1.076000E+00  4.984746E+02
  1.078000E+00  4.982694E+02
  1.080000E+00  4.980646E+02
  1.082000E+00  4.978603E+02
  1.084000E+00  4.976565E+02
  1.086000E+00  4.974531E+02
  1.088000E+00  4.972502E+02
  1.090000E+00  4.970478E+02
  1.092000E+00  4.968458E+02
  1.094000E+00  4.966443E+02
  1.096000E+00  4.964432E+02
  1.098000E+00  4.962426E+02
  1.100000E+00  4.960424E+02
  1.102000E+00  4.958426E+02
  1.104000E+00  4.956433E+02
  1.106000E+00  4.954444E+02
  1.108000E+00  4.952460E+02
  1.110000E+00  4.950480E+02
  1.112000E+00  4.948504E+02
  1.114000E+00  4.946532E+02
  1.116000E+00  4.944564E+02
  1.118000E+00  4.942601E+02
  1.120000E+00  4.940641E+02
  1.122000E+00  4.938686E+02
  1.124000E+00  4.936735E+02
  1.126000E+00  4.934788E+02
  1.128000E+00  4.932845E+02
  1.130000E+00  4.930906E+02
  1.132000E+00  4.928971E+02
  1.134000E+00  4.927040E+02
  1.136000E+00  4.925113E+02
  1.138000E+00  4.923189E+02
  1.140000E+00  4.921270E+02
  1.142000E+00  4.919355E+02
  1.144000E+00  4.917443E+02
  1.146000E+00  4.915535E+02
  1.148000E+00  4.913632E+02
  1.150000E+00  4.911731E+02
  1.152000E+00  4.909835E+02
  1.154000E+00  4.907942E+02
  1.156000E+00  4.906054E+02
  1.158000E+00  4.904168E+02
  1.160000E+00  4.902287E+02
  1.162000E+00  4.900409E+02
  1.164000E+00  4.898535E+02
  1.166000E+00  4.896665E+02
  1.168000E+00  4.894798E+02
  1.170000E+00  4.892935E+02
  1.172000E+00  4.891075E+02
  1.174000E+00  4.889219E+02
  1.176000E+00  4.887366E+02
  1.178000E+00  4.885517E+02
  1.180000E+00  4.883672E+02
  1.182000E+00  4.881830E+02
  1.184000E+00  4.879992E+02
  1.186000E+00  4.878157E+02
  1.188000E+00  4.876325E+02
  1.190000E+00  4.874497E+02
  1.192000E+00  4.872672E+02
  1.194000E+00  4.870851E+02
  1.196000E+00  4.869033E+02
  1.198000E+00  4.867219E+02
  1.200000E+00  4.865408E+02
