  1.000000E-02  0.000000E+00
  1.200000E-02  0.000000E+00
  1.400000E-02  0.000000E+00
  1.600000E-02  0.000000E+00
  1.800000E-02  0.000000E+00
  2.000000E-02  0.000000E+00
  2.200000E-02  0.000000E+00
  2.400000E-02  0.000000E+00
  2.600000E-02  0.000000E+00
  2.800000E-02  0.000000E+00
  3.000000E-02  0.000000E+00
  3.200000E-02  0.000000E+00
  3.400000E-02  0.000000E+00
  3.600000E-02  0.000000E+00
  3.800000E-02  0.000000E+00
  4.000000E-02  0.000000E+00
  4.200000E-02  0.000000E+00
  4.400000E-02  0.000000E+00
  4.600000E-02  0.000000E+00
  4.800000E-02  0.000000E+00
  5.000000E-02  0.000000E+00
  5.200000E-02  0.000000E+00
  5.400000E-02  0.000000E+00
  5.600000E-02  0.000000E+00
  5.800000E-02  0.000000E+00
  6.000000E-02  0.000000E+00
  6.200000E-02  0.000000E+00
  6.400000E-02  0.000000E+00
  6.600000E-02  0.000000E+00
  6.800000E-02  0.000000E+00
  7.000000E-02  0.000000E+00
  7.200000E-02  0.000000E+00
  7.400000E-02  0.000000E+00
  7.600000E-02  0.000000E+00
  7.800000E-02  0.000000E+00
  8.000000E-02  0.000000E+00
  8.200000E-02  0.000000E+00
  8.400000E-02  0.000000E+00
  8.600000E-02  0.000000E+00
  8.800000E-02  0.000000E+00
  9.000000E-02  0.000000E+00
  9.200000E-02  0.000000E+00
  9.400000E-02  0.000000E+00
  9.600000E-02  0.000000E+00
  9.800000E-02  0.000000E+00
  1.000000E-01  0.000000E+00
  1.020000E-01  0.000000E+00
  1.040000E-01  0.000000E+00
  1.060000E-01  0.000000E+00
  1.080000E-01  0.000000E+00
  1.100000E-01  0.000000E+00
  1.120000E-01  0.000000E+00
  1.140000E-01  0.000000E+00
  1.160000E-01  0.000000E+00
  1.180000E-01  0.000000E+00
  1.200000E-01  0.000000E+00
  1.220000E-01  0.000000E+00
  1.240000E-01  0.000000E+00
  1.260000E-01  0.000000E+00
  1.280000E-01  0.000000E+00
  1.300000E-01  0.000000E+00
  1.320000E-01  0.000000E+00
  1.340000E-01  0.000000E+00
  1.360000E-01  0.000000E+00
  1.380000E-01  0.000000E+00
  1.400000E-01  0.000000E+00
  1.420000E-01  0.000000E+00
  1.440000E-01  0.000000E+00
  1.460000E-01  0.000000E+00
  1.480000E-01  0.000000E+00
  1.500000E-01  0.000000E+00
  1.520000E-01  0.000000E+00
  1.540000E-01  0.000000E+00
  1.560000E-01  0.000000E+00
  1.580000E-01  0.000000E+00
  1.600000E-01  0.000000E+00
  1.620000E-01  0.000000E+00
  1.640000E-01  0.000000E+00
  1.660000E-01  0.000000E+00
  1.680000E-01  0.000000E+00
  1.700000E-01  0.000000E+00
  1.720000E-01  0.000000E+00
  1.740000E-01  0.000000E+00
  1.760000E-01  0.000000E+00
  1.780000E-01  0.000000E+00
  1.800000E-01  0.000000E+00
  1.820000E-01  0.000000E+00
  1.840000E-01  0.000000E+00
  1.860000E-01  0.000000E+00
  1.880000E-01  0.000000E+00
  1.900000E-01  0.000000E+00
  1.920000E-01  0.000000E+00
  1.940000E-01  0.000000E+00
  1.960000E-01  0.000000E+00
  1.980000E-01  0.000000E+00
  2.000000E-01  0.000000E+00
  2.020000E-01  0.000000E+00
  2.040000E-01  0.000000E+00
  2.060000E-01  0.000000E+00
  2.080000E-01  0.000000E+00
  2.100000E-01  0.000000E+00
  2.120000E-01  0.000000E+00
  2.140000E-01  0.000000E+00
  2.160000E-01  0.000000E+00
  2.180000E-01  0.000000E+00
  2.200000E-01  0.000000E+00
  2.220000E-01  0.000000E+00
  2.240000E-01  0.000000E+00
  2.260000E-01  0.000000E+00
  2.280000E-01  0.000000E+00
  2.300000E-01  0.000000E+00
  2.320000E-01  0.000000E+00
  2.340000E-01  0.000000E+00
  2.360000E-01  0.000000E+00
  2.380000E-01  0.000000E+00
  2.400000E-01  0.000000E+00
  2.420000E-01  0.000000E+00
  2.440000E-01  0.000000E+00
  2.460000E-01  0.000000E+00
  2.480000E-01  0.000000E+00
  2.500000E-01  0.000000E+00
  2.520000E-01  0.000000E+00
  2.540000E-01  0.000000E+00
  2.560000E-01  0.000000E+00
  2.580000E-01  0.000000E+00
  2.600000E-01  0.000000E+00
  2.620000E-01  0.000000E+00
  2.640000E-01  0.000000E+00
  2.660000E-01  0.000000E+00
  2.680000E-01  0.000000E+00
  2.700000E-01  0.000000E+00
  2.720000E-01  0.000000E+00
  2.740000E-01  0.000000E+00
  2.760000E-01  0.000000E+00
  2.780000E-01  0.000000E+00
  2.800000E-01  0.000000E+00
  2.820000E-01  0.000000E+00
  2.840000E-01  0.000000E+00
  2.860000E-01  0.000000E+00
  2.880000E-01  0.000000E+00
  2.900000E-01  0.000000E+00
  2.920000E-01  0.000000E+00
  2.940000E-01  0.000000E+00
  2.960000E-01  0.000000E+00
  2.980000E-01  0.000000E+00
  3.000000E-01  0.000000E+00
  3.020000E-01  0.000000E+00
  3.040000E-01  0.000000E+00
  3.060000E-01  0.000000E+00
  3.080000E-01  0.000000E+00
  3.100000E-01  0.000000E+00
  3.120000E-01  0.000000E+00
  3.140000E-01  0.000000E+00
  3.160000E-01  0.000000E+00
  3.180000E-01  0.000000E+00
  3.200000E-01  0.000000E+00
  3.220000E-01  0.000000E+00
  3.240000E-01  0.000000E+00
  3.260000E-01  0.000000E+00
  3.280000E-01  0.000000E+00
  3.300000E-01  0.000000E+00
  3.320000E-01  0.000000E+00
  3.340000E-01  0.000000E+00
  3.360000E-01  0.000000E+00
  3.380000E-01  0.000000E+00
  3.400000E-01  0.000000E+00
  3.420000E-01  0.000000E+00
  3.440000E-01  0.000000E+00
  3.460000E-01  0.000000E+00
  3.480000E-01  0.000000E+00
  3.500000E-01  0.000000E+00
  3.520000E-01  0.000000E+00
  3.540000E-01  0.000000E+00
  3.560000E-01  0.000000E+00
  3.580000E-01  0.000000E+00
  3.600000E-01  0.000000E+00
  3.620000E-01  0.000000E+00
  3.640000E-01  0.000000E+00
  3.660000E-01  0.000000E+00
  3.680000E-01  0.000000E+00
  3.700000E-01  0.000000E+00
  3.720000E-01  0.000000E+00
  3.740000E-01  0.000000E+00
  3.760000E-01  0.000000E+00
  3.780000E-01  0.000000E+00
  3.800000E-01  0.000000E+00
  3.820000E-01  0.000000E+00
  3.840000E-01  0.000000E+00
  3.860000E-01  0.000000E+00
  3.880000E-01  0.000000E+00
  3.900000E-01  0.000000E+00
  3.920000E-01  0.000000E+00
  3.940000E-01  0.000000E+00
  3.960000E-01  0.000000E+00
  3.980000E-01  0.000000E+00
  4.000000E-01  0.000000E+00
  4.020000E-01  0.000000E+00
  4.040000E-01  0.000000E+00
  4.060000E-01  0.000000E+00
  4.080000E-01  0.000000E+00
  4.100000E-01  0.000000E+00
  4.120000E-01  0.000000E+00
  4.140000E-01  0.000000E+00
  4.160000E-01  0.000000E+00
  4.180000E-01  0.000000E+00
  4.200000E-01  0.000000E+00
  4.220000E-01  0.000000E+00
  4.240000E-01  0.000000E+00
  4.260000E-01  0.000000E+00
  4.280000E-01  0.000000E+00
  4.300000E-01  0.000000E+00
  4.320000E-01  0.000000E+00
  4.340000E-01  0.000000E+00
  4.360000E-01  0.000000E+00
  4.380000E-01  0.000000E+00
  4.400000E-01  0.000000E+00
  4.420000E-01  0.000000E+00
  4.440000E-01  3.006508E-03
  4.460000E-01  4.824590E-03
  4.480000E-01  6.780055E-03
  4.500000E-01  8.824978E-03
  4.520000E-01  1.092902E-02
  4.540000E-01  1.307178E-02
  4.560000E-01  1.523896E-02
  4.580000E-01  1.742029E-02
  4.600000E-01  1.960816E-02
  4.620000E-01  2.179690E-02
  4.640000E-01  2.398221E-02
  4.660000E-01  2.616078E-02
  4.680000E-01  2.833007E-02
  4.700000E-01  3.193603E-02
  4.720000E-01  3.502147E-02
  4.740000E-01  3.822391E-02
  4.760000E-01  4.152265E-02
  4.780000E-01  4.490302E-02
  4.800000E-01  4.835384E-02
  4.820000E-01  5.186624E-02
  4.840000E-01  5.543295E-02
  4.860000E-01  5.904783E-02
  4.880000E-01  6.270565E-02
  4.900000E-01  6.640185E-02
  4.920000E-01  7.013243E-02
  4.940000E-01  7.389385E-02
  4.960000E-01  7.768291E-02
  4.980000E-01  8.149674E-02
  5.000000E-01  8.533271E-02
  5.020000E-01  8.918842E-02
  5.040000E-01  9.306163E-02
  5.060000E-01  9.695024E-02
  5.080000E-01  1.008523E-01
  5.100000E-01  1.047659E-01
  5.120000E-01  1.086892E-01
  5.140000E-01  1.126204E-01
  5.160000E-01  1.165578E-01
  5.180000E-01  1.204994E-01
  5.200000E-01  1.244436E-01
  5.220000E-01  1.283883E-01
  5.240000E-01  1.323317E-01
  5.260000E-01  1.362714E-01
  5.280000E-01  1.402054E-01
  5.300000E-01  1.441311E-01
  5.320000E-01  1.480460E-01
  5.340000E-01  1.519475E-01
  5.360000E-01  1.558326E-01
  5.380000E-01  1.596983E-01
  5.400000E-01  1.635416E-01
  5.420000E-01  1.673593E-01
  5.440000E-01  1.711484E-01
  5.460000E-01  1.749060E-01
  5.480000E-01  1.786294E-01
  5.500000E-01  1.823161E-01
  5.520000E-01  1.859640E-01
  5.540000E-01  1.895714E-01
  5.560000E-01  1.931370E-01
  5.580000E-01  1.966598E-01
  5.600000E-01  2.001394E-01
  5.620000E-01  2.035753E-01
  5.640000E-01  2.069678E-01
  5.660000E-01  2.103170E-01
  5.680000E-01  2.136231E-01
  5.700000E-01  2.168866E-01
  5.720000E-01  2.201073E-01
  5.740000E-01  2.232847E-01
  5.760000E-01  2.264174E-01
  5.780000E-01  2.294953E-01
  5.800000E-01  2.325550E-01
  5.820000E-01  2.355964E-01
  5.840000E-01  2.386198E-01
  5.860000E-01  2.416253E-01
  5.880000E-01  2.446128E-01
  5.900000E-01  2.475827E-01
  5.920000E-01  2.505349E-01
  5.940000E-01  2.534696E-01
  5.960000E-01  2.563869E-01
  5.980000E-01  2.592868E-01
  6.000000E-01  2.621695E-01
  6.020000E-01  2.650352E-01
  6.040000E-01  2.678838E-01
  6.060000E-01  2.707156E-01
  6.080000E-01  2.735305E-01
  6.100000E-01  2.763288E-01
  6.120000E-01  2.791105E-01
  6.140000E-01  2.818758E-01
  6.160000E-01  2.846247E-01
  6.180000E-01  2.873574E-01
  6.200000E-01  2.900739E-01
  6.220000E-01  2.927744E-01
  6.240000E-01  2.954590E-01
  6.260000E-01  2.981277E-01
  6.280000E-01  3.007807E-01
  6.300000E-01  3.034181E-01
  6.320000E-01  3.060400E-01
  6.340000E-01  3.086465E-01
  6.360000E-01  3.112376E-01
  6.380000E-01  3.138136E-01
  6.400000E-01  3.163744E-01
  6.420000E-01  3.189202E-01
  6.440000E-01  3.214512E-01
  6.460000E-01  3.239673E-01
  6.480000E-01  3.264687E-01
  6.500000E-01  3.289555E-01
  6.520000E-01  3.314278E-01
  6.540000E-01  3.338857E-01
  6.560000E-01  3.363292E-01
  6.580000E-01  3.387586E-01
  6.600000E-01  3.411738E-01
  6.620000E-01  3.435749E-01
  6.640000E-01  3.459622E-01
  6.660000E-01  3.483355E-01
  6.680000E-01  3.506952E-01
  6.700000E-01  3.530411E-01
  6.720000E-01  3.553735E-01
  6.740000E-01  3.576924E-01
  6.760000E-01  3.599979E-01
  6.780000E-01  3.622902E-01
  6.800000E-01  3.645692E-01
  6.820000E-01  3.668350E-01
  6.840000E-01  3.690879E-01
  6.860000E-01  3.713277E-01
  6.880000E-01  3.735548E-01
  6.900000E-01  3.757690E-01
  6.920000E-01  3.779705E-01
  6.940000E-01  3.801595E-01
  6.960000E-01  3.823359E-01
  6.980000E-01  3.844998E-01
  7.000000E-01  3.866514E-01
  7.020000E-01  3.887907E-01
  7.040000E-01  3.909178E-01
  7.060000E-01  3.930328E-01
  7.080000E-01  3.951357E-01
  7.100000E-01  3.972267E-01
  7.120000E-01  3.993057E-01
  7.140000E-01  4.013730E-01
  7.160000E-01  4.034286E-01
  7.180000E-01  4.054724E-01
  7.200000E-01  4.075048E-01
  7.220000E-01  4.095256E-01
  7.240000E-01  4.115349E-01
  7.260000E-01  4.135329E-01
  7.280000E-01  4.155197E-01
  7.300000E-01  4.174952E-01
  7.320000E-01  4.194596E-01
  7.340000E-01  4.214129E-01
  7.360000E-01  4.233552E-01
  7.380000E-01  4.252866E-01
  7.400000E-01  4.274099E-01
  7.420000E-01  4.293823E-01
  7.440000E-01  4.313490E-01
  7.460000E-01  4.333097E-01
  7.480000E-01  4.352641E-01
  7.500000E-01  4.372119E-01
  7.520000E-01  4.391529E-01
  7.540000E-01  4.410870E-01
  7.560000E-01  4.430139E-01
  7.580000E-01  4.449336E-01
  7.600000E-01  4.468460E-01
  7.620000E-01  4.487509E-01
  7.640000E-01  4.506483E-01
  7.660000E-01  4.525381E-01
  7.680000E-01  4.544202E-01
  7.700000E-01  4.562947E-01
  7.720000E-01  4.581614E-01
  7.740000E-01  4.600204E-01
  7.760000E-01  4.618715E-01
  7.780000E-01  4.637148E-01
  7.800000E-01  4.655503E-01
  7.820000E-01  4.673779E-01
  7.840000E-01  4.691976E-01
  7.860000E-01  4.710093E-01
  7.880000E-01  4.728132E-01
  7.900000E-01  4.746092E-01
  7.920000E-01  4.763972E-01
  7.940000E-01  4.781774E-01
  7.960000E-01  4.799496E-01
  7.980000E-01  4.817139E-01
  8.000000E-01  4.834703E-01
  8.020000E-01  4.852188E-01
  8.040000E-01  4.869594E-01
  8.060000E-01  4.886921E-01
  8.080000E-01  4.904170E-01
  8.100000E-01  4.921340E-01
  8.120000E-01  4.938432E-01
  8.140000E-01  4.955446E-01
  8.160000E-01  4.972381E-01
  8.180000E-01  4.989239E-01
  8.200000E-01  5.006018E-01
  8.220000E-01  5.022721E-01
  8.240000E-01  5.039345E-01
  8.260000E-01  5.055893E-01
  8.280000E-01  5.072364E-01
  8.300000E-01  5.088758E-01
  8.320000E-01  5.105075E-01
  8.340000E-01  5.121317E-01
  8.360000E-01  5.137482E-01
  8.380000E-01  5.153571E-01
  8.400000E-01  5.169585E-01
  8.420000E-01  5.185524E-01
  8.440000E-01  5.201387E-01
  8.460000E-01  5.217176E-01
  8.480000E-01  5.232890E-01
  8.500000E-01  5.248529E-01
  8.520000E-01  5.264095E-01
  8.540000E-01  5.279587E-01
  8.560000E-01  5.295005E-01
  8.580000E-01  5.310350E-01
  8.600000E-01  5.325622E-01
  8.620000E-01  5.340821E-01
  8.640000E-01  5.355948E-01
  8.660000E-01  5.371002E-01
  8.680000E-01  5.385985E-01
  8.700000E-01  5.400896E-01
  8.720000E-01  5.415736E-01
  8.740000E-01  5.430505E-01
  8.760000E-01  5.445202E-01
  8.780000E-01  5.459830E-01
  8.800000E-01  5.474387E-01
  8.820000E-01  5.488874E-01
  8.840000E-01  5.503291E-01
  8.860000E-01  5.517639E-01
  8.880000E-01  5.531918E-01
  8.900000E-01  5.546128E-01
  8.920000E-01  5.560269E-01
  8.940000E-01  5.574342E-01
  8.960000E-01  5.588348E-01
  8.980000E-01  5.602285E-01
  9.000000E-01  5.616155E-01
  9.020000E-01  5.629958E-01
  9.040000E-01  5.643693E-01
  9.060000E-01  5.657363E-01
  9.080000E-01  5.670965E-01
  9.100000E-01  5.684502E-01
  9.120000E-01  5.697973E-01
  9.140000E-01  5.711378E-01
  9.160000E-01  5.724718E-01
  9.180000E-01  5.737994E-01
  9.200000E-01  5.751204E-01
  9.220000E-01  5.764350E-01
  9.240000E-01  5.777431E-01
  9.260000E-01  5.790449E-01
  9.280000E-01  5.803403E-01
  9.300000E-01  5.816293E-01
  9.320000E-01  5.829120E-01
  9.340000E-01  5.841885E-01
  9.360000E-01  5.862102E-01
  9.380000E-01  5.879260E-01
  9.400000E-01  5.896860E-01
  9.420000E-01  5.914807E-01
  9.440000E-01  5.933035E-01
  9.460000E-01  5.951497E-01
  9.480000E-01  5.970155E-01
  9.500000E-01  5.988979E-01
  9.520000E-01  6.007945E-01
  9.540000E-01  6.027033E-01
  9.560000E-01  6.046225E-01
  9.580000E-01  6.065507E-01
  9.600000E-01  6.084865E-01
  9.620000E-01  6.104289E-01
  9.640000E-01  6.123769E-01
  9.660000E-01  6.143295E-01
  9.680000E-01  6.162860E-01
  9.700000E-01  6.182457E-01
  9.720000E-01  6.202079E-01
  9.740000E-01  6.221721E-01
  9.760000E-01  6.241377E-01
  9.780000E-01  6.261043E-01
  9.800000E-01  6.280713E-01
  9.820000E-01  6.300384E-01
  9.840000E-01  6.320052E-01
  9.860000E-01  6.339713E-01
  9.880000E-01  6.359365E-01
  9.900000E-01  6.379003E-01
  9.920000E-01  6.398625E-01
  9.940000E-01  6.418229E-01
  9.960000E-01  6.437811E-01
  9.980000E-01  6.457369E-01
  1.000000E+00  6.476901E-01
  1.002000E+00  6.496404E-01
  1.004000E+00  6.515876E-01
  1.006000E+00  6.535314E-01
  1.008000E+00  6.554715E-01
  1.010000E+00  6.574077E-01
  1.012000E+00  6.593393E-01
  1.014000E+00  6.612658E-01
  1.016000E+00  6.631849E-01
  1.018000E+00  6.651004E-01
  1.020000E+00  6.670131E-01
  1.022000E+00  6.689228E-01
  1.024000E+00  6.708295E-01
  1.026000E+00  6.727331E-01
  1.028000E+00  6.746336E-01
  1.030000E+00  6.765307E-01
  1.032000E+00  6.784245E-01
  1.034000E+00  6.803148E-01
  1.036000E+00  6.822017E-01
  1.038000E+00  6.840850E-01
  1.040000E+00  6.859646E-01
  1.042000E+00  6.878406E-01
  1.044000E+00  6.897129E-01
  1.046000E+00  6.915814E-01
  1.048000E+00  6.934461E-01
  1.050000E+00  6.953070E-01
  1.052000E+00  6.971639E-01
  1.054000E+00  6.990169E-01
  1.056000E+00  7.008659E-01
  1.058000E+00  7.027109E-01
  1.060000E+00  7.045518E-01
  1.062000E+00  7.063887E-01
  1.064000E+00  7.082214E-01
  1.066000E+00  7.100501E-01
  1.068000E+00  7.118746E-01
  1.070000E+00  7.136949E-01
  1.072000E+00  7.155110E-01
  1.074000E+00  7.173229E-01
  1.076000E+00  7.191306E-01
  1.078000E+00  7.209340E-01
  1.080000E+00  7.227332E-01
  1.082000E+00  7.245281E-01
  1.084000E+00  7.263186E-01
  1.086000E+00  7.281049E-01
  1.088000E+00  7.298869E-01
  1.090000E+00  7.316646E-01
  1.092000E+00  7.334379E-01
  1.094000E+00  7.352069E-01
  1.096000E+00  7.369715E-01
  1.098000E+00  7.387318E-01
  1.100000E+00  7.404878E-01
  1.102000E+00  7.422393E-01
  1.104000E+00  7.439866E-01
  1.106000E+00  7.457294E-01
  1.108000E+00  7.474679E-01
  1.110000E+00  7.492020E-01
  1.112000E+00  7.509318E-01
  1.114000E+00  7.526571E-01
  1.116000E+00  7.543781E-01
  1.118000E+00  7.560948E-01
  1.120000E+00  7.578071E-01
  1.122000E+00  7.595150E-01
  1.124000E+00  7.612185E-01
  1.126000E+00  7.629177E-01
  1.128000E+00  7.646126E-01
  1.130000E+00  7.663030E-01
  1.132000E+00  7.679892E-01
  1.134000E+00  7.696710E-01
  1.136000E+00  7.713485E-01
  1.138000E+00  7.730216E-01
  1.140000E+00  7.746904E-01
  1.142000E+00  7.763549E-01
  1.144000E+00  7.780151E-01
  1.146000E+00  7.796710E-01
  1.148000E+00  7.813226E-01
  1.150000E+00  7.829699E-01
  1.152000E+00  7.846129E-01
  1.154000E+00  7.862516E-01
  1.156000E+00  7.878861E-01
  1.158000E+00  7.895163E-01
  1.160000E+00  7.911423E-01
  1.162000E+00  7.927640E-01
  1.164000E+00  7.943815E-01
  1.166000E+00  7.959948E-01
  1.168000E+00  7.976039E-01
  1.170000E+00  7.992088E-01
  1.172000E+00  8.008094E-01
  1.174000E+00  8.024059E-01
  1.176000E+00  8.039983E-01
  1.178000E+00  8.055864E-01
  1.180000E+00  8.071705E-01
  1.182000E+00  8.087503E-01
  1.184000E+00  8.103261E-01
  1.186000E+00  8.118977E-01
  1.188000E+00  8.134653E-01
  1.190000E+00  8.150287E-01
  1.192000E+00  8.165881E-01
  1.194000E+00  8.181433E-01
  1.196000E+00  8.196946E-01
  1.198000E+00  8.212417E-01
  1.200000E+00  8.227849E-01
