  1.000000E-02  2.445404E-02 -3.257088E-02 -1.773765E-02 -4.377707E-03
  1.200000E-02  3.437444E-02 -4.611440E-02 -2.515903E-02 -5.947016E-03
  1.400000E-02  4.572468E-02 -6.177873E-02 -3.377073E-02 -7.686787E-03
  1.600000E-02  5.842016E-02 -7.948943E-02 -4.354146E-02 -9.583344E-03
  1.800000E-02  7.238307E-02 -9.917833E-02 -5.444356E-02 -1.162556E-02
  2.000000E-02  8.754135E-02 -1.207825E-01 -6.645232E-02 -1.380421E-02
  2.200000E-02  1.038280E-01 -1.442436E-01 -7.954555E-02 -1.611149E-02
  2.400000E-02  1.211802E-01 -1.695070E-01 -9.370321E-02 -1.854071E-02
  2.600000E-02  1.395393E-01 -1.965214E-01 -1.089071E-01 -2.108611E-02
  2.800000E-02  1.588501E-01 -2.252386E-01 -1.251406E-01 -2.374261E-02
  3.000000E-02  1.790604E-01 -2.556131E-01 -1.423885E-01 -2.650578E-02
  3.200000E-02  2.001211E-01 -2.876017E-01 -1.606370E-01 -2.937163E-02
  3.400000E-02  2.219856E-01 -3.211634E-01 -1.798733E-01 -3.233664E-02
  3.600000E-02  2.446099E-01 -3.562594E-01 -2.000855E-01 -3.539763E-02
  3.800000E-02  2.679520E-01 -3.928524E-01 -2.212627E-01 -3.855170E-02
  4.000000E-02  2.919722E-01 -4.309069E-01 -2.433949E-01 -4.179625E-02
  4.200000E-02  3.166327E-01 -4.703891E-01 -2.664727E-01 -4.512888E-02
  4.400000E-02  3.418975E-01 -5.112664E-01 -2.904875E-01 -4.854742E-02
  4.600000E-02  3.677323E-01 -5.535077E-01 -3.154311E-01 -5.204984E-02
  4.800000E-02  3.941044E-01 -5.970831E-01 -3.412960E-01 -5.563429E-02
  5.000000E-02  4.209826E-01 -6.419639E-01 -3.680751E-01 -5.929904E-02
  5.200000E-02  4.483370E-01 -6.881225E-01 -3.957621E-01 -6.304251E-02
  5.400000E-02  4.761392E-01 -7.355322E-01 -4.243506E-01 -6.686319E-02
  5.600000E-02  5.043620E-01 -7.841674E-01 -4.538350E-01 -7.075970E-02
  5.800000E-02  5.329793E-01 -8.340033E-01 -4.842098E-01 -7.473073E-02
  6.000000E-02  5.619662E-01 -8.850162E-01 -5.154701E-01 -7.877505E-02
  6.200000E-02  5.912989E-01 -9.371830E-01 -5.476110E-01 -8.289151E-02
  6.400000E-02  6.209544E-01 -9.904813E-01 -5.806281E-01 -8.707902E-02
  6.600000E-02  6.509111E-01 -1.044890E+00 -6.145172E-01 -9.133656E-02
  6.800000E-02  6.811478E-01 -1.100387E+00 -6.492743E-01 -9.566313E-02
  7.000000E-02  7.116445E-01 -1.156954E+00 -6.848957E-01 -1.000578E-01
  7.200000E-02  7.423819E-01 -1.214570E+00 -7.213778E-01 -1.045197E-01
  7.400000E-02  7.733416E-01 -1.273217E+00 -7.587173E-01 -1.090480E-01
  7.600000E-02  8.045058E-01 -1.332876E+00 -7.969110E-01 -1.136419E-01
  7.800000E-02  8.358574E-01 -1.393529E+00 -8.359560E-01 -1.183007E-01
  8.000000E-02  8.673803E-01 -1.455160E+00 -8.758494E-01 -1.230234E-01
  8.200000E-02  8.990588E-01 -1.517750E+00 -9.165884E-01 -1.278096E-01
  8.400000E-02  9.308777E-01 -1.581285E+00 -9.581705E-01 -1.326585E-01
  8.600000E-02  9.628227E-01 -1.645748E+00 -1.000593E+00 -1.375694E-01
  8.800000E-02  9.948800E-01 -1.711123E+00 -1.043854E+00 -1.425417E-01
  9.000000E-02  1.027036E+00 -1.777397E+00 -1.087952E+00 -1.475748E-01
  9.200000E-02  1.059279E+00 -1.844553E+00 -1.132883E+00 -1.526681E-01
  9.400000E-02  1.091595E+00 -1.912579E+00 -1.178646E+00 -1.578210E-01
  9.600000E-02  1.123973E+00 -1.981460E+00 -1.225239E+00 -1.630330E-01
  9.800000E-02  1.156403E+00 -2.051182E+00 -1.272660E+00 -1.683036E-01
  1.000000E-01  1.188872E+00 -2.121733E+00 -1.320908E+00 -1.736322E-01
  1.020000E-01  1.221371E+00 -2.193101E+00 -1.369980E+00 -1.790183E-01
  1.040000E-01  1.253889E+00 -2.265271E+00 -1.419874E+00 -1.844614E-01
  1.060000E-01  1.286418E+00 -2.338234E+00 -1.470591E+00 -1.899611E-01
  1.080000E-01  1.318947E+00 -2.411976E+00 -1.522127E+00 -1.955168E-01
  1.100000E-01  1.351468E+00 -2.486485E+00 -1.574481E+00 -2.011282E-01
  1.120000E-01  1.383973E+00 -2.561752E+00 -1.627651E+00 -2.067947E-01
  1.140000E-01  1.416452E+00 -2.637765E+00 -1.681638E+00 -2.125159E-01
  1.160000E-01  1.448899E+00 -2.714513E+00 -1.736438E+00 -2.182915E-01
  1.180000E-01  1.481306E+00 -2.791986E+00 -1.792050E+00 -2.241209E-01
  1.200000E-01  1.513666E+00 -2.870174E+00 -1.848474E+00 -2.300038E-01
  1.220000E-01  1.545972E+00 -2.949066E+00 -1.905708E+00 -2.359397E-01
  1.240000E-01  1.578216E+00 -3.028654E+00 -1.963750E+00 -2.419282E-01
  1.260000E-01  1.610394E+00 -3.108927E+00 -2.022600E+00 -2.479691E-01
  1.280000E-01  1.642498E+00 -3.189876E+00 -2.082256E+00 -2.540617E-01
  1.300000E-01  1.674523E+00 -3.271493E+00 -2.142717E+00 -2.602059E-01
  1.320000E-01  1.706378E+00 -3.353600E+00 -2.204190E+00 -2.664339E-01
  1.340000E-01  1.737871E+00 -3.435821E+00 -2.267137E+00 -2.728168E-01
  1.360000E-01  1.769125E+00 -3.518391E+00 -2.331262E+00 -2.793070E-01
  1.380000E-01  1.800173E+00 -3.601374E+00 -2.396482E+00 -2.858902E-01
  1.400000E-01  1.831031E+00 -3.684797E+00 -2.462754E+00 -2.925593E-01
  1.420000E-01  1.861706E+00 -3.768674E+00 -2.530053E+00 -2.993097E-01
  1.440000E-01  1.892203E+00 -3.853012E+00 -2.598363E+00 -3.061380E-01
  1.460000E-01  1.922525E+00 -3.937817E+00 -2.667669E+00 -3.130417E-01
  1.480000E-01  1.952673E+00 -4.023090E+00 -2.737962E+00 -3.200188E-01
  1.500000E-01  1.982649E+00 -4.108832E+00 -2.809233E+00 -3.270673E-01
  1.520000E-01  2.012452E+00 -4.195042E+00 -2.881476E+00 -3.341859E-01
  1.540000E-01  2.042083E+00 -4.281719E+00 -2.954684E+00 -3.413731E-01
  1.560000E-01  2.071542E+00 -4.368862E+00 -3.028852E+00 -3.486278E-01
  1.580000E-01  2.100828E+00 -4.456467E+00 -3.103974E+00 -3.559487E-01
  1.600000E-01  2.129942E+00 -4.544534E+00 -3.180047E+00 -3.633348E-01
  1.620000E-01  2.158882E+00 -4.633059E+00 -3.257066E+00 -3.707852E-01
  1.640000E-01  2.187648E+00 -4.722041E+00 -3.335027E+00 -3.782989E-01
  1.660000E-01  2.216240E+00 -4.811475E+00 -3.413927E+00 -3.858750E-01
  1.680000E-01  2.244658E+00 -4.901360E+00 -3.493763E+00 -3.935127E-01
  1.700000E-01  2.272900E+00 -4.991692E+00 -3.574529E+00 -4.012112E-01
  1.720000E-01  2.300966E+00 -5.082469E+00 -3.656225E+00 -4.089697E-01
  1.740000E-01  2.328856E+00 -5.173687E+00 -3.738846E+00 -4.167874E-01
  1.760000E-01  2.356570E+00 -5.265345E+00 -3.822389E+00 -4.246636E-01
  1.780000E-01  2.384106E+00 -5.357439E+00 -3.906851E+00 -4.325977E-01
  1.800000E-01  2.411466E+00 -5.449966E+00 -3.992229E+00 -4.405888E-01
  1.820000E-01  2.438647E+00 -5.542923E+00 -4.078520E+00 -4.486364E-01
  1.840000E-01  2.465651E+00 -5.636308E+00 -4.165721E+00 -4.567397E-01
  1.860000E-01  2.492477E+00 -5.730118E+00 -4.253829E+00 -4.648982E-01
  1.880000E-01  2.519125E+00 -5.824350E+00 -4.342842E+00 -4.731111E-01
  1.900000E-01  2.545595E+00 -5.919002E+00 -4.432756E+00 -4.813778E-01
  1.920000E-01  2.571886E+00 -6.014072E+00 -4.523568E+00 -4.896977E-01
  1.940000E-01  2.597999E+00 -6.109555E+00 -4.615276E+00 -4.980703E-01
  1.960000E-01  2.623933E+00 -6.205451E+00 -4.707876E+00 -5.064948E-01
  1.980000E-01  2.649689E+00 -6.301756E+00 -4.801366E+00 -5.149707E-01
  2.000000E-01  2.675266E+00 -6.398468E+00 -4.895742E+00 -5.234974E-01
  2.020000E-01  2.700665E+00 -6.495586E+00 -4.991003E+00 -5.320744E-01
  2.040000E-01  2.725886E+00 -6.593105E+00 -5.087144E+00 -5.407010E-01
  2.060000E-01  2.750929E+00 -6.691025E+00 -5.184162E+00 -5.493767E-01
  2.080000E-01  2.775794E+00 -6.789343E+00 -5.282056E+00 -5.581009E-01
  2.100000E-01  2.800482E+00 -6.888057E+00 -5.380821E+00 -5.668730E-01
  2.120000E-01  2.824993E+00 -6.987164E+00 -5.480455E+00 -5.756926E-01
  2.140000E-01  2.849326E+00 -7.086663E+00 -5.580955E+00 -5.845590E-01
  2.160000E-01  2.873483E+00 -7.186551E+00 -5.682318E+00 -5.934718E-01
  2.180000E-01  2.897464E+00 -7.286827E+00 -5.784540E+00 -6.024303E-01
  2.200000E-01  2.921269E+00 -7.387488E+00 -5.887619E+00 -6.114340E-01
  2.220000E-01  2.944898E+00 -7.488533E+00 -5.991552E+00 -6.204825E-01
  2.240000E-01  2.968352E+00 -7.589959E+00 -6.096335E+00 -6.295752E-01
  2.260000E-01  2.991632E+00 -7.691765E+00 -6.201965E+00 -6.387115E-01
  2.280000E-01  3.014738E+00 -7.793950E+00 -6.308439E+00 -6.478910E-01
  2.300000E-01  3.037670E+00 -7.896510E+00 -6.415755E+00 -6.571132E-01
  2.320000E-01  3.060429E+00 -7.999445E+00 -6.523908E+00 -6.663774E-01
  2.340000E-01  3.083015E+00 -8.102752E+00 -6.632895E+00 -6.756833E-01
  2.360000E-01  3.105430E+00 -8.206431E+00 -6.742714E+00 -6.850304E-01
  2.380000E-01  3.127673E+00 -8.310479E+00 -6.853362E+00 -6.944180E-01
  2.400000E-01  3.149745E+00 -8.414894E+00 -6.964834E+00 -7.038458E-01
  2.420000E-01  3.171647E+00 -8.519676E+00 -7.077127E+00 -7.133132E-01
  2.440000E-01  3.193379E+00 -8.624822E+00 -7.190239E+00 -7.228198E-01
  2.460000E-01  3.214943E+00 -8.730332E+00 -7.304167E+00 -7.323650E-01
  2.480000E-01  3.236338E+00 -8.836202E+00 -7.418906E+00 -7.419485E-01
  2.500000E-01  3.257566E+00 -8.942433E+00 -7.534453E+00 -7.515696E-01
  2.520000E-01  3.278626E+00 -9.049022E+00 -7.650805E+00 -7.612280E-01
  2.540000E-01  3.299521E+00 -9.155969E+00 -7.767960E+00 -7.709232E-01
  2.560000E-01  3.320250E+00 -9.263271E+00 -7.885912E+00 -7.806547E-01
  2.580000E-01  3.340814E+00 -9.370927E+00 -8.004660E+00 -7.904220E-01
  2.600000E-01  3.361214E+00 -9.478936E+00 -8.124199E+00 -8.002247E-01
  2.620000E-01  3.381451E+00 -9.587297E+00 -8.244526E+00 -8.100623E-01
  2.640000E-01  3.401525E+00 -9.696008E+00 -8.365638E+00 -8.199344E-01
  2.660000E-01  3.421437E+00 -9.805068E+00 -8.487532E+00 -8.298405E-01
  2.680000E-01  3.441188E+00 -9.914475E+00 -8.610203E+00 -8.397801E-01
  2.700000E-01  3.460779E+00 -1.002423E+01 -8.733649E+00 -8.497529E-01
  2.720000E-01  3.480210E+00 -1.013433E+01 -8.857866E+00 -8.597584E-01
  2.740000E-01  3.499482E+00 -1.024477E+01 -8.982850E+00 -8.697961E-01
  2.760000E-01  3.518597E+00 -1.035556E+01 -9.108598E+00 -8.798656E-01
  2.780000E-01  3.537554E+00 -1.046668E+01 -9.235107E+00 -8.899665E-01
  2.800000E-01  3.556355E+00 -1.057815E+01 -9.362373E+00 -9.000983E-01
  2.820000E-01  3.575000E+00 -1.068995E+01 -9.490392E+00 -9.102607E-01
  2.840000E-01  3.593490E+00 -1.080210E+01 -9.619161E+00 -9.204531E-01
  2.860000E-01  3.611826E+00 -1.091458E+01 -9.748677E+00 -9.306752E-01
  2.880000E-01  3.630009E+00 -1.102739E+01 -9.878935E+00 -9.409266E-01
  2.900000E-01  3.648039E+00 -1.114054E+01 -1.000993E+01 -9.512068E-01
  2.920000E-01  3.665918E+00 -1.125403E+01 -1.014167E+01 -9.615155E-01
  2.940000E-01  3.683646E+00 -1.136784E+01 -1.027413E+01 -9.718522E-01
  2.960000E-01  3.701224E+00 -1.148199E+01 -1.040733E+01 -9.822165E-01
  2.980000E-01  3.718653E+00 -1.159647E+01 -1.054125E+01 -9.926080E-01
  3.000000E-01  3.735933E+00 -1.171127E+01 -1.067589E+01 -1.003026E+00
  3.020000E-01  3.753066E+00 -1.182640E+01 -1.081125E+01 -1.013471E+00
  3.040000E-01  3.770052E+00 -1.194187E+01 -1.094732E+01 -1.023942E+00
  3.060000E-01  3.786892E+00 -1.205765E+01 -1.108410E+01 -1.034438E+00
  3.080000E-01  3.803588E+00 -1.217376E+01 -1.122160E+01 -1.044960E+00
  3.100000E-01  3.820138E+00 -1.229020E+01 -1.135979E+01 -1.055506E+00
  3.120000E-01  3.836546E+00 -1.240695E+01 -1.149869E+01 -1.066078E+00
  3.140000E-01  3.852811E+00 -1.252403E+01 -1.163828E+01 -1.076673E+00
  3.160000E-01  3.868934E+00 -1.264143E+01 -1.177856E+01 -1.087292E+00
  3.180000E-01  3.884916E+00 -1.275915E+01 -1.191953E+01 -1.097934E+00
  3.200000E-01  3.900757E+00 -1.287718E+01 -1.206119E+01 -1.108599E+00
  3.220000E-01  3.916460E+00 -1.299554E+01 -1.220353E+01 -1.119287E+00
  3.240000E-01  3.932024E+00 -1.311421E+01 -1.234655E+01 -1.129997E+00
  3.260000E-01  3.947450E+00 -1.323319E+01 -1.249025E+01 -1.140729E+00
  3.280000E-01  3.962739E+00 -1.335249E+01 -1.263461E+01 -1.151483E+00
  3.300000E-01  3.977892E+00 -1.347211E+01 -1.277965E+01 -1.162257E+00
  3.320000E-01  3.992910E+00 -1.359204E+01 -1.292534E+01 -1.173053E+00
  3.340000E-01  4.007793E+00 -1.371227E+01 -1.307170E+01 -1.183869E+00
  3.360000E-01  4.022543E+00 -1.383282E+01 -1.321871E+01 -1.194705E+00
  3.380000E-01  4.037159E+00 -1.395368E+01 -1.336638E+01 -1.205561E+00
  3.400000E-01  4.051644E+00 -1.407485E+01 -1.351470E+01 -1.216437E+00
  3.420000E-01  4.065997E+00 -1.419632E+01 -1.366366E+01 -1.227331E+00
  3.440000E-01  4.080220E+00 -1.431811E+01 -1.381327E+01 -1.238245E+00
  3.460000E-01  4.094313E+00 -1.444019E+01 -1.396351E+01 -1.249176E+00
  3.480000E-01  4.108277E+00 -1.456259E+01 -1.411439E+01 -1.260126E+00
  3.500000E-01  4.122113E+00 -1.468528E+01 -1.426590E+01 -1.271094E+00
  3.520000E-01  4.135821E+00 -1.480828E+01 -1.441804E+01 -1.282079E+00
  3.540000E-01  4.149403E+00 -1.493158E+01 -1.457080E+01 -1.293082E+00
  3.560000E-01  4.162859E+00 -1.505519E+01 -1.472419E+01 -1.304101E+00
  3.580000E-01  4.176190E+00 -1.517909E+01 -1.487819E+01 -1.315137E+00
  3.600000E-01  4.189397E+00 -1.530329E+01 -1.503280E+01 -1.326189E+00
  3.620000E-01  4.202480E+00 -1.542779E+01 -1.518803E+01 -1.337257E+00
  3.640000E-01  4.215440E+00 -1.555259E+01 -1.534386E+01 -1.348340E+00
  3.660000E-01  4.228279E+00 -1.567768E+01 -1.550030E+01 -1.359439E+00
  3.680000E-01  4.240996E+00 -1.580307E+01 -1.565733E+01 -1.370553E+00
  3.700000E-01  4.253592E+00 -1.592875E+01 -1.581497E+01 -1.381681E+00
  3.720000E-01  4.266069E+00 -1.605473E+01 -1.597319E+01 -1.392824E+00
  3.740000E-01  4.278427E+00 -1.618100E+01 -1.613200E+01 -1.403981E+00
  3.760000E-01  4.290667E+00 -1.630756E+01 -1.629140E+01 -1.415152E+00
  3.780000E-01  4.302789E+00 -1.643441E+01 -1.645139E+01 -1.426337E+00
  3.800000E-01  4.314794E+00 -1.656155E+01 -1.661195E+01 -1.437534E+00
  3.820000E-01  4.326683E+00 -1.668898E+01 -1.677308E+01 -1.448745E+00
  3.840000E-01  4.338457E+00 -1.681670E+01 -1.693479E+01 -1.459968E+00
  3.860000E-01  4.350117E+00 -1.694470E+01 -1.709706E+01 -1.471204E+00
  3.880000E-01  4.361662E+00 -1.707299E+01 -1.725990E+01 -1.482451E+00
  3.900000E-01  4.373094E+00 -1.720157E+01 -1.742331E+01 -1.493711E+00
  3.920000E-01  4.384414E+00 -1.733043E+01 -1.758727E+01 -1.504982E+00
  3.940000E-01  4.395622E+00 -1.745957E+01 -1.775178E+01 -1.516265E+00
  3.960000E-01  4.406719E+00 -1.758900E+01 -1.791685E+01 -1.527559E+00
  3.980000E-01  4.417706E+00 -1.771870E+01 -1.808246E+01 -1.538863E+00
  4.000000E-01  4.428583E+00 -1.784869E+01 -1.824862E+01 -1.550178E+00
  4.020000E-01  4.439351E+00 -1.797896E+01 -1.841531E+01 -1.561503E+00
  4.040000E-01  4.450011E+00 -1.810950E+01 -1.858255E+01 -1.572839E+00
  4.060000E-01  4.460563E+00 -1.824032E+01 -1.875032E+01 -1.584184E+00
  4.080000E-01  4.471008E+00 -1.837142E+01 -1.891862E+01 -1.595538E+00
  4.100000E-01  4.481347E+00 -1.850280E+01 -1.908745E+01 -1.606902E+00
  4.120000E-01  4.491581E+00 -1.863445E+01 -1.925680E+01 -1.618275E+00
  4.140000E-01  4.501709E+00 -1.876637E+01 -1.942667E+01 -1.629657E+00
  4.160000E-01  4.511733E+00 -1.889856E+01 -1.959706E+01 -1.641048E+00
  4.180000E-01  4.521654E+00 -1.903103E+01 -1.976797E+01 -1.652446E+00
  4.200000E-01  4.531472E+00 -1.916377E+01 -1.993939E+01 -1.663853E+00
  4.220000E-01  4.541188E+00 -1.929678E+01 -2.011131E+01 -1.675268E+00
  4.240000E-01  4.550802E+00 -1.943006E+01 -2.028374E+01 -1.686690E+00
  4.260000E-01  4.560315E+00 -1.956360E+01 -2.045667E+01 -1.698120E+00
  4.280000E-01  4.569728E+00 -1.969741E+01 -2.063009E+01 -1.709557E+00
  4.300000E-01  4.579041E+00 -1.983149E+01 -2.080401E+01 -1.721000E+00
  4.320000E-01  4.588255E+00 -1.996584E+01 -2.097843E+01 -1.732451E+00
  4.340000E-01  4.597371E+00 -2.010045E+01 -2.115333E+01 -1.743908E+00
  4.360000E-01  4.606389E+00 -2.023532E+01 -2.132871E+01 -1.755372E+00
  4.380000E-01  4.615310E+00 -2.037045E+01 -2.150458E+01 -1.766841E+00
  4.400000E-01  4.624134E+00 -2.050585E+01 -2.168093E+01 -1.778317E+00
  4.420000E-01  4.632863E+00 -2.064150E+01 -2.185775E+01 -1.789798E+00
  4.440000E-01  4.621333E+00 -2.066872E+01 -2.198805E+01 -1.799819E+00
  4.460000E-01  4.617768E+00 -2.073879E+01 -2.213691E+01 -1.810453E+00
  4.480000E-01  4.613266E+00 -2.080390E+01 -2.228371E+01 -1.821046E+00
  4.500000E-01  4.608157E+00 -2.086578E+01 -2.242919E+01 -1.831620E+00
  4.520000E-01  4.602648E+00 -2.092553E+01 -2.257380E+01 -1.842186E+00
  4.540000E-01  4.596878E+00 -2.098389E+01 -2.271785E+01 -1.852754E+00
  4.560000E-01  4.590944E+00 -2.104136E+01 -2.286156E+01 -1.863326E+00
  4.580000E-01  4.584916E+00 -2.109833E+01 -2.300508E+01 -1.873904E+00
  4.600000E-01  4.578843E+00 -2.115506E+01 -2.314853E+01 -1.884491E+00
  4.620000E-01  4.572764E+00 -2.121176E+01 -2.329198E+01 -1.895087E+00
  4.640000E-01  4.566706E+00 -2.126859E+01 -2.343551E+01 -1.905691E+00
  4.660000E-01  4.560690E+00 -2.132565E+01 -2.357915E+01 -1.916303E+00
  4.680000E-01  4.554732E+00 -2.138306E+01 -2.372295E+01 -1.926923E+00
  4.700000E-01  4.551709E+00 -2.144449E+01 -2.386110E+01 -1.936750E+00
  4.720000E-01  4.547726E+00 -2.150481E+01 -2.400129E+01 -1.946837E+00
  4.740000E-01  4.544054E+00 -2.156567E+01 -2.414098E+01 -1.956838E+00
  4.760000E-01  4.540651E+00 -2.162699E+01 -2.428025E+01 -1.966762E+00
  4.780000E-01  4.537490E+00 -2.168874E+01 -2.441915E+01 -1.976616E+00
  4.800000E-01  4.534549E+00 -2.175088E+01 -2.455772E+01 -1.986405E+00
  4.820000E-01  4.531812E+00 -2.181337E+01 -2.469600E+01 -1.996134E+00
  4.840000E-01  4.529266E+00 -2.187620E+01 -2.483400E+01 -2.005806E+00
  4.860000E-01  4.526900E+00 -2.193936E+01 -2.497177E+01 -2.015425E+00
  4.880000E-01  4.524706E+00 -2.200284E+01 -2.510932E+01 -2.024993E+00
  4.900000E-01  4.522676E+00 -2.206662E+01 -2.524667E+01 -2.034515E+00
  4.920000E-01  4.520805E+00 -2.213070E+01 -2.538386E+01 -2.043992E+00
  4.940000E-01  4.519087E+00 -2.219509E+01 -2.552089E+01 -2.053426E+00
  4.960000E-01  4.517519E+00 -2.225977E+01 -2.565778E+01 -2.062821E+00
  4.980000E-01  4.516095E+00 -2.232475E+01 -2.579456E+01 -2.072177E+00
  5.000000E-01  4.514814E+00 -2.239004E+01 -2.593125E+01 -2.081498E+00
  5.020000E-01  4.513671E+00 -2.245563E+01 -2.606785E+01 -2.090785E+00
  5.040000E-01  4.512664E+00 -2.252152E+01 -2.620439E+01 -2.100041E+00
  5.060000E-01  4.511790E+00 -2.258772E+01 -2.634088E+01 -2.109267E+00
  5.080000E-01  4.511047E+00 -2.265423E+01 -2.647733E+01 -2.118465E+00
  5.100000E-01  4.510430E+00 -2.272104E+01 -2.661377E+01 -2.127636E+00
  5.120000E-01  4.509938E+00 -2.278817E+01 -2.675019E+01 -2.136784E+00
  5.140000E-01  4.509566E+00 -2.285561E+01 -2.688662E+01 -2.145909E+00
  5.160000E-01  4.509311E+00 -2.292335E+01 -2.702307E+01 -2.155014E+00
  5.180000E-01  4.509167E+00 -2.299139E+01 -2.715955E+01 -2.164101E+00
  5.200000E-01  4.509130E+00 -2.305972E+01 -2.729606E+01 -2.173171E+00
  5.220000E-01  4.509192E+00 -2.312833E+01 -2.743262E+01 -2.182226E+00
  5.240000E-01  4.509346E+00 -2.319719E+01 -2.756922E+01 -2.191268E+00
  5.260000E-01  4.509583E+00 -2.326629E+01 -2.770588E+01 -2.200299E+00
  5.280000E-01  4.509894E+00 -2.333559E+01 -2.784259E+01 -2.209322E+00
  5.300000E-01  4.510265E+00 -2.340507E+01 -2.797936E+01 -2.218337E+00
  5.320000E-01  4.510683E+00 -2.347467E+01 -2.811617E+01 -2.227346E+00
  5.340000E-01  4.511133E+00 -2.354436E+01 -2.825303E+01 -2.236351E+00
  5.360000E-01  4.511598E+00 -2.361406E+01 -2.838991E+01 -2.245354E+00
  5.380000E-01  4.512060E+00 -2.368373E+01 -2.852681E+01 -2.254355E+00
  5.400000E-01  4.512498E+00 -2.375329E+01 -2.866371E+01 -2.263355E+00
  5.420000E-01  4.512893E+00 -2.382267E+01 -2.880059E+01 -2.272356E+00
  5.440000E-01  4.513223E+00 -2.389179E+01 -2.893741E+01 -2.281357E+00
  5.460000E-01  4.513469E+00 -2.396058E+01 -2.907417E+01 -2.290358E+00
  5.480000E-01  4.513611E+00 -2.402897E+01 -2.921084E+01 -2.299359E+00
  5.500000E-01  4.513632E+00 -2.409690E+01 -2.934738E+01 -2.308359E+00
  5.520000E-01  4.513515E+00 -2.416430E+01 -2.948378E+01 -2.317357E+00
  5.540000E-01  4.513248E+00 -2.423112E+01 -2.962001E+01 -2.326352E+00
  5.560000E-01  4.512821E+00 -2.429732E+01 -2.975606E+01 -2.335342E+00
  5.580000E-01  4.512226E+00 -2.436288E+01 -2.989190E+01 -2.344326E+00
  5.600000E-01  4.511459E+00 -2.442778E+01 -3.002753E+01 -2.353302E+00
  5.620000E-01  4.510517E+00 -2.449201E+01 -3.016293E+01 -2.362267E+00
  5.640000E-01  4.509400E+00 -2.455556E+01 -3.029809E+01 -2.371222E+00
  5.660000E-01  4.508110E+00 -2.461845E+01 -3.043301E+01 -2.380163E+00
  5.680000E-01  4.506648E+00 -2.468067E+01 -3.056769E+01 -2.389090E+00
  5.700000E-01  4.505016E+00 -2.474225E+01 -3.070212E+01 -2.398001E+00
  5.720000E-01  4.503214E+00 -2.480317E+01 -3.083629E+01 -2.406896E+00
  5.740000E-01  4.501236E+00 -2.486342E+01 -3.097020E+01 -2.415772E+00
  5.760000E-01  4.499073E+00 -2.492295E+01 -3.110382E+01 -2.424628E+00
  5.780000E-01  4.496646E+00 -2.498147E+01 -3.123704E+01 -2.433461E+00
  5.800000E-01  4.494237E+00 -2.504009E+01 -3.137025E+01 -2.442281E+00
  5.820000E-01  4.491847E+00 -2.509879E+01 -3.150343E+01 -2.451086E+00
  5.840000E-01  4.489476E+00 -2.515759E+01 -3.163660E+01 -2.459878E+00
  5.860000E-01  4.487122E+00 -2.521649E+01 -3.176976E+01 -2.468657E+00
  5.880000E-01  4.484787E+00 -2.527548E+01 -3.190289E+01 -2.477421E+00
  5.900000E-01  4.482469E+00 -2.533457E+01 -3.203601E+01 -2.486172E+00
  5.920000E-01  4.480170E+00 -2.539376E+01 -3.216912E+01 -2.494910E+00
  5.940000E-01  4.477888E+00 -2.545305E+01 -3.230220E+01 -2.503633E+00
  5.960000E-01  4.475625E+00 -2.551244E+01 -3.243528E+01 -2.512344E+00
  5.980000E-01  4.473378E+00 -2.557193E+01 -3.256833E+01 -2.521040E+00
  6.000000E-01  4.471150E+00 -2.563152E+01 -3.270138E+01 -2.529723E+00
  6.020000E-01  4.468938E+00 -2.569121E+01 -3.283440E+01 -2.538393E+00
  6.040000E-01  4.466744E+00 -2.575101E+01 -3.296742E+01 -2.547049E+00
  6.060000E-01  4.464568E+00 -2.581092E+01 -3.310042E+01 -2.555692E+00
  6.080000E-01  4.462408E+00 -2.587093E+01 -3.323340E+01 -2.564321E+00
  6.100000E-01  4.460265E+00 -2.593104E+01 -3.336637E+01 -2.572937E+00
  6.120000E-01  4.458139E+00 -2.599127E+01 -3.349933E+01 -2.581539E+00
  6.140000E-01  4.456029E+00 -2.605160E+01 -3.363227E+01 -2.590128E+00
  6.160000E-01  4.453937E+00 -2.611204E+01 -3.376520E+01 -2.598704E+00
  6.180000E-01  4.451860E+00 -2.617259E+01 -3.389812E+01 -2.607266E+00
  6.200000E-01  4.449800E+00 -2.623325E+01 -3.403102E+01 -2.615815E+00
  6.220000E-01  4.447756E+00 -2.629402E+01 -3.416391E+01 -2.624351E+00
  6.240000E-01  4.445728E+00 -2.635490E+01 -3.429679E+01 -2.632874E+00
  6.260000E-01  4.443716E+00 -2.641589E+01 -3.442965E+01 -2.641383E+00
  6.280000E-01  4.441719E+00 -2.647700E+01 -3.456251E+01 -2.649879E+00
  6.300000E-01  4.439738E+00 -2.653821E+01 -3.469535E+01 -2.658362E+00
  6.320000E-01  4.437773E+00 -2.659954E+01 -3.482817E+01 -2.666831E+00
  6.340000E-01  4.435823E+00 -2.666099E+01 -3.496099E+01 -2.675288E+00
  6.360000E-01  4.433888E+00 -2.672255E+01 -3.509379E+01 -2.683731E+00
  6.380000E-01  4.431969E+00 -2.678422E+01 -3.522658E+01 -2.692162E+00
  6.400000E-01  4.430064E+00 -2.684601E+01 -3.535936E+01 -2.700579E+00
  6.420000E-01  4.428174E+00 -2.690791E+01 -3.549212E+01 -2.708983E+00
  6.440000E-01  4.426298E+00 -2.696993E+01 -3.562488E+01 -2.717374E+00
  6.460000E-01  4.424438E+00 -2.703207E+01 -3.575762E+01 -2.725751E+00
  6.480000E-01  4.422591E+00 -2.709432E+01 -3.589035E+01 -2.734116E+00
  6.500000E-01  4.420759E+00 -2.715670E+01 -3.602307E+01 -2.742468E+00
  6.520000E-01  4.418941E+00 -2.721918E+01 -3.615578E+01 -2.750807E+00
  6.540000E-01  4.417137E+00 -2.728179E+01 -3.628847E+01 -2.759132E+00
  6.560000E-01  4.415347E+00 -2.734452E+01 -3.642115E+01 -2.767445E+00
  6.580000E-01  4.413570E+00 -2.740736E+01 -3.655383E+01 -2.775745E+00
  6.600000E-01  4.411807E+00 -2.747033E+01 -3.668649E+01 -2.784032E+00
  6.620000E-01  4.410057E+00 -2.753341E+01 -3.681914E+01 -2.792306E+00
  6.640000E-01  4.408321E+00 -2.759661E+01 -3.695177E+01 -2.800567E+00
  6.660000E-01  4.406598E+00 -2.765994E+01 -3.708440E+01 -2.808815E+00
  6.680000E-01  4.404888E+00 -2.772338E+01 -3.721701E+01 -2.817050E+00
  6.700000E-01  4.403191E+00 -2.778694E+01 -3.734961E+01 -2.825273E+00
  6.720000E-01  4.401506E+00 -2.785063E+01 -3.748221E+01 -2.833482E+00
  6.740000E-01  4.399835E+00 -2.791444E+01 -3.761479E+01 -2.841679E+00
  6.760000E-01  4.398175E+00 -2.797837E+01 -3.774735E+01 -2.849863E+00
  6.780000E-01  4.396528E+00 -2.804242E+01 -3.787991E+01 -2.858034E+00
  6.800000E-01  4.394894E+00 -2.810659E+01 -3.801246E+01 -2.866192E+00
  6.820000E-01  4.393271E+00 -2.817089E+01 -3.814499E+01 -2.874337E+00
  6.840000E-01  4.391660E+00 -2.823530E+01 -3.827751E+01 -2.882470E+00
  6.860000E-01  4.390061E+00 -2.829985E+01 -3.841002E+01 -2.890590E+00
  6.880000E-01  4.388474E+00 -2.836451E+01 -3.854252E+01 -2.898697E+00
  6.900000E-01  4.386899E+00 -2.842930E+01 -3.867501E+01 -2.906792E+00
  6.920000E-01  4.385335E+00 -2.849421E+01 -3.880749E+01 -2.914873E+00
  6.940000E-01  4.383782E+00 -2.855925E+01 -3.893996E+01 -2.922942E+00
  6.960000E-01  4.382240E+00 -2.862441E+01 -3.907241E+01 -2.930999E+00
  6.980000E-01  4.380710E+00 -2.868969E+01 -3.920485E+01 -2.939042E+00
  7.000000E-01  4.379190E+00 -2.875510E+01 -3.933728E+01 -2.947073E+00
  7.020000E-01  4.377681E+00 -2.882063E+01 -3.946970E+01 -2.955092E+00
  7.040000E-01  4.376183E+00 -2.888629E+01 -3.960211E+01 -2.963097E+00
  7.060000E-01  4.374696E+00 -2.895207E+01 -3.973451E+01 -2.971091E+00
  7.080000E-01  4.373219E+00 -2.901798E+01 -3.986689E+01 -2.979071E+00
  7.100000E-01  4.371752E+00 -2.908402E+01 -3.999927E+01 -2.987039E+00
  7.120000E-01  4.370295E+00 -2.915017E+01 -4.013163E+01 -2.994994E+00
  7.140000E-01  4.368849E+00 -2.921646E+01 -4.026398E+01 -3.002937E+00
  7.160000E-01  4.367412E+00 -2.928287E+01 -4.039631E+01 -3.010867E+00
  7.180000E-01  4.365986E+00 -2.934941E+01 -4.052864E+01 -3.018785E+00
  7.200000E-01  4.364569E+00 -2.941607E+01 -4.066095E+01 -3.026690E+00
  7.220000E-01  4.363161E+00 -2.948286E+01 -4.079326E+01 -3.034582E+00
  7.240000E-01  4.361763E+00 -2.954978E+01 -4.092555E+01 -3.042462E+00
  7.260000E-01  4.360375E+00 -2.961682E+01 -4.105782E+01 -3.050330E+00
  7.280000E-01  4.358995E+00 -2.968400E+01 -4.119009E+01 -3.058184E+00
  7.300000E-01  4.357625E+00 -2.975129E+01 -4.132234E+01 -3.066027E+00
  7.320000E-01  4.356264E+00 -2.981872E+01 -4.145459E+01 -3.073857E+00
  7.340000E-01  4.354912E+00 -2.988627E+01 -4.158682E+01 -3.081674E+00
  7.360000E-01  4.353568E+00 -2.995395E+01 -4.171903E+01 -3.089479E+00
  7.380000E-01  4.352234E+00 -3.002176E+01 -4.185124E+01 -3.097272E+00
  7.400000E-01  4.346911E+00 -3.006605E+01 -4.194421E+01 -3.102435E+00
  7.420000E-01  4.344353E+00 -3.012668E+01 -4.206407E+01 -3.109384E+00
  7.440000E-01  4.341700E+00 -3.018678E+01 -4.218284E+01 -3.116249E+00
  7.460000E-01  4.338962E+00 -3.024640E+01 -4.230057E+01 -3.123036E+00
  7.480000E-01  4.336147E+00 -3.030558E+01 -4.241735E+01 -3.129749E+00
  7.500000E-01  4.333260E+00 -3.036434E+01 -4.253322E+01 -3.136392E+00
  7.520000E-01  4.330307E+00 -3.042272E+01 -4.264823E+01 -3.142968E+00
  7.540000E-01  4.327294E+00 -3.048074E+01 -4.276241E+01 -3.149480E+00
  7.560000E-01  4.324224E+00 -3.053843E+01 -4.287581E+01 -3.155930E+00
  7.580000E-01  4.321101E+00 -3.059579E+01 -4.298845E+01 -3.162321E+00
  7.600000E-01  4.317930E+00 -3.065286E+01 -4.310036E+01 -3.168654E+00
  7.620000E-01  4.314714E+00 -3.070964E+01 -4.321157E+01 -3.174931E+00
  7.640000E-01  4.311455E+00 -3.076615E+01 -4.332210E+01 -3.181154E+00
  7.660000E-01  4.308156E+00 -3.082240E+01 -4.343196E+01 -3.187324E+00
  7.680000E-01  4.304821E+00 -3.087842E+01 -4.354118E+01 -3.193443E+00
  7.700000E-01  4.301451E+00 -3.093419E+01 -4.364978E+01 -3.199512E+00
  7.720000E-01  4.298049E+00 -3.098975E+01 -4.375778E+01 -3.205533E+00
  7.740000E-01  4.294618E+00 -3.104509E+01 -4.386518E+01 -3.211505E+00
  7.760000E-01  4.291159E+00 -3.110023E+01 -4.397200E+01 -3.217431E+00
  7.780000E-01  4.287674E+00 -3.115518E+01 -4.407827E+01 -3.223311E+00
  7.800000E-01  4.284165E+00 -3.120995E+01 -4.418398E+01 -3.229147E+00
  7.820000E-01  4.280634E+00 -3.126453E+01 -4.428915E+01 -3.234939E+00
  7.840000E-01  4.277083E+00 -3.131895E+01 -4.439380E+01 -3.240687E+00
  7.860000E-01  4.273513E+00 -3.137321E+01 -4.449794E+01 -3.246394E+00
  7.880000E-01  4.269926E+00 -3.142731E+01 -4.460156E+01 -3.252059E+00
  7.900000E-01  4.266323E+00 -3.148126E+01 -4.470470E+01 -3.257684E+00
  7.920000E-01  4.262706E+00 -3.153507E+01 -4.480735E+01 -3.263269E+00
  7.940000E-01  4.259076E+00 -3.158875E+01 -4.490952E+01 -3.268814E+00
  7.960000E-01  4.255435E+00 -3.164230E+01 -4.501123E+01 -3.274321E+00
  7.980000E-01  4.251783E+00 -3.169572E+01 -4.511248E+01 -3.279790E+00
  8.000000E-01  4.248122E+00 -3.174903E+01 -4.521327E+01 -3.285222E+00
  8.020000E-01  4.244453E+00 -3.180222E+01 -4.531363E+01 -3.290617E+00
  8.040000E-01  4.240777E+00 -3.185530E+01 -4.541355E+01 -3.295975E+00
  8.060000E-01  4.237095E+00 -3.190828E+01 -4.551304E+01 -3.301298E+00
  8.080000E-01  4.233409E+00 -3.196116E+01 -4.561211E+01 -3.306586E+00
  8.100000E-01  4.229719E+00 -3.201395E+01 -4.571077E+01 -3.311839E+00
  8.120000E-01  4.226026E+00 -3.206665E+01 -4.580901E+01 -3.317057E+00
  8.140000E-01  4.222331E+00 -3.211926E+01 -4.590686E+01 -3.322242E+00
  8.160000E-01  4.218635E+00 -3.217179E+01 -4.600431E+01 -3.327394E+00
  8.180000E-01  4.214939E+00 -3.222425E+01 -4.610138E+01 -3.332513E+00
  8.200000E-01  4.211243E+00 -3.227663E+01 -4.619805E+01 -3.337600E+00
  8.220000E-01  4.207549E+00 -3.232894E+01 -4.629435E+01 -3.342654E+00
  8.240000E-01  4.203857E+00 -3.238119E+01 -4.639028E+01 -3.347677E+00
  8.260000E-01  4.200168E+00 -3.243338E+01 -4.648584E+01 -3.352669E+00
  8.280000E-01  4.196483E+00 -3.248550E+01 -4.658104E+01 -3.357630E+00
  8.300000E-01  4.192802E+00 -3.253758E+01 -4.667588E+01 -3.362561E+00
  8.320000E-01  4.189126E+00 -3.258960E+01 -4.677036E+01 -3.367462E+00
  8.340000E-01  4.185456E+00 -3.264157E+01 -4.686450E+01 -3.372333E+00
  8.360000E-01  4.181792E+00 -3.269349E+01 -4.695830E+01 -3.377174E+00
  8.380000E-01  4.178135E+00 -3.274537E+01 -4.705175E+01 -3.381987E+00
  8.400000E-01  4.174486E+00 -3.279722E+01 -4.714488E+01 -3.386771E+00
  8.420000E-01  4.170844E+00 -3.284902E+01 -4.723767E+01 -3.391527E+00
  8.440000E-01  4.167211E+00 -3.290080E+01 -4.733013E+01 -3.396254E+00
  8.460000E-01  4.163587E+00 -3.295254E+01 -4.742227E+01 -3.400954E+00
  8.480000E-01  4.159972E+00 -3.300425E+01 -4.751410E+01 -3.405626E+00
  8.500000E-01  4.156367E+00 -3.305594E+01 -4.760561E+01 -3.410271E+00
  8.520000E-01  4.152773E+00 -3.310760E+01 -4.769680E+01 -3.414890E+00
  8.540000E-01  4.149190E+00 -3.315924E+01 -4.778769E+01 -3.419481E+00
  8.560000E-01  4.145618E+00 -3.321087E+01 -4.787828E+01 -3.424047E+00
  8.580000E-01  4.142058E+00 -3.326247E+01 -4.796857E+01 -3.428586E+00
  8.600000E-01  4.138510E+00 -3.331407E+01 -4.805856E+01 -3.433100E+00
  8.620000E-01  4.134975E+00 -3.336565E+01 -4.814825E+01 -3.437588E+00
  8.640000E-01  4.131452E+00 -3.341722E+01 -4.823766E+01 -3.442050E+00
  8.660000E-01  4.127943E+00 -3.346878E+01 -4.832678E+01 -3.446488E+00
  8.680000E-01  4.124447E+00 -3.352034E+01 -4.841561E+01 -3.450901E+00
  8.700000E-01  4.120966E+00 -3.357190E+01 -4.850417E+01 -3.455289E+00
  8.720000E-01  4.117498E+00 -3.362345E+01 -4.859244E+01 -3.459653E+00
  8.740000E-01  4.114045E+00 -3.367501E+01 -4.868044E+01 -3.463993E+00
  8.760000E-01  4.110607E+00 -3.372657E+01 -4.876817E+01 -3.468309E+00
  8.780000E-01  4.107184E+00 -3.377813E+01 -4.885563E+01 -3.472601E+00
  8.800000E-01  4.103777E+00 -3.382970E+01 -4.894283E+01 -3.476870E+00
  8.820000E-01  4.100385E+00 -3.388127E+01 -4.902976E+01 -3.481116E+00
  8.840000E-01  4.097009E+00 -3.393286E+01 -4.911642E+01 -3.485338E+00
  8.860000E-01  4.093649E+00 -3.398446E+01 -4.920283E+01 -3.489538E+00
  8.880000E-01  4.090306E+00 -3.403607E+01 -4.928899E+01 -3.493715E+00
  8.900000E-01  4.086979E+00 -3.408770E+01 -4.937489E+01 -3.497869E+00
  8.920000E-01  4.083669E+00 -3.413934E+01 -4.946054E+01 -3.502002E+00
  8.940000E-01  4.080376E+00 -3.419100E+01 -4.954594E+01 -3.506112E+00
  8.960000E-01  4.077100E+00 -3.424268E+01 -4.963109E+01 -3.510200E+00
  8.980000E-01  4.073842E+00 -3.429438E+01 -4.971600E+01 -3.514267E+00
  9.000000E-01  4.070601E+00 -3.434611E+01 -4.980067E+01 -3.518312E+00
  9.020000E-01  4.067378E+00 -3.439785E+01 -4.988510E+01 -3.522336E+00
  9.040000E-01  4.064173E+00 -3.444963E+01 -4.996929E+01 -3.526338E+00
  9.060000E-01  4.060986E+00 -3.450143E+01 -5.005325E+01 -3.530320E+00
  9.080000E-01  4.057817E+00 -3.455326E+01 -5.013697E+01 -3.534280E+00
  9.100000E-01  4.054667E+00 -3.460512E+01 -5.022046E+01 -3.538220E+00
  9.120000E-01  4.051535E+00 -3.465701E+01 -5.030373E+01 -3.542140E+00
  9.140000E-01  4.048421E+00 -3.470893E+01 -5.038677E+01 -3.546039E+00
  9.160000E-01  4.045326E+00 -3.476088E+01 -5.046958E+01 -3.549917E+00
  9.180000E-01  4.042251E+00 -3.481287E+01 -5.055217E+01 -3.553776E+00
  9.200000E-01  4.039194E+00 -3.486490E+01 -5.063454E+01 -3.557615E+00
  9.220000E-01  4.036156E+00 -3.491696E+01 -5.071670E+01 -3.561434E+00
  9.240000E-01  4.033137E+00 -3.496907E+01 -5.079863E+01 -3.565234E+00
  9.260000E-01  4.030137E+00 -3.502121E+01 -5.088035E+01 -3.569014E+00
  9.280000E-01  4.027157E+00 -3.507339E+01 -5.096186E+01 -3.572774E+00
  9.300000E-01  4.024196E+00 -3.512562E+01 -5.104316E+01 -3.576516E+00
  9.320000E-01  4.021255E+00 -3.517789E+01 -5.112425E+01 -3.580238E+00
  9.340000E-01  4.018333E+00 -3.523020E+01 -5.120513E+01 -3.583942E+00
  9.360000E-01  4.014134E+00 -3.526198E+01 -5.126010E+01 -3.586210E+00
  9.380000E-01  4.010470E+00 -3.530195E+01 -5.132515E+01 -3.589030E+00
  9.400000E-01  4.006737E+00 -3.534052E+01 -5.138829E+01 -3.591741E+00
  9.420000E-01  4.002953E+00 -3.537797E+01 -5.144986E+01 -3.594362E+00
  9.440000E-01  3.999130E+00 -3.541446E+01 -5.151008E+01 -3.596905E+00
  9.460000E-01  3.995275E+00 -3.545012E+01 -5.156912E+01 -3.599380E+00
  9.480000E-01  3.991397E+00 -3.548505E+01 -5.162711E+01 -3.601794E+00
  9.500000E-01  3.987500E+00 -3.551934E+01 -5.168416E+01 -3.604154E+00
  9.520000E-01  3.983589E+00 -3.555304E+01 -5.174035E+01 -3.606464E+00
  9.540000E-01  3.979668E+00 -3.558623E+01 -5.179576E+01 -3.608729E+00
  9.560000E-01  3.975740E+00 -3.561893E+01 -5.185044E+01 -3.610951E+00
  9.580000E-01  3.971808E+00 -3.565120E+01 -5.190446E+01 -3.613133E+00
  9.600000E-01  3.967874E+00 -3.568307E+01 -5.195785E+01 -3.615280E+00
  9.620000E-01  3.963941E+00 -3.571456E+01 -5.201066E+01 -3.617391E+00
  9.640000E-01  3.960010E+00 -3.574571E+01 -5.206293E+01 -3.619471E+00
  9.660000E-01  3.956083E+00 -3.577655E+01 -5.211468E+01 -3.621520E+00
  9.680000E-01  3.952161E+00 -3.580708E+01 -5.216594E+01 -3.623541E+00
  9.700000E-01  3.948246E+00 -3.583734E+01 -5.221676E+01 -3.625534E+00
  9.720000E-01  3.944339E+00 -3.586733E+01 -5.226713E+01 -3.627501E+00
  9.740000E-01  3.940441E+00 -3.589709E+01 -5.231710E+01 -3.629444E+00
  9.760000E-01  3.936552E+00 -3.592662E+01 -5.236668E+01 -3.631363E+00
  9.780000E-01  3.932675E+00 -3.595593E+01 -5.241588E+01 -3.633260E+00
  9.800000E-01  3.928809E+00 -3.598504E+01 -5.246474E+01 -3.635135E+00
  9.820000E-01  3.924955E+00 -3.601397E+01 -5.251325E+01 -3.636990E+00
  9.840000E-01  3.921114E+00 -3.604271E+01 -5.256145E+01 -3.638825E+00
  9.860000E-01  3.917287E+00 -3.607130E+01 -5.260933E+01 -3.640642E+00
  9.880000E-01  3.913474E+00 -3.609972E+01 -5.265693E+01 -3.642440E+00
  9.900000E-01  3.909675E+00 -3.612799E+01 -5.270424E+01 -3.644221E+00
  9.920000E-01  3.905892E+00 -3.615613E+01 -5.275129E+01 -3.645986E+00
  9.940000E-01  3.902124E+00 -3.618414E+01 -5.279808E+01 -3.647734E+00
  9.960000E-01  3.898372E+00 -3.621203E+01 -5.284463E+01 -3.649467E+00
  9.980000E-01  3.894636E+00 -3.623980E+01 -5.289094E+01 -3.651186E+00
  1.000000E+00  3.890916E+00 -3.626747E+01 -5.293703E+01 -3.652891E+00
  1.002000E+00  3.887214E+00 -3.629504E+01 -5.298292E+01 -3.654582E+00
  1.004000E+00  3.883528E+00 -3.632252E+01 -5.302860E+01 -3.656261E+00
  1.006000E+00  3.879860E+00 -3.634992E+01 -5.307411E+01 -3.657928E+00
  1.008000E+00  3.876209E+00 -3.637725E+01 -5.311944E+01 -3.659583E+00
  1.010000E+00  3.872577E+00 -3.640452E+01 -5.316462E+01 -3.661229E+00
  1.012000E+00  3.868963E+00 -3.643174E+01 -5.320967E+01 -3.662866E+00
  1.014000E+00  3.865367E+00 -3.645895E+01 -5.325465E+01 -3.664497E+00
  1.016000E+00  3.861790E+00 -3.648622E+01 -5.329966E+01 -3.666128E+00
  1.018000E+00  3.858232E+00 -3.651342E+01 -5.334449E+01 -3.667747E+00
  1.020000E+00  3.854692E+00 -3.654052E+01 -5.338910E+01 -3.669353E+00
  1.022000E+00  3.851170E+00 -3.656752E+01 -5.343349E+01 -3.670944E+00
  1.024000E+00  3.847666E+00 -3.659443E+01 -5.347766E+01 -3.672522E+00
  1.026000E+00  3.844180E+00 -3.662125E+01 -5.352162E+01 -3.674087E+00
  1.028000E+00  3.840713E+00 -3.664798E+01 -5.356538E+01 -3.675638E+00
  1.030000E+00  3.837263E+00 -3.667462E+01 -5.360893E+01 -3.677177E+00
  1.032000E+00  3.833833E+00 -3.670118E+01 -5.365229E+01 -3.678703E+00
  1.034000E+00  3.830420E+00 -3.672767E+01 -5.369545E+01 -3.680217E+00
  1.036000E+00  3.827026E+00 -3.675407E+01 -5.373842E+01 -3.681718E+00
  1.038000E+00  3.823651E+00 -3.678040E+01 -5.378121E+01 -3.683208E+00
  1.040000E+00  3.820294E+00 -3.680666E+01 -5.382381E+01 -3.684686E+00
  1.042000E+00  3.816956E+00 -3.683285E+01 -5.386623E+01 -3.686152E+00
  1.044000E+00  3.813636E+00 -3.685897E+01 -5.390847E+01 -3.687607E+00
  1.046000E+00  3.810335E+00 -3.688503E+01 -5.395054E+01 -3.689050E+00
  1.048000E+00  3.807052E+00 -3.691102E+01 -5.399244E+01 -3.690483E+00
  1.050000E+00  3.803788E+00 -3.693695E+01 -5.403417E+01 -3.691904E+00
  1.052000E+00  3.800542E+00 -3.696282E+01 -5.407573E+01 -3.693315E+00
  1.054000E+00  3.797315E+00 -3.698863E+01 -5.411713E+01 -3.694716E+00
  1.056000E+00  3.794107E+00 -3.701438E+01 -5.415838E+01 -3.696106E+00
  1.058000E+00  3.790917E+00 -3.704008E+01 -5.419946E+01 -3.697486E+00
  1.060000E+00  3.787745E+00 -3.706572E+01 -5.424039E+01 -3.698855E+00
  1.062000E+00  3.784592E+00 -3.709131E+01 -5.428117E+01 -3.700215E+00
  1.064000E+00  3.781458E+00 -3.711685E+01 -5.432180E+01 -3.701565E+00
  1.066000E+00  3.778341E+00 -3.714235E+01 -5.436227E+01 -3.702905E+00
  1.068000E+00  3.775243E+00 -3.716779E+01 -5.440261E+01 -3.704236E+00
  1.070000E+00  3.772163E+00 -3.719318E+01 -5.444279E+01 -3.705557E+00
  1.072000E+00  3.769102E+00 -3.721853E+01 -5.448284E+01 -3.706869E+00
  1.074000E+00  3.766059E+00 -3.724384E+01 -5.452274E+01 -3.708172E+00
  1.076000E+00  3.763033E+00 -3.726910E+01 -5.456251E+01 -3.709465E+00
  1.078000E+00  3.760026E+00 -3.729432E+01 -5.460214E+01 -3.710750E+00
  1.080000E+00  3.757037E+00 -3.731950E+01 -5.464164E+01 -3.712026E+00
  1.082000E+00  3.754066E+00 -3.734464E+01 -5.468100E+01 -3.713293E+00
  1.084000E+00  3.751113E+00 -3.736974E+01 -5.472023E+01 -3.714551E+00
  1.086000E+00  3.748178E+00 -3.739480E+01 -5.475933E+01 -3.715800E+00
  1.088000E+00  3.745261E+00 -3.741982E+01 -5.479830E+01 -3.717042E+00
  1.090000E+00  3.742361E+00 -3.744481E+01 -5.483714E+01 -3.718274E+00
  1.092000E+00  3.739479E+00 -3.746976E+01 -5.487586E+01 -3.719499E+00
  1.094000E+00  3.736615E+00 -3.749468E+01 -5.491446E+01 -3.720715E+00
  1.096000E+00  3.733768E+00 -3.751956E+01 -5.495293E+01 -3.721923E+00
  1.098000E+00  3.730939E+00 -3.754441E+01 -5.499129E+01 -3.723123E+00
  1.100000E+00  3.728127E+00 -3.756923E+01 -5.502952E+01 -3.724315E+00
  1.102000E+00  3.725333E+00 -3.759401E+01 -5.506763E+01 -3.725499E+00
  1.104000E+00  3.722556E+00 -3.761877E+01 -5.510563E+01 -3.726675E+00
  1.106000E+00  3.719796E+00 -3.764349E+01 -5.514351E+01 -3.727844E+00
  1.108000E+00  3.717053E+00 -3.766819E+01 -5.518127E+01 -3.729005E+00
  1.110000E+00  3.714328E+00 -3.769286E+01 -5.521892E+01 -3.730158E+00
  1.112000E+00  3.711619E+00 -3.771749E+01 -5.525646E+01 -3.731304E+00
  1.114000E+00  3.708928E+00 -3.774210E+01 -5.529389E+01 -3.732442E+00
  1.116000E+00  3.706253E+00 -3.776669E+01 -5.533121E+01 -3.733573E+00
  1.118000E+00  3.703595E+00 -3.779124E+01 -5.536841E+01 -3.734696E+00
  1.120000E+00  3.700954E+00 -3.781577E+01 -5.540551E+01 -3.735813E+00
  1.122000E+00  3.698330E+00 -3.784028E+01 -5.544250E+01 -3.736922E+00
  1.124000E+00  3.695722E+00 -3.786476E+01 -5.547939E+01 -3.738024E+00
  1.126000E+00  3.693131E+00 -3.788921E+01 -5.551617E+01 -3.739119E+00
  1.128000E+00  3.690556E+00 -3.791364E+01 -5.555284E+01 -3.740207E+00
  1.130000E+00  3.687997E+00 -3.793805E+01 -5.558941E+01 -3.741288E+00
  1.132000E+00  3.685455E+00 -3.796244E+01 -5.562588E+01 -3.742362E+00
  1.134000E+00  3.682929E+00 -3.798680E+01 -5.566225E+01 -3.743429E+00
  1.136000E+00  3.680420E+00 -3.801114E+01 -5.569851E+01 -3.744489E+00
  1.138000E+00  3.677926E+00 -3.803546E+01 -5.573468E+01 -3.745543E+00
  1.140000E+00  3.675449E+00 -3.805976E+01 -5.577074E+01 -3.746590E+00
  1.142000E+00  3.672987E+00 -3.808403E+01 -5.580671E+01 -3.747630E+00
  1.144000E+00  3.670541E+00 -3.810829E+01 -5.584258E+01 -3.748664E+00
  1.146000E+00  3.668111E+00 -3.813253E+01 -5.587835E+01 -3.749691E+00
  1.148000E+00  3.665697E+00 -3.815674E+01 -5.591402E+01 -3.750712E+00
  1.150000E+00  3.663298E+00 -3.818094E+01 -5.594960E+01 -3.751726E+00
  1.152000E+00  3.660915E+00 -3.820512E+01 -5.598509E+01 -3.752734E+00
  1.154000E+00  3.658548E+00 -3.822928E+01 -5.602048E+01 -3.753735E+00
  1.156000E+00  3.656196E+00 -3.825342E+01 -5.605577E+01 -3.754731E+00
  1.158000E+00  3.653859E+00 -3.827754E+01 -5.609098E+01 -3.755720E+00
  1.160000E+00  3.651538E+00 -3.830164E+01 -5.612609E+01 -3.756702E+00
  1.162000E+00  3.649231E+00 -3.832573E+01 -5.616111E+01 -3.757679E+00
  1.164000E+00  3.646940E+00 -3.834980E+01 -5.619604E+01 -3.758649E+00
  1.166000E+00  3.644664E+00 -3.837385E+01 -5.623087E+01 -3.759614E+00
  1.168000E+00  3.642403E+00 -3.839789E+01 -5.626562E+01 -3.760572E+00
  1.170000E+00  3.640157E+00 -3.842191E+01 -5.630028E+01 -3.761524E+00
  1.172000E+00  3.637926E+00 -3.844591E+01 -5.633485E+01 -3.762470E+00
  1.174000E+00  3.635709E+00 -3.846990E+01 -5.636933E+01 -3.763411E+00
  1.176000E+00  3.633507E+00 -3.849387E+01 -5.640373E+01 -3.764345E+00
  1.178000E+00  3.631320E+00 -3.851783E+01 -5.643803E+01 -3.765274E+00
  1.180000E+00  3.629147E+00 -3.854177E+01 -5.647225E+01 -3.766196E+00
  1.182000E+00  3.626989E+00 -3.856570E+01 -5.650639E+01 -3.767113E+00
  1.184000E+00  3.624845E+00 -3.858961E+01 -5.654044E+01 -3.768025E+00
  1.186000E+00  3.622716E+00 -3.861350E+01 -5.657440E+01 -3.768930E+00
  1.188000E+00  3.620601E+00 -3.863739E+01 -5.660828E+01 -3.769830E+00
  1.190000E+00  3.618500E+00 -3.866125E+01 -5.664207E+01 -3.770724E+00
  1.192000E+00  3.616413E+00 -3.868511E+01 -5.667578E+01 -3.771612E+00
  1.194000E+00  3.614340E+00 -3.870895E+01 -5.670941E+01 -3.772495E+00
  1.196000E+00  3.612281E+00 -3.873277E+01 -5.674296E+01 -3.773373E+00
  1.198000E+00  3.610236E+00 -3.875659E+01 -5.677642E+01 -3.774244E+00
  1.200000E+00  3.608205E+00 -3.878039E+01 -5.680980E+01 -3.775111E+00
