  1.000000E-02  9.988863E-01  1.113715E-03  0.000000E+00  0.000000E+00  0.000000E+00  0.000000E+00  0.000000E+00  0.000000E+00  1.113715E-03  0.000000E+00
  1.200000E-02  9.985894E-01  1.410551E-03  0.000000E+00  0.000000E+00  0.000000E+00  0.000000E+00  0.000000E+00  0.000000E+00  1.410551E-03  0.000000E+00
  1.400000E-02  9.982762E-01  1.723848E-03  0.000000E+00  0.000000E+00  0.000000E+00  0.000000E+00  0.000000E+00  0.000000E+00  1.723848E-03  0.000000E+00
  1.600000E-02  9.979478E-01  2.052242E-03  0.000000E+00  0.000000E+00  0.000000E+00  0.000000E+00  0.000000E+00  0.000000E+00  2.052242E-03  0.000000E+00
  1.800000E-02  9.976053E-01  2.394676E-03  0.000000E+00  0.000000E+00  0.000000E+00  0.000000E+00  0.000000E+00  0.000000E+00  2.394676E-03  0.000000E+00
  2.000000E-02  9.972497E-01  2.750315E-03  0.000000E+00  0.000000E+00  0.000000E+00  0.000000E+00  0.000000E+00  0.000000E+00  2.750315E-03  0.000000E+00
  2.200000E-02  9.968815E-01  3.118480E-03  0.000000E+00  0.000000E+00  0.000000E+00  0.000000E+00  0.000000E+00  0.000000E+00  3.118480E-03  0.000000E+00
  2.400000E-02  9.965014E-01  3.498614E-03  0.000000E+00  0.000000E+00  0.000000E+00  0.000000E+00  0.000000E+00  0.000000E+00  3.498614E-03  0.000000E+00
  2.600000E-02  9.961097E-01  3.890252E-03  0.000000E+00  0.000000E+00  0.000000E+00  0.000000E+00  0.000000E+00  0.000000E+00  3.890252E-03  0.000000E+00
  2.800000E-02  9.957070E-01  4.292999E-03  0.000000E+00  0.000000E+00  0.000000E+00  0.000000E+00  0.000000E+00  0.000000E+00  4.292999E-03  0.000000E+00
  3.000000E-02  9.952935E-01  4.706521E-03  0.000000E+00  0.000000E+00  0.000000E+00  0.000000E+00  0.000000E+00  0.000000E+00  4.706521E-03  0.000000E+00
  3.200000E-02  9.948695E-01  5.130529E-03  0.000000E+00  0.000000E+00  0.000000E+00  0.000000E+00  0.000000E+00  0.000000E+00  5.130529E-03  0.000000E+00
  3.400000E-02  9.944352E-01  5.564772E-03  0.000000E+00  0.000000E+00  0.000000E+00  0.000000E+00  0.000000E+00  0.000000E+00  5.564772E-03  0.000000E+00
  3.600000E-02  9.939910E-01  6.009031E-03  0.000000E+00  0.000000E+00  0.000000E+00  0.000000E+00  0.000000E+00  0.000000E+00  6.009031E-03  0.000000E+00
  3.800000E-02  9.935369E-01  6.463112E-03  0.000000E+00  0.000000E+00  0.000000E+00  0.000000E+00  0.000000E+00  0.000000E+00  6.463112E-03  0.000000E+00
  4.000000E-02  9.930732E-01  6.926843E-03  0.000000E+00  0.000000E+00  0.000000E+00  0.000000E+00  0.000000E+00  0.000000E+00  6.926843E-03  0.000000E+00
  4.200000E-02  9.925999E-01  7.400072E-03  0.000000E+00  0.000000E+00  0.000000E+00  0.000000E+00  0.000000E+00  0.000000E+00  7.400072E-03  0.000000E+00
  4.400000E-02  9.921173E-01  7.882659E-03  0.000000E+00  0.000000E+00  0.000000E+00  0.000000E+00  0.000000E+00  0.000000E+00  7.882659E-03  0.000000E+00
  4.600000E-02  9.916255E-01  8.374478E-03  0.000000E+00  0.000000E+00  0.000000E+00  0.000000E+00  0.000000E+00  0.000000E+00  8.374478E-03  0.000000E+00
  4.800000E-02  9.911246E-01  8.875414E-03  0.000000E+00  0.000000E+00  0.000000E+00  0.000000E+00  0.000000E+00  0.000000E+00  8.875414E-03  0.000000E+00
  5.000000E-02  9.906146E-01  9.385361E-03  0.000000E+00  0.000000E+00  0.000000E+00  0.000000E+00  0.000000E+00  0.000000E+00  9.385361E-03  0.000000E+00
  5.200000E-02  9.900958E-01  9.904220E-03  0.000000E+00  0.000000E+00  0.000000E+00  0.000000E+00  0.000000E+00  0.000000E+00  9.904220E-03  0.000000E+00
  5.400000E-02  9.895681E-01  1.043190E-02  0.000000E+00  0.000000E+00  0.000000E+00  0.000000E+00  0.000000E+00  0.000000E+00  1.043190E-02  0.000000E+00
  5.600000E-02  9.890317E-01  1.096831E-02  0.000000E+00  0.000000E+00  0.000000E+00  0.000000E+00  0.000000E+00  0.000000E+00  1.096831E-02  0.000000E+00
  5.800000E-02  9.884866E-01  1.151337E-02  0.000000E+00  0.000000E+00  0.000000E+00  0.000000E+00  0.000000E+00  0.000000E+00  1.151337E-02  0.000000E+00
  6.000000E-02  9.879330E-01  1.206699E-02  0.000000E+00  0.000000E+00  0.000000E+00  0.000000E+00  0.000000E+00  0.000000E+00  1.206699E-02  0.000000E+00
  6.200000E-02  9.873709E-01  1.262911E-02  0.000000E+00  0.000000E+00  0.000000E+00  0.000000E+00  0.000000E+00  0.000000E+00  1.262911E-02  0.000000E+00
  6.400000E-02  9.868003E-01  1.319965E-02  0.000000E+00  0.000000E+00  0.000000E+00  0.000000E+00  0.000000E+00  0.000000E+00  1.319965E-02  0.000000E+00
  6.600000E-02  9.862215E-01  1.377853E-02  0.000000E+00  0.000000E+00  0.000000E+00  0.000000E+00  0.000000E+00  0.000000E+00  1.377853E-02  0.000000E+00
  6.800000E-02  9.856343E-01  1.436568E-02  0.000000E+00  0.000000E+00  0.000000E+00  0.000000E+00  0.000000E+00  0.000000E+00  1.436568E-02  0.000000E+00
  7.000000E-02  9.850390E-01  1.496104E-02  0.000000E+00  0.000000E+00  0.000000E+00  0.000000E+00  0.000000E+00  0.000000E+00  1.496104E-02  0.000000E+00
  7.200000E-02  9.844355E-01  1.556452E-02  0.000000E+00  0.000000E+00  0.000000E+00  0.000000E+00  0.000000E+00  0.000000E+00  1.556452E-02  0.000000E+00
  7.400000E-02  9.838239E-01  1.617606E-02  0.000000E+00  0.000000E+00  0.000000E+00  0.000000E+00  0.000000E+00  0.000000E+00  1.617606E-02  0.000000E+00
  7.600000E-02  9.832044E-01  1.679559E-02  0.000000E+00  0.000000E+00  0.000000E+00  0.000000E+00  0.000000E+00  0.000000E+00  1.679559E-02  0.000000E+00
  7.800000E-02  9.825770E-01  1.742304E-02  0.000000E+00  0.000000E+00  0.000000E+00  0.000000E+00  0.000000E+00  0.000000E+00  1.742304E-02  0.000000E+00
  8.000000E-02  9.819417E-01  1.805834E-02  0.000000E+00  0.000000E+00  0.000000E+00  0.000000E+00  0.000000E+00  0.000000E+00  1.805834E-02  0.000000E+00
  8.200000E-02  9.812986E-01  1.870141E-02  0.000000E+00  0.000000E+00  0.000000E+00  0.000000E+00  0.000000E+00  0.000000E+00  1.870141E-02  0.000000E+00
  8.400000E-02  9.806478E-01  1.935218E-02  0.000000E+00  0.000000E+00  0.000000E+00  0.000000E+00  0.000000E+00  0.000000E+00  1.935218E-02  0.000000E+00
  8.600000E-02  9.799894E-01  2.001058E-02  0.000000E+00  0.000000E+00  0.000000E+00  0.000000E+00  0.000000E+00  0.000000E+00  2.001058E-02  0.000000E+00
  8.800000E-02  9.793235E-01  2.067653E-02  0.000000E+00  0.000000E+00  0.000000E+00  0.000000E+00  0.000000E+00  0.000000E+00  2.067653E-02  0.000000E+00
  9.000000E-02  9.786500E-01  2.134995E-02  0.000000E+00  0.000000E+00  0.000000E+00  0.000000E+00  0.000000E+00  0.000000E+00  2.134995E-02  0.000000E+00
  9.200000E-02  9.779692E-01  2.203078E-02  0.000000E+00  0.000000E+00  0.000000E+00  0.000000E+00  0.000000E+00  0.000000E+00  2.203078E-02  0.000000E+00
  9.400000E-02  9.772811E-01  2.271892E-02  0.000000E+00  0.000000E+00  0.000000E+00  0.000000E+00  0.000000E+00  0.000000E+00  2.271892E-02  0.000000E+00
  9.600000E-02  9.765857E-01  2.341430E-02  0.000000E+00  0.000000E+00  0.000000E+00  0.000000E+00  0.000000E+00  0.000000E+00  2.341430E-02  0.000000E+00
  9.800000E-02  9.758832E-01  2.411684E-02  0.000000E+00  0.000000E+00  0.000000E+00  0.000000E+00  0.000000E+00  0.000000E+00  2.411684E-02  0.000000E+00
  1.000000E-01  9.751735E-01  2.482646E-02  0.000000E+00  0.000000E+00  0.000000E+00  0.000000E+00  0.000000E+00  0.000000E+00  2.482646E-02  0.000000E+00
  1.020000E-01  9.744569E-01  2.554306E-02  0.000000E+00  0.000000E+00  0.000000E+00  0.000000E+00  0.000000E+00  0.000000E+00  2.554306E-02  0.000000E+00
  1.040000E-01  9.737334E-01  2.626657E-02  0.000000E+00  0.000000E+00  0.000000E+00  0.000000E+00  0.000000E+00  0.000000E+00  2.626657E-02  0.000000E+00
  1.060000E-01  9.730031E-01  2.699689E-02  0.000000E+00  0.000000E+00  0.000000E+00  0.000000E+00  0.000000E+00  0.000000E+00  2.699689E-02  0.000000E+00
  1.080000E-01  9.722661E-01  2.773394E-02  0.000000E+00  0.000000E+00  0.000000E+00  0.000000E+00  0.000000E+00  0.000000E+00  2.773394E-02  0.000000E+00
  1.100000E-01  9.715224E-01  2.847763E-02  0.000000E+00  0.000000E+00  0.000000E+00  0.000000E+00  0.000000E+00  0.000000E+00  2.847763E-02  0.000000E+00
  1.120000E-01  9.707721E-01  2.922786E-02  0.000000E+00  0.000000E+00  0.000000E+00  0.000000E+00  0.000000E+00  0.000000E+00  2.922786E-02  0.000000E+00
  1.140000E-01  9.700155E-01  2.998455E-02  0.000000E+00  0.000000E+00  0.000000E+00  0.000000E+00  0.000000E+00  0.000000E+00  2.998455E-02  0.000000E+00
  1.160000E-01  9.692524E-01  3.074758E-02  0.000000E+00  0.000000E+00  0.000000E+00  0.000000E+00  0.000000E+00  0.000000E+00  3.074758E-02  0.000000E+00
  1.180000E-01  9.684831E-01  3.151688E-02  0.000000E+00  0.000000E+00  0.000000E+00  0.000000E+00  0.000000E+00  0.000000E+00  3.151688E-02  0.000000E+00
  1.200000E-01  9.677077E-01  3.229234E-02  0.000000E+00  0.000000E+00  0.000000E+00  0.000000E+00  0.000000E+00  0.000000E+00  3.229234E-02  0.000000E+00
  1.220000E-01  9.669261E-01  3.307386E-02  0.000000E+00  0.000000E+00  0.000000E+00  0.000000E+00  0.000000E+00  0.000000E+00  3.307386E-02  0.000000E+00
  1.240000E-01  9.661387E-01  3.386135E-02  0.000000E+00  0.000000E+00  0.000000E+00  0.000000E+00  0.000000E+00  0.000000E+00  3.386135E-02  0.000000E+00
  1.260000E-01  9.653453E-01  3.465469E-02  0.000000E+00  0.000000E+00  0.000000E+00  0.000000E+00  0.000000E+00  0.000000E+00  3.465469E-02  0.000000E+00
  1.280000E-01  9.645462E-01  3.545379E-02  0.000000E+00  0.000000E+00  0.000000E+00  0.000000E+00  0.000000E+00  0.000000E+00  3.545379E-02  0.000000E+00
  1.300000E-01  9.637415E-01  3.625854E-02  0.000000E+00  0.000000E+00  0.000000E+00  0.000000E+00  0.000000E+00  0.000000E+00  3.625854E-02  0.000000E+00
  1.320000E-01  9.629312E-01  3.706884E-02  0.000000E+00  0.000000E+00  0.000000E+00  0.000000E+00  0.000000E+00  0.000000E+00  3.706884E-02  0.000000E+00
  1.340000E-01  9.621154E-01  3.788457E-02  0.000000E+00  0.000000E+00  0.000000E+00  0.000000E+00  0.000000E+00  0.000000E+00  3.788457E-02  0.000000E+00
  1.360000E-01  9.612653E-01  3.873466E-02  0.000000E+00  0.000000E+00  0.000000E+00  0.000000E+00  0.000000E+00  0.000000E+00  3.869640E-02  3.826682E-05
  1.380000E-01  9.602937E-01  3.970628E-02  0.000000E+00  0.000000E+00  0.000000E+00  0.000000E+00  0.000000E+00  0.000000E+00  3.947544E-02  2.308363E-04
  1.400000E-01  9.592584E-01  4.074158E-02  0.000000E+00  0.000000E+00  0.000000E+00  0.000000E+00  0.000000E+00  0.000000E+00  4.023872E-02  5.028552E-04
  1.420000E-01  9.581787E-01  4.182126E-02  0.000000E+00  0.000000E+00  0.000000E+00  0.000000E+00  0.000000E+00  0.000000E+00  4.099160E-02  8.296576E-04
  1.440000E-01  9.570643E-01  4.293571E-02  0.000000E+00  0.000000E+00  0.000000E+00  0.000000E+00  0.000000E+00  0.000000E+00  4.173658E-02  1.199124E-03
  1.460000E-01  9.559212E-01  4.407876E-02  0.000000E+00  0.000000E+00  0.000000E+00  0.000000E+00  0.000000E+00  0.000000E+00  4.247516E-02  1.603598E-03
  1.480000E-01  9.547540E-01  4.524600E-02  0.000000E+00  0.000000E+00  0.000000E+00  0.000000E+00  0.000000E+00  0.000000E+00  4.320833E-02  2.037670E-03
  1.500000E-01  9.535659E-01  4.643408E-02  0.000000E+00  0.000000E+00  0.000000E+00  0.000000E+00  0.000000E+00  0.000000E+00  4.393683E-02  2.497254E-03
  1.520000E-01  9.523597E-01  4.764031E-02  0.000000E+00  0.000000E+00  0.000000E+00  0.000000E+00  0.000000E+00  0.000000E+00  4.466118E-02  2.979131E-03
  1.540000E-01  9.511375E-01  4.886247E-02  0.000000E+00  0.000000E+00  0.000000E+00  0.000000E+00  0.000000E+00  0.000000E+00  4.538179E-02  3.480682E-03
  1.560000E-01  9.499013E-01  5.009872E-02  0.000000E+00  0.000000E+00  0.000000E+00  0.000000E+00  0.000000E+00  0.000000E+00  4.609899E-02  3.999728E-03
  1.580000E-01  9.486525E-01  5.134745E-02  0.000000E+00  0.000000E+00  0.000000E+00  0.000000E+00  0.000000E+00  0.000000E+00  4.681303E-02  4.534425E-03
  1.600000E-01  9.473927E-01  5.260730E-02  0.000000E+00  0.000000E+00  0.000000E+00  0.000000E+00  0.000000E+00  0.000000E+00  4.752411E-02  5.083185E-03
  1.620000E-01  9.461230E-01  5.387703E-02  0.000000E+00  0.000000E+00  0.000000E+00  0.000000E+00  0.000000E+00  0.000000E+00  4.823240E-02  5.644629E-03
  1.640000E-01  9.448444E-01  5.515558E-02  0.000000E+00  0.000000E+00  0.000000E+00  0.000000E+00  0.000000E+00  0.000000E+00  4.893804E-02  6.217545E-03
  1.660000E-01  9.435580E-01  5.644197E-02  0.000000E+00  0.000000E+00  0.000000E+00  0.000000E+00  0.000000E+00  0.000000E+00  4.964111E-02  6.800859E-03
  1.680000E-01  9.422647E-01  5.773533E-02  0.000000E+00  0.000000E+00  0.000000E+00  0.000000E+00  0.000000E+00  0.000000E+00  5.034171E-02  7.393613E-03
  1.700000E-01  9.409651E-01  5.903486E-02  0.000000E+00  0.000000E+00  0.000000E+00  0.000000E+00  0.000000E+00  0.000000E+00  5.103991E-02  7.994947E-03
  1.720000E-01  9.396602E-01  6.033983E-02  0.000000E+00  0.000000E+00  0.000000E+00  0.000000E+00  0.000000E+00  0.000000E+00  5.173575E-02  8.604084E-03
  1.740000E-01  9.383504E-01  6.164959E-02  0.000000E+00  0.000000E+00  0.000000E+00  0.000000E+00  0.000000E+00  0.000000E+00  5.242927E-02  9.220319E-03
  1.760000E-01  9.370365E-01  6.296352E-02  0.000000E+00  0.000000E+00  0.000000E+00  0.000000E+00  0.000000E+00  0.000000E+00  5.312051E-02  9.843009E-03
  1.780000E-01  9.357190E-01  6.428105E-02  0.000000E+00  0.000000E+00  0.000000E+00  0.000000E+00  0.000000E+00  0.000000E+00  5.380948E-02  1.047157E-02
  1.800000E-01  9.343984E-01  6.560165E-02  0.000000E+00  0.000000E+00  0.000000E+00  0.000000E+00  0.000000E+00  0.000000E+00  5.449620E-02  1.110545E-02
  1.820000E-01  9.330752E-01  6.692483E-02  0.000000E+00  0.000000E+00  0.000000E+00  0.000000E+00  0.000000E+00  0.000000E+00  5.518066E-02  1.174417E-02
  1.840000E-01  9.317499E-01  6.825013E-02  0.000000E+00  0.000000E+00  0.000000E+00  0.000000E+00  0.000000E+00  0.000000E+00  5.586288E-02  1.238725E-02
  1.860000E-01  9.304229E-01  6.957712E-02  0.000000E+00  0.000000E+00  0.000000E+00  0.000000E+00  0.000000E+00  0.000000E+00  5.654284E-02  1.303428E-02
  1.880000E-01  9.290946E-01  7.090539E-02  0.000000E+00  0.000000E+00  0.000000E+00  0.000000E+00  0.000000E+00  0.000000E+00  5.722054E-02  1.368485E-02
  1.900000E-01  9.277654E-01  7.223456E-02  0.000000E+00  0.000000E+00  0.000000E+00  0.000000E+00  0.000000E+00  0.000000E+00  5.789596E-02  1.433861E-02
  1.920000E-01  9.264357E-01  7.356428E-02  0.000000E+00  0.000000E+00  0.000000E+00  0.000000E+00  0.000000E+00  0.000000E+00  5.856909E-02  1.499519E-02
  1.940000E-01  9.251058E-01  7.489420E-02  0.000000E+00  0.000000E+00  0.000000E+00  0.000000E+00  0.000000E+00  0.000000E+00  5.923991E-02  1.565429E-02
  1.960000E-01  9.237760E-01  7.622401E-02  0.000000E+00  0.000000E+00  0.000000E+00  0.000000E+00  0.000000E+00  0.000000E+00  5.990841E-02  1.631560E-02
  1.980000E-01  9.224466E-01  7.755339E-02  0.000000E+00  0.000000E+00  0.000000E+00  0.000000E+00  0.000000E+00  0.000000E+00  6.057456E-02  1.697884E-02
  2.000000E-01  9.211179E-01  7.888206E-02  0.000000E+00  0.000000E+00  0.000000E+00  0.000000E+00  0.000000E+00  0.000000E+00  6.123833E-02  1.764373E-02
  2.020000E-01  9.197902E-01  8.020975E-02  0.000000E+00  0.000000E+00  0.000000E+00  0.000000E+00  0.000000E+00  0.000000E+00  6.189971E-02  1.831004E-02
  2.040000E-01  9.184638E-01  8.153619E-02  0.000000E+00  0.000000E+00  0.000000E+00  0.000000E+00  0.000000E+00  0.000000E+00  6.255867E-02  1.897752E-02
  2.060000E-01  9.171389E-01  8.286114E-02  0.000000E+00  0.000000E+00  0.000000E+00  0.000000E+00  0.000000E+00  0.000000E+00  6.321518E-02  1.964596E-02
  2.080000E-01  9.158157E-01  8.418435E-02  0.000000E+00  0.000000E+00  0.000000E+00  0.000000E+00  0.000000E+00  0.000000E+00  6.386921E-02  2.031514E-02
  2.100000E-01  9.144944E-01  8.550560E-02  0.000000E+00  0.000000E+00  0.000000E+00  0.000000E+00  0.000000E+00  0.000000E+00  6.452075E-02  2.098485E-02
  2.120000E-01  9.131753E-01  8.682468E-02  0.000000E+00  0.000000E+00  0.000000E+00  0.000000E+00  0.000000E+00  0.000000E+00  6.516976E-02  2.165493E-02
  2.140000E-01  9.118586E-01  8.814139E-02  0.000000E+00  0.000000E+00  0.000000E+00  0.000000E+00  0.000000E+00  0.000000E+00  6.581621E-02  2.232517E-02
  2.160000E-01  9.105445E-01  8.945551E-02  0.000000E+00  0.000000E+00  0.000000E+00  0.000000E+00  0.000000E+00  0.000000E+00  6.646008E-02  2.299543E-02
  2.180000E-01  9.092331E-01  9.076688E-02  0.000000E+00  0.000000E+00  0.000000E+00  0.000000E+00  0.000000E+00  0.000000E+00  6.710135E-02  2.366553E-02
  2.200000E-01  9.079247E-01  9.207530E-02  0.000000E+00  0.000000E+00  0.000000E+00  0.000000E+00  0.000000E+00  0.000000E+00  6.773998E-02  2.433532E-02
  2.220000E-01  9.066194E-01  9.338060E-02  0.000000E+00  0.000000E+00  0.000000E+00  0.000000E+00  0.000000E+00  0.000000E+00  6.837594E-02  2.500466E-02
  2.240000E-01  9.053174E-01  9.468263E-02  0.000000E+00  0.000000E+00  0.000000E+00  0.000000E+00  0.000000E+00  0.000000E+00  6.900922E-02  2.567341E-02
  2.260000E-01  9.040188E-01  9.598123E-02  0.000000E+00  0.000000E+00  0.000000E+00  0.000000E+00  0.000000E+00  0.000000E+00  6.963979E-02  2.634144E-02
  2.280000E-01  9.027238E-01  9.727624E-02  0.000000E+00  0.000000E+00  0.000000E+00  0.000000E+00  0.000000E+00  0.000000E+00  7.026761E-02  2.700862E-02
  2.300000E-01  9.014325E-01  9.856752E-02  0.000000E+00  0.000000E+00  0.000000E+00  0.000000E+00  0.000000E+00  0.000000E+00  7.089268E-02  2.767484E-02
  2.320000E-01  9.001451E-01  9.985494E-02  0.000000E+00  0.000000E+00  0.000000E+00  0.000000E+00  0.000000E+00  0.000000E+00  7.151495E-02  2.833998E-02
  2.340000E-01  8.988616E-01  1.011384E-01  0.000000E+00  0.000000E+00  0.000000E+00  0.000000E+00  0.000000E+00  0.000000E+00  7.213442E-02  2.900394E-02
  2.360000E-01  8.975823E-01  1.024177E-01  0.000000E+00  0.000000E+00  0.000000E+00  0.000000E+00  0.000000E+00  0.000000E+00  7.275105E-02  2.966661E-02
  2.380000E-01  8.963073E-01  1.036927E-01  0.000000E+00  0.000000E+00  0.000000E+00  0.000000E+00  0.000000E+00  0.000000E+00  7.336482E-02  3.032789E-02
  2.400000E-01  8.950366E-01  1.049634E-01  0.000000E+00  0.000000E+00  0.000000E+00  0.000000E+00  0.000000E+00  0.000000E+00  7.397572E-02  3.098769E-02
  2.420000E-01  8.937704E-01  1.062296E-01  0.000000E+00  0.000000E+00  0.000000E+00  0.000000E+00  0.000000E+00  0.000000E+00  7.458372E-02  3.164593E-02
  2.440000E-01  8.925087E-01  1.074913E-01  0.000000E+00  0.000000E+00  0.000000E+00  0.000000E+00  0.000000E+00  0.000000E+00  7.518880E-02  3.230251E-02
  2.460000E-01  8.912517E-01  1.087483E-01  0.000000E+00  0.000000E+00  0.000000E+00  0.000000E+00  0.000000E+00  0.000000E+00  7.579095E-02  3.295736E-02
  2.480000E-01  8.899995E-01  1.100005E-01  0.000000E+00  0.000000E+00  0.000000E+00  0.000000E+00  0.000000E+00  0.000000E+00  7.639014E-02  3.361040E-02
  2.500000E-01  8.887521E-01  1.112479E-01  0.000000E+00  0.000000E+00  0.000000E+00  0.000000E+00  0.000000E+00  0.000000E+00  7.698636E-02  3.426156E-02
  2.520000E-01  8.875096E-01  1.124904E-01  0.000000E+00  0.000000E+00  0.000000E+00  0.000000E+00  0.000000E+00  0.000000E+00  7.757959E-02  3.491076E-02
  2.540000E-01  8.862722E-01  1.137278E-01  0.000000E+00  0.000000E+00  0.000000E+00  0.000000E+00  0.000000E+00  0.000000E+00  7.816982E-02  3.555794E-02
  2.560000E-01  8.850399E-01  1.149601E-01  0.000000E+00  0.000000E+00  0.000000E+00  0.000000E+00  0.000000E+00  0.000000E+00  7.875703E-02  3.620305E-02
  2.580000E-01  8.838128E-01  1.161872E-01  0.000000E+00  0.000000E+00  0.000000E+00  0.000000E+00  0.000000E+00  0.000000E+00  7.934120E-02  3.684601E-02
  2.600000E-01  8.825909E-01  1.174091E-01  0.000000E+00  0.000000E+00  0.000000E+00  0.000000E+00  0.000000E+00  0.000000E+00  7.992233E-02  3.748677E-02
  2.620000E-01  8.813743E-01  1.186257E-01  0.000000E+00  0.000000E+00  0.000000E+00  0.000000E+00  0.000000E+00  0.000000E+00  8.050040E-02  3.812527E-02
  2.640000E-01  8.801631E-01  1.198369E-01  0.000000E+00  0.000000E+00  0.000000E+00  0.000000E+00  0.000000E+00  0.000000E+00  8.107540E-02  3.876147E-02
  2.660000E-01  8.789574E-01  1.210426E-01  0.000000E+00  0.000000E+00  0.000000E+00  0.000000E+00  0.000000E+00  0.000000E+00  8.164732E-02  3.939532E-02
  2.680000E-01  8.777571E-01  1.222429E-01  0.000000E+00  0.000000E+00  0.000000E+00  0.000000E+00  0.000000E+00  0.000000E+00  8.221614E-02  4.002676E-02
  2.700000E-01  8.765624E-01  1.234376E-01  0.000000E+00  0.000000E+00  0.000000E+00  0.000000E+00  0.000000E+00  0.000000E+00  8.278187E-02  4.065576E-02
  2.720000E-01  8.753732E-01  1.246268E-01  0.000000E+00  0.000000E+00  0.000000E+00  0.000000E+00  0.000000E+00  0.000000E+00  8.334448E-02  4.128227E-02
  2.740000E-01  8.741898E-01  1.258102E-01  0.000000E+00  0.000000E+00  0.000000E+00  0.000000E+00  0.000000E+00  0.000000E+00  8.390398E-02  4.190625E-02
  2.760000E-01  8.730120E-01  1.269880E-01  0.000000E+00  0.000000E+00  0.000000E+00  0.000000E+00  0.000000E+00  0.000000E+00  8.446036E-02  4.252767E-02
  2.780000E-01  8.718399E-01  1.281601E-01  0.000000E+00  0.000000E+00  0.000000E+00  0.000000E+00  0.000000E+00  0.000000E+00  8.501361E-02  4.314648E-02
  2.800000E-01  8.706736E-01  1.293264E-01  0.000000E+00  0.000000E+00  0.000000E+00  0.000000E+00  0.000000E+00  0.000000E+00  8.556372E-02  4.376267E-02
  2.820000E-01  8.695131E-01  1.304869E-01  0.000000E+00  0.000000E+00  0.000000E+00  0.000000E+00  0.000000E+00  0.000000E+00  8.611069E-02  4.437618E-02
  2.840000E-01  8.683585E-01  1.316415E-01  0.000000E+00  0.000000E+00  0.000000E+00  0.000000E+00  0.000000E+00  0.000000E+00  8.665452E-02  4.498700E-02
  2.860000E-01  8.672097E-01  1.327903E-01  0.000000E+00  0.000000E+00  0.000000E+00  0.000000E+00  0.000000E+00  0.000000E+00  8.719520E-02  4.559510E-02
  2.880000E-01  8.660668E-01  1.339332E-01  0.000000E+00  0.000000E+00  0.000000E+00  0.000000E+00  0.000000E+00  0.000000E+00  8.773274E-02  4.620045E-02
  2.900000E-01  8.649299E-01  1.350701E-01  0.000000E+00  0.000000E+00  0.000000E+00  0.000000E+00  0.000000E+00  0.000000E+00  8.826712E-02  4.680302E-02
  2.920000E-01  8.637989E-01  1.362011E-01  0.000000E+00  0.000000E+00  0.000000E+00  0.000000E+00  0.000000E+00  0.000000E+00  8.879835E-02  4.740280E-02
  2.940000E-01  8.626738E-01  1.373262E-01  0.000000E+00  0.000000E+00  0.000000E+00  0.000000E+00  0.000000E+00  0.000000E+00  8.932643E-02  4.799975E-02
  2.960000E-01  8.615548E-01  1.384452E-01  0.000000E+00  0.000000E+00  0.000000E+00  0.000000E+00  0.000000E+00  0.000000E+00  8.985136E-02  4.859387E-02
  2.980000E-01  8.604417E-01  1.395583E-01  0.000000E+00  0.000000E+00  0.000000E+00  0.000000E+00  0.000000E+00  0.000000E+00  9.037314E-02  4.918513E-02
  3.000000E-01  8.593347E-01  1.406653E-01  0.000000E+00  0.000000E+00  0.000000E+00  0.000000E+00  0.000000E+00  0.000000E+00  9.089177E-02  4.977351E-02
  3.020000E-01  8.582337E-01  1.417663E-01  0.000000E+00  0.000000E+00  0.000000E+00  0.000000E+00  0.000000E+00  0.000000E+00  9.140725E-02  5.035901E-02
  3.040000E-01  8.571388E-01  1.428612E-01  0.000000E+00  0.000000E+00  0.000000E+00  0.000000E+00  0.000000E+00  0.000000E+00  9.191958E-02  5.094159E-02
  3.060000E-01  8.560500E-01  1.439500E-01  0.000000E+00  0.000000E+00  0.000000E+00  0.000000E+00  0.000000E+00  0.000000E+00  9.242878E-02  5.152126E-02
  3.080000E-01  8.549672E-01  1.450328E-01  0.000000E+00  0.000000E+00  0.000000E+00  0.000000E+00  0.000000E+00  0.000000E+00  9.293484E-02  5.209800E-02
  3.100000E-01  8.538904E-01  1.461096E-01  0.000000E+00  0.000000E+00  0.000000E+00  0.000000E+00  0.000000E+00  0.000000E+00  9.343777E-02  5.267179E-02
  3.120000E-01  8.528198E-01  1.471802E-01  0.000000E+00  0.000000E+00  0.000000E+00  0.000000E+00  0.000000E+00  0.000000E+00  9.393756E-02  5.324264E-02
  3.140000E-01  8.517552E-01  1.482448E-01  0.000000E+00  0.000000E+00  0.000000E+00  0.000000E+00  0.000000E+00  0.000000E+00  9.443424E-02  5.381052E-02
  3.160000E-01  8.506968E-01  1.493032E-01  0.000000E+00  0.000000E+00  0.000000E+00  0.000000E+00  0.000000E+00  0.000000E+00  9.492780E-02  5.437543E-02
  3.180000E-01  8.496444E-01  1.503556E-01  0.000000E+00  0.000000E+00  0.000000E+00  0.000000E+00  0.000000E+00  0.000000E+00  9.541825E-02  5.493737E-02
  3.200000E-01  8.485981E-01  1.514019E-01  0.000000E+00  0.000000E+00  0.000000E+00  0.000000E+00  0.000000E+00  0.000000E+00  9.590559E-02  5.549632E-02
  3.220000E-01  8.475579E-01  1.524421E-01  0.000000E+00  0.000000E+00  0.000000E+00  0.000000E+00  0.000000E+00  0.000000E+00  9.638984E-02  5.605229E-02
  3.240000E-01  8.465237E-01  1.534763E-01  0.000000E+00  0.000000E+00  0.000000E+00  0.000000E+00  0.000000E+00  0.000000E+00  9.687100E-02  5.660526E-02
  3.260000E-01  8.454957E-01  1.545043E-01  0.000000E+00  0.000000E+00  0.000000E+00  0.000000E+00  0.000000E+00  0.000000E+00  9.734909E-02  5.715525E-02
  3.280000E-01  8.444737E-01  1.555263E-01  0.000000E+00  0.000000E+00  0.000000E+00  0.000000E+00  0.000000E+00  0.000000E+00  9.782410E-02  5.770223E-02
  3.300000E-01  8.434577E-01  1.565423E-01  0.000000E+00  0.000000E+00  0.000000E+00  0.000000E+00  0.000000E+00  0.000000E+00  9.829605E-02  5.824622E-02
  3.320000E-01  8.424478E-01  1.575522E-01  0.000000E+00  0.000000E+00  0.000000E+00  0.000000E+00  0.000000E+00  0.000000E+00  9.876494E-02  5.878721E-02
  3.340000E-01  8.414440E-01  1.585560E-01  0.000000E+00  0.000000E+00  0.000000E+00  0.000000E+00  0.000000E+00  0.000000E+00  9.923079E-02  5.932520E-02
  3.360000E-01  8.404462E-01  1.595538E-01  0.000000E+00  0.000000E+00  0.000000E+00  0.000000E+00  0.000000E+00  0.000000E+00  9.969361E-02  5.986019E-02
  3.380000E-01  8.394544E-01  1.605456E-01  0.000000E+00  0.000000E+00  0.000000E+00  0.000000E+00  0.000000E+00  0.000000E+00  1.001534E-01  6.039219E-02
  3.400000E-01  8.384686E-01  1.615314E-01  0.000000E+00  0.000000E+00  0.000000E+00  0.000000E+00  0.000000E+00  0.000000E+00  1.006102E-01  6.092119E-02
  3.420000E-01  8.374888E-01  1.625112E-01  0.000000E+00  0.000000E+00  0.000000E+00  0.000000E+00  0.000000E+00  0.000000E+00  1.010640E-01  6.144720E-02
  3.440000E-01  8.365150E-01  1.634850E-01  0.000000E+00  0.000000E+00  0.000000E+00  0.000000E+00  0.000000E+00  0.000000E+00  1.015148E-01  6.197022E-02
  3.460000E-01  8.355472E-01  1.644528E-01  0.000000E+00  0.000000E+00  0.000000E+00  0.000000E+00  0.000000E+00  0.000000E+00  1.019626E-01  6.249025E-02
  3.480000E-01  8.345852E-01  1.654148E-01  0.000000E+00  0.000000E+00  0.000000E+00  0.000000E+00  0.000000E+00  0.000000E+00  1.024074E-01  6.300730E-02
  3.500000E-01  8.336293E-01  1.663707E-01  0.000000E+00  0.000000E+00  0.000000E+00  0.000000E+00  0.000000E+00  0.000000E+00  1.028493E-01  6.352138E-02
  3.520000E-01  8.326792E-01  1.673208E-01  0.000000E+00  0.000000E+00  0.000000E+00  0.000000E+00  0.000000E+00  0.000000E+00  1.032883E-01  6.403249E-02
  3.540000E-01  8.317350E-01  1.682650E-01  0.000000E+00  0.000000E+00  0.000000E+00  0.000000E+00  0.000000E+00  0.000000E+00  1.037243E-01  6.454063E-02
  3.560000E-01  8.307967E-01  1.692033E-01  0.000000E+00  0.000000E+00  0.000000E+00  0.000000E+00  0.000000E+00  0.000000E+00  1.041575E-01  6.504582E-02
  3.580000E-01  8.298643E-01  1.701357E-01  0.000000E+00  0.000000E+00  0.000000E+00  0.000000E+00  0.000000E+00  0.000000E+00  1.045877E-01  6.554805E-02
  3.600000E-01  8.289377E-01  1.710623E-01  0.000000E+00  0.000000E+00  0.000000E+00  0.000000E+00  0.000000E+00  0.000000E+00  1.050150E-01  6.604734E-02
  3.620000E-01  8.280169E-01  1.719831E-01  0.000000E+00  0.000000E+00  0.000000E+00  0.000000E+00  0.000000E+00  0.000000E+00  1.054395E-01  6.654369E-02
  3.640000E-01  8.271018E-01  1.728982E-01  0.000000E+00  0.000000E+00  0.000000E+00  0.000000E+00  0.000000E+00  0.000000E+00  1.058610E-01  6.703712E-02
  3.660000E-01  8.261926E-01  1.738074E-01  0.000000E+00  0.000000E+00  0.000000E+00  0.000000E+00  0.000000E+00  0.000000E+00  1.062798E-01  6.752763E-02
  3.680000E-01  8.252891E-01  1.747109E-01  0.000000E+00  0.000000E+00  0.000000E+00  0.000000E+00  0.000000E+00  0.000000E+00  1.066957E-01  6.801522E-02
  3.700000E-01  8.243913E-01  1.756087E-01  0.000000E+00  0.000000E+00  0.000000E+00  0.000000E+00  0.000000E+00  0.000000E+00  1.071088E-01  6.849992E-02
  3.720000E-01  8.234992E-01  1.765008E-01  0.000000E+00  0.000000E+00  0.000000E+00  0.000000E+00  0.000000E+00  0.000000E+00  1.075191E-01  6.898172E-02
  3.740000E-01  8.226127E-01  1.773873E-01  0.000000E+00  0.000000E+00  0.000000E+00  0.000000E+00  0.000000E+00  0.000000E+00  1.079266E-01  6.946065E-02
  3.760000E-01  8.217320E-01  1.782680E-01  0.000000E+00  0.000000E+00  0.000000E+00  0.000000E+00  0.000000E+00  0.000000E+00  1.083313E-01  6.993670E-02
  3.780000E-01  8.208568E-01  1.791432E-01  0.000000E+00  0.000000E+00  0.000000E+00  0.000000E+00  0.000000E+00  0.000000E+00  1.087333E-01  7.040989E-02
  3.800000E-01  8.199872E-01  1.800128E-01  0.000000E+00  0.000000E+00  0.000000E+00  0.000000E+00  0.000000E+00  0.000000E+00  1.091325E-01  7.088023E-02
  3.820000E-01  8.191232E-01  1.808768E-01  0.000000E+00  0.000000E+00  0.000000E+00  0.000000E+00  0.000000E+00  0.000000E+00  1.095290E-01  7.134774E-02
  3.840000E-01  8.182647E-01  1.817353E-01  0.000000E+00  0.000000E+00  0.000000E+00  0.000000E+00  0.000000E+00  0.000000E+00  1.099228E-01  7.181242E-02
  3.860000E-01  8.174118E-01  1.825882E-01  0.000000E+00  0.000000E+00  0.000000E+00  0.000000E+00  0.000000E+00  0.000000E+00  1.103139E-01  7.227428E-02
  3.880000E-01  8.165643E-01  1.834357E-01  0.000000E+00  0.000000E+00  0.000000E+00  0.000000E+00  0.000000E+00  0.000000E+00  1.107023E-01  7.273334E-02
  3.900000E-01  8.157223E-01  1.842777E-01  0.000000E+00  0.000000E+00  0.000000E+00  0.000000E+00  0.000000E+00  0.000000E+00  1.110881E-01  7.318961E-02
  3.920000E-01  8.148857E-01  1.851143E-01  0.000000E+00  0.000000E+00  0.000000E+00  0.000000E+00  0.000000E+00  0.000000E+00  1.114712E-01  7.364310E-02
  3.940000E-01  8.140545E-01  1.859455E-01  0.000000E+00  0.000000E+00  0.000000E+00  0.000000E+00  0.000000E+00  0.000000E+00  1.118516E-01  7.409382E-02
  3.960000E-01  8.132287E-01  1.867713E-01  0.000000E+00  0.000000E+00  0.000000E+00  0.000000E+00  0.000000E+00  0.000000E+00  1.122295E-01  7.454179E-02
  3.980000E-01  8.124083E-01  1.875917E-01  0.000000E+00  0.000000E+00  0.000000E+00  0.000000E+00  0.000000E+00  0.000000E+00  1.126047E-01  7.498702E-02
  4.000000E-01  8.115931E-01  1.884069E-01  0.000000E+00  0.000000E+00  0.000000E+00  0.000000E+00  0.000000E+00  0.000000E+00  1.129774E-01  7.542952E-02
  4.020000E-01  8.107833E-01  1.892167E-01  0.000000E+00  0.000000E+00  0.000000E+00  0.000000E+00  0.000000E+00  0.000000E+00  1.133474E-01  7.586930E-02
  4.040000E-01  8.099787E-01  1.900213E-01  0.000000E+00  0.000000E+00  0.000000E+00  0.000000E+00  0.000000E+00  0.000000E+00  1.137150E-01  7.630639E-02
  4.060000E-01  8.091793E-01  1.908207E-01  0.000000E+00  0.000000E+00  0.000000E+00  0.000000E+00  0.000000E+00  0.000000E+00  1.140799E-01  7.674079E-02
  4.080000E-01  8.083851E-01  1.916149E-01  0.000000E+00  0.000000E+00  0.000000E+00  0.000000E+00  0.000000E+00  0.000000E+00  1.144424E-01  7.717251E-02
  4.100000E-01  8.075961E-01  1.924039E-01  0.000000E+00  0.000000E+00  0.000000E+00  0.000000E+00  0.000000E+00  0.000000E+00  1.148023E-01  7.760157E-02
  4.120000E-01  8.068122E-01  1.931878E-01  0.000000E+00  0.000000E+00  0.000000E+00  0.000000E+00  0.000000E+00  0.000000E+00  1.151598E-01  7.802799E-02
  4.140000E-01  8.060334E-01  1.939666E-01  0.000000E+00  0.000000E+00  0.000000E+00  0.000000E+00  0.000000E+00  0.000000E+00  1.155148E-01  7.845177E-02
  4.160000E-01  8.052597E-01  1.947403E-01  0.000000E+00  0.000000E+00  0.000000E+00  0.000000E+00  0.000000E+00  0.000000E+00  1.158673E-01  7.887294E-02
  4.180000E-01  8.044911E-01  1.955089E-01  0.000000E+00  0.000000E+00  0.000000E+00  0.000000E+00  0.000000E+00  0.000000E+00  1.162174E-01  7.929150E-02
  4.200000E-01  8.037275E-01  1.962725E-01  0.000000E+00  0.000000E+00  0.000000E+00  0.000000E+00  0.000000E+00  0.000000E+00  1.165651E-01  7.970748E-02
  4.220000E-01  8.029688E-01  1.970312E-01  0.000000E+00  0.000000E+00  0.000000E+00  0.000000E+00  0.000000E+00  0.000000E+00  1.169103E-01  8.012087E-02
  4.240000E-01  8.022151E-01  1.977849E-01  0.000000E+00  0.000000E+00  0.000000E+00  0.000000E+00  0.000000E+00  0.000000E+00  1.172532E-01  8.053171E-02
  4.260000E-01  8.014664E-01  1.985336E-01  0.000000E+00  0.000000E+00  0.000000E+00  0.000000E+00  0.000000E+00  0.000000E+00  1.175936E-01  8.094000E-02
  4.280000E-01  7.970247E-01  1.993908E-01  0.000000E+00  0.000000E+00  0.000000E+00  0.000000E+00  3.584498E-03  0.000000E+00  1.160882E-01  7.971811E-02
  4.300000E-01  7.942545E-01  2.001884E-01  0.000000E+00  0.000000E+00  0.000000E+00  0.000000E+00  5.557097E-03  0.000000E+00  1.154079E-01  7.922346E-02
  4.320000E-01  7.914174E-01  2.009810E-01  0.000000E+00  0.000000E+00  0.000000E+00  0.000000E+00  7.601594E-03  0.000000E+00  1.146872E-01  7.869225E-02
  4.340000E-01  7.885399E-01  2.017679E-01  0.000000E+00  0.000000E+00  0.000000E+00  0.000000E+00  9.692169E-03  0.000000E+00  1.139394E-01  7.813629E-02
  4.360000E-01  7.856376E-01  2.025487E-01  0.000000E+00  0.000000E+00  0.000000E+00  0.000000E+00  1.181364E-02  0.000000E+00  1.131726E-01  7.756253E-02
  4.380000E-01  7.827206E-01  2.033233E-01  0.000000E+00  0.000000E+00  0.000000E+00  0.000000E+00  1.395609E-02  0.000000E+00  1.123917E-01  7.697555E-02
  4.400000E-01  7.797958E-01  2.040916E-01  0.000000E+00  0.000000E+00  0.000000E+00  0.000000E+00  1.611261E-02  0.000000E+00  1.116005E-01  7.637855E-02
  4.420000E-01  7.768684E-01  2.048535E-01  0.000000E+00  0.000000E+00  0.000000E+00  0.000000E+00  1.827813E-02  0.000000E+00  1.108015E-01  7.577389E-02
  4.440000E-01  7.739421E-01  2.056090E-01  0.000000E+00  0.000000E+00  0.000000E+00  0.000000E+00  2.044882E-02  0.000000E+00  1.099968E-01  7.516340E-02
  4.460000E-01  7.710201E-01  2.063582E-01  0.000000E+00  0.000000E+00  0.000000E+00  0.000000E+00  2.262170E-02  0.000000E+00  1.091880E-01  7.454847E-02
  4.480000E-01  7.681045E-01  2.071011E-01  0.000000E+00  0.000000E+00  0.000000E+00  0.000000E+00  2.479439E-02  0.000000E+00  1.083764E-01  7.393026E-02
  4.500000E-01  7.651974E-01  2.078377E-01  0.000000E+00  0.000000E+00  0.000000E+00  0.000000E+00  2.696498E-02  0.000000E+00  1.075630E-01  7.330968E-02
  4.520000E-01  7.623001E-01  2.085680E-01  0.000000E+00  0.000000E+00  0.000000E+00  0.000000E+00  2.913189E-02  0.000000E+00  1.067486E-01  7.268751E-02
  4.540000E-01  7.594139E-01  2.092922E-01  0.000000E+00  0.000000E+00  0.000000E+00  0.000000E+00  3.129384E-02  0.000000E+00  1.059340E-01  7.206440E-02
  4.560000E-01  7.565399E-01  2.100104E-01  0.000000E+00  0.000000E+00  0.000000E+00  0.000000E+00  3.344972E-02  0.000000E+00  1.051198E-01  7.144089E-02
  4.580000E-01  7.536789E-01  2.107225E-01  0.000000E+00  0.000000E+00  0.000000E+00  0.000000E+00  3.559864E-02  0.000000E+00  1.043064E-01  7.081744E-02
  4.600000E-01  7.508316E-01  2.114286E-01  0.000000E+00  0.000000E+00  0.000000E+00  0.000000E+00  3.773982E-02  0.000000E+00  1.034943E-01  7.019447E-02
  4.620000E-01  7.479985E-01  2.121289E-01  0.000000E+00  0.000000E+00  0.000000E+00  0.000000E+00  3.987260E-02  0.000000E+00  1.026840E-01  6.957232E-02
  4.640000E-01  7.451802E-01  2.128234E-01  0.000000E+00  0.000000E+00  0.000000E+00  0.000000E+00  4.199641E-02  0.000000E+00  1.018757E-01  6.895129E-02
  4.660000E-01  7.423771E-01  2.135121E-01  0.000000E+00  0.000000E+00  0.000000E+00  0.000000E+00  4.411079E-02  0.000000E+00  1.010697E-01  6.833165E-02
  4.680000E-01  7.395895E-01  2.141952E-01  0.000000E+00  0.000000E+00  0.000000E+00  0.000000E+00  4.621531E-02  0.000000E+00  1.002663E-01  6.771364E-02
  4.700000E-01  7.368177E-01  2.148727E-01  0.000000E+00  0.000000E+00  0.000000E+00  0.000000E+00  4.830962E-02  0.000000E+00  9.946563E-02  6.709745E-02
  4.720000E-01  7.340619E-01  2.155447E-01  0.000000E+00  0.000000E+00  0.000000E+00  0.000000E+00  5.039343E-02  0.000000E+00  9.866799E-02  6.648329E-02
  4.740000E-01  7.313223E-01  2.162113E-01  0.000000E+00  0.000000E+00  0.000000E+00  0.000000E+00  5.246646E-02  0.000000E+00  9.787350E-02  6.587130E-02
  4.760000E-01  7.285990E-01  2.168725E-01  0.000000E+00  0.000000E+00  0.000000E+00  0.000000E+00  5.452850E-02  0.000000E+00  9.708233E-02  6.526163E-02
  4.780000E-01  7.258923E-01  2.175284E-01  0.000000E+00  0.000000E+00  0.000000E+00  0.000000E+00  5.657936E-02  0.000000E+00  9.629459E-02  6.465441E-02
  4.800000E-01  7.232021E-01  2.181790E-01  0.000000E+00  0.000000E+00  0.000000E+00  0.000000E+00  5.861887E-02  0.000000E+00  9.551042E-02  6.404976E-02
  4.820000E-01  7.205285E-01  2.188246E-01  0.000000E+00  0.000000E+00  0.000000E+00  0.000000E+00  6.064690E-02  0.000000E+00  9.472991E-02  6.344777E-02
  4.840000E-01  7.178716E-01  2.194650E-01  0.000000E+00  0.000000E+00  0.000000E+00  0.000000E+00  6.266333E-02  0.000000E+00  9.395317E-02  6.284855E-02
  4.860000E-01  7.152314E-01  2.201005E-01  0.000000E+00  0.000000E+00  0.000000E+00  0.000000E+00  6.466808E-02  0.000000E+00  9.318026E-02  6.225217E-02
  4.880000E-01  7.126079E-01  2.207310E-01  0.000000E+00  0.000000E+00  0.000000E+00  0.000000E+00  6.666105E-02  0.000000E+00  9.241127E-02  6.165870E-02
  4.900000E-01  7.100011E-01  2.213567E-01  0.000000E+00  0.000000E+00  0.000000E+00  0.000000E+00  6.864220E-02  0.000000E+00  9.164626E-02  6.106822E-02
  4.920000E-01  7.074110E-01  2.219775E-01  0.000000E+00  0.000000E+00  0.000000E+00  0.000000E+00  7.061146E-02  0.000000E+00  9.088528E-02  6.048078E-02
  4.940000E-01  7.048375E-01  2.225936E-01  0.000000E+00  0.000000E+00  0.000000E+00  0.000000E+00  7.256882E-02  0.000000E+00  9.012839E-02  5.989643E-02
  4.960000E-01  7.022807E-01  2.232051E-01  0.000000E+00  0.000000E+00  0.000000E+00  0.000000E+00  7.451424E-02  0.000000E+00  8.937562E-02  5.931522E-02
  4.980000E-01  6.997404E-01  2.238119E-01  0.000000E+00  0.000000E+00  0.000000E+00  0.000000E+00  7.644770E-02  0.000000E+00  8.862702E-02  5.873720E-02
  5.000000E-01  6.972166E-01  2.244142E-01  0.000000E+00  0.000000E+00  0.000000E+00  0.000000E+00  7.836921E-02  0.000000E+00  8.788262E-02  5.816239E-02
  5.020000E-01  6.947092E-01  2.250120E-01  0.000000E+00  0.000000E+00  0.000000E+00  0.000000E+00  8.027875E-02  0.000000E+00  8.714244E-02  5.759084E-02
  5.040000E-01  6.922182E-01  2.256054E-01  0.000000E+00  0.000000E+00  0.000000E+00  0.000000E+00  8.217636E-02  0.000000E+00  8.640651E-02  5.702257E-02
  5.060000E-01  6.897435E-01  2.261945E-01  0.000000E+00  0.000000E+00  0.000000E+00  0.000000E+00  8.406202E-02  0.000000E+00  8.567486E-02  5.645761E-02
  5.080000E-01  6.872850E-01  2.267792E-01  0.000000E+00  0.000000E+00  0.000000E+00  0.000000E+00  8.593578E-02  0.000000E+00  8.494749E-02  5.589598E-02
  5.100000E-01  6.848426E-01  2.273598E-01  0.000000E+00  0.000000E+00  0.000000E+00  0.000000E+00  8.779766E-02  0.000000E+00  8.422442E-02  5.533770E-02
  5.120000E-01  6.824162E-01  2.279361E-01  0.000000E+00  0.000000E+00  0.000000E+00  0.000000E+00  8.964768E-02  0.000000E+00  8.350566E-02  5.478278E-02
  5.140000E-01  6.800058E-01  2.285084E-01  0.000000E+00  0.000000E+00  0.000000E+00  0.000000E+00  9.148589E-02  0.000000E+00  8.279122E-02  5.423125E-02
  5.160000E-01  6.776112E-01  2.290765E-01  0.000000E+00  0.000000E+00  0.000000E+00  0.000000E+00  9.331231E-02  0.000000E+00  8.208110E-02  5.368312E-02
  5.180000E-01  6.752323E-01  2.296407E-01  0.000000E+00  0.000000E+00  0.000000E+00  0.000000E+00  9.512701E-02  0.000000E+00  8.137531E-02  5.313838E-02
  5.200000E-01  6.728691E-01  2.302009E-01  0.000000E+00  0.000000E+00  0.000000E+00  0.000000E+00  9.693001E-02  0.000000E+00  8.067385E-02  5.259706E-02
  5.220000E-01  6.705214E-01  2.307573E-01  0.000000E+00  0.000000E+00  0.000000E+00  0.000000E+00  9.872138E-02  0.000000E+00  7.997673E-02  5.205916E-02
  5.240000E-01  6.681891E-01  2.313098E-01  0.000000E+00  0.000000E+00  0.000000E+00  0.000000E+00  1.005012E-01  0.000000E+00  7.928392E-02  5.152468E-02
  5.260000E-01  6.658721E-01  2.318585E-01  0.000000E+00  0.000000E+00  0.000000E+00  0.000000E+00  1.022694E-01  0.000000E+00  7.859544E-02  5.099363E-02
  5.280000E-01  6.635704E-01  2.324035E-01  0.000000E+00  0.000000E+00  0.000000E+00  0.000000E+00  1.040262E-01  0.000000E+00  7.791128E-02  5.046601E-02
  5.300000E-01  6.612837E-01  2.329448E-01  0.000000E+00  0.000000E+00  0.000000E+00  0.000000E+00  1.057715E-01  0.000000E+00  7.723143E-02  4.994182E-02
  5.320000E-01  6.590121E-01  2.334824E-01  0.000000E+00  0.000000E+00  0.000000E+00  0.000000E+00  1.075055E-01  0.000000E+00  7.655588E-02  4.942106E-02
  5.340000E-01  6.567553E-01  2.340165E-01  0.000000E+00  0.000000E+00  0.000000E+00  0.000000E+00  1.092282E-01  0.000000E+00  7.588463E-02  4.890372E-02
  5.360000E-01  6.545133E-01  2.345471E-01  0.000000E+00  0.000000E+00  0.000000E+00  0.000000E+00  1.109396E-01  0.000000E+00  7.521766E-02  4.838982E-02
  5.380000E-01  6.522860E-01  2.350742E-01  0.000000E+00  0.000000E+00  0.000000E+00  0.000000E+00  1.126399E-01  0.000000E+00  7.455497E-02  4.787933E-02
  5.400000E-01  6.500732E-01  2.355978E-01  0.000000E+00  0.000000E+00  0.000000E+00  0.000000E+00  1.143290E-01  0.000000E+00  7.389655E-02  4.737227E-02
  5.420000E-01  6.478748E-01  2.361181E-01  0.000000E+00  0.000000E+00  0.000000E+00  0.000000E+00  1.160071E-01  0.000000E+00  7.324237E-02  4.686862E-02
  5.440000E-01  6.456907E-01  2.366350E-01  0.000000E+00  0.000000E+00  0.000000E+00  0.000000E+00  1.176742E-01  0.000000E+00  7.259243E-02  4.636837E-02
  5.460000E-01  6.435209E-01  2.371487E-01  0.000000E+00  0.000000E+00  0.000000E+00  0.000000E+00  1.193304E-01  0.000000E+00  7.194671E-02  4.587153E-02
  5.480000E-01  6.413651E-01  2.376591E-01  0.000000E+00  0.000000E+00  0.000000E+00  0.000000E+00  1.209758E-01  0.000000E+00  7.130521E-02  4.537808E-02
  5.500000E-01  6.392234E-01  2.381663E-01  0.000000E+00  0.000000E+00  0.000000E+00  0.000000E+00  1.226104E-01  0.000000E+00  7.066790E-02  4.488802E-02
  5.520000E-01  6.370955E-01  2.386703E-01  0.000000E+00  0.000000E+00  0.000000E+00  0.000000E+00  1.242342E-01  0.000000E+00  7.003477E-02  4.440133E-02
  5.540000E-01  6.349813E-01  2.391713E-01  0.000000E+00  0.000000E+00  0.000000E+00  0.000000E+00  1.258474E-01  0.000000E+00  6.940581E-02  4.391802E-02
  5.560000E-01  6.328808E-01  2.396691E-01  0.000000E+00  0.000000E+00  0.000000E+00  0.000000E+00  1.274501E-01  0.000000E+00  6.878099E-02  4.343807E-02
  5.580000E-01  6.307938E-01  2.401640E-01  0.000000E+00  0.000000E+00  0.000000E+00  0.000000E+00  1.290422E-01  0.000000E+00  6.816030E-02  4.296147E-02
  5.600000E-01  6.287203E-01  2.406558E-01  0.000000E+00  0.000000E+00  0.000000E+00  0.000000E+00  1.306239E-01  0.000000E+00  6.754373E-02  4.248821E-02
  5.620000E-01  6.266601E-01  2.411447E-01  0.000000E+00  0.000000E+00  0.000000E+00  0.000000E+00  1.321952E-01  0.000000E+00  6.693126E-02  4.201828E-02
  5.640000E-01  6.246131E-01  2.416307E-01  0.000000E+00  0.000000E+00  0.000000E+00  0.000000E+00  1.337562E-01  0.000000E+00  6.632286E-02  4.155167E-02
  5.660000E-01  6.225791E-01  2.421139E-01  0.000000E+00  0.000000E+00  0.000000E+00  0.000000E+00  1.353070E-01  0.000000E+00  6.571853E-02  4.108838E-02
  5.680000E-01  6.205582E-01  2.425942E-01  0.000000E+00  0.000000E+00  0.000000E+00  0.000000E+00  1.368476E-01  0.000000E+00  6.511824E-02  4.062838E-02
  5.700000E-01  6.185501E-01  2.430718E-01  0.000000E+00  0.000000E+00  0.000000E+00  0.000000E+00  1.383781E-01  0.000000E+00  6.452198E-02  4.017167E-02
  5.720000E-01  6.165548E-01  2.435466E-01  0.000000E+00  0.000000E+00  0.000000E+00  0.000000E+00  1.398986E-01  0.000000E+00  6.392972E-02  3.971824E-02
  5.740000E-01  6.145722E-01  2.440187E-01  0.000000E+00  0.000000E+00  0.000000E+00  0.000000E+00  1.414091E-01  0.000000E+00  6.334145E-02  3.926807E-02
  5.760000E-01  6.126021E-01  2.444881E-01  0.000000E+00  0.000000E+00  0.000000E+00  0.000000E+00  1.429098E-01  0.000000E+00  6.275715E-02  3.882115E-02
  5.780000E-01  6.106445E-01  2.449549E-01  0.000000E+00  0.000000E+00  0.000000E+00  0.000000E+00  1.444006E-01  0.000000E+00  6.217681E-02  3.837747E-02
  5.800000E-01  6.086992E-01  2.454191E-01  0.000000E+00  0.000000E+00  0.000000E+00  0.000000E+00  1.458817E-01  0.000000E+00  6.160039E-02  3.793702E-02
  5.820000E-01  6.067662E-01  2.458807E-01  0.000000E+00  0.000000E+00  0.000000E+00  0.000000E+00  1.473530E-01  0.000000E+00  6.102789E-02  3.749979E-02
  5.840000E-01  6.048454E-01  2.463398E-01  0.000000E+00  0.000000E+00  0.000000E+00  0.000000E+00  1.488148E-01  0.000000E+00  6.045929E-02  3.706576E-02
  5.860000E-01  6.029365E-01  2.467965E-01  0.000000E+00  0.000000E+00  0.000000E+00  0.000000E+00  1.502670E-01  0.000000E+00  5.989456E-02  3.663492E-02
  5.880000E-01  6.010396E-01  2.472506E-01  0.000000E+00  0.000000E+00  0.000000E+00  0.000000E+00  1.517097E-01  0.000000E+00  5.933368E-02  3.620725E-02
  5.900000E-01  5.991546E-01  2.477024E-01  0.000000E+00  0.000000E+00  0.000000E+00  0.000000E+00  1.531430E-01  0.000000E+00  5.877664E-02  3.578276E-02
  5.920000E-01  5.972813E-01  2.481518E-01  0.000000E+00  0.000000E+00  0.000000E+00  0.000000E+00  1.545669E-01  0.000000E+00  5.822342E-02  3.536141E-02
  5.940000E-01  5.954196E-01  2.485988E-01  0.000000E+00  0.000000E+00  0.000000E+00  0.000000E+00  1.559816E-01  0.000000E+00  5.767400E-02  3.494320E-02
  5.960000E-01  5.935695E-01  2.490435E-01  0.000000E+00  0.000000E+00  0.000000E+00  0.000000E+00  1.573870E-01  0.000000E+00  5.712835E-02  3.452812E-02
  5.980000E-01  5.917309E-01  2.494859E-01  0.000000E+00  0.000000E+00  0.000000E+00  0.000000E+00  1.587833E-01  0.000000E+00  5.658647E-02  3.411615E-02
  6.000000E-01  5.899035E-01  2.499260E-01  0.000000E+00  0.000000E+00  0.000000E+00  0.000000E+00  1.601704E-01  0.000000E+00  5.604833E-02  3.370728E-02
  6.020000E-01  5.880875E-01  2.503640E-01  0.000000E+00  0.000000E+00  0.000000E+00  0.000000E+00  1.615486E-01  0.000000E+00  5.551390E-02  3.330149E-02
  6.040000E-01  5.862826E-01  2.507997E-01  0.000000E+00  0.000000E+00  0.000000E+00  0.000000E+00  1.629177E-01  0.000000E+00  5.498318E-02  3.289878E-02
  6.060000E-01  5.844888E-01  2.512333E-01  0.000000E+00  0.000000E+00  0.000000E+00  0.000000E+00  1.642780E-01  0.000000E+00  5.445614E-02  3.249912E-02
  6.080000E-01  5.827059E-01  2.516647E-01  0.000000E+00  0.000000E+00  0.000000E+00  0.000000E+00  1.656294E-01  0.000000E+00  5.393277E-02  3.210252E-02
  6.100000E-01  5.809339E-01  2.520940E-01  0.000000E+00  0.000000E+00  0.000000E+00  0.000000E+00  1.669720E-01  0.000000E+00  5.341303E-02  3.170894E-02
  6.120000E-01  5.791728E-01  2.525213E-01  0.000000E+00  0.000000E+00  0.000000E+00  0.000000E+00  1.683060E-01  0.000000E+00  5.289693E-02  3.131839E-02
  6.140000E-01  5.774223E-01  2.529465E-01  0.000000E+00  0.000000E+00  0.000000E+00  0.000000E+00  1.696312E-01  0.000000E+00  5.238443E-02  3.093084E-02
  6.160000E-01  5.756824E-01  2.533697E-01  0.000000E+00  0.000000E+00  0.000000E+00  0.000000E+00  1.709479E-01  0.000000E+00  5.187552E-02  3.054629E-02
  6.180000E-01  5.739531E-01  2.537909E-01  0.000000E+00  0.000000E+00  0.000000E+00  0.000000E+00  1.722560E-01  0.000000E+00  5.137017E-02  3.016471E-02
  6.200000E-01  5.722342E-01  2.542101E-01  0.000000E+00  0.000000E+00  0.000000E+00  0.000000E+00  1.735557E-01  0.000000E+00  5.086838E-02  2.978610E-02
  6.220000E-01  5.705257E-01  2.546275E-01  0.000000E+00  0.000000E+00  0.000000E+00  0.000000E+00  1.748469E-01  0.000000E+00  5.037011E-02  2.941045E-02
  6.240000E-01  5.688274E-01  2.550429E-01  0.000000E+00  0.000000E+00  0.000000E+00  0.000000E+00  1.761298E-01  0.000000E+00  4.987536E-02  2.903773E-02
  6.260000E-01  5.671393E-01  2.554564E-01  0.000000E+00  0.000000E+00  0.000000E+00  0.000000E+00  1.774043E-01  0.000000E+00  4.938410E-02  2.866794E-02
  6.280000E-01  5.654613E-01  2.558681E-01  0.000000E+00  0.000000E+00  0.000000E+00  0.000000E+00  1.786707E-01  0.000000E+00  4.889632E-02  2.830107E-02
  6.300000E-01  5.637933E-01  2.562779E-01  0.000000E+00  0.000000E+00  0.000000E+00  0.000000E+00  1.799288E-01  0.000000E+00  4.841199E-02  2.793710E-02
  6.320000E-01  5.621352E-01  2.566860E-01  0.000000E+00  0.000000E+00  0.000000E+00  0.000000E+00  1.811788E-01  0.000000E+00  4.793111E-02  2.757601E-02
  6.340000E-01  5.604870E-01  2.570922E-01  0.000000E+00  0.000000E+00  0.000000E+00  0.000000E+00  1.824208E-01  0.000000E+00  4.745364E-02  2.721780E-02
  6.360000E-01  5.588485E-01  2.574968E-01  0.000000E+00  0.000000E+00  0.000000E+00  0.000000E+00  1.836547E-01  0.000000E+00  4.697957E-02  2.686245E-02
  6.380000E-01  5.572197E-01  2.578996E-01  0.000000E+00  0.000000E+00  0.000000E+00  0.000000E+00  1.848807E-01  0.000000E+00  4.650889E-02  2.650996E-02
  6.400000E-01  5.556005E-01  2.583007E-01  0.000000E+00  0.000000E+00  0.000000E+00  0.000000E+00  1.860988E-01  0.000000E+00  4.604158E-02  2.616029E-02
  6.420000E-01  5.539909E-01  2.587001E-01  0.000000E+00  0.000000E+00  0.000000E+00  0.000000E+00  1.873090E-01  0.000000E+00  4.557761E-02  2.581345E-02
  6.440000E-01  5.523907E-01  2.590979E-01  0.000000E+00  0.000000E+00  0.000000E+00  0.000000E+00  1.885115E-01  0.000000E+00  4.511697E-02  2.546942E-02
  6.460000E-01  5.507998E-01  2.594940E-01  0.000000E+00  0.000000E+00  0.000000E+00  0.000000E+00  1.897062E-01  0.000000E+00  4.465965E-02  2.512819E-02
  6.480000E-01  5.492183E-01  2.598885E-01  0.000000E+00  0.000000E+00  0.000000E+00  0.000000E+00  1.908932E-01  0.000000E+00  4.420562E-02  2.478975E-02
  6.500000E-01  5.476460E-01  2.602815E-01  0.000000E+00  0.000000E+00  0.000000E+00  0.000000E+00  1.920726E-01  0.000000E+00  4.375487E-02  2.445407E-02
  6.520000E-01  5.460828E-01  2.606729E-01  0.000000E+00  0.000000E+00  0.000000E+00  0.000000E+00  1.932443E-01  0.000000E+00  4.330737E-02  2.412116E-02
  6.540000E-01  5.445286E-01  2.610627E-01  0.000000E+00  0.000000E+00  0.000000E+00  0.000000E+00  1.944086E-01  0.000000E+00  4.286312E-02  2.379099E-02
  6.560000E-01  5.429835E-01  2.614511E-01  0.000000E+00  0.000000E+00  0.000000E+00  0.000000E+00  1.955654E-01  0.000000E+00  4.242210E-02  2.346356E-02
  6.580000E-01  5.414473E-01  2.618379E-01  0.000000E+00  0.000000E+00  0.000000E+00  0.000000E+00  1.967148E-01  0.000000E+00  4.198429E-02  2.313886E-02
  6.600000E-01  5.399199E-01  2.622233E-01  0.000000E+00  0.000000E+00  0.000000E+00  0.000000E+00  1.978568E-01  0.000000E+00  4.154966E-02  2.281686E-02
  6.620000E-01  5.384014E-01  2.626072E-01  0.000000E+00  0.000000E+00  0.000000E+00  0.000000E+00  1.989914E-01  0.000000E+00  4.111821E-02  2.249756E-02
  6.640000E-01  5.368915E-01  2.629897E-01  0.000000E+00  0.000000E+00  0.000000E+00  0.000000E+00  2.001188E-01  0.000000E+00  4.068992E-02  2.218095E-02
  6.660000E-01  5.353902E-01  2.633708E-01  0.000000E+00  0.000000E+00  0.000000E+00  0.000000E+00  2.012390E-01  0.000000E+00  4.026477E-02  2.186701E-02
  6.680000E-01  5.338975E-01  2.637505E-01  0.000000E+00  0.000000E+00  0.000000E+00  0.000000E+00  2.023520E-01  0.000000E+00  3.984275E-02  2.155573E-02
  6.700000E-01  5.324134E-01  2.641288E-01  0.000000E+00  0.000000E+00  0.000000E+00  0.000000E+00  2.034578E-01  0.000000E+00  3.942383E-02  2.124711E-02
  6.720000E-01  5.309376E-01  2.645058E-01  0.000000E+00  0.000000E+00  0.000000E+00  0.000000E+00  2.045566E-01  0.000000E+00  3.900801E-02  2.094112E-02
  6.740000E-01  5.294702E-01  2.648814E-01  0.000000E+00  0.000000E+00  0.000000E+00  0.000000E+00  2.056484E-01  0.000000E+00  3.859526E-02  2.063776E-02
  6.760000E-01  5.280111E-01  2.652557E-01  0.000000E+00  0.000000E+00  0.000000E+00  0.000000E+00  2.067332E-01  0.000000E+00  3.818557E-02  2.033701E-02
  6.780000E-01  5.265602E-01  2.656288E-01  0.000000E+00  0.000000E+00  0.000000E+00  0.000000E+00  2.078110E-01  0.000000E+00  3.777893E-02  2.003887E-02
  6.800000E-01  5.251175E-01  2.660006E-01  0.000000E+00  0.000000E+00  0.000000E+00  0.000000E+00  2.088819E-01  0.000000E+00  3.737531E-02  1.974332E-02
  6.820000E-01  5.236829E-01  2.663711E-01  0.000000E+00  0.000000E+00  0.000000E+00  0.000000E+00  2.099460E-01  0.000000E+00  3.697470E-02  1.945034E-02
  6.840000E-01  5.222563E-01  2.667404E-01  0.000000E+00  0.000000E+00  0.000000E+00  0.000000E+00  2.110033E-01  0.000000E+00  3.657710E-02  1.915994E-02
  6.860000E-01  5.208377E-01  2.671084E-01  0.000000E+00  0.000000E+00  0.000000E+00  0.000000E+00  2.120539E-01  0.000000E+00  3.618247E-02  1.887209E-02
  6.880000E-01  5.194270E-01  2.674753E-01  0.000000E+00  0.000000E+00  0.000000E+00  0.000000E+00  2.130977E-01  0.000000E+00  3.579080E-02  1.858679E-02
  6.900000E-01  5.180241E-01  2.678410E-01  0.000000E+00  0.000000E+00  0.000000E+00  0.000000E+00  2.141349E-01  0.000000E+00  3.540209E-02  1.830402E-02
  6.920000E-01  5.166290E-01  2.682055E-01  0.000000E+00  0.000000E+00  0.000000E+00  0.000000E+00  2.151654E-01  0.000000E+00  3.501631E-02  1.802378E-02
  6.940000E-01  5.152417E-01  2.685689E-01  0.000000E+00  0.000000E+00  0.000000E+00  0.000000E+00  2.161894E-01  0.000000E+00  3.463344E-02  1.774605E-02
  6.960000E-01  5.138620E-01  2.689312E-01  0.000000E+00  0.000000E+00  0.000000E+00  0.000000E+00  2.172069E-01  0.000000E+00  3.425349E-02  1.747082E-02
  6.980000E-01  5.124899E-01  2.692923E-01  0.000000E+00  0.000000E+00  0.000000E+00  0.000000E+00  2.182178E-01  0.000000E+00  3.387642E-02  1.719808E-02
  7.000000E-01  5.111253E-01  2.696524E-01  0.000000E+00  0.000000E+00  0.000000E+00  0.000000E+00  2.192223E-01  0.000000E+00  3.350222E-02  1.692782E-02
  7.020000E-01  5.097682E-01  2.700113E-01  0.000000E+00  0.000000E+00  0.000000E+00  0.000000E+00  2.202204E-01  0.000000E+00  3.313088E-02  1.666003E-02
  7.040000E-01  5.084186E-01  2.703693E-01  0.000000E+00  0.000000E+00  0.000000E+00  0.000000E+00  2.212122E-01  0.000000E+00  3.276239E-02  1.639469E-02
  7.060000E-01  5.070763E-01  2.707261E-01  0.000000E+00  0.000000E+00  0.000000E+00  0.000000E+00  2.221976E-01  0.000000E+00  3.239673E-02  1.613180E-02
  7.080000E-01  5.057413E-01  2.710820E-01  0.000000E+00  0.000000E+00  0.000000E+00  0.000000E+00  2.231767E-01  0.000000E+00  3.203388E-02  1.587135E-02
  7.100000E-01  5.044136E-01  2.714368E-01  0.000000E+00  0.000000E+00  0.000000E+00  0.000000E+00  2.241496E-01  0.000000E+00  3.167383E-02  1.561333E-02
  7.120000E-01  5.030931E-01  2.717906E-01  0.000000E+00  0.000000E+00  0.000000E+00  0.000000E+00  2.251163E-01  0.000000E+00  3.131657E-02  1.535772E-02
  7.140000E-01  5.017797E-01  2.721435E-01  0.000000E+00  0.000000E+00  0.000000E+00  0.000000E+00  2.260769E-01  0.000000E+00  3.096208E-02  1.510451E-02
  7.160000E-01  5.004734E-01  2.724953E-01  0.000000E+00  0.000000E+00  0.000000E+00  0.000000E+00  2.270313E-01  0.000000E+00  3.061035E-02  1.485370E-02
  7.180000E-01  4.991741E-01  2.728463E-01  0.000000E+00  0.000000E+00  0.000000E+00  0.000000E+00  2.279796E-01  0.000000E+00  3.026137E-02  1.460527E-02
  7.200000E-01  4.978818E-01  2.731963E-01  0.000000E+00  0.000000E+00  0.000000E+00  0.000000E+00  2.289219E-01  0.000000E+00  2.991511E-02  1.435922E-02
  7.220000E-01  4.965964E-01  2.735453E-01  0.000000E+00  0.000000E+00  0.000000E+00  0.000000E+00  2.298582E-01  0.000000E+00  2.957157E-02  1.411553E-02
  7.240000E-01  4.953179E-01  2.738935E-01  0.000000E+00  0.000000E+00  0.000000E+00  0.000000E+00  2.307886E-01  0.000000E+00  2.923073E-02  1.387420E-02
  7.260000E-01  4.940462E-01  2.742408E-01  0.000000E+00  0.000000E+00  0.000000E+00  0.000000E+00  2.317130E-01  0.000000E+00  2.889257E-02  1.363520E-02
  7.280000E-01  4.927813E-01  2.745872E-01  0.000000E+00  0.000000E+00  0.000000E+00  0.000000E+00  2.326315E-01  0.000000E+00  2.855710E-02  1.339855E-02
  7.300000E-01  4.915231E-01  2.749327E-01  0.000000E+00  0.000000E+00  0.000000E+00  0.000000E+00  2.335442E-01  0.000000E+00  2.822428E-02  1.316421E-02
  7.320000E-01  4.902716E-01  2.752774E-01  0.000000E+00  0.000000E+00  0.000000E+00  0.000000E+00  2.344511E-01  0.000000E+00  2.789411E-02  1.293220E-02
  7.340000E-01  4.890267E-01  2.756212E-01  0.000000E+00  0.000000E+00  0.000000E+00  0.000000E+00  2.353521E-01  0.000000E+00  2.756658E-02  1.270248E-02
  7.360000E-01  4.877883E-01  2.759642E-01  0.000000E+00  0.000000E+00  0.000000E+00  0.000000E+00  2.362475E-01  0.000000E+00  2.724166E-02  1.247506E-02
  7.380000E-01  4.865565E-01  2.763064E-01  0.000000E+00  0.000000E+00  0.000000E+00  0.000000E+00  2.371371E-01  0.000000E+00  2.691936E-02  1.224993E-02
  7.400000E-01  4.853311E-01  2.766478E-01  0.000000E+00  0.000000E+00  0.000000E+00  0.000000E+00  2.380211E-01  0.000000E+00  2.659964E-02  1.202707E-02
  7.420000E-01  4.841121E-01  2.769884E-01  0.000000E+00  0.000000E+00  0.000000E+00  0.000000E+00  2.388994E-01  0.000000E+00  2.628251E-02  1.180648E-02
  7.440000E-01  4.828995E-01  2.773283E-01  0.000000E+00  0.000000E+00  0.000000E+00  0.000000E+00  2.397722E-01  0.000000E+00  2.596795E-02  1.158814E-02
  7.460000E-01  4.816933E-01  2.776674E-01  0.000000E+00  0.000000E+00  0.000000E+00  0.000000E+00  2.406394E-01  0.000000E+00  2.565594E-02  1.137206E-02
  7.480000E-01  4.804933E-01  2.780057E-01  0.000000E+00  0.000000E+00  0.000000E+00  0.000000E+00  2.415010E-01  0.000000E+00  2.534648E-02  1.115821E-02
  7.500000E-01  4.792995E-01  2.783433E-01  0.000000E+00  0.000000E+00  0.000000E+00  0.000000E+00  2.423572E-01  0.000000E+00  2.503954E-02  1.094659E-02
  7.520000E-01  4.781119E-01  2.786802E-01  0.000000E+00  0.000000E+00  0.000000E+00  0.000000E+00  2.432079E-01  0.000000E+00  2.473513E-02  1.073719E-02
  7.540000E-01  4.769305E-01  2.790164E-01  0.000000E+00  0.000000E+00  0.000000E+00  0.000000E+00  2.440532E-01  0.000000E+00  2.443321E-02  1.053001E-02
  7.560000E-01  4.757551E-01  2.793519E-01  0.000000E+00  0.000000E+00  0.000000E+00  0.000000E+00  2.448930E-01  0.000000E+00  2.413379E-02  1.032502E-02
  7.580000E-01  4.745858E-01  2.796866E-01  0.000000E+00  0.000000E+00  0.000000E+00  0.000000E+00  2.457276E-01  0.000000E+00  2.383685E-02  1.012223E-02
  7.600000E-01  4.734225E-01  2.800208E-01  0.000000E+00  0.000000E+00  0.000000E+00  0.000000E+00  2.465568E-01  0.000000E+00  2.354238E-02  9.921622E-03
  7.620000E-01  4.722651E-01  2.803542E-01  0.000000E+00  0.000000E+00  0.000000E+00  0.000000E+00  2.473807E-01  0.000000E+00  2.325036E-02  9.723191E-03
  7.640000E-01  4.711137E-01  2.806870E-01  0.000000E+00  0.000000E+00  0.000000E+00  0.000000E+00  2.481993E-01  0.000000E+00  2.296078E-02  9.526927E-03
  7.660000E-01  4.699681E-01  2.810192E-01  0.000000E+00  0.000000E+00  0.000000E+00  0.000000E+00  2.490127E-01  0.000000E+00  2.267364E-02  9.332822E-03
  7.680000E-01  4.688283E-01  2.813507E-01  0.000000E+00  0.000000E+00  0.000000E+00  0.000000E+00  2.498210E-01  0.000000E+00  2.238891E-02  9.140867E-03
  7.700000E-01  4.676943E-01  2.816816E-01  0.000000E+00  0.000000E+00  0.000000E+00  0.000000E+00  2.506240E-01  0.000000E+00  2.210659E-02  8.951053E-03
  7.720000E-01  4.665661E-01  2.820120E-01  0.000000E+00  0.000000E+00  0.000000E+00  0.000000E+00  2.514219E-01  0.000000E+00  2.182666E-02  8.763373E-03
  7.740000E-01  4.654436E-01  2.823417E-01  0.000000E+00  0.000000E+00  0.000000E+00  0.000000E+00  2.522147E-01  0.000000E+00  2.154912E-02  8.577817E-03
  7.760000E-01  4.643267E-01  2.826708E-01  0.000000E+00  0.000000E+00  0.000000E+00  0.000000E+00  2.530025E-01  0.000000E+00  2.127394E-02  8.394378E-03
  7.780000E-01  4.632154E-01  2.829994E-01  0.000000E+00  0.000000E+00  0.000000E+00  0.000000E+00  2.537852E-01  0.000000E+00  2.100113E-02  8.213047E-03
  7.800000E-01  4.621098E-01  2.833274E-01  0.000000E+00  0.000000E+00  0.000000E+00  0.000000E+00  2.545629E-01  0.000000E+00  2.073066E-02  8.033816E-03
  7.820000E-01  4.610096E-01  2.836548E-01  0.000000E+00  0.000000E+00  0.000000E+00  0.000000E+00  2.553356E-01  0.000000E+00  2.046253E-02  7.856678E-03
  7.840000E-01  4.599150E-01  2.839817E-01  0.000000E+00  0.000000E+00  0.000000E+00  0.000000E+00  2.561033E-01  0.000000E+00  2.019672E-02  7.681624E-03
  7.860000E-01  4.588258E-01  2.843081E-01  0.000000E+00  0.000000E+00  0.000000E+00  0.000000E+00  2.568662E-01  0.000000E+00  1.993322E-02  7.508646E-03
  7.880000E-01  4.577420E-01  2.846339E-01  0.000000E+00  0.000000E+00  0.000000E+00  0.000000E+00  2.576241E-01  0.000000E+00  1.967202E-02  7.337736E-03
  7.900000E-01  4.566636E-01  2.849592E-01  0.000000E+00  0.000000E+00  0.000000E+00  0.000000E+00  2.583772E-01  0.000000E+00  1.941312E-02  7.168887E-03
  7.920000E-01  4.555905E-01  2.852840E-01  0.000000E+00  0.000000E+00  0.000000E+00  0.000000E+00  2.591255E-01  0.000000E+00  1.915649E-02  7.002092E-03
  7.940000E-01  4.545227E-01  2.856084E-01  0.000000E+00  0.000000E+00  0.000000E+00  0.000000E+00  2.598689E-01  0.000000E+00  1.890212E-02  6.837342E-03
  7.960000E-01  4.534602E-01  2.859322E-01  0.000000E+00  0.000000E+00  0.000000E+00  0.000000E+00  2.606076E-01  0.000000E+00  1.865002E-02  6.674629E-03
  7.980000E-01  4.524030E-01  2.862556E-01  0.000000E+00  0.000000E+00  0.000000E+00  0.000000E+00  2.613415E-01  0.000000E+00  1.840015E-02  6.513947E-03
  8.000000E-01  4.513509E-01  2.865785E-01  0.000000E+00  0.000000E+00  0.000000E+00  0.000000E+00  2.620707E-01  0.000000E+00  1.815252E-02  6.355289E-03
  8.020000E-01  4.503039E-01  2.869009E-01  0.000000E+00  0.000000E+00  0.000000E+00  0.000000E+00  2.627951E-01  0.000000E+00  1.790711E-02  6.198646E-03
  8.040000E-01  4.492621E-01  2.872229E-01  0.000000E+00  0.000000E+00  0.000000E+00  0.000000E+00  2.635150E-01  0.000000E+00  1.766391E-02  6.044012E-03
  8.060000E-01  4.482254E-01  2.875445E-01  0.000000E+00  0.000000E+00  0.000000E+00  0.000000E+00  2.642302E-01  0.000000E+00  1.742292E-02  5.891379E-03
  8.080000E-01  4.471937E-01  2.878656E-01  0.000000E+00  0.000000E+00  0.000000E+00  0.000000E+00  2.649407E-01  0.000000E+00  1.718411E-02  5.740741E-03
  8.100000E-01  4.461670E-01  2.881863E-01  0.000000E+00  0.000000E+00  0.000000E+00  0.000000E+00  2.656467E-01  0.000000E+00  1.694747E-02  5.592091E-03
  8.120000E-01  4.451453E-01  2.885066E-01  0.000000E+00  0.000000E+00  0.000000E+00  0.000000E+00  2.663481E-01  0.000000E+00  1.671301E-02  5.445421E-03
  8.140000E-01  4.441285E-01  2.888265E-01  0.000000E+00  0.000000E+00  0.000000E+00  0.000000E+00  2.670450E-01  0.000000E+00  1.648070E-02  5.300725E-03
  8.160000E-01  4.431166E-01  2.891460E-01  0.000000E+00  0.000000E+00  0.000000E+00  0.000000E+00  2.677374E-01  0.000000E+00  1.625053E-02  5.157997E-03
  8.180000E-01  4.421096E-01  2.894651E-01  0.000000E+00  0.000000E+00  0.000000E+00  0.000000E+00  2.684253E-01  0.000000E+00  1.602250E-02  5.017229E-03
  8.200000E-01  4.411074E-01  2.897838E-01  0.000000E+00  0.000000E+00  0.000000E+00  0.000000E+00  2.691088E-01  0.000000E+00  1.579660E-02  4.878416E-03
  8.220000E-01  4.401101E-01  2.901022E-01  0.000000E+00  0.000000E+00  0.000000E+00  0.000000E+00  2.697878E-01  0.000000E+00  1.557281E-02  4.741550E-03
  8.240000E-01  4.391174E-01  2.904201E-01  0.000000E+00  0.000000E+00  0.000000E+00  0.000000E+00  2.704624E-01  0.000000E+00  1.535112E-02  4.606627E-03
  8.260000E-01  4.381296E-01  2.907378E-01  0.000000E+00  0.000000E+00  0.000000E+00  0.000000E+00  2.711326E-01  0.000000E+00  1.513152E-02  4.473639E-03
  8.280000E-01  4.371464E-01  2.910551E-01  0.000000E+00  0.000000E+00  0.000000E+00  0.000000E+00  2.717985E-01  0.000000E+00  1.491400E-02  4.342580E-03
  8.300000E-01  4.361679E-01  2.913721E-01  0.000000E+00  0.000000E+00  0.000000E+00  0.000000E+00  2.724601E-01  0.000000E+00  1.469855E-02  4.213445E-03
  8.320000E-01  4.351940E-01  2.916887E-01  0.000000E+00  0.000000E+00  0.000000E+00  0.000000E+00  2.731173E-01  0.000000E+00  1.448517E-02  4.086228E-03
  8.340000E-01  4.342248E-01  2.920050E-01  0.000000E+00  0.000000E+00  0.000000E+00  0.000000E+00  2.737702E-01  0.000000E+00  1.427383E-02  3.960923E-03
  8.360000E-01  4.332601E-01  2.923210E-01  0.000000E+00  0.000000E+00  0.000000E+00  0.000000E+00  2.744189E-01  0.000000E+00  1.406454E-02  3.837524E-03
  8.380000E-01  4.322999E-01  2.926367E-01  0.000000E+00  0.000000E+00  0.000000E+00  0.000000E+00  2.750634E-01  0.000000E+00  1.385727E-02  3.716027E-03
  8.400000E-01  4.313443E-01  2.929521E-01  0.000000E+00  0.000000E+00  0.000000E+00  0.000000E+00  2.757036E-01  0.000000E+00  1.365202E-02  3.596426E-03
  8.420000E-01  4.303931E-01  2.932672E-01  0.000000E+00  0.000000E+00  0.000000E+00  0.000000E+00  2.763397E-01  0.000000E+00  1.344878E-02  3.478715E-03
  8.440000E-01  4.294464E-01  2.935820E-01  0.000000E+00  0.000000E+00  0.000000E+00  0.000000E+00  2.769716E-01  0.000000E+00  1.324754E-02  3.362891E-03
  8.460000E-01  4.285041E-01  2.938965E-01  0.000000E+00  0.000000E+00  0.000000E+00  0.000000E+00  2.775993E-01  0.000000E+00  1.304829E-02  3.248948E-03
  8.480000E-01  4.275662E-01  2.942108E-01  0.000000E+00  0.000000E+00  0.000000E+00  0.000000E+00  2.782229E-01  0.000000E+00  1.285101E-02  3.136881E-03
  8.500000E-01  4.266327E-01  2.945248E-01  0.000000E+00  0.000000E+00  0.000000E+00  0.000000E+00  2.788425E-01  0.000000E+00  1.265570E-02  3.026686E-03
  8.520000E-01  4.257035E-01  2.948386E-01  0.000000E+00  0.000000E+00  0.000000E+00  0.000000E+00  2.794579E-01  0.000000E+00  1.246235E-02  2.918359E-03
  8.540000E-01  4.247786E-01  2.951521E-01  0.000000E+00  0.000000E+00  0.000000E+00  0.000000E+00  2.800693E-01  0.000000E+00  1.227095E-02  2.811896E-03
  8.560000E-01  4.238579E-01  2.954654E-01  0.000000E+00  0.000000E+00  0.000000E+00  0.000000E+00  2.806766E-01  0.000000E+00  1.208149E-02  2.707293E-03
  8.580000E-01  4.229416E-01  2.957785E-01  0.000000E+00  0.000000E+00  0.000000E+00  0.000000E+00  2.812800E-01  0.000000E+00  1.189395E-02  2.604546E-03
  8.600000E-01  4.220294E-01  2.960913E-01  0.000000E+00  0.000000E+00  0.000000E+00  0.000000E+00  2.818793E-01  0.000000E+00  1.170832E-02  2.503652E-03
  8.620000E-01  4.211214E-01  2.964039E-01  0.000000E+00  0.000000E+00  0.000000E+00  0.000000E+00  2.824747E-01  0.000000E+00  1.152461E-02  2.404607E-03
  8.640000E-01  4.202175E-01  2.967163E-01  0.000000E+00  0.000000E+00  0.000000E+00  0.000000E+00  2.830661E-01  0.000000E+00  1.134279E-02  2.307410E-03
  8.660000E-01  4.193178E-01  2.970285E-01  0.000000E+00  0.000000E+00  0.000000E+00  0.000000E+00  2.836536E-01  0.000000E+00  1.116286E-02  2.212057E-03
  8.680000E-01  4.184223E-01  2.973406E-01  0.000000E+00  0.000000E+00  0.000000E+00  0.000000E+00  2.842372E-01  0.000000E+00  1.098481E-02  2.118546E-03
  8.700000E-01  4.175307E-01  2.976524E-01  0.000000E+00  0.000000E+00  0.000000E+00  0.000000E+00  2.848169E-01  0.000000E+00  1.080862E-02  2.026876E-03
  8.720000E-01  4.166433E-01  2.979640E-01  0.000000E+00  0.000000E+00  0.000000E+00  0.000000E+00  2.853927E-01  0.000000E+00  1.063429E-02  1.937043E-03
  8.740000E-01  4.157598E-01  2.982755E-01  0.000000E+00  0.000000E+00  0.000000E+00  0.000000E+00  2.859647E-01  0.000000E+00  1.046181E-02  1.849048E-03
  8.760000E-01  4.148804E-01  2.985868E-01  0.000000E+00  0.000000E+00  0.000000E+00  0.000000E+00  2.865328E-01  0.000000E+00  1.029116E-02  1.762890E-03
  8.780000E-01  4.140049E-01  2.988980E-01  0.000000E+00  0.000000E+00  0.000000E+00  0.000000E+00  2.870971E-01  0.000000E+00  1.012234E-02  1.678567E-03
  8.800000E-01  4.131334E-01  2.992090E-01  0.000000E+00  0.000000E+00  0.000000E+00  0.000000E+00  2.876576E-01  0.000000E+00  9.955337E-03  1.596081E-03
  8.820000E-01  4.122658E-01  2.995199E-01  0.000000E+00  0.000000E+00  0.000000E+00  0.000000E+00  2.882143E-01  0.000000E+00  9.790142E-03  1.515431E-03
  8.840000E-01  4.114021E-01  2.998307E-01  0.000000E+00  0.000000E+00  0.000000E+00  0.000000E+00  2.887673E-01  0.000000E+00  9.626744E-03  1.436619E-03
  8.860000E-01  4.105422E-01  3.001413E-01  0.000000E+00  0.000000E+00  0.000000E+00  0.000000E+00  2.893165E-01  0.000000E+00  9.465133E-03  1.359647E-03
  8.880000E-01  4.096862E-01  3.004518E-01  0.000000E+00  0.000000E+00  0.000000E+00  0.000000E+00  2.898620E-01  0.000000E+00  9.305300E-03  1.284516E-03
  8.900000E-01  4.088341E-01  3.007622E-01  0.000000E+00  0.000000E+00  0.000000E+00  0.000000E+00  2.904037E-01  0.000000E+00  9.147234E-03  1.211231E-03
  8.920000E-01  4.079857E-01  3.010725E-01  0.000000E+00  0.000000E+00  0.000000E+00  0.000000E+00  2.909418E-01  0.000000E+00  8.990925E-03  1.139794E-03
  8.940000E-01  4.071411E-01  3.013827E-01  0.000000E+00  0.000000E+00  0.000000E+00  0.000000E+00  2.914762E-01  0.000000E+00  8.836364E-03  1.070211E-03
  8.960000E-01  4.063002E-01  3.016929E-01  0.000000E+00  0.000000E+00  0.000000E+00  0.000000E+00  2.920069E-01  0.000000E+00  8.683541E-03  1.002487E-03
  8.980000E-01  4.054631E-01  3.020030E-01  0.000000E+00  0.000000E+00  0.000000E+00  0.000000E+00  2.925339E-01  0.000000E+00  8.532444E-03  9.366298E-04
  9.000000E-01  4.045416E-01  3.020301E-01  0.000000E+00  0.000000E+00  0.000000E+00  0.000000E+00  2.927574E-01  6.708367E-04  8.394602E-03  8.780780E-04
  9.020000E-01  4.036339E-01  3.020887E-01  0.000000E+00  0.000000E+00  0.000000E+00  0.000000E+00  2.930111E-01  1.266302E-03  8.257041E-03  8.205576E-04
  9.040000E-01  4.027188E-01  3.021100E-01  0.000000E+00  0.000000E+00  0.000000E+00  0.000000E+00  2.932221E-01  1.949116E-03  8.122538E-03  7.653726E-04
  9.060000E-01  4.017987E-01  3.021025E-01  0.000000E+00  0.000000E+00  0.000000E+00  0.000000E+00  2.933995E-01  2.699309E-03  7.990716E-03  7.123279E-04
  9.080000E-01  4.008754E-01  3.020715E-01  0.000000E+00  0.000000E+00  0.000000E+00  0.000000E+00  2.935489E-01  3.504190E-03  7.861329E-03  6.612972E-04
  9.100000E-01  3.999501E-01  3.020207E-01  0.000000E+00  0.000000E+00  0.000000E+00  0.000000E+00  2.936743E-01  4.354861E-03  7.734201E-03  6.121914E-04
  9.120000E-01  3.990235E-01  3.019530E-01  0.000000E+00  0.000000E+00  0.000000E+00  0.000000E+00  2.937788E-01  5.244691E-03  7.609195E-03  5.649446E-04
  9.140000E-01  3.980964E-01  3.018704E-01  0.000000E+00  0.000000E+00  0.000000E+00  0.000000E+00  2.938647E-01  6.168524E-03  7.486202E-03  5.195066E-04
  9.160000E-01  3.971693E-01  3.017747E-01  0.000000E+00  0.000000E+00  0.000000E+00  0.000000E+00  2.939337E-01  7.122227E-03  7.365132E-03  4.758395E-04
  9.180000E-01  3.962427E-01  3.016674E-01  0.000000E+00  0.000000E+00  0.000000E+00  0.000000E+00  2.939876E-01  8.102411E-03  7.245907E-03  4.339143E-04
  9.200000E-01  3.953168E-01  3.015496E-01  0.000000E+00  0.000000E+00  0.000000E+00  0.000000E+00  2.940274E-01  9.106244E-03  7.128462E-03  3.937099E-04
  9.220000E-01  3.943919E-01  3.014223E-01  0.000000E+00  0.000000E+00  0.000000E+00  0.000000E+00  2.940544E-01  1.013132E-02  7.012738E-03  3.552120E-04
  9.240000E-01  3.934685E-01  3.012865E-01  0.000000E+00  0.000000E+00  0.000000E+00  0.000000E+00  2.940694E-01  1.117558E-02  6.898684E-03  3.184127E-04
  9.260000E-01  3.925465E-01  3.011429E-01  0.000000E+00  0.000000E+00  0.000000E+00  0.000000E+00  2.940734E-01  1.223723E-02  6.786253E-03  2.833098E-04
  9.280000E-01  3.916263E-01  3.009922E-01  0.000000E+00  0.000000E+00  0.000000E+00  0.000000E+00  2.940669E-01  1.331469E-02  6.675402E-03  2.499077E-04
  9.300000E-01  3.907080E-01  3.008349E-01  0.000000E+00  0.000000E+00  0.000000E+00  0.000000E+00  2.940506E-01  1.440660E-02  6.566093E-03  2.182170E-04
  9.320000E-01  3.897917E-01  3.006716E-01  0.000000E+00  0.000000E+00  0.000000E+00  0.000000E+00  2.940250E-01  1.551172E-02  6.458288E-03  1.882558E-04
  9.340000E-01  3.888776E-01  3.005027E-01  0.000000E+00  0.000000E+00  0.000000E+00  0.000000E+00  2.939907E-01  1.662895E-02  6.351955E-03  1.600504E-04
  9.360000E-01  3.879658E-01  3.003288E-01  0.000000E+00  0.000000E+00  0.000000E+00  0.000000E+00  2.939481E-01  1.775732E-02  6.247061E-03  1.336374E-04
  9.380000E-01  3.870564E-01  3.001502E-01  0.000000E+00  0.000000E+00  0.000000E+00  0.000000E+00  2.938975E-01  1.889594E-02  6.143575E-03  1.090660E-04
  9.400000E-01  3.861495E-01  2.999672E-01  0.000000E+00  0.000000E+00  0.000000E+00  0.000000E+00  2.938393E-01  2.004400E-02  6.041469E-03  8.640201E-05
  9.420000E-01  3.852451E-01  2.997803E-01  0.000000E+00  0.000000E+00  0.000000E+00  0.000000E+00  2.937738E-01  2.120079E-02  5.940714E-03  6.573418E-05
  9.440000E-01  3.843434E-01  2.995897E-01  0.000000E+00  0.000000E+00  0.000000E+00  0.000000E+00  2.937012E-01  2.236566E-02  5.841280E-03  4.718498E-05
  9.460000E-01  3.834445E-01  2.993958E-01  0.000000E+00  0.000000E+00  0.000000E+00  0.000000E+00  2.936217E-01  2.353801E-02  5.743139E-03  3.093032E-05
  9.480000E-01  3.825484E-01  2.991989E-01  0.000000E+00  0.000000E+00  0.000000E+00  0.000000E+00  2.935354E-01  2.471731E-02  5.646257E-03  1.724167E-05
  9.500000E-01  3.816552E-01  2.989994E-01  0.000000E+00  0.000000E+00  0.000000E+00  0.000000E+00  2.934422E-01  2.590313E-02  5.550595E-03  6.598953E-06
  9.520000E-01  3.807653E-01  2.987980E-01  0.000000E+00  0.000000E+00  0.000000E+00  0.000000E+00  2.933416E-01  2.709513E-02  5.456083E-03  2.376139E-07
  9.540000E-01  3.798788E-01  2.985953E-01  0.000000E+00  0.000000E+00  0.000000E+00  0.000000E+00  2.932327E-01  2.829316E-02  5.362625E-03  0.000000E+00
  9.560000E-01  3.789949E-01  2.983898E-01  0.000000E+00  0.000000E+00  0.000000E+00  0.000000E+00  2.931193E-01  2.949599E-02  5.270459E-03  0.000000E+00
  9.580000E-01  3.781138E-01  2.981813E-01  0.000000E+00  0.000000E+00  0.000000E+00  0.000000E+00  2.930017E-01  3.070321E-02  5.179576E-03  0.000000E+00
  9.600000E-01  3.772353E-01  2.979701E-01  0.000000E+00  0.000000E+00  0.000000E+00  0.000000E+00  2.928801E-01  3.191444E-02  5.089956E-03  0.000000E+00
  9.620000E-01  3.763595E-01  2.977563E-01  0.000000E+00  0.000000E+00  0.000000E+00  0.000000E+00  2.927548E-01  3.312936E-02  5.001583E-03  0.000000E+00
  9.640000E-01  3.754865E-01  2.975401E-01  0.000000E+00  0.000000E+00  0.000000E+00  0.000000E+00  2.926257E-01  3.434765E-02  4.914437E-03  0.000000E+00
  9.660000E-01  3.746163E-01  2.973216E-01  0.000000E+00  0.000000E+00  0.000000E+00  0.000000E+00  2.924931E-01  3.556901E-02  4.828504E-03  0.000000E+00
  9.680000E-01  3.737488E-01  2.971009E-01  0.000000E+00  0.000000E+00  0.000000E+00  0.000000E+00  2.923572E-01  3.679316E-02  4.743766E-03  0.000000E+00
  9.700000E-01  3.728841E-01  2.968782E-01  0.000000E+00  0.000000E+00  0.000000E+00  0.000000E+00  2.922179E-01  3.801985E-02  4.660206E-03  0.000000E+00
  9.720000E-01  3.720222E-01  2.966534E-01  0.000000E+00  0.000000E+00  0.000000E+00  0.000000E+00  2.920756E-01  3.924883E-02  4.577811E-03  0.000000E+00
  9.740000E-01  3.711631E-01  2.964268E-01  0.000000E+00  0.000000E+00  0.000000E+00  0.000000E+00  2.919303E-01  4.047987E-02  4.496564E-03  0.000000E+00
  9.760000E-01  3.703068E-01  2.961985E-01  0.000000E+00  0.000000E+00  0.000000E+00  0.000000E+00  2.917820E-01  4.171275E-02  4.416451E-03  0.000000E+00
  9.780000E-01  3.694533E-01  2.959684E-01  0.000000E+00  0.000000E+00  0.000000E+00  0.000000E+00  2.916310E-01  4.294728E-02  4.337458E-03  0.000000E+00
  9.800000E-01  3.686027E-01  2.957368E-01  0.000000E+00  0.000000E+00  0.000000E+00  0.000000E+00  2.914772E-01  4.418325E-02  4.259569E-03  0.000000E+00
  9.820000E-01  3.677549E-01  2.955037E-01  0.000000E+00  0.000000E+00  0.000000E+00  0.000000E+00  2.913209E-01  4.542050E-02  4.182773E-03  0.000000E+00
  9.840000E-01  3.669100E-01  2.952691E-01  0.000000E+00  0.000000E+00  0.000000E+00  0.000000E+00  2.911621E-01  4.665885E-02  4.107054E-03  0.000000E+00
  9.860000E-01  3.660679E-01  2.950332E-01  0.000000E+00  0.000000E+00  0.000000E+00  0.000000E+00  2.910008E-01  4.789813E-02  4.032401E-03  0.000000E+00
  9.880000E-01  3.652287E-01  2.947960E-01  0.000000E+00  0.000000E+00  0.000000E+00  0.000000E+00  2.908372E-01  4.913819E-02  3.958799E-03  0.000000E+00
  9.900000E-01  3.643923E-01  2.945575E-01  0.000000E+00  0.000000E+00  0.000000E+00  0.000000E+00  2.906713E-01  5.037890E-02  3.886237E-03  0.000000E+00
  9.920000E-01  3.635587E-01  2.943179E-01  0.000000E+00  0.000000E+00  0.000000E+00  0.000000E+00  2.905032E-01  5.162010E-02  3.814701E-03  0.000000E+00
  9.940000E-01  3.627280E-01  2.940772E-01  0.000000E+00  0.000000E+00  0.000000E+00  0.000000E+00  2.903331E-01  5.286168E-02  3.744181E-03  0.000000E+00
  9.960000E-01  3.619001E-01  2.938355E-01  0.000000E+00  0.000000E+00  0.000000E+00  0.000000E+00  2.901608E-01  5.410351E-02  3.674663E-03  0.000000E+00
  9.980000E-01  3.610751E-01  2.935928E-01  0.000000E+00  0.000000E+00  0.000000E+00  0.000000E+00  2.899866E-01  5.534546E-02  3.606136E-03  0.000000E+00
  1.000000E+00  3.602529E-01  2.933491E-01  0.000000E+00  0.000000E+00  0.000000E+00  0.000000E+00  2.898105E-01  5.658743E-02  3.538588E-03  0.000000E+00
  1.002000E+00  3.594336E-01  2.931046E-01  0.000000E+00  0.000000E+00  0.000000E+00  0.000000E+00  2.896325E-01  5.782932E-02  3.472008E-03  0.000000E+00
  1.004000E+00  3.586171E-01  2.928592E-01  0.000000E+00  0.000000E+00  0.000000E+00  0.000000E+00  2.894528E-01  5.907102E-02  3.406385E-03  0.000000E+00
  1.006000E+00  3.578034E-01  2.926130E-01  0.000000E+00  0.000000E+00  0.000000E+00  0.000000E+00  2.892713E-01  6.031243E-02  3.341708E-03  0.000000E+00
  1.008000E+00  3.569925E-01  2.923660E-01  0.000000E+00  0.000000E+00  0.000000E+00  0.000000E+00  2.890880E-01  6.155346E-02  3.277966E-03  0.000000E+00
  1.010000E+00  3.561844E-01  2.921183E-01  0.000000E+00  0.000000E+00  0.000000E+00  0.000000E+00  2.889032E-01  6.279404E-02  3.215148E-03  0.000000E+00
  1.012000E+00  3.553792E-01  2.918700E-01  0.000000E+00  0.000000E+00  0.000000E+00  0.000000E+00  2.887168E-01  6.403407E-02  3.153244E-03  0.000000E+00
  1.014000E+00  3.545767E-01  2.916210E-01  0.000000E+00  0.000000E+00  0.000000E+00  0.000000E+00  2.885288E-01  6.527347E-02  3.092243E-03  0.000000E+00
  1.016000E+00  3.537771E-01  2.913714E-01  0.000000E+00  0.000000E+00  0.000000E+00  0.000000E+00  2.883393E-01  6.651217E-02  3.032135E-03  0.000000E+00
  1.018000E+00  3.529802E-01  2.911213E-01  0.000000E+00  0.000000E+00  0.000000E+00  0.000000E+00  2.881484E-01  6.775011E-02  2.972910E-03  0.000000E+00
  1.020000E+00  3.521861E-01  2.908706E-01  0.000000E+00  0.000000E+00  0.000000E+00  0.000000E+00  2.879561E-01  6.898720E-02  2.914558E-03  0.000000E+00
  1.022000E+00  3.513948E-01  2.906195E-01  0.000000E+00  0.000000E+00  0.000000E+00  0.000000E+00  2.877624E-01  7.022338E-02  2.857069E-03  0.000000E+00
  1.024000E+00  3.506062E-01  2.903678E-01  0.000000E+00  0.000000E+00  0.000000E+00  0.000000E+00  2.875674E-01  7.145860E-02  2.800433E-03  0.000000E+00
  1.026000E+00  3.498204E-01  2.901157E-01  0.000000E+00  0.000000E+00  0.000000E+00  0.000000E+00  2.873711E-01  7.269279E-02  2.744642E-03  0.000000E+00
  1.028000E+00  3.490374E-01  2.898632E-01  0.000000E+00  0.000000E+00  0.000000E+00  0.000000E+00  2.871735E-01  7.392589E-02  2.689685E-03  0.000000E+00
  1.030000E+00  3.482571E-01  2.896103E-01  0.000000E+00  0.000000E+00  0.000000E+00  0.000000E+00  2.869748E-01  7.515786E-02  2.635553E-03  0.000000E+00
  1.032000E+00  3.474795E-01  2.893571E-01  0.000000E+00  0.000000E+00  0.000000E+00  0.000000E+00  2.867748E-01  7.638863E-02  2.582237E-03  0.000000E+00
  1.034000E+00  3.467046E-01  2.891035E-01  0.000000E+00  0.000000E+00  0.000000E+00  0.000000E+00  2.865737E-01  7.761816E-02  2.529728E-03  0.000000E+00
  1.036000E+00  3.459325E-01  2.888496E-01  0.000000E+00  0.000000E+00  0.000000E+00  0.000000E+00  2.863716E-01  7.884640E-02  2.478017E-03  0.000000E+00
  1.038000E+00  3.451630E-01  2.885954E-01  0.000000E+00  0.000000E+00  0.000000E+00  0.000000E+00  2.861683E-01  8.007331E-02  2.427095E-03  0.000000E+00
  1.040000E+00  3.443963E-01  2.883409E-01  0.000000E+00  0.000000E+00  0.000000E+00  0.000000E+00  2.859640E-01  8.129884E-02  2.376953E-03  0.000000E+00
  1.042000E+00  3.436322E-01  2.880862E-01  0.000000E+00  0.000000E+00  0.000000E+00  0.000000E+00  2.857586E-01  8.252295E-02  2.327582E-03  0.000000E+00
  1.044000E+00  3.428708E-01  2.878313E-01  0.000000E+00  0.000000E+00  0.000000E+00  0.000000E+00  2.855523E-01  8.374560E-02  2.278974E-03  0.000000E+00
  1.046000E+00  3.421121E-01  2.875762E-01  0.000000E+00  0.000000E+00  0.000000E+00  0.000000E+00  2.853450E-01  8.496676E-02  2.231120E-03  0.000000E+00
  1.048000E+00  3.413560E-01  2.873208E-01  0.000000E+00  0.000000E+00  0.000000E+00  0.000000E+00  2.851368E-01  8.618638E-02  2.184013E-03  0.000000E+00
  1.050000E+00  3.406025E-01  2.870653E-01  0.000000E+00  0.000000E+00  0.000000E+00  0.000000E+00  2.849277E-01  8.740443E-02  2.137643E-03  0.000000E+00
  1.052000E+00  3.398517E-01  2.868097E-01  0.000000E+00  0.000000E+00  0.000000E+00  0.000000E+00  2.847177E-01  8.862088E-02  2.092002E-03  0.000000E+00
  1.054000E+00  3.391035E-01  2.865539E-01  0.000000E+00  0.000000E+00  0.000000E+00  0.000000E+00  2.845068E-01  8.983570E-02  2.047082E-03  0.000000E+00
  1.056000E+00  3.383580E-01  2.862980E-01  0.000000E+00  0.000000E+00  0.000000E+00  0.000000E+00  2.842952E-01  9.104885E-02  2.002876E-03  0.000000E+00
  1.058000E+00  3.376150E-01  2.860420E-01  0.000000E+00  0.000000E+00  0.000000E+00  0.000000E+00  2.840827E-01  9.226031E-02  1.959375E-03  0.000000E+00
  1.060000E+00  3.368746E-01  2.857860E-01  0.000000E+00  0.000000E+00  0.000000E+00  0.000000E+00  2.838694E-01  9.347005E-02  1.916571E-03  0.000000E+00
  1.062000E+00  3.361368E-01  2.855298E-01  0.000000E+00  0.000000E+00  0.000000E+00  0.000000E+00  2.836554E-01  9.467804E-02  1.874456E-03  0.000000E+00
  1.064000E+00  3.354015E-01  2.852736E-01  0.000000E+00  0.000000E+00  0.000000E+00  0.000000E+00  2.834406E-01  9.588426E-02  1.833023E-03  0.000000E+00
  1.066000E+00  3.346689E-01  2.850174E-01  0.000000E+00  0.000000E+00  0.000000E+00  0.000000E+00  2.832251E-01  9.708868E-02  1.792264E-03  0.000000E+00
  1.068000E+00  3.339387E-01  2.847611E-01  0.000000E+00  0.000000E+00  0.000000E+00  0.000000E+00  2.830089E-01  9.829128E-02  1.752171E-03  0.000000E+00
  1.070000E+00  3.332111E-01  2.845048E-01  0.000000E+00  0.000000E+00  0.000000E+00  0.000000E+00  2.827920E-01  9.949203E-02  1.712738E-03  0.000000E+00
  1.072000E+00  3.324861E-01  2.842485E-01  0.000000E+00  0.000000E+00  0.000000E+00  0.000000E+00  2.825745E-01  1.006909E-01  1.673955E-03  0.000000E+00
  1.074000E+00  3.317635E-01  2.839922E-01  0.000000E+00  0.000000E+00  0.000000E+00  0.000000E+00  2.823564E-01  1.018879E-01  1.635817E-03  0.000000E+00
  1.076000E+00  3.310435E-01  2.837359E-01  0.000000E+00  0.000000E+00  0.000000E+00  0.000000E+00  2.821376E-01  1.030830E-01  1.598316E-03  0.000000E+00
  1.078000E+00  3.303259E-01  2.834797E-01  0.000000E+00  0.000000E+00  0.000000E+00  0.000000E+00  2.819182E-01  1.042762E-01  1.561443E-03  0.000000E+00
  1.080000E+00  3.296108E-01  2.832234E-01  0.000000E+00  0.000000E+00  0.000000E+00  0.000000E+00  2.816983E-01  1.054674E-01  1.525194E-03  0.000000E+00
  1.082000E+00  3.288983E-01  2.829673E-01  0.000000E+00  0.000000E+00  0.000000E+00  0.000000E+00  2.814777E-01  1.066567E-01  1.489559E-03  0.000000E+00
  1.084000E+00  3.281881E-01  2.827112E-01  0.000000E+00  0.000000E+00  0.000000E+00  0.000000E+00  2.812567E-01  1.078440E-01  1.454532E-03  0.000000E+00
  1.086000E+00  3.274804E-01  2.824552E-01  0.000000E+00  0.000000E+00  0.000000E+00  0.000000E+00  2.810351E-01  1.090294E-01  1.420107E-03  0.000000E+00
  1.088000E+00  3.267752E-01  2.821992E-01  0.000000E+00  0.000000E+00  0.000000E+00  0.000000E+00  2.808129E-01  1.102127E-01  1.386275E-03  0.000000E+00
  1.090000E+00  3.260724E-01  2.819434E-01  0.000000E+00  0.000000E+00  0.000000E+00  0.000000E+00  2.805903E-01  1.113940E-01  1.353031E-03  0.000000E+00
  1.092000E+00  3.253720E-01  2.816876E-01  0.000000E+00  0.000000E+00  0.000000E+00  0.000000E+00  2.803672E-01  1.125732E-01  1.320367E-03  0.000000E+00
  1.094000E+00  3.246740E-01  2.814319E-01  0.000000E+00  0.000000E+00  0.000000E+00  0.000000E+00  2.801437E-01  1.137504E-01  1.288277E-03  0.000000E+00
  1.096000E+00  3.239784E-01  2.811764E-01  0.000000E+00  0.000000E+00  0.000000E+00  0.000000E+00  2.799196E-01  1.149256E-01  1.256754E-03  0.000000E+00
  1.098000E+00  3.232852E-01  2.809210E-01  0.000000E+00  0.000000E+00  0.000000E+00  0.000000E+00  2.796952E-01  1.160987E-01  1.225792E-03  0.000000E+00
  1.100000E+00  3.225943E-01  2.806657E-01  0.000000E+00  0.000000E+00  0.000000E+00  0.000000E+00  2.794703E-01  1.172697E-01  1.195383E-03  0.000000E+00
  1.102000E+00  3.219059E-01  2.804105E-01  0.000000E+00  0.000000E+00  0.000000E+00  0.000000E+00  2.792450E-01  1.184387E-01  1.165521E-03  0.000000E+00
  1.104000E+00  3.212197E-01  2.801555E-01  0.000000E+00  0.000000E+00  0.000000E+00  0.000000E+00  2.790193E-01  1.196055E-01  1.136200E-03  0.000000E+00
  1.106000E+00  3.205360E-01  2.799006E-01  0.000000E+00  0.000000E+00  0.000000E+00  0.000000E+00  2.787932E-01  1.207702E-01  1.107413E-03  0.000000E+00
  1.108000E+00  3.198545E-01  2.796459E-01  0.000000E+00  0.000000E+00  0.000000E+00  0.000000E+00  2.785668E-01  1.219328E-01  1.079155E-03  0.000000E+00
  1.110000E+00  3.191754E-01  2.793914E-01  0.000000E+00  0.000000E+00  0.000000E+00  0.000000E+00  2.783399E-01  1.230933E-01  1.051418E-03  0.000000E+00
  1.112000E+00  3.184986E-01  2.791370E-01  0.000000E+00  0.000000E+00  0.000000E+00  0.000000E+00  2.781128E-01  1.242516E-01  1.024196E-03  0.000000E+00
  1.114000E+00  3.178241E-01  2.788828E-01  0.000000E+00  0.000000E+00  0.000000E+00  0.000000E+00  2.778853E-01  1.254078E-01  9.974835E-04  0.000000E+00
  1.116000E+00  3.171519E-01  2.786288E-01  0.000000E+00  0.000000E+00  0.000000E+00  0.000000E+00  2.776575E-01  1.265619E-01  9.712738E-04  0.000000E+00
  1.118000E+00  3.164819E-01  2.783749E-01  0.000000E+00  0.000000E+00  0.000000E+00  0.000000E+00  2.774294E-01  1.277138E-01  9.455611E-04  0.000000E+00
  1.120000E+00  3.158142E-01  2.781213E-01  0.000000E+00  0.000000E+00  0.000000E+00  0.000000E+00  2.772009E-01  1.288635E-01  9.203390E-04  0.000000E+00
  1.122000E+00  3.151488E-01  2.778678E-01  0.000000E+00  0.000000E+00  0.000000E+00  0.000000E+00  2.769722E-01  1.300111E-01  8.956017E-04  0.000000E+00
  1.124000E+00  3.144856E-01  2.776146E-01  0.000000E+00  0.000000E+00  0.000000E+00  0.000000E+00  2.767432E-01  1.311565E-01  8.713432E-04  0.000000E+00
  1.126000E+00  3.138247E-01  2.773616E-01  0.000000E+00  0.000000E+00  0.000000E+00  0.000000E+00  2.765140E-01  1.322997E-01  8.475574E-04  0.000000E+00
  1.128000E+00  3.131660E-01  2.771087E-01  0.000000E+00  0.000000E+00  0.000000E+00  0.000000E+00  2.762845E-01  1.334408E-01  8.242386E-04  0.000000E+00
  1.130000E+00  3.125095E-01  2.768561E-01  0.000000E+00  0.000000E+00  0.000000E+00  0.000000E+00  2.760547E-01  1.345796E-01  8.013808E-04  0.000000E+00
  1.132000E+00  3.118552E-01  2.766037E-01  0.000000E+00  0.000000E+00  0.000000E+00  0.000000E+00  2.758248E-01  1.357163E-01  7.789783E-04  0.000000E+00
  1.134000E+00  3.112031E-01  2.763516E-01  0.000000E+00  0.000000E+00  0.000000E+00  0.000000E+00  2.755945E-01  1.368508E-01  7.570254E-04  0.000000E+00
  1.136000E+00  3.105532E-01  2.760996E-01  0.000000E+00  0.000000E+00  0.000000E+00  0.000000E+00  2.753641E-01  1.379830E-01  7.355162E-04  0.000000E+00
  1.138000E+00  3.099055E-01  2.758479E-01  0.000000E+00  0.000000E+00  0.000000E+00  0.000000E+00  2.751335E-01  1.391131E-01  7.144451E-04  0.000000E+00
  1.140000E+00  3.092599E-01  2.755965E-01  0.000000E+00  0.000000E+00  0.000000E+00  0.000000E+00  2.749026E-01  1.402410E-01  6.938065E-04  0.000000E+00
  1.142000E+00  3.086165E-01  2.753452E-01  0.000000E+00  0.000000E+00  0.000000E+00  0.000000E+00  2.746716E-01  1.413666E-01  6.735949E-04  0.000000E+00
  1.144000E+00  3.079752E-01  2.750942E-01  0.000000E+00  0.000000E+00  0.000000E+00  0.000000E+00  2.744404E-01  1.424901E-01  6.538046E-04  0.000000E+00
  1.146000E+00  3.073361E-01  2.748435E-01  0.000000E+00  0.000000E+00  0.000000E+00  0.000000E+00  2.742091E-01  1.436113E-01  6.344302E-04  0.000000E+00
  1.148000E+00  3.066991E-01  2.745930E-01  0.000000E+00  0.000000E+00  0.000000E+00  0.000000E+00  2.739775E-01  1.447303E-01  6.154661E-04  0.000000E+00
  1.150000E+00  3.060642E-01  2.743428E-01  0.000000E+00  0.000000E+00  0.000000E+00  0.000000E+00  2.737459E-01  1.458471E-01  5.969071E-04  0.000000E+00
  1.152000E+00  3.054314E-01  2.740928E-01  0.000000E+00  0.000000E+00  0.000000E+00  0.000000E+00  2.735141E-01  1.469617E-01  5.787476E-04  0.000000E+00
  1.154000E+00  3.048007E-01  2.738431E-01  0.000000E+00  0.000000E+00  0.000000E+00  0.000000E+00  2.732821E-01  1.480741E-01  5.609824E-04  0.000000E+00
  1.156000E+00  3.041721E-01  2.735936E-01  0.000000E+00  0.000000E+00  0.000000E+00  0.000000E+00  2.730500E-01  1.491842E-01  5.436060E-04  0.000000E+00
  1.158000E+00  3.035456E-01  2.733444E-01  0.000000E+00  0.000000E+00  0.000000E+00  0.000000E+00  2.728178E-01  1.502922E-01  5.266134E-04  0.000000E+00
  1.160000E+00  3.029211E-01  2.730955E-01  0.000000E+00  0.000000E+00  0.000000E+00  0.000000E+00  2.725855E-01  1.513979E-01  5.099991E-04  0.000000E+00
  1.162000E+00  3.022987E-01  2.728468E-01  0.000000E+00  0.000000E+00  0.000000E+00  0.000000E+00  2.723531E-01  1.525014E-01  4.937581E-04  0.000000E+00
  1.164000E+00  3.016783E-01  2.725985E-01  0.000000E+00  0.000000E+00  0.000000E+00  0.000000E+00  2.721206E-01  1.536026E-01  4.778852E-04  0.000000E+00
  1.166000E+00  3.010600E-01  2.723504E-01  0.000000E+00  0.000000E+00  0.000000E+00  0.000000E+00  2.718880E-01  1.547017E-01  4.623752E-04  0.000000E+00
  1.168000E+00  3.004437E-01  2.721025E-01  0.000000E+00  0.000000E+00  0.000000E+00  0.000000E+00  2.716553E-01  1.557985E-01  4.472231E-04  0.000000E+00
  1.170000E+00  2.998294E-01  2.718550E-01  0.000000E+00  0.000000E+00  0.000000E+00  0.000000E+00  2.714225E-01  1.568931E-01  4.324238E-04  0.000000E+00
  1.172000E+00  2.992171E-01  2.716077E-01  0.000000E+00  0.000000E+00  0.000000E+00  0.000000E+00  2.711897E-01  1.579855E-01  4.179723E-04  0.000000E+00
  1.174000E+00  2.986068E-01  2.713607E-01  0.000000E+00  0.000000E+00  0.000000E+00  0.000000E+00  2.709568E-01  1.590756E-01  4.038636E-04  0.000000E+00
  1.176000E+00  2.979985E-01  2.711140E-01  0.000000E+00  0.000000E+00  0.000000E+00  0.000000E+00  2.707239E-01  1.601636E-01  3.900928E-04  0.000000E+00
  1.178000E+00  2.973922E-01  2.708676E-01  0.000000E+00  0.000000E+00  0.000000E+00  0.000000E+00  2.704909E-01  1.612493E-01  3.766550E-04  0.000000E+00
  1.180000E+00  2.967878E-01  2.706215E-01  0.000000E+00  0.000000E+00  0.000000E+00  0.000000E+00  2.702579E-01  1.623328E-01  3.635452E-04  0.000000E+00
  1.182000E+00  2.961855E-01  2.703756E-01  0.000000E+00  0.000000E+00  0.000000E+00  0.000000E+00  2.700249E-01  1.634141E-01  3.507587E-04  0.000000E+00
  1.184000E+00  2.955850E-01  2.701301E-01  0.000000E+00  0.000000E+00  0.000000E+00  0.000000E+00  2.697918E-01  1.644932E-01  3.382906E-04  0.000000E+00
  1.186000E+00  2.949865E-01  2.698848E-01  0.000000E+00  0.000000E+00  0.000000E+00  0.000000E+00  2.695587E-01  1.655700E-01  3.261362E-04  0.000000E+00
  1.188000E+00  2.943900E-01  2.696398E-01  0.000000E+00  0.000000E+00  0.000000E+00  0.000000E+00  2.693256E-01  1.666446E-01  3.142908E-04  0.000000E+00
  1.190000E+00  2.937953E-01  2.693952E-01  0.000000E+00  0.000000E+00  0.000000E+00  0.000000E+00  2.690924E-01  1.677171E-01  3.027495E-04  0.000000E+00
  1.192000E+00  2.932026E-01  2.691508E-01  0.000000E+00  0.000000E+00  0.000000E+00  0.000000E+00  2.688593E-01  1.687873E-01  2.915077E-04  0.000000E+00
  1.194000E+00  2.926118E-01  2.689067E-01  0.000000E+00  0.000000E+00  0.000000E+00  0.000000E+00  2.686262E-01  1.698553E-01  2.805609E-04  0.000000E+00
  1.196000E+00  2.920229E-01  2.686630E-01  0.000000E+00  0.000000E+00  0.000000E+00  0.000000E+00  2.683931E-01  1.709211E-01  2.699043E-04  0.000000E+00
  1.198000E+00  2.914358E-01  2.684195E-01  0.000000E+00  0.000000E+00  0.000000E+00  0.000000E+00  2.681600E-01  1.719847E-01  2.595334E-04  0.000000E+00
  1.200000E+00  2.908507E-01  2.681763E-01  0.000000E+00  0.000000E+00  0.000000E+00  0.000000E+00  2.679269E-01  1.730461E-01  2.494436E-04  0.000000E+00
