  1.000000E-02  6.662630E-01  6.908731E-02  0.000000E+00  0.000000E+00  0.000000E+00  0.000000E+00  0.000000E+00  0.000000E+00
  1.200000E-02  7.079399E-01  7.943227E-02  0.000000E+00  0.000000E+00  0.000000E+00  0.000000E+00  0.000000E+00  0.000000E+00
  1.400000E-02  7.451892E-01  8.940244E-02  0.000000E+00  0.000000E+00  0.000000E+00  0.000000E+00  0.000000E+00  0.000000E+00
  1.600000E-02  7.790218E-01  9.906566E-02  0.000000E+00  0.000000E+00  0.000000E+00  0.000000E+00  0.000000E+00  0.000000E+00
  1.800000E-02  8.101226E-01  1.084709E-01  0.000000E+00  0.000000E+00  0.000000E+00  0.000000E+00  0.000000E+00  0.000000E+00
  2.000000E-02  8.389801E-01  1.176552E-01  0.000000E+00  0.000000E+00  0.000000E+00  0.000000E+00  0.000000E+00  0.000000E+00
  2.200000E-02  8.659558E-01  1.266472E-01  0.000000E+00  0.000000E+00  0.000000E+00  0.000000E+00  0.000000E+00  0.000000E+00
  2.400000E-02  8.913263E-01  1.354699E-01  0.000000E+00  0.000000E+00  0.000000E+00  0.000000E+00  0.000000E+00  0.000000E+00
  2.600000E-02  9.153078E-01  1.441420E-01  0.000000E+00  0.000000E+00  0.000000E+00  0.000000E+00  0.000000E+00  0.000000E+00
  2.800000E-02  9.380735E-01  1.526792E-01  0.000000E+00  0.000000E+00  0.000000E+00  0.000000E+00  0.000000E+00  0.000000E+00
  3.000000E-02  9.597640E-01  1.610945E-01  0.000000E+00  0.000000E+00  0.000000E+00  0.000000E+00  0.000000E+00  0.000000E+00
  3.200000E-02  9.804957E-01  1.693991E-01  0.000000E+00  0.000000E+00  0.000000E+00  0.000000E+00  0.000000E+00  0.000000E+00
  3.400000E-02  1.000366E+00  1.776025E-01  0.000000E+00  0.000000E+00  0.000000E+00  0.000000E+00  0.000000E+00  0.000000E+00
  3.600000E-02  1.019456E+00  1.857131E-01  0.000000E+00  0.000000E+00  0.000000E+00  0.000000E+00  0.000000E+00  0.000000E+00
  3.800000E-02  1.037838E+00  1.937383E-01  0.000000E+00  0.000000E+00  0.000000E+00  0.000000E+00  0.000000E+00  0.000000E+00
  4.000000E-02  1.055571E+00  2.016843E-01  0.000000E+00  0.000000E+00  0.000000E+00  0.000000E+00  0.000000E+00  0.000000E+00
  4.200000E-02  1.072708E+00  2.095570E-01  0.000000E+00  0.000000E+00  0.000000E+00  0.000000E+00  0.000000E+00  0.000000E+00
  4.400000E-02  1.089295E+00  2.173613E-01  0.000000E+00  0.000000E+00  0.000000E+00  0.000000E+00  0.000000E+00  0.000000E+00
  4.600000E-02  1.105373E+00  2.251017E-01  0.000000E+00  0.000000E+00  0.000000E+00  0.000000E+00  0.000000E+00  0.000000E+00
  4.800000E-02  1.120977E+00  2.327825E-01  0.000000E+00  0.000000E+00  0.000000E+00  0.000000E+00  0.000000E+00  0.000000E+00
  5.000000E-02  1.136140E+00  2.404071E-01  0.000000E+00  0.000000E+00  0.000000E+00  0.000000E+00  0.000000E+00  0.000000E+00
  5.200000E-02  1.150890E+00  2.479790E-01  0.000000E+00  0.000000E+00  0.000000E+00  0.000000E+00  0.000000E+00  0.000000E+00
  5.400000E-02  1.165253E+00  2.555011E-01  0.000000E+00  0.000000E+00  0.000000E+00  0.000000E+00  0.000000E+00  0.000000E+00
  5.600000E-02  1.179251E+00  2.629761E-01  0.000000E+00  0.000000E+00  0.000000E+00  0.000000E+00  0.000000E+00  0.000000E+00
  5.800000E-02  1.192907E+00  2.704065E-01  0.000000E+00  0.000000E+00  0.000000E+00  0.000000E+00  0.000000E+00  0.000000E+00
  6.000000E-02  1.206239E+00  2.777946E-01  0.000000E+00  0.000000E+00  0.000000E+00  0.000000E+00  0.000000E+00  0.000000E+00
  6.200000E-02  1.219264E+00  2.851424E-01  0.000000E+00  0.000000E+00  0.000000E+00  0.000000E+00  0.000000E+00  0.000000E+00
  6.400000E-02  1.231998E+00  2.924519E-01  0.000000E+00  0.000000E+00  0.000000E+00  0.000000E+00  0.000000E+00  0.000000E+00
  6.600000E-02  1.244457E+00  2.997248E-01  0.000000E+00  0.000000E+00  0.000000E+00  0.000000E+00  0.000000E+00  0.000000E+00
  6.800000E-02  1.256653E+00  3.069626E-01  0.000000E+00  0.000000E+00  0.000000E+00  0.000000E+00  0.000000E+00  0.000000E+00
  7.000000E-02  1.268598E+00  3.141668E-01  0.000000E+00  0.000000E+00  0.000000E+00  0.000000E+00  0.000000E+00  0.000000E+00
  7.200000E-02  1.280305E+00  3.213387E-01  0.000000E+00  0.000000E+00  0.000000E+00  0.000000E+00  0.000000E+00  0.000000E+00
  7.400000E-02  1.291784E+00  3.284797E-01  0.000000E+00  0.000000E+00  0.000000E+00  0.000000E+00  0.000000E+00  0.000000E+00
  7.600000E-02  1.303045E+00  3.355907E-01  0.000000E+00  0.000000E+00  0.000000E+00  0.000000E+00  0.000000E+00  0.000000E+00
  7.800000E-02  1.314097E+00  3.426730E-01  0.000000E+00  0.000000E+00  0.000000E+00  0.000000E+00  0.000000E+00  0.000000E+00
  8.000000E-02  1.324948E+00  3.497273E-01  0.000000E+00  0.000000E+00  0.000000E+00  0.000000E+00  0.000000E+00  0.000000E+00
  8.200000E-02  1.335607E+00  3.567547E-01  0.000000E+00  0.000000E+00  0.000000E+00  0.000000E+00  0.000000E+00  0.000000E+00
  8.400000E-02  1.346081E+00  3.637559E-01  0.000000E+00  0.000000E+00  0.000000E+00  0.000000E+00  0.000000E+00  0.000000E+00
  8.600000E-02  1.356377E+00  3.707317E-01  0.000000E+00  0.000000E+00  0.000000E+00  0.000000E+00  0.000000E+00  0.000000E+00
  8.800000E-02  1.366501E+00  3.776827E-01  0.000000E+00  0.000000E+00  0.000000E+00  0.000000E+00  0.000000E+00  0.000000E+00
  9.000000E-02  1.376460E+00  3.846096E-01  0.000000E+00  0.000000E+00  0.000000E+00  0.000000E+00  0.000000E+00  0.000000E+00
  9.200000E-02  1.386260E+00  3.915130E-01  0.000000E+00  0.000000E+00  0.000000E+00  0.000000E+00  0.000000E+00  0.000000E+00
  9.400000E-02  1.395906E+00  3.983934E-01  0.000000E+00  0.000000E+00  0.000000E+00  0.000000E+00  0.000000E+00  0.000000E+00
  9.600000E-02  1.405403E+00  4.052514E-01  0.000000E+00  0.000000E+00  0.000000E+00  0.000000E+00  0.000000E+00  0.000000E+00
  9.800000E-02  1.414756E+00  4.120872E-01  0.000000E+00  0.000000E+00  0.000000E+00  0.000000E+00  0.000000E+00  0.000000E+00
  1.000000E-01  1.423970E+00  4.189015E-01  0.000000E+00  0.000000E+00  0.000000E+00  0.000000E+00  0.000000E+00  0.000000E+00
  1.020000E-01  1.433050E+00  4.256945E-01  0.000000E+00  0.000000E+00  0.000000E+00  0.000000E+00  0.000000E+00  0.000000E+00
  1.040000E-01  1.441998E+00  4.324666E-01  0.000000E+00  0.000000E+00  0.000000E+00  0.000000E+00  0.000000E+00  0.000000E+00
  1.060000E-01  1.450821E+00  4.392181E-01  0.000000E+00  0.000000E+00  0.000000E+00  0.000000E+00  0.000000E+00  0.000000E+00
  1.080000E-01  1.459520E+00  4.459493E-01  0.000000E+00  0.000000E+00  0.000000E+00  0.000000E+00  0.000000E+00  0.000000E+00
  1.100000E-01  1.468100E+00  4.526604E-01  0.000000E+00  0.000000E+00  0.000000E+00  0.000000E+00  0.000000E+00  0.000000E+00
  1.120000E-01  1.476563E+00  4.593517E-01  0.000000E+00  0.000000E+00  0.000000E+00  0.000000E+00  0.000000E+00  0.000000E+00
  1.140000E-01  1.484915E+00  4.660235E-01  0.000000E+00  0.000000E+00  0.000000E+00  0.000000E+00  0.000000E+00  0.000000E+00
  1.160000E-01  1.493156E+00  4.726758E-01  0.000000E+00  0.000000E+00  0.000000E+00  0.000000E+00  0.000000E+00  0.000000E+00
  1.180000E-01  1.501291E+00  4.793088E-01  0.000000E+00  0.000000E+00  0.000000E+00  0.000000E+00  0.000000E+00  0.000000E+00
  1.200000E-01  1.509323E+00  4.859228E-01  0.000000E+00  0.000000E+00  0.000000E+00  0.000000E+00  0.000000E+00  0.000000E+00
  1.220000E-01  1.517253E+00  4.925178E-01  0.000000E+00  0.000000E+00  0.000000E+00  0.000000E+00  0.000000E+00  0.000000E+00
  1.240000E-01  1.525085E+00  4.990939E-01  0.000000E+00  0.000000E+00  0.000000E+00  0.000000E+00  0.000000E+00  0.000000E+00
  1.260000E-01  1.532821E+00  5.056514E-01  0.000000E+00  0.000000E+00  0.000000E+00  0.000000E+00  0.000000E+00  0.000000E+00
  1.280000E-01  1.540463E+00  5.121901E-01  0.000000E+00  0.000000E+00  0.000000E+00  0.000000E+00  0.000000E+00  0.000000E+00
  1.300000E-01  1.548014E+00  5.187103E-01  0.000000E+00  0.000000E+00  0.000000E+00  0.000000E+00  0.000000E+00  0.000000E+00
  1.320000E-01  1.555476E+00  5.252120E-01  0.000000E+00  0.000000E+00  0.000000E+00  0.000000E+00  0.000000E+00  0.000000E+00
  1.340000E-01  1.562851E+00  5.316952E-01  0.000000E+00  0.000000E+00  0.000000E+00  0.000000E+00  0.000000E+00  0.000000E+00
  1.360000E-01  1.570126E+00  5.382945E-01  0.000000E+00  0.000000E+00  0.000000E+00  0.000000E+00  0.000000E+00  0.000000E+00
  1.380000E-01  1.577253E+00  5.454058E-01  0.000000E+00  0.000000E+00  0.000000E+00  0.000000E+00  0.000000E+00  0.000000E+00
  1.400000E-01  1.584266E+00  5.527503E-01  0.000000E+00  0.000000E+00  0.000000E+00  0.000000E+00  0.000000E+00  0.000000E+00
  1.420000E-01  1.591177E+00  5.602332E-01  0.000000E+00  0.000000E+00  0.000000E+00  0.000000E+00  0.000000E+00  0.000000E+00
  1.440000E-01  1.597993E+00  5.678069E-01  0.000000E+00  0.000000E+00  0.000000E+00  0.000000E+00  0.000000E+00  0.000000E+00
  1.460000E-01  1.604718E+00  5.754413E-01  0.000000E+00  0.000000E+00  0.000000E+00  0.000000E+00  0.000000E+00  0.000000E+00
  1.480000E-01  1.611356E+00  5.831151E-01  0.000000E+00  0.000000E+00  0.000000E+00  0.000000E+00  0.000000E+00  0.000000E+00
  1.500000E-01  1.617910E+00  5.908125E-01  0.000000E+00  0.000000E+00  0.000000E+00  0.000000E+00  0.000000E+00  0.000000E+00
  1.520000E-01  1.624383E+00  5.985214E-01  0.000000E+00  0.000000E+00  0.000000E+00  0.000000E+00  0.000000E+00  0.000000E+00
  1.540000E-01  1.630779E+00  6.062323E-01  0.000000E+00  0.000000E+00  0.000000E+00  0.000000E+00  0.000000E+00  0.000000E+00
  1.560000E-01  1.637098E+00  6.139374E-01  0.000000E+00  0.000000E+00  0.000000E+00  0.000000E+00  0.000000E+00  0.000000E+00
  1.580000E-01  1.643344E+00  6.216305E-01  0.000000E+00  0.000000E+00  0.000000E+00  0.000000E+00  0.000000E+00  0.000000E+00
  1.600000E-01  1.649518E+00  6.293067E-01  0.000000E+00  0.000000E+00  0.000000E+00  0.000000E+00  0.000000E+00  0.000000E+00
  1.620000E-01  1.655622E+00  6.369616E-01  0.000000E+00  0.000000E+00  0.000000E+00  0.000000E+00  0.000000E+00  0.000000E+00
  1.640000E-01  1.661658E+00  6.445918E-01  0.000000E+00  0.000000E+00  0.000000E+00  0.000000E+00  0.000000E+00  0.000000E+00
  1.660000E-01  1.667628E+00  6.521944E-01  0.000000E+00  0.000000E+00  0.000000E+00  0.000000E+00  0.000000E+00  0.000000E+00
  1.680000E-01  1.673533E+00  6.597671E-01  0.000000E+00  0.000000E+00  0.000000E+00  0.000000E+00  0.000000E+00  0.000000E+00
  1.700000E-01  1.679376E+00  6.673077E-01  0.000000E+00  0.000000E+00  0.000000E+00  0.000000E+00  0.000000E+00  0.000000E+00
  1.720000E-01  1.685156E+00  6.748147E-01  0.000000E+00  0.000000E+00  0.000000E+00  0.000000E+00  0.000000E+00  0.000000E+00
  1.740000E-01  1.690876E+00  6.822866E-01  0.000000E+00  0.000000E+00  0.000000E+00  0.000000E+00  0.000000E+00  0.000000E+00
  1.760000E-01  1.696537E+00  6.897222E-01  0.000000E+00  0.000000E+00  0.000000E+00  0.000000E+00  0.000000E+00  0.000000E+00
  1.780000E-01  1.702141E+00  6.971207E-01  0.000000E+00  0.000000E+00  0.000000E+00  0.000000E+00  0.000000E+00  0.000000E+00
  1.800000E-01  1.707688E+00  7.044812E-01  0.000000E+00  0.000000E+00  0.000000E+00  0.000000E+00  0.000000E+00  0.000000E+00
  1.820000E-01  1.713180E+00  7.118031E-01  0.000000E+00  0.000000E+00  0.000000E+00  0.000000E+00  0.000000E+00  0.000000E+00
  1.840000E-01  1.718618E+00  7.190859E-01  0.000000E+00  0.000000E+00  0.000000E+00  0.000000E+00  0.000000E+00  0.000000E+00
  1.860000E-01  1.724003E+00  7.263291E-01  0.000000E+00  0.000000E+00  0.000000E+00  0.000000E+00  0.000000E+00  0.000000E+00
  1.880000E-01  1.729337E+00  7.335325E-01  0.000000E+00  0.000000E+00  0.000000E+00  0.000000E+00  0.000000E+00  0.000000E+00
  1.900000E-01  1.734620E+00  7.406958E-01  0.000000E+00  0.000000E+00  0.000000E+00  0.000000E+00  0.000000E+00  0.000000E+00
  1.920000E-01  1.739853E+00  7.478189E-01  0.000000E+00  0.000000E+00  0.000000E+00  0.000000E+00  0.000000E+00  0.000000E+00
  1.940000E-01  1.745037E+00  7.549015E-01  0.000000E+00  0.000000E+00  0.000000E+00  0.000000E+00  0.000000E+00  0.000000E+00
  1.960000E-01  1.750174E+00  7.619438E-01  0.000000E+00  0.000000E+00  0.000000E+00  0.000000E+00  0.000000E+00  0.000000E+00
  1.980000E-01  1.755264E+00  7.689457E-01  0.000000E+00  0.000000E+00  0.000000E+00  0.000000E+00  0.000000E+00  0.000000E+00
  2.000000E-01  1.760308E+00  7.759072E-01  0.000000E+00  0.000000E+00  0.000000E+00  0.000000E+00  0.000000E+00  0.000000E+00
  2.020000E-01  1.765308E+00  7.828283E-01  0.000000E+00  0.000000E+00  0.000000E+00  0.000000E+00  0.000000E+00  0.000000E+00
  2.040000E-01  1.770263E+00  7.897092E-01  0.000000E+00  0.000000E+00  0.000000E+00  0.000000E+00  0.000000E+00  0.000000E+00
  2.060000E-01  1.775175E+00  7.965500E-01  0.000000E+00  0.000000E+00  0.000000E+00  0.000000E+00  0.000000E+00  0.000000E+00
  2.080000E-01  1.780044E+00  8.033508E-01  0.000000E+00  0.000000E+00  0.000000E+00  0.000000E+00  0.000000E+00  0.000000E+00
  2.100000E-01  1.784872E+00  8.101118E-01  0.000000E+00  0.000000E+00  0.000000E+00  0.000000E+00  0.000000E+00  0.000000E+00
  2.120000E-01  1.789659E+00  8.168332E-01  0.000000E+00  0.000000E+00  0.000000E+00  0.000000E+00  0.000000E+00  0.000000E+00
  2.140000E-01  1.794406E+00  8.235151E-01  0.000000E+00  0.000000E+00  0.000000E+00  0.000000E+00  0.000000E+00  0.000000E+00
  2.160000E-01  1.799114E+00  8.301577E-01  0.000000E+00  0.000000E+00  0.000000E+00  0.000000E+00  0.000000E+00  0.000000E+00
  2.180000E-01  1.803783E+00  8.367614E-01  0.000000E+00  0.000000E+00  0.000000E+00  0.000000E+00  0.000000E+00  0.000000E+00
  2.200000E-01  1.808414E+00  8.433262E-01  0.000000E+00  0.000000E+00  0.000000E+00  0.000000E+00  0.000000E+00  0.000000E+00
  2.220000E-01  1.813008E+00  8.498525E-01  0.000000E+00  0.000000E+00  0.000000E+00  0.000000E+00  0.000000E+00  0.000000E+00
  2.240000E-01  1.817565E+00  8.563404E-01  0.000000E+00  0.000000E+00  0.000000E+00  0.000000E+00  0.000000E+00  0.000000E+00
  2.260000E-01  1.822086E+00  8.627903E-01  0.000000E+00  0.000000E+00  0.000000E+00  0.000000E+00  0.000000E+00  0.000000E+00
  2.280000E-01  1.826572E+00  8.692023E-01  0.000000E+00  0.000000E+00  0.000000E+00  0.000000E+00  0.000000E+00  0.000000E+00
  2.300000E-01  1.831024E+00  8.755767E-01  0.000000E+00  0.000000E+00  0.000000E+00  0.000000E+00  0.000000E+00  0.000000E+00
  2.320000E-01  1.835441E+00  8.819139E-01  0.000000E+00  0.000000E+00  0.000000E+00  0.000000E+00  0.000000E+00  0.000000E+00
  2.340000E-01  1.839825E+00  8.882139E-01  0.000000E+00  0.000000E+00  0.000000E+00  0.000000E+00  0.000000E+00  0.000000E+00
  2.360000E-01  1.844176E+00  8.944772E-01  0.000000E+00  0.000000E+00  0.000000E+00  0.000000E+00  0.000000E+00  0.000000E+00
  2.380000E-01  1.848495E+00  9.007039E-01  0.000000E+00  0.000000E+00  0.000000E+00  0.000000E+00  0.000000E+00  0.000000E+00
  2.400000E-01  1.852782E+00  9.068944E-01  0.000000E+00  0.000000E+00  0.000000E+00  0.000000E+00  0.000000E+00  0.000000E+00
  2.420000E-01  1.857038E+00  9.130489E-01  0.000000E+00  0.000000E+00  0.000000E+00  0.000000E+00  0.000000E+00  0.000000E+00
  2.440000E-01  1.861263E+00  9.191676E-01  0.000000E+00  0.000000E+00  0.000000E+00  0.000000E+00  0.000000E+00  0.000000E+00
  2.460000E-01  1.865458E+00  9.252509E-01  0.000000E+00  0.000000E+00  0.000000E+00  0.000000E+00  0.000000E+00  0.000000E+00
  2.480000E-01  1.869623E+00  9.312991E-01  0.000000E+00  0.000000E+00  0.000000E+00  0.000000E+00  0.000000E+00  0.000000E+00
  2.500000E-01  1.873760E+00  9.373123E-01  0.000000E+00  0.000000E+00  0.000000E+00  0.000000E+00  0.000000E+00  0.000000E+00
  2.520000E-01  1.877867E+00  9.432908E-01  0.000000E+00  0.000000E+00  0.000000E+00  0.000000E+00  0.000000E+00  0.000000E+00
  2.540000E-01  1.881947E+00  9.492350E-01  0.000000E+00  0.000000E+00  0.000000E+00  0.000000E+00  0.000000E+00  0.000000E+00
  2.560000E-01  1.885998E+00  9.551451E-01  0.000000E+00  0.000000E+00  0.000000E+00  0.000000E+00  0.000000E+00  0.000000E+00
  2.580000E-01  1.890023E+00  9.610213E-01  0.000000E+00  0.000000E+00  0.000000E+00  0.000000E+00  0.000000E+00  0.000000E+00
  2.600000E-01  1.894020E+00  9.668639E-01  0.000000E+00  0.000000E+00  0.000000E+00  0.000000E+00  0.000000E+00  0.000000E+00
  2.620000E-01  1.897991E+00  9.726733E-01  0.000000E+00  0.000000E+00  0.000000E+00  0.000000E+00  0.000000E+00  0.000000E+00
  2.640000E-01  1.901937E+00  9.784496E-01  0.000000E+00  0.000000E+00  0.000000E+00  0.000000E+00  0.000000E+00  0.000000E+00
  2.660000E-01  1.905856E+00  9.841931E-01  0.000000E+00  0.000000E+00  0.000000E+00  0.000000E+00  0.000000E+00  0.000000E+00
  2.680000E-01  1.909751E+00  9.899042E-01  0.000000E+00  0.000000E+00  0.000000E+00  0.000000E+00  0.000000E+00  0.000000E+00
  2.700000E-01  1.913621E+00  9.955829E-01  0.000000E+00  0.000000E+00  0.000000E+00  0.000000E+00  0.000000E+00  0.000000E+00
  2.720000E-01  1.917466E+00  1.001230E+00  0.000000E+00  0.000000E+00  0.000000E+00  0.000000E+00  0.000000E+00  0.000000E+00
  2.740000E-01  1.921288E+00  1.006845E+00  0.000000E+00  0.000000E+00  0.000000E+00  0.000000E+00  0.000000E+00  0.000000E+00
  2.760000E-01  1.925086E+00  1.012428E+00  0.000000E+00  0.000000E+00  0.000000E+00  0.000000E+00  0.000000E+00  0.000000E+00
  2.780000E-01  1.928861E+00  1.017981E+00  0.000000E+00  0.000000E+00  0.000000E+00  0.000000E+00  0.000000E+00  0.000000E+00
  2.800000E-01  1.932613E+00  1.023502E+00  0.000000E+00  0.000000E+00  0.000000E+00  0.000000E+00  0.000000E+00  0.000000E+00
  2.820000E-01  1.936342E+00  1.028993E+00  0.000000E+00  0.000000E+00  0.000000E+00  0.000000E+00  0.000000E+00  0.000000E+00
  2.840000E-01  1.940049E+00  1.034453E+00  0.000000E+00  0.000000E+00  0.000000E+00  0.000000E+00  0.000000E+00  0.000000E+00
  2.860000E-01  1.943735E+00  1.039883E+00  0.000000E+00  0.000000E+00  0.000000E+00  0.000000E+00  0.000000E+00  0.000000E+00
  2.880000E-01  1.947399E+00  1.045283E+00  0.000000E+00  0.000000E+00  0.000000E+00  0.000000E+00  0.000000E+00  0.000000E+00
  2.900000E-01  1.951042E+00  1.050653E+00  0.000000E+00  0.000000E+00  0.000000E+00  0.000000E+00  0.000000E+00  0.000000E+00
  2.920000E-01  1.954664E+00  1.055994E+00  0.000000E+00  0.000000E+00  0.000000E+00  0.000000E+00  0.000000E+00  0.000000E+00
  2.940000E-01  1.958266E+00  1.061306E+00  0.000000E+00  0.000000E+00  0.000000E+00  0.000000E+00  0.000000E+00  0.000000E+00
  2.960000E-01  1.961847E+00  1.066589E+00  0.000000E+00  0.000000E+00  0.000000E+00  0.000000E+00  0.000000E+00  0.000000E+00
  2.980000E-01  1.965409E+00  1.071842E+00  0.000000E+00  0.000000E+00  0.000000E+00  0.000000E+00  0.000000E+00  0.000000E+00
  3.000000E-01  1.968951E+00  1.077068E+00  0.000000E+00  0.000000E+00  0.000000E+00  0.000000E+00  0.000000E+00  0.000000E+00
  3.020000E-01  1.972473E+00  1.082265E+00  0.000000E+00  0.000000E+00  0.000000E+00  0.000000E+00  0.000000E+00  0.000000E+00
  3.040000E-01  1.975977E+00  1.087434E+00  0.000000E+00  0.000000E+00  0.000000E+00  0.000000E+00  0.000000E+00  0.000000E+00
  3.060000E-01  1.979462E+00  1.092575E+00  0.000000E+00  0.000000E+00  0.000000E+00  0.000000E+00  0.000000E+00  0.000000E+00
  3.080000E-01  1.982928E+00  1.097689E+00  0.000000E+00  0.000000E+00  0.000000E+00  0.000000E+00  0.000000E+00  0.000000E+00
  3.100000E-01  1.986377E+00  1.102775E+00  0.000000E+00  0.000000E+00  0.000000E+00  0.000000E+00  0.000000E+00  0.000000E+00
  3.120000E-01  1.989807E+00  1.107835E+00  0.000000E+00  0.000000E+00  0.000000E+00  0.000000E+00  0.000000E+00  0.000000E+00
  3.140000E-01  1.993220E+00  1.112867E+00  0.000000E+00  0.000000E+00  0.000000E+00  0.000000E+00  0.000000E+00  0.000000E+00
  3.160000E-01  1.996615E+00  1.117873E+00  0.000000E+00  0.000000E+00  0.000000E+00  0.000000E+00  0.000000E+00  0.000000E+00
  3.180000E-01  1.999993E+00  1.122852E+00  0.000000E+00  0.000000E+00  0.000000E+00  0.000000E+00  0.000000E+00  0.000000E+00
  3.200000E-01  2.003354E+00  1.127805E+00  0.000000E+00  0.000000E+00  0.000000E+00  0.000000E+00  0.000000E+00  0.000000E+00
  3.220000E-01  2.006698E+00  1.132732E+00  0.000000E+00  0.000000E+00  0.000000E+00  0.000000E+00  0.000000E+00  0.000000E+00
  3.240000E-01  2.010026E+00  1.137634E+00  0.000000E+00  0.000000E+00  0.000000E+00  0.000000E+00  0.000000E+00  0.000000E+00
  3.260000E-01  2.013338E+00  1.142509E+00  0.000000E+00  0.000000E+00  0.000000E+00  0.000000E+00  0.000000E+00  0.000000E+00
  3.280000E-01  2.016634E+00  1.147360E+00  0.000000E+00  0.000000E+00  0.000000E+00  0.000000E+00  0.000000E+00  0.000000E+00
  3.300000E-01  2.019913E+00  1.152185E+00  0.000000E+00  0.000000E+00  0.000000E+00  0.000000E+00  0.000000E+00  0.000000E+00
  3.320000E-01  2.023178E+00  1.156985E+00  0.000000E+00  0.000000E+00  0.000000E+00  0.000000E+00  0.000000E+00  0.000000E+00
  3.340000E-01  2.026427E+00  1.161761E+00  0.000000E+00  0.000000E+00  0.000000E+00  0.000000E+00  0.000000E+00  0.000000E+00
  3.360000E-01  2.029660E+00  1.166512E+00  0.000000E+00  0.000000E+00  0.000000E+00  0.000000E+00  0.000000E+00  0.000000E+00
  3.380000E-01  2.032879E+00  1.171239E+00  0.000000E+00  0.000000E+00  0.000000E+00  0.000000E+00  0.000000E+00  0.000000E+00
  3.400000E-01  2.036083E+00  1.175941E+00  0.000000E+00  0.000000E+00  0.000000E+00  0.000000E+00  0.000000E+00  0.000000E+00
  3.420000E-01  2.039273E+00  1.180620E+00  0.000000E+00  0.000000E+00  0.000000E+00  0.000000E+00  0.000000E+00  0.000000E+00
  3.440000E-01  2.042448E+00  1.185275E+00  0.000000E+00  0.000000E+00  0.000000E+00  0.000000E+00  0.000000E+00  0.000000E+00
  3.460000E-01  2.045609E+00  1.189906E+00  0.000000E+00  0.000000E+00  0.000000E+00  0.000000E+00  0.000000E+00  0.000000E+00
  3.480000E-01  2.048756E+00  1.194515E+00  0.000000E+00  0.000000E+00  0.000000E+00  0.000000E+00  0.000000E+00  0.000000E+00
  3.500000E-01  2.051890E+00  1.199100E+00  0.000000E+00  0.000000E+00  0.000000E+00  0.000000E+00  0.000000E+00  0.000000E+00
  3.520000E-01  2.055009E+00  1.203662E+00  0.000000E+00  0.000000E+00  0.000000E+00  0.000000E+00  0.000000E+00  0.000000E+00
  3.540000E-01  2.058116E+00  1.208201E+00  0.000000E+00  0.000000E+00  0.000000E+00  0.000000E+00  0.000000E+00  0.000000E+00
  3.560000E-01  2.061209E+00  1.212718E+00  0.000000E+00  0.000000E+00  0.000000E+00  0.000000E+00  0.000000E+00  0.000000E+00
  3.580000E-01  2.064288E+00  1.217213E+00  0.000000E+00  0.000000E+00  0.000000E+00  0.000000E+00  0.000000E+00  0.000000E+00
  3.600000E-01  2.067355E+00  1.221685E+00  0.000000E+00  0.000000E+00  0.000000E+00  0.000000E+00  0.000000E+00  0.000000E+00
  3.620000E-01  2.070409E+00  1.226136E+00  0.000000E+00  0.000000E+00  0.000000E+00  0.000000E+00  0.000000E+00  0.000000E+00
  3.640000E-01  2.073451E+00  1.230564E+00  0.000000E+00  0.000000E+00  0.000000E+00  0.000000E+00  0.000000E+00  0.000000E+00
  3.660000E-01  2.076480E+00  1.234971E+00  0.000000E+00  0.000000E+00  0.000000E+00  0.000000E+00  0.000000E+00  0.000000E+00
  3.680000E-01  2.079497E+00  1.239357E+00  0.000000E+00  0.000000E+00  0.000000E+00  0.000000E+00  0.000000E+00  0.000000E+00
  3.700000E-01  2.082502E+00  1.243721E+00  0.000000E+00  0.000000E+00  0.000000E+00  0.000000E+00  0.000000E+00  0.000000E+00
  3.720000E-01  2.085494E+00  1.248064E+00  0.000000E+00  0.000000E+00  0.000000E+00  0.000000E+00  0.000000E+00  0.000000E+00
  3.740000E-01  2.088475E+00  1.252386E+00  0.000000E+00  0.000000E+00  0.000000E+00  0.000000E+00  0.000000E+00  0.000000E+00
  3.760000E-01  2.091444E+00  1.256688E+00  0.000000E+00  0.000000E+00  0.000000E+00  0.000000E+00  0.000000E+00  0.000000E+00
  3.780000E-01  2.094402E+00  1.260969E+00  0.000000E+00  0.000000E+00  0.000000E+00  0.000000E+00  0.000000E+00  0.000000E+00
  3.800000E-01  2.097348E+00  1.265230E+00  0.000000E+00  0.000000E+00  0.000000E+00  0.000000E+00  0.000000E+00  0.000000E+00
  3.820000E-01  2.100283E+00  1.269470E+00  0.000000E+00  0.000000E+00  0.000000E+00  0.000000E+00  0.000000E+00  0.000000E+00
  3.840000E-01  2.103207E+00  1.273690E+00  0.000000E+00  0.000000E+00  0.000000E+00  0.000000E+00  0.000000E+00  0.000000E+00
  3.860000E-01  2.106120E+00  1.277891E+00  0.000000E+00  0.000000E+00  0.000000E+00  0.000000E+00  0.000000E+00  0.000000E+00
  3.880000E-01  2.109022E+00  1.282071E+00  0.000000E+00  0.000000E+00  0.000000E+00  0.000000E+00  0.000000E+00  0.000000E+00
  3.900000E-01  2.111913E+00  1.286232E+00  0.000000E+00  0.000000E+00  0.000000E+00  0.000000E+00  0.000000E+00  0.000000E+00
  3.920000E-01  2.114793E+00  1.290374E+00  0.000000E+00  0.000000E+00  0.000000E+00  0.000000E+00  0.000000E+00  0.000000E+00
  3.940000E-01  2.117663E+00  1.294497E+00  0.000000E+00  0.000000E+00  0.000000E+00  0.000000E+00  0.000000E+00  0.000000E+00
  3.960000E-01  2.120523E+00  1.298600E+00  0.000000E+00  0.000000E+00  0.000000E+00  0.000000E+00  0.000000E+00  0.000000E+00
  3.980000E-01  2.123372E+00  1.302685E+00  0.000000E+00  0.000000E+00  0.000000E+00  0.000000E+00  0.000000E+00  0.000000E+00
  4.000000E-01  2.126211E+00  1.306750E+00  0.000000E+00  0.000000E+00  0.000000E+00  0.000000E+00  0.000000E+00  0.000000E+00
  4.020000E-01  2.129041E+00  1.310797E+00  0.000000E+00  0.000000E+00  0.000000E+00  0.000000E+00  0.000000E+00  0.000000E+00
  4.040000E-01  2.131860E+00  1.314826E+00  0.000000E+00  0.000000E+00  0.000000E+00  0.000000E+00  0.000000E+00  0.000000E+00
  4.060000E-01  2.134669E+00  1.318836E+00  0.000000E+00  0.000000E+00  0.000000E+00  0.000000E+00  0.000000E+00  0.000000E+00
  4.080000E-01  2.137469E+00  1.322828E+00  0.000000E+00  0.000000E+00  0.000000E+00  0.000000E+00  0.000000E+00  0.000000E+00
  4.100000E-01  2.140259E+00  1.326802E+00  0.000000E+00  0.000000E+00  0.000000E+00  0.000000E+00  0.000000E+00  0.000000E+00
  4.120000E-01  2.143040E+00  1.330759E+00  0.000000E+00  0.000000E+00  0.000000E+00  0.000000E+00  0.000000E+00  0.000000E+00
  4.140000E-01  2.145811E+00  1.334697E+00  0.000000E+00  0.000000E+00  0.000000E+00  0.000000E+00  0.000000E+00  0.000000E+00
  4.160000E-01  2.148573E+00  1.338618E+00  0.000000E+00  0.000000E+00  0.000000E+00  0.000000E+00  0.000000E+00  0.000000E+00
  4.180000E-01  2.151326E+00  1.342522E+00  0.000000E+00  0.000000E+00  0.000000E+00  0.000000E+00  0.000000E+00  0.000000E+00
  4.200000E-01  2.154069E+00  1.346408E+00  0.000000E+00  0.000000E+00  0.000000E+00  0.000000E+00  0.000000E+00  0.000000E+00
  4.220000E-01  2.156804E+00  1.350277E+00  0.000000E+00  0.000000E+00  0.000000E+00  0.000000E+00  0.000000E+00  0.000000E+00
  4.240000E-01  2.159530E+00  1.354129E+00  0.000000E+00  0.000000E+00  0.000000E+00  0.000000E+00  0.000000E+00  0.000000E+00
  4.260000E-01  2.162247E+00  1.357964E+00  0.000000E+00  0.000000E+00  0.000000E+00  0.000000E+00  0.000000E+00  0.000000E+00
  4.280000E-01  2.161617E+00  1.362040E+00  0.000000E+00  0.000000E+00  0.000000E+00  0.000000E+00  3.568051E-01  0.000000E+00
  4.300000E-01  2.162468E+00  1.365975E+00  0.000000E+00  0.000000E+00  0.000000E+00  0.000000E+00  4.135987E-01  0.000000E+00
  4.320000E-01  2.163234E+00  1.369893E+00  0.000000E+00  0.000000E+00  0.000000E+00  0.000000E+00  4.598362E-01  0.000000E+00
  4.340000E-01  2.163938E+00  1.373792E+00  0.000000E+00  0.000000E+00  0.000000E+00  0.000000E+00  4.993947E-01  0.000000E+00
  4.360000E-01  2.164595E+00  1.377672E+00  0.000000E+00  0.000000E+00  0.000000E+00  0.000000E+00  5.342736E-01  0.000000E+00
  4.380000E-01  2.165213E+00  1.381531E+00  0.000000E+00  0.000000E+00  0.000000E+00  0.000000E+00  5.656567E-01  0.000000E+00
  4.400000E-01  2.165799E+00  1.385372E+00  0.000000E+00  0.000000E+00  0.000000E+00  0.000000E+00  5.943102E-01  0.000000E+00
  4.420000E-01  2.166358E+00  1.389192E+00  0.000000E+00  0.000000E+00  0.000000E+00  0.000000E+00  6.207618E-01  0.000000E+00
  4.440000E-01  2.166893E+00  1.392992E+00  0.000000E+00  0.000000E+00  0.000000E+00  0.000000E+00  6.453928E-01  0.000000E+00
  4.460000E-01  2.167407E+00  1.396773E+00  0.000000E+00  0.000000E+00  0.000000E+00  0.000000E+00  6.684881E-01  0.000000E+00
  4.480000E-01  2.167903E+00  1.400534E+00  0.000000E+00  0.000000E+00  0.000000E+00  0.000000E+00  6.902676E-01  0.000000E+00
  4.500000E-01  2.168381E+00  1.404276E+00  0.000000E+00  0.000000E+00  0.000000E+00  0.000000E+00  7.109044E-01  0.000000E+00
  4.520000E-01  2.168845E+00  1.407999E+00  0.000000E+00  0.000000E+00  0.000000E+00  0.000000E+00  7.305378E-01  0.000000E+00
  4.540000E-01  2.169294E+00  1.411703E+00  0.000000E+00  0.000000E+00  0.000000E+00  0.000000E+00  7.492819E-01  0.000000E+00
  4.560000E-01  2.169731E+00  1.415388E+00  0.000000E+00  0.000000E+00  0.000000E+00  0.000000E+00  7.672310E-01  0.000000E+00
  4.580000E-01  2.170156E+00  1.419055E+00  0.000000E+00  0.000000E+00  0.000000E+00  0.000000E+00  7.844645E-01  0.000000E+00
  4.600000E-01  2.170570E+00  1.422703E+00  0.000000E+00  0.000000E+00  0.000000E+00  0.000000E+00  8.010499E-01  0.000000E+00
  4.620000E-01  2.170974E+00  1.426333E+00  0.000000E+00  0.000000E+00  0.000000E+00  0.000000E+00  8.170447E-01  0.000000E+00
  4.640000E-01  2.171368E+00  1.429945E+00  0.000000E+00  0.000000E+00  0.000000E+00  0.000000E+00  8.324990E-01  0.000000E+00
  4.660000E-01  2.171753E+00  1.433540E+00  0.000000E+00  0.000000E+00  0.000000E+00  0.000000E+00  8.474562E-01  0.000000E+00
  4.680000E-01  2.172130E+00  1.437117E+00  0.000000E+00  0.000000E+00  0.000000E+00  0.000000E+00  8.619543E-01  0.000000E+00
  4.700000E-01  2.172499E+00  1.440677E+00  0.000000E+00  0.000000E+00  0.000000E+00  0.000000E+00  8.760270E-01  0.000000E+00
  4.720000E-01  2.172861E+00  1.444220E+00  0.000000E+00  0.000000E+00  0.000000E+00  0.000000E+00  8.897042E-01  0.000000E+00
  4.740000E-01  2.173215E+00  1.447747E+00  0.000000E+00  0.000000E+00  0.000000E+00  0.000000E+00  9.030124E-01  0.000000E+00
  4.760000E-01  2.173563E+00  1.451256E+00  0.000000E+00  0.000000E+00  0.000000E+00  0.000000E+00  9.159755E-01  0.000000E+00
  4.780000E-01  2.173904E+00  1.454750E+00  0.000000E+00  0.000000E+00  0.000000E+00  0.000000E+00  9.286149E-01  0.000000E+00
  4.800000E-01  2.174239E+00  1.458227E+00  0.000000E+00  0.000000E+00  0.000000E+00  0.000000E+00  9.409500E-01  0.000000E+00
  4.820000E-01  2.174568E+00  1.461688E+00  0.000000E+00  0.000000E+00  0.000000E+00  0.000000E+00  9.529985E-01  0.000000E+00
  4.840000E-01  2.174892E+00  1.465134E+00  0.000000E+00  0.000000E+00  0.000000E+00  0.000000E+00  9.647763E-01  0.000000E+00
  4.860000E-01  2.175210E+00  1.468564E+00  0.000000E+00  0.000000E+00  0.000000E+00  0.000000E+00  9.762980E-01  0.000000E+00
  4.880000E-01  2.175524E+00  1.471978E+00  0.000000E+00  0.000000E+00  0.000000E+00  0.000000E+00  9.875771E-01  0.000000E+00
  4.900000E-01  2.175832E+00  1.475378E+00  0.000000E+00  0.000000E+00  0.000000E+00  0.000000E+00  9.986257E-01  0.000000E+00
  4.920000E-01  2.176136E+00  1.478762E+00  0.000000E+00  0.000000E+00  0.000000E+00  0.000000E+00  1.009455E+00  0.000000E+00
  4.940000E-01  2.176435E+00  1.482132E+00  0.000000E+00  0.000000E+00  0.000000E+00  0.000000E+00  1.020076E+00  0.000000E+00
  4.960000E-01  2.176730E+00  1.485487E+00  0.000000E+00  0.000000E+00  0.000000E+00  0.000000E+00  1.030498E+00  0.000000E+00
  4.980000E-01  2.177020E+00  1.488828E+00  0.000000E+00  0.000000E+00  0.000000E+00  0.000000E+00  1.040730E+00  0.000000E+00
  5.000000E-01  2.177307E+00  1.492154E+00  0.000000E+00  0.000000E+00  0.000000E+00  0.000000E+00  1.050781E+00  0.000000E+00
  5.020000E-01  2.177589E+00  1.495467E+00  0.000000E+00  0.000000E+00  0.000000E+00  0.000000E+00  1.060657E+00  0.000000E+00
  5.040000E-01  2.177868E+00  1.498766E+00  0.000000E+00  0.000000E+00  0.000000E+00  0.000000E+00  1.070367E+00  0.000000E+00
  5.060000E-01  2.178143E+00  1.502050E+00  0.000000E+00  0.000000E+00  0.000000E+00  0.000000E+00  1.079917E+00  0.000000E+00
  5.080000E-01  2.178415E+00  1.505322E+00  0.000000E+00  0.000000E+00  0.000000E+00  0.000000E+00  1.089314E+00  0.000000E+00
  5.100000E-01  2.178683E+00  1.508580E+00  0.000000E+00  0.000000E+00  0.000000E+00  0.000000E+00  1.098562E+00  0.000000E+00
  5.120000E-01  2.178947E+00  1.511824E+00  0.000000E+00  0.000000E+00  0.000000E+00  0.000000E+00  1.107669E+00  0.000000E+00
  5.140000E-01  2.179209E+00  1.515056E+00  0.000000E+00  0.000000E+00  0.000000E+00  0.000000E+00  1.116639E+00  0.000000E+00
  5.160000E-01  2.179468E+00  1.518275E+00  0.000000E+00  0.000000E+00  0.000000E+00  0.000000E+00  1.125477E+00  0.000000E+00
  5.180000E-01  2.179723E+00  1.521481E+00  0.000000E+00  0.000000E+00  0.000000E+00  0.000000E+00  1.134188E+00  0.000000E+00
  5.200000E-01  2.179976E+00  1.524675E+00  0.000000E+00  0.000000E+00  0.000000E+00  0.000000E+00  1.142775E+00  0.000000E+00
  5.220000E-01  2.180225E+00  1.527856E+00  0.000000E+00  0.000000E+00  0.000000E+00  0.000000E+00  1.151245E+00  0.000000E+00
  5.240000E-01  2.180472E+00  1.531024E+00  0.000000E+00  0.000000E+00  0.000000E+00  0.000000E+00  1.159599E+00  0.000000E+00
  5.260000E-01  2.180716E+00  1.534181E+00  0.000000E+00  0.000000E+00  0.000000E+00  0.000000E+00  1.167842E+00  0.000000E+00
  5.280000E-01  2.180958E+00  1.537326E+00  0.000000E+00  0.000000E+00  0.000000E+00  0.000000E+00  1.175978E+00  0.000000E+00
  5.300000E-01  2.181197E+00  1.540458E+00  0.000000E+00  0.000000E+00  0.000000E+00  0.000000E+00  1.184009E+00  0.000000E+00
  5.320000E-01  2.181434E+00  1.543579E+00  0.000000E+00  0.000000E+00  0.000000E+00  0.000000E+00  1.191940E+00  0.000000E+00
  5.340000E-01  2.181668E+00  1.546689E+00  0.000000E+00  0.000000E+00  0.000000E+00  0.000000E+00  1.199773E+00  0.000000E+00
  5.360000E-01  2.181900E+00  1.549787E+00  0.000000E+00  0.000000E+00  0.000000E+00  0.000000E+00  1.207510E+00  0.000000E+00
  5.380000E-01  2.182129E+00  1.552873E+00  0.000000E+00  0.000000E+00  0.000000E+00  0.000000E+00  1.215155E+00  0.000000E+00
  5.400000E-01  2.182356E+00  1.555949E+00  0.000000E+00  0.000000E+00  0.000000E+00  0.000000E+00  1.222711E+00  0.000000E+00
  5.420000E-01  2.182581E+00  1.559013E+00  0.000000E+00  0.000000E+00  0.000000E+00  0.000000E+00  1.230179E+00  0.000000E+00
  5.440000E-01  2.182804E+00  1.562067E+00  0.000000E+00  0.000000E+00  0.000000E+00  0.000000E+00  1.237562E+00  0.000000E+00
  5.460000E-01  2.183025E+00  1.565110E+00  0.000000E+00  0.000000E+00  0.000000E+00  0.000000E+00  1.244863E+00  0.000000E+00
  5.480000E-01  2.183244E+00  1.568142E+00  0.000000E+00  0.000000E+00  0.000000E+00  0.000000E+00  1.252084E+00  0.000000E+00
  5.500000E-01  2.183461E+00  1.571163E+00  0.000000E+00  0.000000E+00  0.000000E+00  0.000000E+00  1.259226E+00  0.000000E+00
  5.520000E-01  2.183676E+00  1.574174E+00  0.000000E+00  0.000000E+00  0.000000E+00  0.000000E+00  1.266292E+00  0.000000E+00
  5.540000E-01  2.183889E+00  1.577175E+00  0.000000E+00  0.000000E+00  0.000000E+00  0.000000E+00  1.273283E+00  0.000000E+00
  5.560000E-01  2.184100E+00  1.580166E+00  0.000000E+00  0.000000E+00  0.000000E+00  0.000000E+00  1.280202E+00  0.000000E+00
  5.580000E-01  2.184310E+00  1.583146E+00  0.000000E+00  0.000000E+00  0.000000E+00  0.000000E+00  1.287051E+00  0.000000E+00
  5.600000E-01  2.184517E+00  1.586117E+00  0.000000E+00  0.000000E+00  0.000000E+00  0.000000E+00  1.293830E+00  0.000000E+00
  5.620000E-01  2.184723E+00  1.589077E+00  0.000000E+00  0.000000E+00  0.000000E+00  0.000000E+00  1.300542E+00  0.000000E+00
  5.640000E-01  2.184928E+00  1.592028E+00  0.000000E+00  0.000000E+00  0.000000E+00  0.000000E+00  1.307188E+00  0.000000E+00
  5.660000E-01  2.185130E+00  1.594969E+00  0.000000E+00  0.000000E+00  0.000000E+00  0.000000E+00  1.313770E+00  0.000000E+00
  5.680000E-01  2.185331E+00  1.597901E+00  0.000000E+00  0.000000E+00  0.000000E+00  0.000000E+00  1.320289E+00  0.000000E+00
  5.700000E-01  2.185531E+00  1.600824E+00  0.000000E+00  0.000000E+00  0.000000E+00  0.000000E+00  1.326746E+00  0.000000E+00
  5.720000E-01  2.185729E+00  1.603737E+00  0.000000E+00  0.000000E+00  0.000000E+00  0.000000E+00  1.333143E+00  0.000000E+00
  5.740000E-01  2.185925E+00  1.606640E+00  0.000000E+00  0.000000E+00  0.000000E+00  0.000000E+00  1.339482E+00  0.000000E+00
  5.760000E-01  2.186120E+00  1.609535E+00  0.000000E+00  0.000000E+00  0.000000E+00  0.000000E+00  1.345763E+00  0.000000E+00
  5.780000E-01  2.186313E+00  1.612421E+00  0.000000E+00  0.000000E+00  0.000000E+00  0.000000E+00  1.351987E+00  0.000000E+00
  5.800000E-01  2.186506E+00  1.615297E+00  0.000000E+00  0.000000E+00  0.000000E+00  0.000000E+00  1.358157E+00  0.000000E+00
  5.820000E-01  2.186696E+00  1.618165E+00  0.000000E+00  0.000000E+00  0.000000E+00  0.000000E+00  1.364272E+00  0.000000E+00
  5.840000E-01  2.186886E+00  1.621024E+00  0.000000E+00  0.000000E+00  0.000000E+00  0.000000E+00  1.370335E+00  0.000000E+00
  5.860000E-01  2.187074E+00  1.623875E+00  0.000000E+00  0.000000E+00  0.000000E+00  0.000000E+00  1.376345E+00  0.000000E+00
  5.880000E-01  2.187260E+00  1.626717E+00  0.000000E+00  0.000000E+00  0.000000E+00  0.000000E+00  1.382305E+00  0.000000E+00
  5.900000E-01  2.187446E+00  1.629550E+00  0.000000E+00  0.000000E+00  0.000000E+00  0.000000E+00  1.388215E+00  0.000000E+00
  5.920000E-01  2.187630E+00  1.632375E+00  0.000000E+00  0.000000E+00  0.000000E+00  0.000000E+00  1.394076E+00  0.000000E+00
  5.940000E-01  2.187813E+00  1.635192E+00  0.000000E+00  0.000000E+00  0.000000E+00  0.000000E+00  1.399889E+00  0.000000E+00
  5.960000E-01  2.187995E+00  1.638001E+00  0.000000E+00  0.000000E+00  0.000000E+00  0.000000E+00  1.405655E+00  0.000000E+00
  5.980000E-01  2.188175E+00  1.640802E+00  0.000000E+00  0.000000E+00  0.000000E+00  0.000000E+00  1.411375E+00  0.000000E+00
  6.000000E-01  2.188355E+00  1.643594E+00  0.000000E+00  0.000000E+00  0.000000E+00  0.000000E+00  1.417049E+00  0.000000E+00
  6.020000E-01  2.188533E+00  1.646379E+00  0.000000E+00  0.000000E+00  0.000000E+00  0.000000E+00  1.422679E+00  0.000000E+00
  6.040000E-01  2.188710E+00  1.649156E+00  0.000000E+00  0.000000E+00  0.000000E+00  0.000000E+00  1.428265E+00  0.000000E+00
  6.060000E-01  2.188887E+00  1.651925E+00  0.000000E+00  0.000000E+00  0.000000E+00  0.000000E+00  1.433808E+00  0.000000E+00
  6.080000E-01  2.189062E+00  1.654686E+00  0.000000E+00  0.000000E+00  0.000000E+00  0.000000E+00  1.439309E+00  0.000000E+00
  6.100000E-01  2.189236E+00  1.657440E+00  0.000000E+00  0.000000E+00  0.000000E+00  0.000000E+00  1.444768E+00  0.000000E+00
  6.120000E-01  2.189409E+00  1.660186E+00  0.000000E+00  0.000000E+00  0.000000E+00  0.000000E+00  1.450187E+00  0.000000E+00
  6.140000E-01  2.189581E+00  1.662925E+00  0.000000E+00  0.000000E+00  0.000000E+00  0.000000E+00  1.455565E+00  0.000000E+00
  6.160000E-01  2.189752E+00  1.665657E+00  0.000000E+00  0.000000E+00  0.000000E+00  0.000000E+00  1.460904E+00  0.000000E+00
  6.180000E-01  2.189922E+00  1.668381E+00  0.000000E+00  0.000000E+00  0.000000E+00  0.000000E+00  1.466205E+00  0.000000E+00
  6.200000E-01  2.190091E+00  1.671098E+00  0.000000E+00  0.000000E+00  0.000000E+00  0.000000E+00  1.471467E+00  0.000000E+00
  6.220000E-01  2.190259E+00  1.673808E+00  0.000000E+00  0.000000E+00  0.000000E+00  0.000000E+00  1.476691E+00  0.000000E+00
  6.240000E-01  2.190427E+00  1.676510E+00  0.000000E+00  0.000000E+00  0.000000E+00  0.000000E+00  1.481879E+00  0.000000E+00
  6.260000E-01  2.190593E+00  1.679206E+00  0.000000E+00  0.000000E+00  0.000000E+00  0.000000E+00  1.487030E+00  0.000000E+00
  6.280000E-01  2.190758E+00  1.681895E+00  0.000000E+00  0.000000E+00  0.000000E+00  0.000000E+00  1.492146E+00  0.000000E+00
  6.300000E-01  2.190923E+00  1.684577E+00  0.000000E+00  0.000000E+00  0.000000E+00  0.000000E+00  1.497226E+00  0.000000E+00
  6.320000E-01  2.191087E+00  1.687252E+00  0.000000E+00  0.000000E+00  0.000000E+00  0.000000E+00  1.502272E+00  0.000000E+00
  6.340000E-01  2.191250E+00  1.689921E+00  0.000000E+00  0.000000E+00  0.000000E+00  0.000000E+00  1.507283E+00  0.000000E+00
  6.360000E-01  2.191412E+00  1.692583E+00  0.000000E+00  0.000000E+00  0.000000E+00  0.000000E+00  1.512261E+00  0.000000E+00
  6.380000E-01  2.191574E+00  1.695238E+00  0.000000E+00  0.000000E+00  0.000000E+00  0.000000E+00  1.517206E+00  0.000000E+00
  6.400000E-01  2.191734E+00  1.697887E+00  0.000000E+00  0.000000E+00  0.000000E+00  0.000000E+00  1.522118E+00  0.000000E+00
  6.420000E-01  2.191894E+00  1.700530E+00  0.000000E+00  0.000000E+00  0.000000E+00  0.000000E+00  1.526997E+00  0.000000E+00
  6.440000E-01  2.192053E+00  1.703166E+00  0.000000E+00  0.000000E+00  0.000000E+00  0.000000E+00  1.531845E+00  0.000000E+00
  6.460000E-01  2.192211E+00  1.705795E+00  0.000000E+00  0.000000E+00  0.000000E+00  0.000000E+00  1.536662E+00  0.000000E+00
  6.480000E-01  2.192369E+00  1.708419E+00  0.000000E+00  0.000000E+00  0.000000E+00  0.000000E+00  1.541448E+00  0.000000E+00
  6.500000E-01  2.192526E+00  1.711036E+00  0.000000E+00  0.000000E+00  0.000000E+00  0.000000E+00  1.546203E+00  0.000000E+00
  6.520000E-01  2.192682E+00  1.713647E+00  0.000000E+00  0.000000E+00  0.000000E+00  0.000000E+00  1.550929E+00  0.000000E+00
  6.540000E-01  2.192838E+00  1.716253E+00  0.000000E+00  0.000000E+00  0.000000E+00  0.000000E+00  1.555624E+00  0.000000E+00
  6.560000E-01  2.192993E+00  1.718852E+00  0.000000E+00  0.000000E+00  0.000000E+00  0.000000E+00  1.560291E+00  0.000000E+00
  6.580000E-01  2.193147E+00  1.721445E+00  0.000000E+00  0.000000E+00  0.000000E+00  0.000000E+00  1.564929E+00  0.000000E+00
  6.600000E-01  2.193300E+00  1.724032E+00  0.000000E+00  0.000000E+00  0.000000E+00  0.000000E+00  1.569538E+00  0.000000E+00
  6.620000E-01  2.193453E+00  1.726614E+00  0.000000E+00  0.000000E+00  0.000000E+00  0.000000E+00  1.574120E+00  0.000000E+00
  6.640000E-01  2.193606E+00  1.729190E+00  0.000000E+00  0.000000E+00  0.000000E+00  0.000000E+00  1.578674E+00  0.000000E+00
  6.660000E-01  2.193757E+00  1.731760E+00  0.000000E+00  0.000000E+00  0.000000E+00  0.000000E+00  1.583200E+00  0.000000E+00
  6.680000E-01  2.193908E+00  1.734324E+00  0.000000E+00  0.000000E+00  0.000000E+00  0.000000E+00  1.587700E+00  0.000000E+00
  6.700000E-01  2.194059E+00  1.736883E+00  0.000000E+00  0.000000E+00  0.000000E+00  0.000000E+00  1.592172E+00  0.000000E+00
  6.720000E-01  2.194209E+00  1.739436E+00  0.000000E+00  0.000000E+00  0.000000E+00  0.000000E+00  1.596619E+00  0.000000E+00
  6.740000E-01  2.194358E+00  1.741984E+00  0.000000E+00  0.000000E+00  0.000000E+00  0.000000E+00  1.601040E+00  0.000000E+00
  6.760000E-01  2.194507E+00  1.744526E+00  0.000000E+00  0.000000E+00  0.000000E+00  0.000000E+00  1.605435E+00  0.000000E+00
  6.780000E-01  2.194655E+00  1.747063E+00  0.000000E+00  0.000000E+00  0.000000E+00  0.000000E+00  1.609804E+00  0.000000E+00
  6.800000E-01  2.194803E+00  1.749595E+00  0.000000E+00  0.000000E+00  0.000000E+00  0.000000E+00  1.614149E+00  0.000000E+00
  6.820000E-01  2.194950E+00  1.752121E+00  0.000000E+00  0.000000E+00  0.000000E+00  0.000000E+00  1.618469E+00  0.000000E+00
  6.840000E-01  2.195096E+00  1.754642E+00  0.000000E+00  0.000000E+00  0.000000E+00  0.000000E+00  1.622764E+00  0.000000E+00
  6.860000E-01  2.195243E+00  1.757158E+00  0.000000E+00  0.000000E+00  0.000000E+00  0.000000E+00  1.627036E+00  0.000000E+00
  6.880000E-01  2.195388E+00  1.759669E+00  0.000000E+00  0.000000E+00  0.000000E+00  0.000000E+00  1.631283E+00  0.000000E+00
  6.900000E-01  2.195533E+00  1.762175E+00  0.000000E+00  0.000000E+00  0.000000E+00  0.000000E+00  1.635507E+00  0.000000E+00
  6.920000E-01  2.195678E+00  1.764676E+00  0.000000E+00  0.000000E+00  0.000000E+00  0.000000E+00  1.639708E+00  0.000000E+00
  6.940000E-01  2.195822E+00  1.767172E+00  0.000000E+00  0.000000E+00  0.000000E+00  0.000000E+00  1.643886E+00  0.000000E+00
  6.960000E-01  2.195966E+00  1.769663E+00  0.000000E+00  0.000000E+00  0.000000E+00  0.000000E+00  1.648041E+00  0.000000E+00
  6.980000E-01  2.196109E+00  1.772149E+00  0.000000E+00  0.000000E+00  0.000000E+00  0.000000E+00  1.652173E+00  0.000000E+00
  7.000000E-01  2.196252E+00  1.774630E+00  0.000000E+00  0.000000E+00  0.000000E+00  0.000000E+00  1.656283E+00  0.000000E+00
  7.020000E-01  2.196394E+00  1.777106E+00  0.000000E+00  0.000000E+00  0.000000E+00  0.000000E+00  1.660371E+00  0.000000E+00
  7.040000E-01  2.196536E+00  1.779578E+00  0.000000E+00  0.000000E+00  0.000000E+00  0.000000E+00  1.664438E+00  0.000000E+00
  7.060000E-01  2.196678E+00  1.782045E+00  0.000000E+00  0.000000E+00  0.000000E+00  0.000000E+00  1.668483E+00  0.000000E+00
  7.080000E-01  2.196819E+00  1.784507E+00  0.000000E+00  0.000000E+00  0.000000E+00  0.000000E+00  1.672506E+00  0.000000E+00
  7.100000E-01  2.196959E+00  1.786965E+00  0.000000E+00  0.000000E+00  0.000000E+00  0.000000E+00  1.676509E+00  0.000000E+00
  7.120000E-01  2.197100E+00  1.789418E+00  0.000000E+00  0.000000E+00  0.000000E+00  0.000000E+00  1.680490E+00  0.000000E+00
  7.140000E-01  2.197240E+00  1.791867E+00  0.000000E+00  0.000000E+00  0.000000E+00  0.000000E+00  1.684451E+00  0.000000E+00
  7.160000E-01  2.197379E+00  1.794311E+00  0.000000E+00  0.000000E+00  0.000000E+00  0.000000E+00  1.688392E+00  0.000000E+00
  7.180000E-01  2.197518E+00  1.796751E+00  0.000000E+00  0.000000E+00  0.000000E+00  0.000000E+00  1.692312E+00  0.000000E+00
  7.200000E-01  2.197657E+00  1.799186E+00  0.000000E+00  0.000000E+00  0.000000E+00  0.000000E+00  1.696213E+00  0.000000E+00
  7.220000E-01  2.197795E+00  1.801617E+00  0.000000E+00  0.000000E+00  0.000000E+00  0.000000E+00  1.700093E+00  0.000000E+00
  7.240000E-01  2.197933E+00  1.804044E+00  0.000000E+00  0.000000E+00  0.000000E+00  0.000000E+00  1.703954E+00  0.000000E+00
  7.260000E-01  2.198071E+00  1.806466E+00  0.000000E+00  0.000000E+00  0.000000E+00  0.000000E+00  1.707796E+00  0.000000E+00
  7.280000E-01  2.198208E+00  1.808885E+00  0.000000E+00  0.000000E+00  0.000000E+00  0.000000E+00  1.711619E+00  0.000000E+00
  7.300000E-01  2.198345E+00  1.811299E+00  0.000000E+00  0.000000E+00  0.000000E+00  0.000000E+00  1.715422E+00  0.000000E+00
  7.320000E-01  2.198482E+00  1.813709E+00  0.000000E+00  0.000000E+00  0.000000E+00  0.000000E+00  1.719207E+00  0.000000E+00
  7.340000E-01  2.198618E+00  1.816114E+00  0.000000E+00  0.000000E+00  0.000000E+00  0.000000E+00  1.722973E+00  0.000000E+00
  7.360000E-01  2.198754E+00  1.818516E+00  0.000000E+00  0.000000E+00  0.000000E+00  0.000000E+00  1.726720E+00  0.000000E+00
  7.380000E-01  2.198890E+00  1.820914E+00  0.000000E+00  0.000000E+00  0.000000E+00  0.000000E+00  1.730450E+00  0.000000E+00
  7.400000E-01  2.199026E+00  1.823308E+00  0.000000E+00  0.000000E+00  0.000000E+00  0.000000E+00  1.734161E+00  0.000000E+00
  7.420000E-01  2.199161E+00  1.825698E+00  0.000000E+00  0.000000E+00  0.000000E+00  0.000000E+00  1.737854E+00  0.000000E+00
  7.440000E-01  2.199295E+00  1.828084E+00  0.000000E+00  0.000000E+00  0.000000E+00  0.000000E+00  1.741530E+00  0.000000E+00
  7.460000E-01  2.199430E+00  1.830466E+00  0.000000E+00  0.000000E+00  0.000000E+00  0.000000E+00  1.745188E+00  0.000000E+00
  7.480000E-01  2.199564E+00  1.832844E+00  0.000000E+00  0.000000E+00  0.000000E+00  0.000000E+00  1.748828E+00  0.000000E+00
  7.500000E-01  2.199698E+00  1.835218E+00  0.000000E+00  0.000000E+00  0.000000E+00  0.000000E+00  1.752452E+00  0.000000E+00
  7.520000E-01  2.199832E+00  1.837589E+00  0.000000E+00  0.000000E+00  0.000000E+00  0.000000E+00  1.756058E+00  0.000000E+00
  7.540000E-01  2.199965E+00  1.839956E+00  0.000000E+00  0.000000E+00  0.000000E+00  0.000000E+00  1.759647E+00  0.000000E+00
  7.560000E-01  2.200098E+00  1.842319E+00  0.000000E+00  0.000000E+00  0.000000E+00  0.000000E+00  1.763220E+00  0.000000E+00
  7.580000E-01  2.200231E+00  1.844678E+00  0.000000E+00  0.000000E+00  0.000000E+00  0.000000E+00  1.766775E+00  0.000000E+00
  7.600000E-01  2.200364E+00  1.847034E+00  0.000000E+00  0.000000E+00  0.000000E+00  0.000000E+00  1.770315E+00  0.000000E+00
  7.620000E-01  2.200496E+00  1.849387E+00  0.000000E+00  0.000000E+00  0.000000E+00  0.000000E+00  1.773838E+00  0.000000E+00
  7.640000E-01  2.200628E+00  1.851735E+00  0.000000E+00  0.000000E+00  0.000000E+00  0.000000E+00  1.777345E+00  0.000000E+00
  7.660000E-01  2.200760E+00  1.854080E+00  0.000000E+00  0.000000E+00  0.000000E+00  0.000000E+00  1.780835E+00  0.000000E+00
  7.680000E-01  2.200892E+00  1.856422E+00  0.000000E+00  0.000000E+00  0.000000E+00  0.000000E+00  1.784310E+00  0.000000E+00
  7.700000E-01  2.201023E+00  1.858760E+00  0.000000E+00  0.000000E+00  0.000000E+00  0.000000E+00  1.787769E+00  0.000000E+00
  7.720000E-01  2.201154E+00  1.861095E+00  0.000000E+00  0.000000E+00  0.000000E+00  0.000000E+00  1.791213E+00  0.000000E+00
  7.740000E-01  2.201285E+00  1.863427E+00  0.000000E+00  0.000000E+00  0.000000E+00  0.000000E+00  1.794641E+00  0.000000E+00
  7.760000E-01  2.201416E+00  1.865755E+00  0.000000E+00  0.000000E+00  0.000000E+00  0.000000E+00  1.798053E+00  0.000000E+00
  7.780000E-01  2.201547E+00  1.868079E+00  0.000000E+00  0.000000E+00  0.000000E+00  0.000000E+00  1.801450E+00  0.000000E+00
  7.800000E-01  2.201677E+00  1.870401E+00  0.000000E+00  0.000000E+00  0.000000E+00  0.000000E+00  1.804832E+00  0.000000E+00
  7.820000E-01  2.201807E+00  1.872719E+00  0.000000E+00  0.000000E+00  0.000000E+00  0.000000E+00  1.808200E+00  0.000000E+00
  7.840000E-01  2.201937E+00  1.875034E+00  0.000000E+00  0.000000E+00  0.000000E+00  0.000000E+00  1.811552E+00  0.000000E+00
  7.860000E-01  2.202067E+00  1.877346E+00  0.000000E+00  0.000000E+00  0.000000E+00  0.000000E+00  1.814889E+00  0.000000E+00
  7.880000E-01  2.202196E+00  1.879654E+00  0.000000E+00  0.000000E+00  0.000000E+00  0.000000E+00  1.818212E+00  0.000000E+00
  7.900000E-01  2.202325E+00  1.881959E+00  0.000000E+00  0.000000E+00  0.000000E+00  0.000000E+00  1.821521E+00  0.000000E+00
  7.920000E-01  2.202455E+00  1.884262E+00  0.000000E+00  0.000000E+00  0.000000E+00  0.000000E+00  1.824815E+00  0.000000E+00
  7.940000E-01  2.202583E+00  1.886561E+00  0.000000E+00  0.000000E+00  0.000000E+00  0.000000E+00  1.828094E+00  0.000000E+00
  7.960000E-01  2.202712E+00  1.888857E+00  0.000000E+00  0.000000E+00  0.000000E+00  0.000000E+00  1.831360E+00  0.000000E+00
  7.980000E-01  2.202841E+00  1.891150E+00  0.000000E+00  0.000000E+00  0.000000E+00  0.000000E+00  1.834611E+00  0.000000E+00
  8.000000E-01  2.202969E+00  1.893440E+00  0.000000E+00  0.000000E+00  0.000000E+00  0.000000E+00  1.837849E+00  0.000000E+00
  8.020000E-01  2.203097E+00  1.895727E+00  0.000000E+00  0.000000E+00  0.000000E+00  0.000000E+00  1.841073E+00  0.000000E+00
  8.040000E-01  2.203226E+00  1.898011E+00  0.000000E+00  0.000000E+00  0.000000E+00  0.000000E+00  1.844283E+00  0.000000E+00
  8.060000E-01  2.203353E+00  1.900292E+00  0.000000E+00  0.000000E+00  0.000000E+00  0.000000E+00  1.847479E+00  0.000000E+00
  8.080000E-01  2.203481E+00  1.902570E+00  0.000000E+00  0.000000E+00  0.000000E+00  0.000000E+00  1.850662E+00  0.000000E+00
  8.100000E-01  2.203609E+00  1.904846E+00  0.000000E+00  0.000000E+00  0.000000E+00  0.000000E+00  1.853831E+00  0.000000E+00
  8.120000E-01  2.203736E+00  1.907118E+00  0.000000E+00  0.000000E+00  0.000000E+00  0.000000E+00  1.856987E+00  0.000000E+00
  8.140000E-01  2.203863E+00  1.909388E+00  0.000000E+00  0.000000E+00  0.000000E+00  0.000000E+00  1.860130E+00  0.000000E+00
  8.160000E-01  2.203991E+00  1.911655E+00  0.000000E+00  0.000000E+00  0.000000E+00  0.000000E+00  1.863260E+00  0.000000E+00
  8.180000E-01  2.204118E+00  1.913919E+00  0.000000E+00  0.000000E+00  0.000000E+00  0.000000E+00  1.866377E+00  0.000000E+00
  8.200000E-01  2.204244E+00  1.916180E+00  0.000000E+00  0.000000E+00  0.000000E+00  0.000000E+00  1.869480E+00  0.000000E+00
  8.220000E-01  2.204371E+00  1.918439E+00  0.000000E+00  0.000000E+00  0.000000E+00  0.000000E+00  1.872571E+00  0.000000E+00
  8.240000E-01  2.204498E+00  1.920695E+00  0.000000E+00  0.000000E+00  0.000000E+00  0.000000E+00  1.875650E+00  0.000000E+00
  8.260000E-01  2.204624E+00  1.922948E+00  0.000000E+00  0.000000E+00  0.000000E+00  0.000000E+00  1.878715E+00  0.000000E+00
  8.280000E-01  2.204750E+00  1.925198E+00  0.000000E+00  0.000000E+00  0.000000E+00  0.000000E+00  1.881768E+00  0.000000E+00
  8.300000E-01  2.204876E+00  1.927446E+00  0.000000E+00  0.000000E+00  0.000000E+00  0.000000E+00  1.884809E+00  0.000000E+00
  8.320000E-01  2.205002E+00  1.929692E+00  0.000000E+00  0.000000E+00  0.000000E+00  0.000000E+00  1.887837E+00  0.000000E+00
  8.340000E-01  2.205128E+00  1.931935E+00  0.000000E+00  0.000000E+00  0.000000E+00  0.000000E+00  1.890853E+00  0.000000E+00
  8.360000E-01  2.205254E+00  1.934175E+00  0.000000E+00  0.000000E+00  0.000000E+00  0.000000E+00  1.893857E+00  0.000000E+00
  8.380000E-01  2.205380E+00  1.936413E+00  0.000000E+00  0.000000E+00  0.000000E+00  0.000000E+00  1.896848E+00  0.000000E+00
  8.400000E-01  2.205505E+00  1.938648E+00  0.000000E+00  0.000000E+00  0.000000E+00  0.000000E+00  1.899828E+00  0.000000E+00
  8.420000E-01  2.205631E+00  1.940881E+00  0.000000E+00  0.000000E+00  0.000000E+00  0.000000E+00  1.902796E+00  0.000000E+00
  8.440000E-01  2.205756E+00  1.943111E+00  0.000000E+00  0.000000E+00  0.000000E+00  0.000000E+00  1.905751E+00  0.000000E+00
  8.460000E-01  2.205881E+00  1.945339E+00  0.000000E+00  0.000000E+00  0.000000E+00  0.000000E+00  1.908695E+00  0.000000E+00
  8.480000E-01  2.206006E+00  1.947564E+00  0.000000E+00  0.000000E+00  0.000000E+00  0.000000E+00  1.911627E+00  0.000000E+00
  8.500000E-01  2.206131E+00  1.949788E+00  0.000000E+00  0.000000E+00  0.000000E+00  0.000000E+00  1.914548E+00  0.000000E+00
  8.520000E-01  2.206256E+00  1.952008E+00  0.000000E+00  0.000000E+00  0.000000E+00  0.000000E+00  1.917457E+00  0.000000E+00
  8.540000E-01  2.206381E+00  1.954227E+00  0.000000E+00  0.000000E+00  0.000000E+00  0.000000E+00  1.920355E+00  0.000000E+00
  8.560000E-01  2.206506E+00  1.956443E+00  0.000000E+00  0.000000E+00  0.000000E+00  0.000000E+00  1.923241E+00  0.000000E+00
  8.580000E-01  2.206630E+00  1.958657E+00  0.000000E+00  0.000000E+00  0.000000E+00  0.000000E+00  1.926116E+00  0.000000E+00
  8.600000E-01  2.206755E+00  1.960868E+00  0.000000E+00  0.000000E+00  0.000000E+00  0.000000E+00  1.928979E+00  0.000000E+00
  8.620000E-01  2.206879E+00  1.963077E+00  0.000000E+00  0.000000E+00  0.000000E+00  0.000000E+00  1.931832E+00  0.000000E+00
  8.640000E-01  2.207003E+00  1.965284E+00  0.000000E+00  0.000000E+00  0.000000E+00  0.000000E+00  1.934673E+00  0.000000E+00
  8.660000E-01  2.207127E+00  1.967489E+00  0.000000E+00  0.000000E+00  0.000000E+00  0.000000E+00  1.937503E+00  0.000000E+00
  8.680000E-01  2.207252E+00  1.969692E+00  0.000000E+00  0.000000E+00  0.000000E+00  0.000000E+00  1.940322E+00  0.000000E+00
  8.700000E-01  2.207376E+00  1.971892E+00  0.000000E+00  0.000000E+00  0.000000E+00  0.000000E+00  1.943131E+00  0.000000E+00
  8.720000E-01  2.207500E+00  1.974091E+00  0.000000E+00  0.000000E+00  0.000000E+00  0.000000E+00  1.945928E+00  0.000000E+00
  8.740000E-01  2.207623E+00  1.976287E+00  0.000000E+00  0.000000E+00  0.000000E+00  0.000000E+00  1.948715E+00  0.000000E+00
  8.760000E-01  2.207747E+00  1.978481E+00  0.000000E+00  0.000000E+00  0.000000E+00  0.000000E+00  1.951491E+00  0.000000E+00
  8.780000E-01  2.207871E+00  1.980673E+00  0.000000E+00  0.000000E+00  0.000000E+00  0.000000E+00  1.954256E+00  0.000000E+00
  8.800000E-01  2.207994E+00  1.982863E+00  0.000000E+00  0.000000E+00  0.000000E+00  0.000000E+00  1.957011E+00  0.000000E+00
  8.820000E-01  2.208118E+00  1.985051E+00  0.000000E+00  0.000000E+00  0.000000E+00  0.000000E+00  1.959755E+00  0.000000E+00
  8.840000E-01  2.208242E+00  1.987237E+00  0.000000E+00  0.000000E+00  0.000000E+00  0.000000E+00  1.962488E+00  0.000000E+00
  8.860000E-01  2.208365E+00  1.989422E+00  0.000000E+00  0.000000E+00  0.000000E+00  0.000000E+00  1.965212E+00  0.000000E+00
  8.880000E-01  2.208488E+00  1.991604E+00  0.000000E+00  0.000000E+00  0.000000E+00  0.000000E+00  1.967924E+00  0.000000E+00
  8.900000E-01  2.208612E+00  1.993784E+00  0.000000E+00  0.000000E+00  0.000000E+00  0.000000E+00  1.970627E+00  0.000000E+00
  8.920000E-01  2.208735E+00  1.995962E+00  0.000000E+00  0.000000E+00  0.000000E+00  0.000000E+00  1.973319E+00  0.000000E+00
  8.940000E-01  2.208858E+00  1.998139E+00  0.000000E+00  0.000000E+00  0.000000E+00  0.000000E+00  1.976001E+00  0.000000E+00
  8.960000E-01  2.208981E+00  2.000313E+00  0.000000E+00  0.000000E+00  0.000000E+00  0.000000E+00  1.978673E+00  0.000000E+00
  8.980000E-01  2.209104E+00  2.002486E+00  0.000000E+00  0.000000E+00  0.000000E+00  0.000000E+00  1.981335E+00  0.000000E+00
  9.000000E-01  2.209067E+00  2.004032E+00  0.000000E+00  0.000000E+00  0.000000E+00  0.000000E+00  1.983309E+00  2.614730E-01
  9.020000E-01  2.209048E+00  2.005645E+00  0.000000E+00  0.000000E+00  0.000000E+00  0.000000E+00  1.985351E+00  3.233863E-01
  9.040000E-01  2.209007E+00  2.007173E+00  0.000000E+00  0.000000E+00  0.000000E+00  0.000000E+00  1.987294E+00  3.736592E-01
  9.060000E-01  2.208950E+00  2.008636E+00  0.000000E+00  0.000000E+00  0.000000E+00  0.000000E+00  1.989159E+00  4.168060E-01
  9.080000E-01  2.208880E+00  2.010044E+00  0.000000E+00  0.000000E+00  0.000000E+00  0.000000E+00  1.990960E+00  4.550211E-01
  9.100000E-01  2.208798E+00  2.011406E+00  0.000000E+00  0.000000E+00  0.000000E+00  0.000000E+00  1.992704E+00  4.895671E-01
  9.120000E-01  2.208707E+00  2.012728E+00  0.000000E+00  0.000000E+00  0.000000E+00  0.000000E+00  1.994399E+00  5.212490E-01
  9.140000E-01  2.208607E+00  2.014014E+00  0.000000E+00  0.000000E+00  0.000000E+00  0.000000E+00  1.996050E+00  5.506168E-01
  9.160000E-01  2.208500E+00  2.015269E+00  0.000000E+00  0.000000E+00  0.000000E+00  0.000000E+00  1.997662E+00  5.780660E-01
  9.180000E-01  2.208386E+00  2.016496E+00  0.000000E+00  0.000000E+00  0.000000E+00  0.000000E+00  1.999237E+00  6.038921E-01
  9.200000E-01  2.208266E+00  2.017697E+00  0.000000E+00  0.000000E+00  0.000000E+00  0.000000E+00  2.000778E+00  6.283226E-01
  9.220000E-01  2.208140E+00  2.018874E+00  0.000000E+00  0.000000E+00  0.000000E+00  0.000000E+00  2.002288E+00  6.515374E-01
  9.240000E-01  2.208010E+00  2.020029E+00  0.000000E+00  0.000000E+00  0.000000E+00  0.000000E+00  2.003769E+00  6.736811E-01
  9.260000E-01  2.207874E+00  2.021164E+00  0.000000E+00  0.000000E+00  0.000000E+00  0.000000E+00  2.005222E+00  6.948723E-01
  9.280000E-01  2.207735E+00  2.022280E+00  0.000000E+00  0.000000E+00  0.000000E+00  0.000000E+00  2.006650E+00  7.152097E-01
  9.300000E-01  2.207592E+00  2.023380E+00  0.000000E+00  0.000000E+00  0.000000E+00  0.000000E+00  2.008054E+00  7.347763E-01
  9.320000E-01  2.207445E+00  2.024463E+00  0.000000E+00  0.000000E+00  0.000000E+00  0.000000E+00  2.009434E+00  7.536429E-01
  9.340000E-01  2.207294E+00  2.025530E+00  0.000000E+00  0.000000E+00  0.000000E+00  0.000000E+00  2.010792E+00  7.718702E-01
  9.360000E-01  2.207141E+00  2.026584E+00  0.000000E+00  0.000000E+00  0.000000E+00  0.000000E+00  2.012129E+00  7.895108E-01
  9.380000E-01  2.206985E+00  2.027624E+00  0.000000E+00  0.000000E+00  0.000000E+00  0.000000E+00  2.013446E+00  8.066109E-01
  9.400000E-01  2.206826E+00  2.028652E+00  0.000000E+00  0.000000E+00  0.000000E+00  0.000000E+00  2.014743E+00  8.232109E-01
  9.420000E-01  2.206665E+00  2.029668E+00  0.000000E+00  0.000000E+00  0.000000E+00  0.000000E+00  2.016021E+00  8.393466E-01
  9.440000E-01  2.206501E+00  2.030673E+00  0.000000E+00  0.000000E+00  0.000000E+00  0.000000E+00  2.017280E+00  8.550501E-01
  9.460000E-01  2.206335E+00  2.031667E+00  0.000000E+00  0.000000E+00  0.000000E+00  0.000000E+00  2.018522E+00  8.703500E-01
  9.480000E-01  2.206168E+00  2.032652E+00  0.000000E+00  0.000000E+00  0.000000E+00  0.000000E+00  2.019745E+00  8.852723E-01
  9.500000E-01  2.205999E+00  2.033629E+00  0.000000E+00  0.000000E+00  0.000000E+00  0.000000E+00  2.020951E+00  8.998406E-01
  9.520000E-01  2.205829E+00  2.034598E+00  0.000000E+00  0.000000E+00  0.000000E+00  0.000000E+00  2.022137E+00  9.140776E-01
  9.540000E-01  2.205658E+00  2.035561E+00  0.000000E+00  0.000000E+00  0.000000E+00  0.000000E+00  2.023301E+00  9.280049E-01
  9.560000E-01  2.205485E+00  2.036515E+00  0.000000E+00  0.000000E+00  0.000000E+00  0.000000E+00  2.024453E+00  9.416307E-01
  9.580000E-01  2.205310E+00  2.037459E+00  0.000000E+00  0.000000E+00  0.000000E+00  0.000000E+00  2.025593E+00  9.549708E-01
  9.600000E-01  2.205133E+00  2.038395E+00  0.000000E+00  0.000000E+00  0.000000E+00  0.000000E+00  2.026721E+00  9.680397E-01
  9.620000E-01  2.204955E+00  2.039321E+00  0.000000E+00  0.000000E+00  0.000000E+00  0.000000E+00  2.027838E+00  9.808510E-01
  9.640000E-01  2.204774E+00  2.040240E+00  0.000000E+00  0.000000E+00  0.000000E+00  0.000000E+00  2.028944E+00  9.934172E-01
  9.660000E-01  2.204592E+00  2.041150E+00  0.000000E+00  0.000000E+00  0.000000E+00  0.000000E+00  2.030040E+00  1.005750E+00
  9.680000E-01  2.204408E+00  2.042052E+00  0.000000E+00  0.000000E+00  0.000000E+00  0.000000E+00  2.031125E+00  1.017859E+00
  9.700000E-01  2.204223E+00  2.042946E+00  0.000000E+00  0.000000E+00  0.000000E+00  0.000000E+00  2.032200E+00  1.029756E+00
  9.720000E-01  2.204036E+00  2.043834E+00  0.000000E+00  0.000000E+00  0.000000E+00  0.000000E+00  2.033266E+00  1.041449E+00
  9.740000E-01  2.203848E+00  2.044714E+00  0.000000E+00  0.000000E+00  0.000000E+00  0.000000E+00  2.034322E+00  1.052947E+00
  9.760000E-01  2.203658E+00  2.045587E+00  0.000000E+00  0.000000E+00  0.000000E+00  0.000000E+00  2.035369E+00  1.064257E+00
  9.780000E-01  2.203467E+00  2.046453E+00  0.000000E+00  0.000000E+00  0.000000E+00  0.000000E+00  2.036407E+00  1.075388E+00
  9.800000E-01  2.203274E+00  2.047313E+00  0.000000E+00  0.000000E+00  0.000000E+00  0.000000E+00  2.037436E+00  1.086346E+00
  9.820000E-01  2.203080E+00  2.048166E+00  0.000000E+00  0.000000E+00  0.000000E+00  0.000000E+00  2.038456E+00  1.097139E+00
  9.840000E-01  2.202885E+00  2.049013E+00  0.000000E+00  0.000000E+00  0.000000E+00  0.000000E+00  2.039468E+00  1.107771E+00
  9.860000E-01  2.202689E+00  2.049854E+00  0.000000E+00  0.000000E+00  0.000000E+00  0.000000E+00  2.040472E+00  1.118250E+00
  9.880000E-01  2.202492E+00  2.050689E+00  0.000000E+00  0.000000E+00  0.000000E+00  0.000000E+00  2.041468E+00  1.128580E+00
  9.900000E-01  2.202293E+00  2.051519E+00  0.000000E+00  0.000000E+00  0.000000E+00  0.000000E+00  2.042456E+00  1.138767E+00
  9.920000E-01  2.202093E+00  2.052342E+00  0.000000E+00  0.000000E+00  0.000000E+00  0.000000E+00  2.043437E+00  1.148816E+00
  9.940000E-01  2.201893E+00  2.053161E+00  0.000000E+00  0.000000E+00  0.000000E+00  0.000000E+00  2.044410E+00  1.158731E+00
  9.960000E-01  2.201691E+00  2.053974E+00  0.000000E+00  0.000000E+00  0.000000E+00  0.000000E+00  2.045375E+00  1.168518E+00
  9.980000E-01  2.201488E+00  2.054781E+00  0.000000E+00  0.000000E+00  0.000000E+00  0.000000E+00  2.046334E+00  1.178179E+00
  1.000000E+00  2.201284E+00  2.055584E+00  0.000000E+00  0.000000E+00  0.000000E+00  0.000000E+00  2.047285E+00  1.187719E+00
  1.002000E+00  2.201080E+00  2.056382E+00  0.000000E+00  0.000000E+00  0.000000E+00  0.000000E+00  2.048230E+00  1.197142E+00
  1.004000E+00  2.200874E+00  2.057175E+00  0.000000E+00  0.000000E+00  0.000000E+00  0.000000E+00  2.049168E+00  1.206451E+00
  1.006000E+00  2.200668E+00  2.057963E+00  0.000000E+00  0.000000E+00  0.000000E+00  0.000000E+00  2.050099E+00  1.215650E+00
  1.008000E+00  2.200460E+00  2.058746E+00  0.000000E+00  0.000000E+00  0.000000E+00  0.000000E+00  2.051023E+00  1.224742E+00
  1.010000E+00  2.200252E+00  2.059525E+00  0.000000E+00  0.000000E+00  0.000000E+00  0.000000E+00  2.051941E+00  1.233730E+00
  1.012000E+00  2.200043E+00  2.060299E+00  0.000000E+00  0.000000E+00  0.000000E+00  0.000000E+00  2.052853E+00  1.242618E+00
  1.014000E+00  2.199833E+00  2.061069E+00  0.000000E+00  0.000000E+00  0.000000E+00  0.000000E+00  2.053758E+00  1.251407E+00
  1.016000E+00  2.199622E+00  2.061835E+00  0.000000E+00  0.000000E+00  0.000000E+00  0.000000E+00  2.054658E+00  1.260101E+00
  1.018000E+00  2.199411E+00  2.062596E+00  0.000000E+00  0.000000E+00  0.000000E+00  0.000000E+00  2.055551E+00  1.268702E+00
  1.020000E+00  2.199199E+00  2.063354E+00  0.000000E+00  0.000000E+00  0.000000E+00  0.000000E+00  2.056439E+00  1.277213E+00
  1.022000E+00  2.198986E+00  2.064107E+00  0.000000E+00  0.000000E+00  0.000000E+00  0.000000E+00  2.057321E+00  1.285636E+00
  1.024000E+00  2.198772E+00  2.064856E+00  0.000000E+00  0.000000E+00  0.000000E+00  0.000000E+00  2.058197E+00  1.293973E+00
  1.026000E+00  2.198558E+00  2.065601E+00  0.000000E+00  0.000000E+00  0.000000E+00  0.000000E+00  2.059067E+00  1.302227E+00
  1.028000E+00  2.198342E+00  2.066343E+00  0.000000E+00  0.000000E+00  0.000000E+00  0.000000E+00  2.059932E+00  1.310399E+00
  1.030000E+00  2.198127E+00  2.067081E+00  0.000000E+00  0.000000E+00  0.000000E+00  0.000000E+00  2.060791E+00  1.318492E+00
  1.032000E+00  2.197910E+00  2.067815E+00  0.000000E+00  0.000000E+00  0.000000E+00  0.000000E+00  2.061645E+00  1.326508E+00
  1.034000E+00  2.197693E+00  2.068545E+00  0.000000E+00  0.000000E+00  0.000000E+00  0.000000E+00  2.062494E+00  1.334448E+00
  1.036000E+00  2.197475E+00  2.069272E+00  0.000000E+00  0.000000E+00  0.000000E+00  0.000000E+00  2.063337E+00  1.342314E+00
  1.038000E+00  2.197257E+00  2.069995E+00  0.000000E+00  0.000000E+00  0.000000E+00  0.000000E+00  2.064175E+00  1.350109E+00
  1.040000E+00  2.197038E+00  2.070714E+00  0.000000E+00  0.000000E+00  0.000000E+00  0.000000E+00  2.065009E+00  1.357833E+00
  1.042000E+00  2.196819E+00  2.071431E+00  0.000000E+00  0.000000E+00  0.000000E+00  0.000000E+00  2.065837E+00  1.365488E+00
  1.044000E+00  2.196598E+00  2.072144E+00  0.000000E+00  0.000000E+00  0.000000E+00  0.000000E+00  2.066660E+00  1.373076E+00
  1.046000E+00  2.196378E+00  2.072853E+00  0.000000E+00  0.000000E+00  0.000000E+00  0.000000E+00  2.067478E+00  1.380598E+00
  1.048000E+00  2.196156E+00  2.073559E+00  0.000000E+00  0.000000E+00  0.000000E+00  0.000000E+00  2.068292E+00  1.388056E+00
  1.050000E+00  2.195935E+00  2.074262E+00  0.000000E+00  0.000000E+00  0.000000E+00  0.000000E+00  2.069101E+00  1.395451E+00
  1.052000E+00  2.195712E+00  2.074962E+00  0.000000E+00  0.000000E+00  0.000000E+00  0.000000E+00  2.069905E+00  1.402784E+00
  1.054000E+00  2.195489E+00  2.075659E+00  0.000000E+00  0.000000E+00  0.000000E+00  0.000000E+00  2.070704E+00  1.410058E+00
  1.056000E+00  2.195266E+00  2.076353E+00  0.000000E+00  0.000000E+00  0.000000E+00  0.000000E+00  2.071499E+00  1.417272E+00
  1.058000E+00  2.195042E+00  2.077043E+00  0.000000E+00  0.000000E+00  0.000000E+00  0.000000E+00  2.072290E+00  1.424428E+00
  1.060000E+00  2.194817E+00  2.077731E+00  0.000000E+00  0.000000E+00  0.000000E+00  0.000000E+00  2.073076E+00  1.431528E+00
  1.062000E+00  2.194592E+00  2.078415E+00  0.000000E+00  0.000000E+00  0.000000E+00  0.000000E+00  2.073857E+00  1.438572E+00
  1.064000E+00  2.194367E+00  2.079097E+00  0.000000E+00  0.000000E+00  0.000000E+00  0.000000E+00  2.074634E+00  1.445562E+00
  1.066000E+00  2.194141E+00  2.079776E+00  0.000000E+00  0.000000E+00  0.000000E+00  0.000000E+00  2.075407E+00  1.452498E+00
  1.068000E+00  2.193914E+00  2.080452E+00  0.000000E+00  0.000000E+00  0.000000E+00  0.000000E+00  2.076176E+00  1.459382E+00
  1.070000E+00  2.193688E+00  2.081125E+00  0.000000E+00  0.000000E+00  0.000000E+00  0.000000E+00  2.076940E+00  1.466215E+00
  1.072000E+00  2.193460E+00  2.081795E+00  0.000000E+00  0.000000E+00  0.000000E+00  0.000000E+00  2.077700E+00  1.472998E+00
  1.074000E+00  2.193232E+00  2.082463E+00  0.000000E+00  0.000000E+00  0.000000E+00  0.000000E+00  2.078457E+00  1.479731E+00
  1.076000E+00  2.193004E+00  2.083128E+00  0.000000E+00  0.000000E+00  0.000000E+00  0.000000E+00  2.079209E+00  1.486415E+00
  1.078000E+00  2.192775E+00  2.083790E+00  0.000000E+00  0.000000E+00  0.000000E+00  0.000000E+00  2.079957E+00  1.493052E+00
  1.080000E+00  2.192546E+00  2.084449E+00  0.000000E+00  0.000000E+00  0.000000E+00  0.000000E+00  2.080701E+00  1.499642E+00
  1.082000E+00  2.192317E+00  2.085106E+00  0.000000E+00  0.000000E+00  0.000000E+00  0.000000E+00  2.081441E+00  1.506187E+00
  1.084000E+00  2.192087E+00  2.085760E+00  0.000000E+00  0.000000E+00  0.000000E+00  0.000000E+00  2.082177E+00  1.512686E+00
  1.086000E+00  2.191856E+00  2.086412E+00  0.000000E+00  0.000000E+00  0.000000E+00  0.000000E+00  2.082910E+00  1.519141E+00
  1.088000E+00  2.191625E+00  2.087061E+00  0.000000E+00  0.000000E+00  0.000000E+00  0.000000E+00  2.083638E+00  1.525552E+00
  1.090000E+00  2.191394E+00  2.087708E+00  0.000000E+00  0.000000E+00  0.000000E+00  0.000000E+00  2.084363E+00  1.531921E+00
  1.092000E+00  2.191163E+00  2.088352E+00  0.000000E+00  0.000000E+00  0.000000E+00  0.000000E+00  2.085084E+00  1.538248E+00
  1.094000E+00  2.190930E+00  2.088994E+00  0.000000E+00  0.000000E+00  0.000000E+00  0.000000E+00  2.085802E+00  1.544533E+00
  1.096000E+00  2.190698E+00  2.089634E+00  0.000000E+00  0.000000E+00  0.000000E+00  0.000000E+00  2.086516E+00  1.550777E+00
  1.098000E+00  2.190465E+00  2.090271E+00  0.000000E+00  0.000000E+00  0.000000E+00  0.000000E+00  2.087226E+00  1.556982E+00
  1.100000E+00  2.190232E+00  2.090905E+00  0.000000E+00  0.000000E+00  0.000000E+00  0.000000E+00  2.087932E+00  1.563147E+00
  1.102000E+00  2.189999E+00  2.091537E+00  0.000000E+00  0.000000E+00  0.000000E+00  0.000000E+00  2.088636E+00  1.569274E+00
  1.104000E+00  2.189765E+00  2.092167E+00  0.000000E+00  0.000000E+00  0.000000E+00  0.000000E+00  2.089335E+00  1.575362E+00
  1.106000E+00  2.189530E+00  2.092795E+00  0.000000E+00  0.000000E+00  0.000000E+00  0.000000E+00  2.090031E+00  1.581413E+00
  1.108000E+00  2.189296E+00  2.093420E+00  0.000000E+00  0.000000E+00  0.000000E+00  0.000000E+00  2.090724E+00  1.587427E+00
  1.110000E+00  2.189061E+00  2.094043E+00  0.000000E+00  0.000000E+00  0.000000E+00  0.000000E+00  2.091413E+00  1.593405E+00
  1.112000E+00  2.188825E+00  2.094664E+00  0.000000E+00  0.000000E+00  0.000000E+00  0.000000E+00  2.092099E+00  1.599347E+00
  1.114000E+00  2.188590E+00  2.095283E+00  0.000000E+00  0.000000E+00  0.000000E+00  0.000000E+00  2.092782E+00  1.605253E+00
  1.116000E+00  2.188354E+00  2.095899E+00  0.000000E+00  0.000000E+00  0.000000E+00  0.000000E+00  2.093461E+00  1.611126E+00
  1.118000E+00  2.188117E+00  2.096513E+00  0.000000E+00  0.000000E+00  0.000000E+00  0.000000E+00  2.094137E+00  1.616963E+00
  1.120000E+00  2.187880E+00  2.097125E+00  0.000000E+00  0.000000E+00  0.000000E+00  0.000000E+00  2.094810E+00  1.622768E+00
  1.122000E+00  2.187643E+00  2.097735E+00  0.000000E+00  0.000000E+00  0.000000E+00  0.000000E+00  2.095479E+00  1.628539E+00
  1.124000E+00  2.187406E+00  2.098343E+00  0.000000E+00  0.000000E+00  0.000000E+00  0.000000E+00  2.096146E+00  1.634277E+00
  1.126000E+00  2.187168E+00  2.098949E+00  0.000000E+00  0.000000E+00  0.000000E+00  0.000000E+00  2.096809E+00  1.639983E+00
  1.128000E+00  2.186930E+00  2.099553E+00  0.000000E+00  0.000000E+00  0.000000E+00  0.000000E+00  2.097469E+00  1.645658E+00
  1.130000E+00  2.186692E+00  2.100154E+00  0.000000E+00  0.000000E+00  0.000000E+00  0.000000E+00  2.098126E+00  1.651301E+00
  1.132000E+00  2.186453E+00  2.100754E+00  0.000000E+00  0.000000E+00  0.000000E+00  0.000000E+00  2.098780E+00  1.656913E+00
  1.134000E+00  2.186214E+00  2.101351E+00  0.000000E+00  0.000000E+00  0.000000E+00  0.000000E+00  2.099431E+00  1.662495E+00
  1.136000E+00  2.185975E+00  2.101947E+00  0.000000E+00  0.000000E+00  0.000000E+00  0.000000E+00  2.100079E+00  1.668047E+00
  1.138000E+00  2.185735E+00  2.102540E+00  0.000000E+00  0.000000E+00  0.000000E+00  0.000000E+00  2.100724E+00  1.673570E+00
  1.140000E+00  2.185495E+00  2.103132E+00  0.000000E+00  0.000000E+00  0.000000E+00  0.000000E+00  2.101365E+00  1.679063E+00
  1.142000E+00  2.185255E+00  2.103721E+00  0.000000E+00  0.000000E+00  0.000000E+00  0.000000E+00  2.102004E+00  1.684527E+00
  1.144000E+00  2.185014E+00  2.104309E+00  0.000000E+00  0.000000E+00  0.000000E+00  0.000000E+00  2.102641E+00  1.689963E+00
  1.146000E+00  2.184773E+00  2.104895E+00  0.000000E+00  0.000000E+00  0.000000E+00  0.000000E+00  2.103274E+00  1.695371E+00
  1.148000E+00  2.184532E+00  2.105478E+00  0.000000E+00  0.000000E+00  0.000000E+00  0.000000E+00  2.103904E+00  1.700751E+00
  1.150000E+00  2.184291E+00  2.106060E+00  0.000000E+00  0.000000E+00  0.000000E+00  0.000000E+00  2.104532E+00  1.706104E+00
  1.152000E+00  2.184049E+00  2.106640E+00  0.000000E+00  0.000000E+00  0.000000E+00  0.000000E+00  2.105156E+00  1.711430E+00
  1.154000E+00  2.183807E+00  2.107218E+00  0.000000E+00  0.000000E+00  0.000000E+00  0.000000E+00  2.105778E+00  1.716730E+00
  1.156000E+00  2.183565E+00  2.107795E+00  0.000000E+00  0.000000E+00  0.000000E+00  0.000000E+00  2.106398E+00  1.722003E+00
  1.158000E+00  2.183322E+00  2.108369E+00  0.000000E+00  0.000000E+00  0.000000E+00  0.000000E+00  2.107014E+00  1.727250E+00
  1.160000E+00  2.183079E+00  2.108941E+00  0.000000E+00  0.000000E+00  0.000000E+00  0.000000E+00  2.107628E+00  1.732472E+00
  1.162000E+00  2.182836E+00  2.109512E+00  0.000000E+00  0.000000E+00  0.000000E+00  0.000000E+00  2.108239E+00  1.737669E+00
  1.164000E+00  2.182593E+00  2.110081E+00  0.000000E+00  0.000000E+00  0.000000E+00  0.000000E+00  2.108847E+00  1.742840E+00
  1.166000E+00  2.182349E+00  2.110648E+00  0.000000E+00  0.000000E+00  0.000000E+00  0.000000E+00  2.109453E+00  1.747987E+00
  1.168000E+00  2.182105E+00  2.111213E+00  0.000000E+00  0.000000E+00  0.000000E+00  0.000000E+00  2.110056E+00  1.753109E+00
  1.170000E+00  2.181861E+00  2.111777E+00  0.000000E+00  0.000000E+00  0.000000E+00  0.000000E+00  2.110657E+00  1.758208E+00
  1.172000E+00  2.181616E+00  2.112339E+00  0.000000E+00  0.000000E+00  0.000000E+00  0.000000E+00  2.111255E+00  1.763283E+00
  1.174000E+00  2.181371E+00  2.112899E+00  0.000000E+00  0.000000E+00  0.000000E+00  0.000000E+00  2.111850E+00  1.768334E+00
  1.176000E+00  2.181126E+00  2.113457E+00  0.000000E+00  0.000000E+00  0.000000E+00  0.000000E+00  2.112443E+00  1.773362E+00
  1.178000E+00  2.180881E+00  2.114014E+00  0.000000E+00  0.000000E+00  0.000000E+00  0.000000E+00  2.113033E+00  1.778367E+00
  1.180000E+00  2.180635E+00  2.114568E+00  0.000000E+00  0.000000E+00  0.000000E+00  0.000000E+00  2.113621E+00  1.783349E+00
  1.182000E+00  2.180389E+00  2.115122E+00  0.000000E+00  0.000000E+00  0.000000E+00  0.000000E+00  2.114207E+00  1.788309E+00
  1.184000E+00  2.180143E+00  2.115673E+00  0.000000E+00  0.000000E+00  0.000000E+00  0.000000E+00  2.114789E+00  1.793247E+00
  1.186000E+00  2.179897E+00  2.116223E+00  0.000000E+00  0.000000E+00  0.000000E+00  0.000000E+00  2.115370E+00  1.798163E+00
  1.188000E+00  2.179650E+00  2.116771E+00  0.000000E+00  0.000000E+00  0.000000E+00  0.000000E+00  2.115948E+00  1.803058E+00
  1.190000E+00  2.179403E+00  2.117317E+00  0.000000E+00  0.000000E+00  0.000000E+00  0.000000E+00  2.116524E+00  1.807931E+00
  1.192000E+00  2.179156E+00  2.117862E+00  0.000000E+00  0.000000E+00  0.000000E+00  0.000000E+00  2.117097E+00  1.812782E+00
  1.194000E+00  2.178909E+00  2.118405E+00  0.000000E+00  0.000000E+00  0.000000E+00  0.000000E+00  2.117668E+00  1.817613E+00
  1.196000E+00  2.178661E+00  2.118947E+00  0.000000E+00  0.000000E+00  0.000000E+00  0.000000E+00  2.118237E+00  1.822423E+00
  1.198000E+00  2.178413E+00  2.119486E+00  0.000000E+00  0.000000E+00  0.000000E+00  0.000000E+00  2.118803E+00  1.827213E+00
  1.200000E+00  2.178165E+00  2.120025E+00  0.000000E+00  0.000000E+00  0.000000E+00  0.000000E+00  2.119367E+00  1.831983E+00
