  1.000000E-02  1.596130E+00  1.379314E+00 -2.900598E-01
  1.200000E-02  1.908052E+00  1.655177E+00 -3.478646E-01
  1.400000E-02  2.217677E+00  1.931040E+00 -4.055870E-01
  1.600000E-02  2.525044E+00  2.206903E+00 -4.632225E-01
  1.800000E-02  2.830188E+00  2.482765E+00 -5.207670E-01
  2.000000E-02  3.133141E+00  2.758628E+00 -5.782164E-01
  2.200000E-02  3.433933E+00  3.034491E+00 -6.355672E-01
  2.400000E-02  3.732592E+00  3.310354E+00 -6.928156E-01
  2.600000E-02  4.029146E+00  3.586217E+00 -7.499582E-01
  2.800000E-02  4.323620E+00  3.862080E+00 -8.069916E-01
  3.000000E-02  4.616038E+00  4.137942E+00 -8.639126E-01
  3.200000E-02  4.906425E+00  4.413805E+00 -9.207179E-01
  3.400000E-02  5.194805E+00  4.689668E+00 -9.774043E-01
  3.600000E-02  5.481199E+00  4.965531E+00 -1.033969E+00
  3.800000E-02  5.765630E+00  5.241394E+00 -1.090408E+00
  4.000000E-02  6.048120E+00  5.517256E+00 -1.146720E+00
  4.200000E-02  6.328688E+00  5.793119E+00 -1.202900E+00
  4.400000E-02  6.607356E+00  6.068982E+00 -1.258946E+00
  4.600000E-02  6.884144E+00  6.344845E+00 -1.314856E+00
  4.800000E-02  7.159071E+00  6.620708E+00 -1.370626E+00
  5.000000E-02  7.432158E+00  6.896571E+00 -1.426253E+00
  5.200000E-02  7.703422E+00  7.172433E+00 -1.481734E+00
  5.400000E-02  7.972883E+00  7.448296E+00 -1.537067E+00
  5.600000E-02  8.240559E+00  7.724159E+00 -1.592249E+00
  5.800000E-02  8.506469E+00  8.000022E+00 -1.647277E+00
  6.000000E-02  8.770629E+00  8.275885E+00 -1.702148E+00
  6.200000E-02  9.033058E+00  8.551748E+00 -1.756860E+00
  6.400000E-02  9.293773E+00  8.827610E+00 -1.811410E+00
  6.600000E-02  9.552792E+00  9.103473E+00 -1.865795E+00
  6.800000E-02  9.810130E+00  9.379336E+00 -1.920013E+00
  7.000000E-02  1.006580E+01  9.655199E+00 -1.974061E+00
  7.200000E-02  1.031983E+01  9.931062E+00 -2.027937E+00
  7.400000E-02  1.057223E+01  1.020692E+01 -2.081637E+00
  7.600000E-02  1.082301E+01  1.048279E+01 -2.135160E+00
  7.800000E-02  1.107219E+01  1.075865E+01 -2.188503E+00
  8.000000E-02  1.131979E+01  1.103451E+01 -2.241663E+00
  8.200000E-02  1.156582E+01  1.131038E+01 -2.294639E+00
  8.400000E-02  1.181030E+01  1.158624E+01 -2.347428E+00
  8.600000E-02  1.205324E+01  1.186210E+01 -2.400027E+00
  8.800000E-02  1.229465E+01  1.213796E+01 -2.452434E+00
  9.000000E-02  1.253456E+01  1.241383E+01 -2.504647E+00
  9.200000E-02  1.277298E+01  1.268969E+01 -2.556664E+00
  9.400000E-02  1.300991E+01  1.296555E+01 -2.608483E+00
  9.600000E-02  1.324538E+01  1.324142E+01 -2.660101E+00
  9.800000E-02  1.347939E+01  1.351728E+01 -2.711517E+00
  1.000000E-01  1.371197E+01  1.379314E+01 -2.762728E+00
  1.020000E-01  1.394312E+01  1.406900E+01 -2.813733E+00
  1.040000E-01  1.417286E+01  1.434487E+01 -2.864529E+00
  1.060000E-01  1.440121E+01  1.462073E+01 -2.915116E+00
  1.080000E-01  1.462817E+01  1.489659E+01 -2.965490E+00
  1.100000E-01  1.485375E+01  1.517246E+01 -3.015650E+00
  1.120000E-01  1.507798E+01  1.544832E+01 -3.065594E+00
  1.140000E-01  1.530087E+01  1.572418E+01 -3.115322E+00
  1.160000E-01  1.552242E+01  1.600004E+01 -3.164830E+00
  1.180000E-01  1.574264E+01  1.627591E+01 -3.214118E+00
  1.200000E-01  1.596156E+01  1.655177E+01 -3.263185E+00
  1.220000E-01  1.617918E+01  1.682763E+01 -3.312028E+00
  1.240000E-01  1.639552E+01  1.710350E+01 -3.360646E+00
  1.260000E-01  1.661059E+01  1.737936E+01 -3.409038E+00
  1.280000E-01  1.682439E+01  1.765522E+01 -3.457202E+00
  1.300000E-01  1.703694E+01  1.793108E+01 -3.505139E+00
  1.320000E-01  1.724826E+01  1.820695E+01 -3.552845E+00
  1.340000E-01  1.745834E+01  1.848281E+01 -3.600321E+00
  1.360000E-01  1.766724E+01  1.875867E+01 -3.647335E+00
  1.380000E-01  1.787505E+01  1.903453E+01 -3.693176E+00
  1.400000E-01  1.808173E+01  1.931040E+01 -3.738274E+00
  1.420000E-01  1.828727E+01  1.958626E+01 -3.782764E+00
  1.440000E-01  1.849167E+01  1.986212E+01 -3.826711E+00
  1.460000E-01  1.869495E+01  2.013799E+01 -3.870157E+00
  1.480000E-01  1.889711E+01  2.041385E+01 -3.913129E+00
  1.500000E-01  1.909816E+01  2.068971E+01 -3.955648E+00
  1.520000E-01  1.929810E+01  2.096557E+01 -3.997730E+00
  1.540000E-01  1.949695E+01  2.124144E+01 -4.039388E+00
  1.560000E-01  1.969471E+01  2.151730E+01 -4.080635E+00
  1.580000E-01  1.989139E+01  2.179316E+01 -4.121480E+00
  1.600000E-01  2.008700E+01  2.206903E+01 -4.161930E+00
  1.620000E-01  2.028155E+01  2.234489E+01 -4.201995E+00
  1.640000E-01  2.047504E+01  2.262075E+01 -4.241680E+00
  1.660000E-01  2.066749E+01  2.289661E+01 -4.280992E+00
  1.680000E-01  2.085890E+01  2.317248E+01 -4.319937E+00
  1.700000E-01  2.104929E+01  2.344834E+01 -4.358521E+00
  1.720000E-01  2.123865E+01  2.372420E+01 -4.396747E+00
  1.740000E-01  2.142701E+01  2.400007E+01 -4.434622E+00
  1.760000E-01  2.161436E+01  2.427593E+01 -4.472149E+00
  1.780000E-01  2.180071E+01  2.455179E+01 -4.509334E+00
  1.800000E-01  2.198608E+01  2.482765E+01 -4.546180E+00
  1.820000E-01  2.217047E+01  2.510352E+01 -4.582691E+00
  1.840000E-01  2.235388E+01  2.537938E+01 -4.618872E+00
  1.860000E-01  2.253633E+01  2.565524E+01 -4.654727E+00
  1.880000E-01  2.271783E+01  2.593111E+01 -4.690259E+00
  1.900000E-01  2.289837E+01  2.620697E+01 -4.725472E+00
  1.920000E-01  2.307797E+01  2.648283E+01 -4.760370E+00
  1.940000E-01  2.325664E+01  2.675869E+01 -4.794957E+00
  1.960000E-01  2.343439E+01  2.703456E+01 -4.829235E+00
  1.980000E-01  2.361121E+01  2.731042E+01 -4.863209E+00
  2.000000E-01  2.378712E+01  2.758628E+01 -4.896882E+00
  2.020000E-01  2.396212E+01  2.786215E+01 -4.930258E+00
  2.040000E-01  2.413623E+01  2.813801E+01 -4.963340E+00
  2.060000E-01  2.430945E+01  2.841387E+01 -4.996131E+00
  2.080000E-01  2.448178E+01  2.868973E+01 -5.028635E+00
  2.100000E-01  2.465323E+01  2.896560E+01 -5.060855E+00
  2.120000E-01  2.482381E+01  2.924146E+01 -5.092795E+00
  2.140000E-01  2.499352E+01  2.951732E+01 -5.124457E+00
  2.160000E-01  2.516238E+01  2.979319E+01 -5.155846E+00
  2.180000E-01  2.533039E+01  3.006905E+01 -5.186964E+00
  2.200000E-01  2.549755E+01  3.034491E+01 -5.217814E+00
  2.220000E-01  2.566387E+01  3.062077E+01 -5.248401E+00
  2.240000E-01  2.582936E+01  3.089664E+01 -5.278726E+00
  2.260000E-01  2.599402E+01  3.117250E+01 -5.308794E+00
  2.280000E-01  2.615786E+01  3.144836E+01 -5.338608E+00
  2.300000E-01  2.632088E+01  3.172422E+01 -5.368170E+00
  2.320000E-01  2.648310E+01  3.200009E+01 -5.397484E+00
  2.340000E-01  2.664452E+01  3.227595E+01 -5.426553E+00
  2.360000E-01  2.680514E+01  3.255181E+01 -5.455380E+00
  2.380000E-01  2.696496E+01  3.282768E+01 -5.483968E+00
  2.400000E-01  2.712400E+01  3.310354E+01 -5.512321E+00
  2.420000E-01  2.728227E+01  3.337940E+01 -5.540441E+00
  2.440000E-01  2.743976E+01  3.365526E+01 -5.568331E+00
  2.460000E-01  2.759648E+01  3.393113E+01 -5.595994E+00
  2.480000E-01  2.775243E+01  3.420699E+01 -5.623434E+00
  2.500000E-01  2.790763E+01  3.448285E+01 -5.650653E+00
  2.520000E-01  2.806208E+01  3.475872E+01 -5.677655E+00
  2.540000E-01  2.821578E+01  3.503458E+01 -5.704442E+00
  2.560000E-01  2.836874E+01  3.531044E+01 -5.731016E+00
  2.580000E-01  2.852096E+01  3.558630E+01 -5.757382E+00
  2.600000E-01  2.867246E+01  3.586217E+01 -5.783542E+00
  2.620000E-01  2.882322E+01  3.613803E+01 -5.809499E+00
  2.640000E-01  2.897327E+01  3.641389E+01 -5.835255E+00
  2.660000E-01  2.912260E+01  3.668976E+01 -5.860814E+00
  2.680000E-01  2.927122E+01  3.696562E+01 -5.886177E+00
  2.700000E-01  2.941913E+01  3.724148E+01 -5.911349E+00
  2.720000E-01  2.956634E+01  3.751734E+01 -5.936332E+00
  2.740000E-01  2.971286E+01  3.779321E+01 -5.961127E+00
  2.760000E-01  2.985869E+01  3.806907E+01 -5.985739E+00
  2.780000E-01  3.000383E+01  3.834493E+01 -6.010170E+00
  2.800000E-01  3.014828E+01  3.862080E+01 -6.034421E+00
  2.820000E-01  3.029206E+01  3.889666E+01 -6.058497E+00
  2.840000E-01  3.043517E+01  3.917252E+01 -6.082399E+00
  2.860000E-01  3.057761E+01  3.944838E+01 -6.106131E+00
  2.880000E-01  3.071939E+01  3.972425E+01 -6.129694E+00
  2.900000E-01  3.086051E+01  4.000011E+01 -6.153091E+00
  2.920000E-01  3.100097E+01  4.027597E+01 -6.176324E+00
  2.940000E-01  3.114078E+01  4.055184E+01 -6.199397E+00
  2.960000E-01  3.127995E+01  4.082770E+01 -6.222311E+00
  2.980000E-01  3.141848E+01  4.110356E+01 -6.245069E+00
  3.000000E-01  3.155637E+01  4.137942E+01 -6.267673E+00
  3.020000E-01  3.169363E+01  4.165529E+01 -6.290126E+00
  3.040000E-01  3.183026E+01  4.193115E+01 -6.312430E+00
  3.060000E-01  3.196626E+01  4.220701E+01 -6.334587E+00
  3.080000E-01  3.210165E+01  4.248287E+01 -6.356599E+00
  3.100000E-01  3.223642E+01  4.275874E+01 -6.378469E+00
  3.120000E-01  3.237057E+01  4.303460E+01 -6.400199E+00
  3.140000E-01  3.250412E+01  4.331046E+01 -6.421791E+00
  3.160000E-01  3.263707E+01  4.358633E+01 -6.443247E+00
  3.180000E-01  3.276942E+01  4.386219E+01 -6.464569E+00
  3.200000E-01  3.290117E+01  4.413805E+01 -6.485760E+00
  3.220000E-01  3.303233E+01  4.441391E+01 -6.506822E+00
  3.240000E-01  3.316290E+01  4.468978E+01 -6.527756E+00
  3.260000E-01  3.329289E+01  4.496564E+01 -6.548565E+00
  3.280000E-01  3.342229E+01  4.524150E+01 -6.569250E+00
  3.300000E-01  3.355113E+01  4.551737E+01 -6.589814E+00
  3.320000E-01  3.367938E+01  4.579323E+01 -6.610259E+00
  3.340000E-01  3.380707E+01  4.606909E+01 -6.630586E+00
  3.360000E-01  3.393420E+01  4.634495E+01 -6.650797E+00
  3.380000E-01  3.406076E+01  4.662082E+01 -6.670894E+00
  3.400000E-01  3.418677E+01  4.689668E+01 -6.690880E+00
  3.420000E-01  3.431222E+01  4.717254E+01 -6.710756E+00
  3.440000E-01  3.443712E+01  4.744841E+01 -6.730523E+00
  3.460000E-01  3.456147E+01  4.772427E+01 -6.750184E+00
  3.480000E-01  3.468528E+01  4.800013E+01 -6.769739E+00
  3.500000E-01  3.480855E+01  4.827599E+01 -6.789192E+00
  3.520000E-01  3.493128E+01  4.855186E+01 -6.808544E+00
  3.540000E-01  3.505348E+01  4.882772E+01 -6.827796E+00
  3.560000E-01  3.517515E+01  4.910358E+01 -6.846950E+00
  3.580000E-01  3.529629E+01  4.937945E+01 -6.866007E+00
  3.600000E-01  3.541691E+01  4.965531E+01 -6.884970E+00
  3.620000E-01  3.553701E+01  4.993117E+01 -6.903839E+00
  3.640000E-01  3.565660E+01  5.020703E+01 -6.922617E+00
  3.660000E-01  3.577567E+01  5.048290E+01 -6.941304E+00
  3.680000E-01  3.589423E+01  5.075876E+01 -6.959903E+00
  3.700000E-01  3.601228E+01  5.103462E+01 -6.978415E+00
  3.720000E-01  3.612984E+01  5.131049E+01 -6.996842E+00
  3.740000E-01  3.624689E+01  5.158635E+01 -7.015184E+00
  3.760000E-01  3.636344E+01  5.186221E+01 -7.033443E+00
  3.780000E-01  3.647950E+01  5.213807E+01 -7.051621E+00
  3.800000E-01  3.659507E+01  5.241394E+01 -7.069719E+00
  3.820000E-01  3.671015E+01  5.268980E+01 -7.087738E+00
  3.840000E-01  3.682475E+01  5.296566E+01 -7.105681E+00
  3.860000E-01  3.693886E+01  5.324153E+01 -7.123547E+00
  3.880000E-01  3.705250E+01  5.351739E+01 -7.141338E+00
  3.900000E-01  3.716566E+01  5.379325E+01 -7.159057E+00
  3.920000E-01  3.727835E+01  5.406911E+01 -7.176703E+00
  3.940000E-01  3.739057E+01  5.434498E+01 -7.194278E+00
  3.960000E-01  3.750232E+01  5.462084E+01 -7.211784E+00
  3.980000E-01  3.761361E+01  5.489670E+01 -7.229221E+00
  4.000000E-01  3.772443E+01  5.517256E+01 -7.246592E+00
  4.020000E-01  3.783480E+01  5.544843E+01 -7.263896E+00
  4.040000E-01  3.794472E+01  5.572429E+01 -7.281135E+00
  4.060000E-01  3.805418E+01  5.600015E+01 -7.298311E+00
  4.080000E-01  3.816319E+01  5.627602E+01 -7.315424E+00
  4.100000E-01  3.827175E+01  5.655188E+01 -7.332475E+00
  4.120000E-01  3.837987E+01  5.682774E+01 -7.349466E+00
  4.140000E-01  3.848755E+01  5.710360E+01 -7.366397E+00
  4.160000E-01  3.859479E+01  5.737947E+01 -7.383271E+00
  4.180000E-01  3.870159E+01  5.765533E+01 -7.400087E+00
  4.200000E-01  3.880796E+01  5.793119E+01 -7.416846E+00
  4.220000E-01  3.891390E+01  5.820706E+01 -7.433551E+00
  4.240000E-01  3.901941E+01  5.848292E+01 -7.450201E+00
  4.260000E-01  3.912450E+01  5.875878E+01 -7.466798E+00
  4.280000E-01  3.918467E+01  5.889357E+01 -7.480522E+00
  4.300000E-01  3.926436E+01  5.909078E+01 -7.495537E+00
  4.320000E-01  3.934267E+01  5.928440E+01 -7.510493E+00
  4.340000E-01  3.941995E+01  5.947544E+01 -7.525408E+00
  4.360000E-01  3.949637E+01  5.966446E+01 -7.540293E+00
  4.380000E-01  3.957207E+01  5.985186E+01 -7.555156E+00
  4.400000E-01  3.964712E+01  6.003791E+01 -7.570000E+00
  4.420000E-01  3.972161E+01  6.022279E+01 -7.584829E+00
  4.440000E-01  3.979557E+01  6.040667E+01 -7.599646E+00
  4.460000E-01  3.986905E+01  6.058966E+01 -7.614452E+00
  4.480000E-01  3.994209E+01  6.077186E+01 -7.629248E+00
  4.500000E-01  4.001471E+01  6.095334E+01 -7.644035E+00
  4.520000E-01  4.008693E+01  6.113418E+01 -7.658815E+00
  4.540000E-01  4.015877E+01  6.131443E+01 -7.673587E+00
  4.560000E-01  4.023025E+01  6.149414E+01 -7.688352E+00
  4.580000E-01  4.030139E+01  6.167335E+01 -7.703110E+00
  4.600000E-01  4.037220E+01  6.185209E+01 -7.717862E+00
  4.620000E-01  4.044269E+01  6.203041E+01 -7.732607E+00
  4.640000E-01  4.051287E+01  6.220832E+01 -7.747347E+00
  4.660000E-01  4.058274E+01  6.238586E+01 -7.762080E+00
  4.680000E-01  4.065233E+01  6.256304E+01 -7.776806E+00
  4.700000E-01  4.072164E+01  6.273989E+01 -7.791527E+00
  4.720000E-01  4.079066E+01  6.291643E+01 -7.806241E+00
  4.740000E-01  4.085942E+01  6.309267E+01 -7.820948E+00
  4.760000E-01  4.092792E+01  6.326863E+01 -7.835649E+00
  4.780000E-01  4.099616E+01  6.344432E+01 -7.850344E+00
  4.800000E-01  4.106415E+01  6.361976E+01 -7.865031E+00
  4.820000E-01  4.113189E+01  6.379495E+01 -7.879711E+00
  4.840000E-01  4.119939E+01  6.396992E+01 -7.894384E+00
  4.860000E-01  4.126665E+01  6.414466E+01 -7.909050E+00
  4.880000E-01  4.133367E+01  6.431920E+01 -7.923708E+00
  4.900000E-01  4.140047E+01  6.449354E+01 -7.938357E+00
  4.920000E-01  4.146704E+01  6.466769E+01 -7.952999E+00
  4.940000E-01  4.153339E+01  6.484165E+01 -7.967633E+00
  4.960000E-01  4.159952E+01  6.501544E+01 -7.982257E+00
  4.980000E-01  4.166543E+01  6.518906E+01 -7.996873E+00
  5.000000E-01  4.173113E+01  6.536251E+01 -8.011480E+00
  5.020000E-01  4.179662E+01  6.553582E+01 -8.026077E+00
  5.040000E-01  4.186191E+01  6.570897E+01 -8.040665E+00
  5.060000E-01  4.192699E+01  6.588198E+01 -8.055243E+00
  5.080000E-01  4.199187E+01  6.605486E+01 -8.069810E+00
  5.100000E-01  4.205655E+01  6.622760E+01 -8.084367E+00
  5.120000E-01  4.212103E+01  6.640022E+01 -8.098914E+00
  5.140000E-01  4.218531E+01  6.657271E+01 -8.113449E+00
  5.160000E-01  4.224941E+01  6.674509E+01 -8.127973E+00
  5.180000E-01  4.231331E+01  6.691735E+01 -8.142485E+00
  5.200000E-01  4.237703E+01  6.708951E+01 -8.156986E+00
  5.220000E-01  4.244056E+01  6.726156E+01 -8.171474E+00
  5.240000E-01  4.250391E+01  6.743351E+01 -8.185950E+00
  5.260000E-01  4.256707E+01  6.760536E+01 -8.200413E+00
  5.280000E-01  4.263006E+01  6.777712E+01 -8.214864E+00
  5.300000E-01  4.269286E+01  6.794879E+01 -8.229300E+00
  5.320000E-01  4.275549E+01  6.812038E+01 -8.243723E+00
  5.340000E-01  4.281795E+01  6.829188E+01 -8.258133E+00
  5.360000E-01  4.288023E+01  6.846330E+01 -8.272527E+00
  5.380000E-01  4.294234E+01  6.863465E+01 -8.286908E+00
  5.400000E-01  4.300428E+01  6.880592E+01 -8.301273E+00
  5.420000E-01  4.306605E+01  6.897712E+01 -8.315624E+00
  5.440000E-01  4.312765E+01  6.914826E+01 -8.329958E+00
  5.460000E-01  4.318909E+01  6.931932E+01 -8.344277E+00
  5.480000E-01  4.325036E+01  6.949033E+01 -8.358580E+00
  5.500000E-01  4.331147E+01  6.966128E+01 -8.372867E+00
  5.520000E-01  4.337242E+01  6.983216E+01 -8.387137E+00
  5.540000E-01  4.343321E+01  7.000300E+01 -8.401390E+00
  5.560000E-01  4.349384E+01  7.017378E+01 -8.415625E+00
  5.580000E-01  4.355431E+01  7.034451E+01 -8.429843E+00
  5.600000E-01  4.361463E+01  7.051519E+01 -8.444044E+00
  5.620000E-01  4.367479E+01  7.068583E+01 -8.458225E+00
  5.640000E-01  4.373480E+01  7.085642E+01 -8.472389E+00
  5.660000E-01  4.379466E+01  7.102698E+01 -8.486533E+00
  5.680000E-01  4.385436E+01  7.119749E+01 -8.500658E+00
  5.700000E-01  4.391391E+01  7.136796E+01 -8.514764E+00
  5.720000E-01  4.397332E+01  7.153840E+01 -8.528850E+00
  5.740000E-01  4.403258E+01  7.170881E+01 -8.542916E+00
  5.760000E-01  4.409169E+01  7.187918E+01 -8.556961E+00
  5.780000E-01  4.415065E+01  7.204953E+01 -8.570986E+00
  5.800000E-01  4.420947E+01  7.221984E+01 -8.584989E+00
  5.820000E-01  4.426815E+01  7.239013E+01 -8.598972E+00
  5.840000E-01  4.432668E+01  7.256040E+01 -8.612932E+00
  5.860000E-01  4.438507E+01  7.273064E+01 -8.626871E+00
  5.880000E-01  4.444332E+01  7.290086E+01 -8.640787E+00
  5.900000E-01  4.450143E+01  7.307106E+01 -8.654681E+00
  5.920000E-01  4.455941E+01  7.324125E+01 -8.668552E+00
  5.940000E-01  4.461724E+01  7.341141E+01 -8.682399E+00
  5.960000E-01  4.467494E+01  7.358157E+01 -8.696223E+00
  5.980000E-01  4.473250E+01  7.375171E+01 -8.710023E+00
  6.000000E-01  4.478993E+01  7.392183E+01 -8.723799E+00
  6.020000E-01  4.484722E+01  7.409195E+01 -8.737551E+00
  6.040000E-01  4.490438E+01  7.426206E+01 -8.751277E+00
  6.060000E-01  4.496141E+01  7.443216E+01 -8.764979E+00
  6.080000E-01  4.501830E+01  7.460226E+01 -8.778655E+00
  6.100000E-01  4.507507E+01  7.477235E+01 -8.792305E+00
  6.120000E-01  4.513170E+01  7.494244E+01 -8.805930E+00
  6.140000E-01  4.518821E+01  7.511252E+01 -8.819528E+00
  6.160000E-01  4.524458E+01  7.528261E+01 -8.833099E+00
  6.180000E-01  4.530083E+01  7.545269E+01 -8.846643E+00
  6.200000E-01  4.535696E+01  7.562278E+01 -8.860160E+00
  6.220000E-01  4.541296E+01  7.579287E+01 -8.873650E+00
  6.240000E-01  4.546883E+01  7.596297E+01 -8.887111E+00
  6.260000E-01  4.552458E+01  7.613307E+01 -8.900545E+00
  6.280000E-01  4.558020E+01  7.630318E+01 -8.913949E+00
  6.300000E-01  4.563570E+01  7.647330E+01 -8.927325E+00
  6.320000E-01  4.569108E+01  7.664343E+01 -8.940672E+00
  6.340000E-01  4.574634E+01  7.681356E+01 -8.953989E+00
  6.360000E-01  4.580148E+01  7.698371E+01 -8.967277E+00
  6.380000E-01  4.585650E+01  7.715388E+01 -8.980534E+00
  6.400000E-01  4.591140E+01  7.732405E+01 -8.993761E+00
  6.420000E-01  4.596618E+01  7.749424E+01 -9.006957E+00
  6.440000E-01  4.602084E+01  7.766445E+01 -9.020123E+00
  6.460000E-01  4.607538E+01  7.783468E+01 -9.033257E+00
  6.480000E-01  4.612981E+01  7.800492E+01 -9.046359E+00
  6.500000E-01  4.618412E+01  7.817519E+01 -9.059430E+00
  6.520000E-01  4.623832E+01  7.834547E+01 -9.072468E+00
  6.540000E-01  4.629240E+01  7.851578E+01 -9.085473E+00
  6.560000E-01  4.634637E+01  7.868611E+01 -9.098446E+00
  6.580000E-01  4.640023E+01  7.885646E+01 -9.111386E+00
  6.600000E-01  4.645397E+01  7.902684E+01 -9.124292E+00
  6.620000E-01  4.650760E+01  7.919724E+01 -9.137165E+00
  6.640000E-01  4.656112E+01  7.936767E+01 -9.150003E+00
  6.660000E-01  4.661453E+01  7.953813E+01 -9.162807E+00
  6.680000E-01  4.666783E+01  7.970862E+01 -9.175576E+00
  6.700000E-01  4.672102E+01  7.987914E+01 -9.188311E+00
  6.720000E-01  4.677410E+01  8.004969E+01 -9.201010E+00
  6.740000E-01  4.682707E+01  8.022026E+01 -9.213673E+00
  6.760000E-01  4.687993E+01  8.039088E+01 -9.226301E+00
  6.780000E-01  4.693269E+01  8.056152E+01 -9.238892E+00
  6.800000E-01  4.698533E+01  8.073220E+01 -9.251447E+00
  6.820000E-01  4.703788E+01  8.090292E+01 -9.263965E+00
  6.840000E-01  4.709031E+01  8.107367E+01 -9.276446E+00
  6.860000E-01  4.714265E+01  8.124446E+01 -9.288890E+00
  6.880000E-01  4.719487E+01  8.141528E+01 -9.301296E+00
  6.900000E-01  4.724700E+01  8.158615E+01 -9.313664E+00
  6.920000E-01  4.729902E+01  8.175705E+01 -9.325993E+00
  6.940000E-01  4.735093E+01  8.192800E+01 -9.338284E+00
  6.960000E-01  4.740275E+01  8.209899E+01 -9.350537E+00
  6.980000E-01  4.745446E+01  8.227002E+01 -9.362750E+00
  7.000000E-01  4.750607E+01  8.244109E+01 -9.374923E+00
  7.020000E-01  4.755758E+01  8.261220E+01 -9.387057E+00
  7.040000E-01  4.760899E+01  8.278337E+01 -9.399151E+00
  7.060000E-01  4.766030E+01  8.295457E+01 -9.411204E+00
  7.080000E-01  4.771151E+01  8.312583E+01 -9.423217E+00
  7.100000E-01  4.776262E+01  8.329713E+01 -9.435189E+00
  7.120000E-01  4.781363E+01  8.346847E+01 -9.447120E+00
  7.140000E-01  4.786455E+01  8.363987E+01 -9.459009E+00
  7.160000E-01  4.791537E+01  8.381132E+01 -9.470856E+00
  7.180000E-01  4.796609E+01  8.398282E+01 -9.482661E+00
  7.200000E-01  4.801671E+01  8.415436E+01 -9.494424E+00
  7.220000E-01  4.806724E+01  8.432596E+01 -9.506144E+00
  7.240000E-01  4.811767E+01  8.449762E+01 -9.517821E+00
  7.260000E-01  4.816800E+01  8.466932E+01 -9.529455E+00
  7.280000E-01  4.821825E+01  8.484108E+01 -9.541045E+00
  7.300000E-01  4.826839E+01  8.501290E+01 -9.552592E+00
  7.320000E-01  4.831845E+01  8.518477E+01 -9.564094E+00
  7.340000E-01  4.836841E+01  8.535670E+01 -9.575552E+00
  7.360000E-01  4.841827E+01  8.552868E+01 -9.586965E+00
  7.380000E-01  4.846805E+01  8.570072E+01 -9.598333E+00
  7.400000E-01  4.851773E+01  8.587282E+01 -9.609656E+00
  7.420000E-01  4.856732E+01  8.604498E+01 -9.620934E+00
  7.440000E-01  4.861682E+01  8.621720E+01 -9.632165E+00
  7.460000E-01  4.866622E+01  8.638948E+01 -9.643351E+00
  7.480000E-01  4.871554E+01  8.656182E+01 -9.654490E+00
  7.500000E-01  4.876477E+01  8.673423E+01 -9.665582E+00
  7.520000E-01  4.881390E+01  8.690669E+01 -9.676628E+00
  7.540000E-01  4.886295E+01  8.707922E+01 -9.687626E+00
  7.560000E-01  4.891191E+01  8.725181E+01 -9.698577E+00
  7.580000E-01  4.896078E+01  8.742447E+01 -9.709480E+00
  7.600000E-01  4.900956E+01  8.759719E+01 -9.720334E+00
  7.620000E-01  4.905826E+01  8.776998E+01 -9.731141E+00
  7.640000E-01  4.910686E+01  8.794284E+01 -9.741899E+00
  7.660000E-01  4.915538E+01  8.811576E+01 -9.752608E+00
  7.680000E-01  4.920382E+01  8.828875E+01 -9.763267E+00
  7.700000E-01  4.925216E+01  8.846181E+01 -9.773878E+00
  7.720000E-01  4.930042E+01  8.863493E+01 -9.784438E+00
  7.740000E-01  4.934860E+01  8.880813E+01 -9.794949E+00
  7.760000E-01  4.939669E+01  8.898140E+01 -9.805409E+00
  7.780000E-01  4.944469E+01  8.915474E+01 -9.815819E+00
  7.800000E-01  4.949261E+01  8.932815E+01 -9.826178E+00
  7.820000E-01  4.954045E+01  8.950163E+01 -9.836485E+00
  7.840000E-01  4.958820E+01  8.967519E+01 -9.846742E+00
  7.860000E-01  4.963587E+01  8.984881E+01 -9.856947E+00
  7.880000E-01  4.968345E+01  9.002252E+01 -9.867099E+00
  7.900000E-01  4.973096E+01  9.019629E+01 -9.877200E+00
  7.920000E-01  4.977838E+01  9.037015E+01 -9.887248E+00
  7.940000E-01  4.982572E+01  9.054407E+01 -9.897244E+00
  7.960000E-01  4.987297E+01  9.071808E+01 -9.907186E+00
  7.980000E-01  4.992015E+01  9.089216E+01 -9.917076E+00
  8.000000E-01  4.996724E+01  9.106632E+01 -9.926912E+00
  8.020000E-01  5.001425E+01  9.124055E+01 -9.936694E+00
  8.040000E-01  5.006119E+01  9.141487E+01 -9.946422E+00
  8.060000E-01  5.010804E+01  9.158926E+01 -9.956095E+00
  8.080000E-01  5.015481E+01  9.176374E+01 -9.965714E+00
  8.100000E-01  5.020151E+01  9.193829E+01 -9.975278E+00
  8.120000E-01  5.024812E+01  9.211292E+01 -9.984787E+00
  8.140000E-01  5.029465E+01  9.228764E+01 -9.994241E+00
  8.160000E-01  5.034111E+01  9.246244E+01 -1.000364E+01
  8.180000E-01  5.038749E+01  9.263732E+01 -1.001298E+01
  8.200000E-01  5.043379E+01  9.281228E+01 -1.002227E+01
  8.220000E-01  5.048001E+01  9.298733E+01 -1.003150E+01
  8.240000E-01  5.052616E+01  9.316246E+01 -1.004067E+01
  8.260000E-01  5.057222E+01  9.333768E+01 -1.004979E+01
  8.280000E-01  5.061821E+01  9.351298E+01 -1.005884E+01
  8.300000E-01  5.066413E+01  9.368836E+01 -1.006784E+01
  8.320000E-01  5.070997E+01  9.386384E+01 -1.007679E+01
  8.340000E-01  5.075573E+01  9.403940E+01 -1.008567E+01
  8.360000E-01  5.080141E+01  9.421504E+01 -1.009450E+01
  8.380000E-01  5.084703E+01  9.439078E+01 -1.010327E+01
  8.400000E-01  5.089256E+01  9.456660E+01 -1.011198E+01
  8.420000E-01  5.093802E+01  9.474251E+01 -1.012063E+01
  8.440000E-01  5.098341E+01  9.491851E+01 -1.012922E+01
  8.460000E-01  5.102872E+01  9.509460E+01 -1.013775E+01
  8.480000E-01  5.107396E+01  9.527079E+01 -1.014622E+01
  8.500000E-01  5.111913E+01  9.544706E+01 -1.015463E+01
  8.520000E-01  5.116422E+01  9.562342E+01 -1.016298E+01
  8.540000E-01  5.120924E+01  9.579988E+01 -1.017127E+01
  8.560000E-01  5.125418E+01  9.597643E+01 -1.017950E+01
  8.580000E-01  5.129905E+01  9.615307E+01 -1.018767E+01
  8.600000E-01  5.134386E+01  9.632981E+01 -1.019577E+01
  8.620000E-01  5.138858E+01  9.650664E+01 -1.020382E+01
  8.640000E-01  5.143324E+01  9.668356E+01 -1.021180E+01
  8.660000E-01  5.147783E+01  9.686058E+01 -1.021972E+01
  8.680000E-01  5.152234E+01  9.703770E+01 -1.022757E+01
  8.700000E-01  5.156678E+01  9.721492E+01 -1.023536E+01
  8.720000E-01  5.161116E+01  9.739223E+01 -1.024309E+01
  8.740000E-01  5.165546E+01  9.756964E+01 -1.025076E+01
  8.760000E-01  5.169969E+01  9.774714E+01 -1.025836E+01
  8.780000E-01  5.174385E+01  9.792475E+01 -1.026590E+01
  8.800000E-01  5.178795E+01  9.810246E+01 -1.027337E+01
  8.820000E-01  5.183197E+01  9.828027E+01 -1.028077E+01
  8.840000E-01  5.187592E+01  9.845817E+01 -1.028811E+01
  8.860000E-01  5.191981E+01  9.863619E+01 -1.029539E+01
  8.880000E-01  5.196363E+01  9.881430E+01 -1.030260E+01
  8.900000E-01  5.200738E+01  9.899252E+01 -1.030974E+01
  8.920000E-01  5.205106E+01  9.917084E+01 -1.031681E+01
  8.940000E-01  5.209467E+01  9.934927E+01 -1.032382E+01
  8.960000E-01  5.213822E+01  9.952780E+01 -1.033076E+01
  8.980000E-01  5.218170E+01  9.970644E+01 -1.033763E+01
  9.000000E-01  5.221936E+01  9.985449E+01 -1.032413E+01
  9.020000E-01  5.225759E+01  1.000060E+02 -1.031277E+01
  9.040000E-01  5.229501E+01  1.001534E+02 -1.029863E+01
  9.060000E-01  5.233178E+01  1.002977E+02 -1.028229E+01
  9.080000E-01  5.236800E+01  1.004394E+02 -1.026413E+01
  9.100000E-01  5.240376E+01  1.005790E+02 -1.024442E+01
  9.120000E-01  5.243911E+01  1.007166E+02 -1.022335E+01
  9.140000E-01  5.247410E+01  1.008527E+02 -1.020106E+01
  9.160000E-01  5.250876E+01  1.009872E+02 -1.017769E+01
  9.180000E-01  5.254312E+01  1.011204E+02 -1.015332E+01
  9.200000E-01  5.257721E+01  1.012524E+02 -1.012805E+01
  9.220000E-01  5.261104E+01  1.013833E+02 -1.010193E+01
  9.240000E-01  5.264463E+01  1.015133E+02 -1.007504E+01
  9.260000E-01  5.267800E+01  1.016422E+02 -1.004742E+01
  9.280000E-01  5.271117E+01  1.017704E+02 -1.001912E+01
  9.300000E-01  5.274414E+01  1.018977E+02 -9.990182E+00
  9.320000E-01  5.277693E+01  1.020243E+02 -9.960631E+00
  9.340000E-01  5.280954E+01  1.021503E+02 -9.930504E+00
  9.360000E-01  5.284199E+01  1.022756E+02 -9.899828E+00
  9.380000E-01  5.287429E+01  1.024003E+02 -9.868627E+00
  9.400000E-01  5.290643E+01  1.025244E+02 -9.836923E+00
  9.420000E-01  5.293843E+01  1.026480E+02 -9.804734E+00
  9.440000E-01  5.297030E+01  1.027711E+02 -9.772076E+00
  9.460000E-01  5.300204E+01  1.028938E+02 -9.738964E+00
  9.480000E-01  5.303366E+01  1.030160E+02 -9.705404E+00
  9.500000E-01  5.306517E+01  1.031379E+02 -9.671401E+00
  9.520000E-01  5.309658E+01  1.032595E+02 -9.636934E+00
  9.540000E-01  5.312791E+01  1.033809E+02 -9.601967E+00
  9.560000E-01  5.315913E+01  1.035019E+02 -9.566667E+00
  9.580000E-01  5.319022E+01  1.036224E+02 -9.531051E+00
  9.600000E-01  5.322119E+01  1.037426E+02 -9.495130E+00
  9.620000E-01  5.325205E+01  1.038623E+02 -9.458915E+00
  9.640000E-01  5.328280E+01  1.039817E+02 -9.422415E+00
  9.660000E-01  5.331344E+01  1.041007E+02 -9.385639E+00
  9.680000E-01  5.334398E+01  1.042194E+02 -9.348596E+00
  9.700000E-01  5.337441E+01  1.043377E+02 -9.311293E+00
  9.720000E-01  5.340475E+01  1.044557E+02 -9.273738E+00
  9.740000E-01  5.343498E+01  1.045734E+02 -9.235939E+00
  9.760000E-01  5.346512E+01  1.046908E+02 -9.197901E+00
  9.780000E-01  5.349516E+01  1.048079E+02 -9.159631E+00
  9.800000E-01  5.352511E+01  1.049247E+02 -9.121136E+00
  9.820000E-01  5.355497E+01  1.050412E+02 -9.082421E+00
  9.840000E-01  5.358475E+01  1.051575E+02 -9.043491E+00
  9.860000E-01  5.361443E+01  1.052735E+02 -9.004352E+00
  9.880000E-01  5.364403E+01  1.053892E+02 -8.965008E+00
  9.900000E-01  5.367355E+01  1.055047E+02 -8.925466E+00
  9.920000E-01  5.370298E+01  1.056199E+02 -8.885727E+00
  9.940000E-01  5.373233E+01  1.057349E+02 -8.845799E+00
  9.960000E-01  5.376160E+01  1.058497E+02 -8.805683E+00
  9.980000E-01  5.379079E+01  1.059643E+02 -8.765385E+00
  1.000000E+00  5.381991E+01  1.060786E+02 -8.724908E+00
  1.002000E+00  5.384895E+01  1.061928E+02 -8.684256E+00
  1.004000E+00  5.387791E+01  1.063067E+02 -8.643432E+00
  1.006000E+00  5.390680E+01  1.064204E+02 -8.602439E+00
  1.008000E+00  5.393561E+01  1.065339E+02 -8.561282E+00
  1.010000E+00  5.396436E+01  1.066473E+02 -8.519962E+00
  1.012000E+00  5.399303E+01  1.067604E+02 -8.478483E+00
  1.014000E+00  5.402163E+01  1.068734E+02 -8.436848E+00
  1.016000E+00  5.405017E+01  1.069861E+02 -8.395059E+00
  1.018000E+00  5.407863E+01  1.070987E+02 -8.353120E+00
  1.020000E+00  5.410703E+01  1.072111E+02 -8.311032E+00
  1.022000E+00  5.413536E+01  1.073234E+02 -8.268798E+00
  1.024000E+00  5.416363E+01  1.074355E+02 -8.226421E+00
  1.026000E+00  5.419182E+01  1.075474E+02 -8.183903E+00
  1.028000E+00  5.421996E+01  1.076591E+02 -8.141247E+00
  1.030000E+00  5.424803E+01  1.077707E+02 -8.098453E+00
  1.032000E+00  5.427604E+01  1.078822E+02 -8.055525E+00
  1.034000E+00  5.430398E+01  1.079935E+02 -8.012465E+00
  1.036000E+00  5.433187E+01  1.081046E+02 -7.969274E+00
  1.038000E+00  5.435969E+01  1.082156E+02 -7.925954E+00
  1.040000E+00  5.438745E+01  1.083264E+02 -7.882508E+00
  1.042000E+00  5.441515E+01  1.084371E+02 -7.838936E+00
  1.044000E+00  5.444280E+01  1.085477E+02 -7.795242E+00
  1.046000E+00  5.447038E+01  1.086581E+02 -7.751426E+00
  1.048000E+00  5.449790E+01  1.087684E+02 -7.707490E+00
  1.050000E+00  5.452537E+01  1.088786E+02 -7.663436E+00
  1.052000E+00  5.455278E+01  1.089886E+02 -7.619265E+00
  1.054000E+00  5.458014E+01  1.090985E+02 -7.574979E+00
  1.056000E+00  5.460743E+01  1.092083E+02 -7.530580E+00
  1.058000E+00  5.463467E+01  1.093179E+02 -7.486068E+00
  1.060000E+00  5.466186E+01  1.094274E+02 -7.441445E+00
  1.062000E+00  5.468899E+01  1.095368E+02 -7.396713E+00
  1.064000E+00  5.471607E+01  1.096461E+02 -7.351873E+00
  1.066000E+00  5.474309E+01  1.097553E+02 -7.306926E+00
  1.068000E+00  5.477006E+01  1.098643E+02 -7.261873E+00
  1.070000E+00  5.479698E+01  1.099733E+02 -7.216716E+00
  1.072000E+00  5.482384E+01  1.100821E+02 -7.171456E+00
  1.074000E+00  5.485065E+01  1.101908E+02 -7.126094E+00
  1.076000E+00  5.487741E+01  1.102994E+02 -7.080631E+00
  1.078000E+00  5.490412E+01  1.104079E+02 -7.035068E+00
  1.080000E+00  5.493077E+01  1.105163E+02 -6.989407E+00
  1.082000E+00  5.495738E+01  1.106245E+02 -6.943649E+00
  1.084000E+00  5.498393E+01  1.107327E+02 -6.897794E+00
  1.086000E+00  5.501044E+01  1.108408E+02 -6.851844E+00
  1.088000E+00  5.503689E+01  1.109487E+02 -6.805799E+00
  1.090000E+00  5.506330E+01  1.110566E+02 -6.759661E+00
  1.092000E+00  5.508966E+01  1.111644E+02 -6.713431E+00
  1.094000E+00  5.511596E+01  1.112720E+02 -6.667109E+00
  1.096000E+00  5.514222E+01  1.113796E+02 -6.620697E+00
  1.098000E+00  5.516843E+01  1.114870E+02 -6.574195E+00
  1.100000E+00  5.519460E+01  1.115944E+02 -6.527604E+00
  1.102000E+00  5.522071E+01  1.117017E+02 -6.480925E+00
  1.104000E+00  5.524678E+01  1.118089E+02 -6.434160E+00
  1.106000E+00  5.527280E+01  1.119160E+02 -6.387308E+00
  1.108000E+00  5.529877E+01  1.120230E+02 -6.340371E+00
  1.110000E+00  5.532470E+01  1.121299E+02 -6.293350E+00
  1.112000E+00  5.535058E+01  1.122367E+02 -6.246245E+00
  1.114000E+00  5.537642E+01  1.123434E+02 -6.199057E+00
  1.116000E+00  5.540221E+01  1.124501E+02 -6.151787E+00
  1.118000E+00  5.542795E+01  1.125566E+02 -6.104435E+00
  1.120000E+00  5.545365E+01  1.126631E+02 -6.057003E+00
  1.122000E+00  5.547930E+01  1.127695E+02 -6.009491E+00
  1.124000E+00  5.550491E+01  1.128758E+02 -5.961899E+00
  1.126000E+00  5.553048E+01  1.129820E+02 -5.914230E+00
  1.128000E+00  5.555600E+01  1.130881E+02 -5.866482E+00
  1.130000E+00  5.558147E+01  1.131942E+02 -5.818658E+00
  1.132000E+00  5.560691E+01  1.133001E+02 -5.770757E+00
  1.134000E+00  5.563229E+01  1.134060E+02 -5.722780E+00
  1.136000E+00  5.565764E+01  1.135118E+02 -5.674728E+00
  1.138000E+00  5.568294E+01  1.136175E+02 -5.626602E+00
  1.140000E+00  5.570820E+01  1.137232E+02 -5.578402E+00
  1.142000E+00  5.573342E+01  1.138288E+02 -5.530129E+00
  1.144000E+00  5.575859E+01  1.139342E+02 -5.481783E+00
  1.146000E+00  5.578372E+01  1.140397E+02 -5.433365E+00
  1.148000E+00  5.580881E+01  1.141450E+02 -5.384876E+00
  1.150000E+00  5.583386E+01  1.142502E+02 -5.336316E+00
  1.152000E+00  5.585887E+01  1.143554E+02 -5.287686E+00
  1.154000E+00  5.588383E+01  1.144605E+02 -5.238986E+00
  1.156000E+00  5.590875E+01  1.145656E+02 -5.190217E+00
  1.158000E+00  5.593364E+01  1.146705E+02 -5.141380E+00
  1.160000E+00  5.595848E+01  1.147754E+02 -5.092475E+00
  1.162000E+00  5.598328E+01  1.148802E+02 -5.043502E+00
  1.164000E+00  5.600804E+01  1.149850E+02 -4.994463E+00
  1.166000E+00  5.603276E+01  1.150896E+02 -4.945357E+00
  1.168000E+00  5.605743E+01  1.151942E+02 -4.896185E+00
  1.170000E+00  5.608207E+01  1.152988E+02 -4.846948E+00
  1.172000E+00  5.610667E+01  1.154032E+02 -4.797647E+00
  1.174000E+00  5.613123E+01  1.155076E+02 -4.748281E+00
  1.176000E+00  5.615575E+01  1.156119E+02 -4.698851E+00
  1.178000E+00  5.618023E+01  1.157162E+02 -4.649358E+00
  1.180000E+00  5.620467E+01  1.158204E+02 -4.599802E+00
  1.182000E+00  5.622907E+01  1.159245E+02 -4.550184E+00
  1.184000E+00  5.625343E+01  1.160285E+02 -4.500504E+00
  1.186000E+00  5.627775E+01  1.161325E+02 -4.450763E+00
  1.188000E+00  5.630204E+01  1.162364E+02 -4.400961E+00
  1.190000E+00  5.632628E+01  1.163402E+02 -4.351098E+00
  1.192000E+00  5.635049E+01  1.164440E+02 -4.301176E+00
  1.194000E+00  5.637466E+01  1.165477E+02 -4.251194E+00
  1.196000E+00  5.639879E+01  1.166514E+02 -4.201153E+00
  1.198000E+00  5.642289E+01  1.167550E+02 -4.151053E+00
  1.200000E+00  5.644694E+01  1.168585E+02 -4.100895E+00
