  1.000000E-02  1.745835E-02 -2.362682E-02 -2.378189E-02 -7.950937E-03
  2.000000E-02  6.353470E-02 -9.043131E-02 -9.369110E-02 -2.612194E-02
  3.000000E-02  1.313224E-01 -1.965092E-01 -2.094501E-01 -5.117853E-02
  4.000000E-02  2.156194E-01 -3.391608E-01 -3.717015E-01 -8.155426E-02
  5.000000E-02  3.122617E-01 -5.162911E-01 -5.814937E-01 -1.162682E-01
  6.000000E-02  4.178338E-01 -7.261868E-01 -8.401019E-01 -1.546288E-01
  7.000000E-02  5.294973E-01 -9.674008E-01 -1.148938E+00 -1.961135E-01
  8.000000E-02  6.448764E-01 -1.238682E+00 -1.509497E+00 -2.403088E-01
  9.000000E-02  7.619754E-01 -1.538929E+00 -1.923324E+00 -2.868760E-01
  1.000000E-01  8.791168E-01 -1.867158E+00 -2.391984E+00 -3.355309E-01
  1.100000E-01  9.948923E-01 -2.222479E+00 -2.917050E+00 -3.860299E-01
  1.200000E-01  1.108124E+00 -2.604078E+00 -3.500079E+00 -4.381611E-01
  1.300000E-01  1.217835E+00 -3.011202E+00 -4.142605E+00 -4.917377E-01
  1.400000E-01  1.323219E+00 -3.443148E+00 -4.846122E+00 -5.465931E-01
  1.500000E-01  1.423624E+00 -3.899256E+00 -5.612075E+00 -6.025776E-01
  1.600000E-01  1.518530E+00 -4.378898E+00 -6.441847E+00 -6.595559E-01
  1.700000E-01  1.607533E+00 -4.881476E+00 -7.336750E+00 -7.174047E-01
  1.800000E-01  1.690337E+00 -5.406410E+00 -8.298016E+00 -7.760111E-01
  1.900000E-01  1.766734E+00 -5.953141E+00 -9.326782E+00 -8.352719E-01
  2.000000E-01  1.836601E+00 -6.521122E+00 -1.042408E+01 -8.950918E-01
  2.100000E-01  1.899885E+00 -7.109817E+00 -1.159084E+01 -9.553834E-01
  2.200000E-01  1.956598E+00 -7.718697E+00 -1.282787E+01 -1.016066E+00
  2.300000E-01  2.006808E+00 -8.347239E+00 -1.413582E+01 -1.077065E+00
  2.400000E-01  2.050634E+00 -8.994920E+00 -1.551524E+01 -1.138311E+00
  2.500000E-01  2.088236E+00 -9.661222E+00 -1.696652E+01 -1.199743E+00
  2.600000E-01  2.119812E+00 -1.034563E+01 -1.848988E+01 -1.261302E+00
  2.700000E-01  2.145590E+00 -1.104761E+01 -2.008540E+01 -1.322936E+00
  2.800000E-01  2.165827E+00 -1.176665E+01 -2.175301E+01 -1.384595E+00
  2.900000E-01  2.180798E+00 -1.250223E+01 -2.349243E+01 -1.446238E+00
  3.000000E-01  2.190797E+00 -1.325382E+01 -2.530327E+01 -1.507824E+00
  3.100000E-01  2.196129E+00 -1.402088E+01 -2.718493E+01 -1.569319E+00
  3.200000E-01  2.197107E+00 -1.480290E+01 -2.913668E+01 -1.630690E+00
  3.300000E-01  2.194049E+00 -1.559934E+01 -3.115760E+01 -1.691912E+00
  3.400000E-01  2.187274E+00 -1.640968E+01 -3.324665E+01 -1.752959E+00
  3.500000E-01  2.177099E+00 -1.723337E+01 -3.540261E+01 -1.813812E+00
  3.600000E-01  2.163837E+00 -1.806991E+01 -3.762415E+01 -1.874452E+00
  3.700000E-01  2.147790E+00 -1.891875E+01 -3.990980E+01 -1.934866E+00
  3.800000E-01  2.129255E+00 -1.977940E+01 -4.225798E+01 -1.995041E+00
  3.900000E-01  2.108516E+00 -2.065133E+01 -4.466701E+01 -2.054969E+00
  4.000000E-01  2.085843E+00 -2.153403E+01 -4.713510E+01 -2.114642E+00
  4.100000E-01  2.061493E+00 -2.242703E+01 -4.966042E+01 -2.174056E+00
  4.200000E-01  2.035708E+00 -2.332982E+01 -5.224103E+01 -2.233208E+00
  4.300000E-01  2.008714E+00 -2.424193E+01 -5.487498E+01 -2.292096E+00
  4.400000E-01  1.980722E+00 -2.516290E+01 -5.756028E+01 -2.350721E+00
  4.500000E-01  1.951928E+00 -2.609229E+01 -6.029489E+01 -2.409084E+00
  4.600000E-01  1.922508E+00 -2.702965E+01 -6.307678E+01 -2.467188E+00
  4.700000E-01  1.892628E+00 -2.797456E+01 -6.590393E+01 -2.525037E+00
  4.800000E-01  1.862433E+00 -2.892663E+01 -6.877432E+01 -2.582635E+00
  4.900000E-01  1.832059E+00 -2.988545E+01 -7.168595E+01 -2.639987E+00
  5.000000E-01  1.801625E+00 -3.085066E+01 -7.463685E+01 -2.697098E+00
  5.100000E-01  1.771236E+00 -3.182189E+01 -7.762510E+01 -2.753974E+00
  5.200000E-01  1.740987E+00 -3.279880E+01 -8.064882E+01 -2.810622E+00
  5.300000E-01  1.710959E+00 -3.378107E+01 -8.370616E+01 -2.867048E+00
  5.400000E-01  1.681226E+00 -3.476838E+01 -8.679536E+01 -2.923258E+00
  5.500000E-01  1.651847E+00 -3.576043E+01 -8.991468E+01 -2.979259E+00
  5.600000E-01  1.622875E+00 -3.675695E+01 -9.306249E+01 -3.035057E+00
  5.700000E-01  1.594356E+00 -3.775767E+01 -9.623717E+01 -3.090659E+00
  5.800000E-01  1.566325E+00 -3.876233E+01 -9.943721E+01 -3.146070E+00
  5.900000E-01  1.538813E+00 -3.977069E+01 -1.026611E+02 -3.201297E+00
  6.000000E-01  1.511844E+00 -4.078253E+01 -1.059075E+02 -3.256346E+00
  6.100000E-01  1.485436E+00 -4.179763E+01 -1.091751E+02 -3.311223E+00
  6.200000E-01  1.459603E+00 -4.281579E+01 -1.124625E+02 -3.365932E+00
  6.300000E-01  1.434354E+00 -4.383681E+01 -1.157686E+02 -3.420479E+00
  6.400000E-01  1.409696E+00 -4.486052E+01 -1.190921E+02 -3.474869E+00
  6.500000E-01  1.385632E+00 -4.588675E+01 -1.224321E+02 -3.529107E+00
  6.600000E-01  1.362160E+00 -4.691533E+01 -1.257875E+02 -3.583197E+00
  6.700000E-01  1.339278E+00 -4.794612E+01 -1.291573E+02 -3.637144E+00
  6.800000E-01  1.316982E+00 -4.897896E+01 -1.325405E+02 -3.690951E+00
  6.900000E-01  1.295265E+00 -5.001373E+01 -1.359363E+02 -3.744622E+00
  7.000000E-01  1.274119E+00 -5.105029E+01 -1.393439E+02 -3.798161E+00
  7.100000E-01  1.253536E+00 -5.208853E+01 -1.427625E+02 -3.851571E+00
  7.200000E-01  1.233503E+00 -5.312833E+01 -1.461913E+02 -3.904855E+00
  7.300000E-01  1.214012E+00 -5.416958E+01 -1.496297E+02 -3.958017E+00
  7.400000E-01  1.195050E+00 -5.521218E+01 -1.530769E+02 -4.011058E+00
  7.500000E-01  1.176605E+00 -5.625603E+01 -1.565323E+02 -4.063983E+00
  7.600000E-01  1.158664E+00 -5.730105E+01 -1.599955E+02 -4.116792E+00
  7.700000E-01  1.141214E+00 -5.834714E+01 -1.634657E+02 -4.169488E+00
  7.800000E-01  1.124243E+00 -5.939423E+01 -1.669425E+02 -4.222074E+00
  7.900000E-01  1.107738E+00 -6.044223E+01 -1.704254E+02 -4.274551E+00
  8.000000E-01  1.091685E+00 -6.149108E+01 -1.739139E+02 -4.326922E+00
  8.100000E-01  1.076072E+00 -6.254070E+01 -1.774076E+02 -4.379187E+00
  8.200000E-01  1.060886E+00 -6.359103E+01 -1.809061E+02 -4.431349E+00
  8.300000E-01  1.046113E+00 -6.464200E+01 -1.844089E+02 -4.483409E+00
  8.400000E-01  1.031743E+00 -6.569356E+01 -1.879158E+02 -4.535369E+00
  8.500000E-01  1.017761E+00 -6.674565E+01 -1.914262E+02 -4.587229E+00
  8.600000E-01  1.004157E+00 -6.779820E+01 -1.949400E+02 -4.638992E+00
  8.700000E-01  9.909176E-01 -6.885118E+01 -1.984568E+02 -4.690658E+00
  8.800000E-01  9.780325E-01 -6.990454E+01 -2.019763E+02 -4.742228E+00
  8.900000E-01  9.654901E-01 -7.095821E+01 -2.054983E+02 -4.793703E+00
  9.000000E-01  9.532796E-01 -7.201217E+01 -2.090224E+02 -4.845085E+00
  9.100000E-01  9.413902E-01 -7.306637E+01 -2.125484E+02 -4.896374E+00
  9.200000E-01  9.298117E-01 -7.412076E+01 -2.160760E+02 -4.947571E+00
  9.300000E-01  9.185342E-01 -7.517531E+01 -2.196052E+02 -4.998676E+00
  9.400000E-01  9.075478E-01 -7.622998E+01 -2.231355E+02 -5.049692E+00
  9.500000E-01  8.968433E-01 -7.728473E+01 -2.266669E+02 -5.100617E+00
  9.600000E-01  8.864115E-01 -7.833954E+01 -2.301991E+02 -5.151454E+00
  9.700000E-01  8.762437E-01 -7.939436E+01 -2.337320E+02 -5.202202E+00
  9.800000E-01  8.663313E-01 -8.044917E+01 -2.372654E+02 -5.252862E+00
  9.900000E-01  8.566662E-01 -8.150393E+01 -2.407990E+02 -5.303436E+00
  1.000000E+00  8.472404E-01 -8.255863E+01 -2.443329E+02 -5.353922E+00
  1.010000E+00  8.380462E-01 -8.361322E+01 -2.478668E+02 -5.404322E+00
  1.020000E+00  8.290763E-01 -8.466768E+01 -2.514005E+02 -5.454636E+00
  1.030000E+00  8.203236E-01 -8.572199E+01 -2.549340E+02 -5.504865E+00
  1.040000E+00  8.117810E-01 -8.677612E+01 -2.584671E+02 -5.555010E+00
  1.050000E+00  8.034420E-01 -8.783005E+01 -2.619997E+02 -5.605069E+00
  1.060000E+00  7.953002E-01 -8.888376E+01 -2.655316E+02 -5.655045E+00
  1.070000E+00  7.873493E-01 -8.993722E+01 -2.690628E+02 -5.704937E+00
  1.080000E+00  7.795835E-01 -9.099041E+01 -2.725932E+02 -5.754746E+00
  1.090000E+00  7.719969E-01 -9.204331E+01 -2.761227E+02 -5.804472E+00
  1.100000E+00  7.645840E-01 -9.309591E+01 -2.796511E+02 -5.854116E+00
  1.110000E+00  7.573394E-01 -9.414818E+01 -2.831784E+02 -5.903677E+00
  1.120000E+00  7.502581E-01 -9.520010E+01 -2.867045E+02 -5.953156E+00
  1.130000E+00  7.433349E-01 -9.625167E+01 -2.902293E+02 -6.002554E+00
  1.140000E+00  7.365651E-01 -9.730285E+01 -2.937527E+02 -6.051870E+00
  1.150000E+00  7.299441E-01 -9.835364E+01 -2.972747E+02 -6.101106E+00
  1.160000E+00  7.234675E-01 -9.940401E+01 -3.007952E+02 -6.150261E+00
  1.170000E+00  7.171308E-01 -1.004540E+02 -3.043141E+02 -6.199335E+00
  1.180000E+00  7.109299E-01 -1.015035E+02 -3.078313E+02 -6.248330E+00
  1.190000E+00  7.048609E-01 -1.025525E+02 -3.113468E+02 -6.297244E+00
  1.200000E+00  6.989198E-01 -1.036011E+02 -3.148606E+02 -6.346079E+00
