  1.600000E-03  8.877672E-04  1.505715E+00  1.071812E+00  1.000000E-02  9.381778E+02  9.980615E-01  9.416265E+02
  3.200000E-03  2.304298E-03  3.012842E+00  1.513217E+00  2.000000E-02  9.363732E+02  9.961417E-01  9.422330E+02
  4.800000E-03  3.915520E-03  4.520759E+00  1.824751E+00  3.000000E-02  9.345851E+02  9.942395E-01  9.426401E+02
  6.400000E-03  5.627344E-03  6.029239E+00  2.068671E+00  4.000000E-02  9.328129E+02  9.923542E-01  9.429476E+02
  8.000000E-03  7.403474E-03  7.538160E+00  2.270072E+00  5.000000E-02  9.310564E+02  9.904855E-01  9.431951E+02
  9.600000E-03  9.233201E-03  9.047444E+00  2.442122E+00  6.000000E-02  9.293150E+02  9.886330E-01  9.434035E+02
  1.120000E-02  1.111976E-02  1.055704E+01  2.592761E+00  7.000000E-02  9.275886E+02  9.867964E-01  9.435852E+02
  1.280000E-02  1.307494E-02  1.206691E+01  2.727219E+00  8.000000E-02  9.258769E+02  9.849755E-01  9.437484E+02
  1.440000E-02  1.511623E-02  1.357703E+01  2.849160E+00  9.000000E-02  9.241798E+02  9.831699E-01  9.438986E+02
  1.600000E-02  1.726505E-02  1.508738E+01  2.961264E+00  1.000000E-01  9.224968E+02  9.813796E-01  9.440401E+02
  1.760000E-02  1.954575E-02  1.659795E+01  3.065566E+00  1.100000E-01  9.208279E+02  9.796042E-01  9.441760E+02
  1.920000E-02  2.198482E-02  1.810874E+01  3.163651E+00  1.200000E-01  9.191729E+02  9.778436E-01  9.443086E+02
  2.080000E-02  2.461045E-02  1.961974E+01  3.256784E+00  1.300000E-01  9.175316E+02  9.760975E-01  9.444400E+02
  2.240000E-02  2.745210E-02  2.113095E+01  3.345990E+00  1.400000E-01  9.159038E+02  9.743657E-01  9.445717E+02
  2.400000E-02  3.054029E-02  2.264237E+01  3.432118E+00  1.500000E-01  9.142893E+02  9.726482E-01  9.447049E+02
  2.560000E-02  3.390635E-02  2.415401E+01  3.515875E+00  1.600000E-01  9.126879E+02  9.709446E-01  9.448407E+02
  2.720000E-02  3.758229E-02  2.566586E+01  3.597860E+00  1.700000E-01  9.110996E+02  9.692549E-01  9.449801E+02
  2.880000E-02  4.160063E-02  2.717794E+01  3.678586E+00  1.800000E-01  9.095241E+02  9.675788E-01  9.451237E+02
  3.040000E-02  4.599435E-02  2.869026E+01  3.758493E+00  1.900000E-01  9.079613E+02  9.659163E-01  9.452723E+02
  3.200000E-02  5.079675E-02  3.020281E+01  3.837965E+00  2.000000E-01  9.064110E+02  9.642670E-01  9.454264E+02
  3.360000E-02  5.604142E-02  3.171562E+01  3.917337E+00  2.100000E-01  9.048731E+02  9.626310E-01  9.455864E+02
  3.520000E-02  6.176214E-02  3.322869E+01  3.996905E+00  2.200000E-01  9.033474E+02  9.610079E-01  9.457529E+02
  3.680000E-02  6.799285E-02  3.474203E+01  4.076929E+00  2.300000E-01  9.018339E+02  9.593977E-01  9.459261E+02
  3.840000E-02  7.476764E-02  3.625565E+01  4.157642E+00  2.400000E-01  9.003323E+02  9.578003E-01  9.461065E+02
  4.000000E-02  8.212064E-02  3.776957E+01  4.239251E+00  2.500000E-01  8.988425E+02  9.562155E-01  9.462943E+02
  4.160000E-02  9.008603E-02  3.928379E+01  4.321942E+00  2.600000E-01  8.973645E+02  9.546430E-01  9.464897E+02
  4.320000E-02  9.869802E-02  4.079833E+01  4.405883E+00  2.700000E-01  8.958980E+02  9.530829E-01  9.466930E+02
  4.480000E-02  1.079908E-01  4.231321E+01  4.491225E+00  2.800000E-01  8.944429E+02  9.515350E-01  9.469044E+02
  4.640000E-02  1.179985E-01  4.382842E+01  4.578105E+00  2.900000E-01  8.929991E+02  9.499991E-01  9.471241E+02
  4.800000E-02  1.287552E-01  4.534400E+01  4.666649E+00  3.000000E-01  8.915665E+02  9.484750E-01  9.473523E+02
  4.960000E-02  1.402949E-01  4.685994E+01  4.756968E+00  3.100000E-01  8.901450E+02  9.469628E-01  9.475890E+02
  5.120000E-02  1.526515E-01  4.837628E+01  4.849167E+00  3.200000E-01  8.887344E+02  9.454622E-01  9.478344E+02
  5.280000E-02  1.658589E-01  4.989301E+01  4.943340E+00  3.300000E-01  8.873347E+02  9.439731E-01  9.480887E+02
  5.440000E-02  1.799508E-01  5.141015E+01  5.039575E+00  3.400000E-01  8.859457E+02  9.424954E-01  9.483518E+02
  5.600000E-02  1.949606E-01  5.292772E+01  5.137949E+00  3.500000E-01  8.845672E+02  9.410290E-01  9.486240E+02
  5.760000E-02  2.109218E-01  5.444574E+01  5.238537E+00  3.600000E-01  8.831992E+02  9.395737E-01  9.489053E+02
  5.920000E-02  2.278676E-01  5.596421E+01  5.341406E+00  3.700000E-01  8.818417E+02  9.381294E-01  9.491958E+02
  6.080000E-02  2.458311E-01  5.748315E+01  5.446617E+00  3.800000E-01  8.804943E+02  9.366961E-01  9.494955E+02
  6.240000E-02  2.648452E-01  5.900258E+01  5.554228E+00  3.900000E-01  8.791571E+02  9.352735E-01  9.498045E+02
  6.400000E-02  2.849426E-01  6.052251E+01  5.664291E+00  4.000000E-01  8.778300E+02  9.338617E-01  9.501228E+02
  6.560000E-02  3.061558E-01  6.204296E+01  5.776855E+00  4.100000E-01  8.765128E+02  9.324604E-01  9.504505E+02
  6.720000E-02  3.285172E-01  6.356394E+01  5.891965E+00  4.200000E-01  8.752054E+02  9.310696E-01  9.507875E+02
  6.880000E-02  3.520588E-01  6.508546E+01  6.009661E+00  4.300000E-01  8.739078E+02  9.296892E-01  9.511341E+02
  7.040000E-02  3.768126E-01  6.660755E+01  6.129983E+00  4.400000E-01  8.726198E+02  9.283190E-01  9.514901E+02
  7.200000E-02  4.028102E-01  6.813021E+01  6.252966E+00  4.500000E-01  8.713414E+02  9.269589E-01  9.518556E+02
  7.360000E-02  4.300831E-01  6.965347E+01  6.378642E+00  4.600000E-01  8.700724E+02  9.256089E-01  9.522305E+02
  7.520000E-02  4.586626E-01  7.117733E+01  6.507042E+00  4.700000E-01  8.688127E+02  9.242689E-01  9.526150E+02
  7.680000E-02  4.885796E-01  7.270181E+01  6.638193E+00  4.800000E-01  8.675623E+02  9.229386E-01  9.530090E+02
  7.840000E-02  5.198650E-01  7.422693E+01  6.772121E+00  4.900000E-01  8.663211E+02  9.216182E-01  9.534126E+02
  8.000000E-02  5.525492E-01  7.575271E+01  6.908851E+00  5.000000E-01  8.650889E+02  9.203073E-01  9.538256E+02
  8.160000E-02  5.866626E-01  7.727915E+01  7.048403E+00  5.100000E-01  8.638656E+02  9.190060E-01  9.542482E+02
  8.320000E-02  6.222352E-01  7.880627E+01  7.190798E+00  5.200000E-01  8.626513E+02  9.177142E-01  9.546803E+02
  8.480000E-02  6.592969E-01  8.033410E+01  7.336055E+00  5.300000E-01  8.614458E+02  9.164317E-01  9.551219E+02
  8.640000E-02  6.978771E-01  8.186263E+01  7.484190E+00  5.400000E-01  8.602489E+02  9.151584E-01  9.555730E+02
  8.800000E-02  7.380053E-01  8.339190E+01  7.635218E+00  5.500000E-01  8.590607E+02  9.138943E-01  9.560336E+02
  8.960000E-02  7.797104E-01  8.492191E+01  7.789155E+00  5.600000E-01  8.578810E+02  9.126393E-01  9.565036E+02
  9.120000E-02  8.230214E-01  8.645267E+01  7.946012E+00  5.700000E-01  8.567097E+02  9.113933E-01  9.569831E+02
  9.280000E-02  8.679667E-01  8.798422E+01  8.105803E+00  5.800000E-01  8.555469E+02  9.101562E-01  9.574721E+02
  9.440000E-02  9.145747E-01  8.951655E+01  8.268536E+00  5.900000E-01  8.543923E+02  9.089279E-01  9.579704E+02
  9.600000E-02  9.628733E-01  9.104968E+01  8.434222E+00  6.000000E-01  8.532459E+02  9.077084E-01  9.584782E+02
  9.760000E-02  1.012891E+00  9.258364E+01  8.602870E+00  6.100000E-01  8.521076E+02  9.064974E-01  9.589953E+02
  9.920000E-02  1.064654E+00  9.411843E+01  8.774486E+00  6.200000E-01  8.509774E+02  9.052951E-01  9.595218E+02
  1.008000E-01  1.118190E+00  9.565406E+01  8.949078E+00  6.300000E-01  8.498551E+02  9.041012E-01  9.600576E+02
  1.024000E-01  1.173527E+00  9.719057E+01  9.126652E+00  6.400000E-01  8.487407E+02  9.029156E-01  9.606027E+02
  1.040000E-01  1.230691E+00  9.872795E+01  9.307212E+00  6.500000E-01  8.476341E+02  9.017384E-01  9.611570E+02
  1.056000E-01  1.289709E+00  1.002662E+02  9.490763E+00  6.600000E-01  8.465353E+02  9.005695E-01  9.617206E+02
  1.072000E-01  1.350606E+00  1.018054E+02  9.677309E+00  6.700000E-01  8.454441E+02  8.994086E-01  9.622934E+02
  1.088000E-01  1.413410E+00  1.033455E+02  9.866852E+00  6.800000E-01  8.443605E+02  8.982559E-01  9.628753E+02
  1.104000E-01  1.478145E+00  1.048866E+02  1.005939E+01  6.900000E-01  8.432845E+02  8.971111E-01  9.634664E+02
  1.120000E-01  1.544837E+00  1.064286E+02  1.025494E+01  7.000000E-01  8.422158E+02  8.959743E-01  9.640666E+02
  1.136000E-01  1.613511E+00  1.079715E+02  1.045349E+01  7.100000E-01  8.411546E+02  8.948453E-01  9.646759E+02
  1.152000E-01  1.684193E+00  1.095155E+02  1.065504E+01  7.200000E-01  8.401006E+02  8.937241E-01  9.652942E+02
  1.168000E-01  1.756906E+00  1.110604E+02  1.085959E+01  7.300000E-01  8.390539E+02  8.926105E-01  9.659215E+02
  1.184000E-01  1.831676E+00  1.126063E+02  1.106715E+01  7.400000E-01  8.380144E+02  8.915046E-01  9.665577E+02
  1.200000E-01  1.908527E+00  1.141533E+02  1.127770E+01  7.500000E-01  8.369819E+02  8.904063E-01  9.672029E+02
  1.216000E-01  1.987482E+00  1.157013E+02  1.149126E+01  7.600000E-01  8.359565E+02  8.893154E-01  9.678570E+02
  1.232000E-01  2.068565E+00  1.172504E+02  1.170782E+01  7.700000E-01  8.349380E+02  8.882319E-01  9.685199E+02
  1.248000E-01  2.151800E+00  1.188005E+02  1.192737E+01  7.800000E-01  8.339265E+02  8.871558E-01  9.691916E+02
  1.264000E-01  2.237211E+00  1.203517E+02  1.214992E+01  7.900000E-01  8.329217E+02  8.860870E-01  9.698721E+02
  1.280000E-01  2.324818E+00  1.219041E+02  1.237546E+01  8.000000E-01  8.319238E+02  8.850253E-01  9.705613E+02
  1.296000E-01  2.414647E+00  1.234575E+02  1.260399E+01  8.100000E-01  8.309326E+02  8.839708E-01  9.712592E+02
  1.312000E-01  2.506718E+00  1.250120E+02  1.283550E+01  8.200000E-01  8.299480E+02  8.829234E-01  9.719657E+02
  1.328000E-01  2.601055E+00  1.265677E+02  1.306999E+01  8.300000E-01  8.289700E+02  8.818829E-01  9.726808E+02
  1.344000E-01  2.697679E+00  1.281245E+02  1.330745E+01  8.400000E-01  8.279985E+02  8.808494E-01  9.734045E+02
  1.360000E-01  2.796612E+00  1.296825E+02  1.354789E+01  8.500000E-01  8.270335E+02  8.798228E-01  9.741367E+02
  1.376000E-01  2.897875E+00  1.312417E+02  1.379129E+01  8.600000E-01  8.260749E+02  8.788030E-01  9.748774E+02
  1.392000E-01  3.001490E+00  1.328020E+02  1.403766E+01  8.700000E-01  8.251226E+02  8.777900E-01  9.756265E+02
  1.408000E-01  3.107477E+00  1.343636E+02  1.428698E+01  8.800000E-01  8.241766E+02  8.767836E-01  9.763841E+02
  1.424000E-01  3.215858E+00  1.359264E+02  1.453925E+01  8.900000E-01  8.232369E+02  8.757839E-01  9.771499E+02
  1.440000E-01  3.326653E+00  1.374904E+02  1.479447E+01  9.000000E-01  8.223033E+02  8.747908E-01  9.779241E+02
  1.456000E-01  3.439882E+00  1.390557E+02  1.505262E+01  9.100000E-01  8.213759E+02  8.738041E-01  9.787065E+02
  1.472000E-01  3.555565E+00  1.406222E+02  1.531371E+01  9.200000E-01  8.204545E+02  8.728239E-01  9.794972E+02
  1.488000E-01  3.673723E+00  1.421900E+02  1.557772E+01  9.300000E-01  8.195391E+02  8.718501E-01  9.802960E+02
  1.504000E-01  3.794374E+00  1.437590E+02  1.584465E+01  9.400000E-01  8.186297E+02  8.708827E-01  9.811030E+02
  1.520000E-01  3.917538E+00  1.453294E+02  1.611450E+01  9.500000E-01  8.177262E+02  8.699215E-01  9.819180E+02
  1.536000E-01  4.043235E+00  1.469011E+02  1.638725E+01  9.600000E-01  8.168285E+02  8.689665E-01  9.827411E+02
  1.552000E-01  4.171482E+00  1.484741E+02  1.666289E+01  9.700000E-01  8.159367E+02  8.680177E-01  9.835722E+02
  1.568000E-01  4.302300E+00  1.500484E+02  1.694143E+01  9.800000E-01  8.150506E+02  8.670751E-01  9.844112E+02
  1.584000E-01  4.435706E+00  1.516241E+02  1.722285E+01  9.900000E-01  8.141701E+02  8.661384E-01  9.852582E+02
  1.600000E-01  4.571719E+00  1.532011E+02  1.750715E+01  1.000000E+00  8.132953E+02  8.652078E-01  9.861130E+02
  1.616000E-01  4.710356E+00  1.547796E+02  1.779431E+01  1.010000E+00  8.124262E+02  8.642832E-01  9.869756E+02
  1.632000E-01  4.851636E+00  1.563594E+02  1.808434E+01  1.020000E+00  8.115625E+02  8.633644E-01  9.878460E+02
  1.648000E-01  4.995576E+00  1.579406E+02  1.837722E+01  1.030000E+00  8.107044E+02  8.624515E-01  9.887242E+02
  1.664000E-01  5.142194E+00  1.595232E+02  1.867294E+01  1.040000E+00  8.098517E+02  8.615443E-01  9.896100E+02
  1.680000E-01  5.291506E+00  1.611072E+02  1.897149E+01  1.050000E+00  8.090044E+02  8.606430E-01  9.905035E+02
  1.696000E-01  5.443531E+00  1.626927E+02  1.927288E+01  1.060000E+00  8.081624E+02  8.597473E-01  9.914045E+02
  1.712000E-01  5.598284E+00  1.642796E+02  1.957708E+01  1.070000E+00  8.073258E+02  8.588572E-01  9.923132E+02
  1.728000E-01  5.755782E+00  1.658680E+02  1.988410E+01  1.080000E+00  8.064944E+02  8.579728E-01  9.932293E+02
  1.744000E-01  5.916041E+00  1.674578E+02  2.019391E+01  1.090000E+00  8.056683E+02  8.570939E-01  9.941529E+02
  1.760000E-01  6.079078E+00  1.690491E+02  2.050652E+01  1.100000E+00  8.048473E+02  8.562205E-01  9.950839E+02
  1.776000E-01  6.244909E+00  1.706420E+02  2.082191E+01  1.110000E+00  8.040314E+02  8.553525E-01  9.960224E+02
  1.792000E-01  6.413550E+00  1.722363E+02  2.114008E+01  1.120000E+00  8.032206E+02  8.544900E-01  9.969681E+02
  1.808000E-01  6.585015E+00  1.738321E+02  2.146101E+01  1.130000E+00  8.024148E+02  8.536328E-01  9.979211E+02
  1.824000E-01  6.759321E+00  1.754295E+02  2.178471E+01  1.140000E+00  8.016141E+02  8.527809E-01  9.988814E+02
  1.840000E-01  6.936483E+00  1.770284E+02  2.211115E+01  1.150000E+00  8.008182E+02  8.519343E-01  9.998489E+02
  1.856000E-01  7.116515E+00  1.786289E+02  2.244033E+01  1.160000E+00  8.000273E+02  8.510929E-01  1.000824E+03
  1.872000E-01  7.299433E+00  1.802310E+02  2.277223E+01  1.170000E+00  7.992413E+02  8.502567E-01  1.001805E+03
  1.888000E-01  7.485251E+00  1.818346E+02  2.310686E+01  1.180000E+00  7.984601E+02  8.494256E-01  1.002794E+03
  1.904000E-01  7.673983E+00  1.834398E+02  2.344421E+01  1.190000E+00  7.976836E+02  8.485996E-01  1.003790E+03
  1.920000E-01  7.865644E+00  1.850466E+02  2.378425E+01  1.200000E+00  7.969120E+02  8.477787E-01  1.004793E+03
  1.936000E-01  8.060248E+00  1.866550E+02  2.412698E+01  1.210000E+00  7.961450E+02  8.469627E-01  1.005803E+03
  1.952000E-01  8.257809E+00  1.882650E+02  2.447240E+01  1.220000E+00  7.953826E+02  8.461517E-01  1.006819E+03
  1.968000E-01  8.458341E+00  1.898767E+02  2.482049E+01  1.230000E+00  7.946249E+02  8.453457E-01  1.007843E+03
  1.984000E-01  8.661856E+00  1.914900E+02  2.517125E+01  1.240000E+00  7.938718E+02  8.445445E-01  1.008873E+03
  2.000000E-01  8.868370E+00  1.931049E+02  2.552466E+01  1.250000E+00  7.931232E+02  8.437481E-01  1.009910E+03
  2.016000E-01  9.077893E+00  1.947215E+02  2.588072E+01  1.260000E+00  7.923792E+02  8.429566E-01  1.010954E+03
  2.032000E-01  9.290441E+00  1.963398E+02  2.623941E+01  1.270000E+00  7.916396E+02  8.421698E-01  1.012005E+03
  2.048000E-01  9.506025E+00  1.979598E+02  2.660072E+01  1.280000E+00  7.909044E+02  8.413877E-01  1.013062E+03
  2.064000E-01  9.724658E+00  1.995815E+02  2.696466E+01  1.290000E+00  7.901736E+02  8.406103E-01  1.014126E+03
  2.080000E-01  9.946353E+00  2.012049E+02  2.733120E+01  1.300000E+00  7.894472E+02  8.398375E-01  1.015196E+03
  2.096000E-01  1.017112E+01  2.028300E+02  2.770033E+01  1.310000E+00  7.887252E+02  8.390693E-01  1.016273E+03
  2.112000E-01  1.039898E+01  2.044568E+02  2.807205E+01  1.320000E+00  7.880074E+02  8.383057E-01  1.017356E+03
  2.128000E-01  1.062993E+01  2.060854E+02  2.844635E+01  1.330000E+00  7.872938E+02  8.375466E-01  1.018446E+03
  2.144000E-01  1.086400E+01  2.077157E+02  2.882322E+01  1.340000E+00  7.865845E+02  8.367920E-01  1.019542E+03
  2.160000E-01  1.110118E+01  2.093478E+02  2.920264E+01  1.350000E+00  7.858793E+02  8.360419E-01  1.020645E+03
  2.176000E-01  1.134150E+01  2.109816E+02  2.958461E+01  1.360000E+00  7.851783E+02  8.352961E-01  1.021754E+03
  2.192000E-01  1.158497E+01  2.126172E+02  2.996912E+01  1.370000E+00  7.844815E+02  8.345548E-01  1.022869E+03
  2.208000E-01  1.183159E+01  2.142546E+02  3.035616E+01  1.380000E+00  7.837887E+02  8.338177E-01  1.023990E+03
  2.224000E-01  1.208138E+01  2.158938E+02  3.074571E+01  1.390000E+00  7.830999E+02  8.330850E-01  1.025118E+03
  2.240000E-01  1.233435E+01  2.175349E+02  3.113778E+01  1.400000E+00  7.824152E+02  8.323566E-01  1.026252E+03
  2.256000E-01  1.259050E+01  2.191777E+02  3.153234E+01  1.410000E+00  7.817344E+02  8.316324E-01  1.027392E+03
  2.272000E-01  1.284986E+01  2.208224E+02  3.192939E+01  1.420000E+00  7.810576E+02  8.309124E-01  1.028538E+03
  2.288000E-01  1.311243E+01  2.224689E+02  3.232892E+01  1.430000E+00  7.803847E+02  8.301965E-01  1.029690E+03
  2.304000E-01  1.337821E+01  2.241172E+02  3.273092E+01  1.440000E+00  7.797157E+02  8.294848E-01  1.030848E+03
  2.320000E-01  1.364723E+01  2.257674E+02  3.313538E+01  1.450000E+00  7.790506E+02  8.287772E-01  1.032012E+03
  2.336000E-01  1.391949E+01  2.274195E+02  3.354229E+01  1.460000E+00  7.783893E+02  8.280737E-01  1.033181E+03
  2.352000E-01  1.419500E+01  2.290734E+02  3.395163E+01  1.470000E+00  7.777317E+02  8.273742E-01  1.034357E+03
  2.368000E-01  1.447377E+01  2.307293E+02  3.436341E+01  1.480000E+00  7.770780E+02  8.266787E-01  1.035539E+03
  2.384000E-01  1.475582E+01  2.323870E+02  3.477761E+01  1.490000E+00  7.764280E+02  8.259872E-01  1.036726E+03
  2.400000E-01  1.504114E+01  2.340466E+02  3.519422E+01  1.500000E+00  7.757816E+02  8.252996E-01  1.037919E+03
  2.416000E-01  1.532975E+01  2.357081E+02  3.561322E+01  1.510000E+00  7.751390E+02  8.246159E-01  1.039118E+03
  2.432000E-01  1.562166E+01  2.373716E+02  3.603462E+01  1.520000E+00  7.745000E+02  8.239361E-01  1.040323E+03
  2.448000E-01  1.591688E+01  2.390370E+02  3.645840E+01  1.530000E+00  7.738646E+02  8.232602E-01  1.041533E+03
  2.464000E-01  1.621542E+01  2.407043E+02  3.688455E+01  1.540000E+00  7.732328E+02  8.225881E-01  1.042749E+03
  2.480000E-01  1.651728E+01  2.423736E+02  3.731307E+01  1.550000E+00  7.726045E+02  8.219197E-01  1.043971E+03
  2.496000E-01  1.682248E+01  2.440449E+02  3.774393E+01  1.560000E+00  7.719798E+02  8.212551E-01  1.045198E+03
  2.512000E-01  1.713102E+01  2.457181E+02  3.817714E+01  1.570000E+00  7.713586E+02  8.205943E-01  1.046430E+03
  2.528000E-01  1.744291E+01  2.473933E+02  3.861267E+01  1.580000E+00  7.707409E+02  8.199371E-01  1.047668E+03
  2.544000E-01  1.775816E+01  2.490705E+02  3.905054E+01  1.590000E+00  7.701266E+02  8.192836E-01  1.048912E+03
  2.560000E-01  1.807678E+01  2.507496E+02  3.949071E+01  1.600000E+00  7.695158E+02  8.186338E-01  1.050160E+03
  2.576000E-01  1.839878E+01  2.524308E+02  3.993319E+01  1.610000E+00  7.689083E+02  8.179875E-01  1.051415E+03
  2.592000E-01  1.872416E+01  2.541140E+02  4.037796E+01  1.620000E+00  7.683042E+02  8.173449E-01  1.052674E+03
  2.608000E-01  1.905294E+01  2.557992E+02  4.082502E+01  1.630000E+00  7.677034E+02  8.167058E-01  1.053939E+03
  2.624000E-01  1.938512E+01  2.574864E+02  4.127435E+01  1.640000E+00  7.671060E+02  8.160702E-01  1.055209E+03
  2.640000E-01  1.972070E+01  2.591756E+02  4.172594E+01  1.650000E+00  7.665119E+02  8.154382E-01  1.056485E+03
  2.656000E-01  2.005970E+01  2.608669E+02  4.217979E+01  1.660000E+00  7.659210E+02  8.148096E-01  1.057765E+03
  2.672000E-01  2.040213E+01  2.625603E+02  4.263589E+01  1.670000E+00  7.653334E+02  8.141844E-01  1.059051E+03
  2.688000E-01  2.074799E+01  2.642557E+02  4.309422E+01  1.680000E+00  7.647490E+02  8.135627E-01  1.060342E+03
  2.704000E-01  2.109728E+01  2.659532E+02  4.355478E+01  1.690000E+00  7.641677E+02  8.129444E-01  1.061638E+03
  2.720000E-01  2.145002E+01  2.676528E+02  4.401756E+01  1.700000E+00  7.635897E+02  8.123294E-01  1.062938E+03
  2.736000E-01  2.180621E+01  2.693544E+02  4.448255E+01  1.710000E+00  7.630148E+02  8.117178E-01  1.064244E+03
  2.752000E-01  2.216586E+01  2.710582E+02  4.494974E+01  1.720000E+00  7.624430E+02  8.111095E-01  1.065555E+03
  2.768000E-01  2.252898E+01  2.727640E+02  4.541911E+01  1.730000E+00  7.618743E+02  8.105046E-01  1.066871E+03
  2.784000E-01  2.289557E+01  2.744720E+02  4.589067E+01  1.740000E+00  7.613087E+02  8.099028E-01  1.068192E+03
  2.800000E-01  2.326565E+01  2.761820E+02  4.636440E+01  1.750000E+00  7.607461E+02  8.093043E-01  1.069518E+03
  2.816000E-01  2.363920E+01  2.778942E+02  4.684028E+01  1.760000E+00  7.601865E+02  8.087091E-01  1.070849E+03
  2.832000E-01  2.401625E+01  2.796085E+02  4.731832E+01  1.770000E+00  7.596300E+02  8.081170E-01  1.072184E+03
  2.848000E-01  2.439680E+01  2.813250E+02  4.779851E+01  1.780000E+00  7.590764E+02  8.075281E-01  1.073524E+03
  2.864000E-01  2.478086E+01  2.830436E+02  4.828083E+01  1.790000E+00  7.585258E+02  8.069424E-01  1.074869E+03
  2.880000E-01  2.516843E+01  2.847644E+02  4.876527E+01  1.800000E+00  7.579782E+02  8.063597E-01  1.076219E+03
  2.896000E-01  2.555951E+01  2.864873E+02  4.925183E+01  1.810000E+00  7.574334E+02  8.057802E-01  1.077574E+03
  2.912000E-01  2.595412E+01  2.882124E+02  4.974049E+01  1.820000E+00  7.568915E+02  8.052038E-01  1.078933E+03
  2.928000E-01  2.635226E+01  2.899397E+02  5.023125E+01  1.830000E+00  7.563525E+02  8.046304E-01  1.080296E+03
  2.944000E-01  2.675393E+01  2.916692E+02  5.072411E+01  1.840000E+00  7.558164E+02  8.040600E-01  1.081665E+03
  2.960000E-01  2.715915E+01  2.934008E+02  5.121904E+01  1.850000E+00  7.552831E+02  8.034927E-01  1.083038E+03
  2.976000E-01  2.756791E+01  2.951347E+02  5.171604E+01  1.860000E+00  7.547526E+02  8.029283E-01  1.084415E+03
  2.992000E-01  2.798022E+01  2.968708E+02  5.221510E+01  1.870000E+00  7.542249E+02  8.023669E-01  1.085797E+03
  3.008000E-01  2.839609E+01  2.986090E+02  5.271621E+01  1.880000E+00  7.536999E+02  8.018084E-01  1.087184E+03
  3.024000E-01  2.881553E+01  3.003495E+02  5.321937E+01  1.890000E+00  7.531777E+02  8.012529E-01  1.088575E+03
  3.040000E-01  2.923853E+01  3.020923E+02  5.372456E+01  1.900000E+00  7.526582E+02  8.007003E-01  1.089970E+03
  3.056000E-01  2.966511E+01  3.038372E+02  5.423178E+01  1.910000E+00  7.521415E+02  8.001505E-01  1.091370E+03
  3.072000E-01  3.009527E+01  3.055844E+02  5.474102E+01  1.920000E+00  7.516274E+02  7.996036E-01  1.092774E+03
  3.088000E-01  3.052901E+01  3.073339E+02  5.525226E+01  1.930000E+00  7.511160E+02  7.990595E-01  1.094183E+03
  3.104000E-01  3.096634E+01  3.090856E+02  5.576551E+01  1.940000E+00  7.506072E+02  7.985183E-01  1.095595E+03
  3.120000E-01  3.140726E+01  3.108396E+02  5.628074E+01  1.950000E+00  7.501011E+02  7.979799E-01  1.097013E+03
  3.136000E-01  3.185178E+01  3.125958E+02  5.679796E+01  1.960000E+00  7.495975E+02  7.974442E-01  1.098434E+03
  3.152000E-01  3.229991E+01  3.143544E+02  5.731715E+01  1.970000E+00  7.490966E+02  7.969113E-01  1.099859E+03
  3.168000E-01  3.275164E+01  3.161152E+02  5.783830E+01  1.980000E+00  7.485982E+02  7.963811E-01  1.101289E+03
  3.184000E-01  3.320699E+01  3.178783E+02  5.836141E+01  1.990000E+00  7.481024E+02  7.958536E-01  1.102723E+03
  3.200000E-01  3.366595E+01  3.196437E+02  5.888647E+01  2.000000E+00  7.476091E+02  7.953289E-01  1.104161E+03
  3.216000E-01  3.412853E+01  3.214114E+02  5.941347E+01  2.010000E+00  7.471184E+02  7.948068E-01  1.105603E+03
  3.232000E-01  3.459474E+01  3.231814E+02  5.994240E+01  2.020000E+00  7.466301E+02  7.942873E-01  1.107050E+03
  3.248000E-01  3.506458E+01  3.249537E+02  6.047325E+01  2.030000E+00  7.461443E+02  7.937705E-01  1.108500E+03
  3.264000E-01  3.553806E+01  3.267284E+02  6.100602E+01  2.040000E+00  7.456610E+02  7.932564E-01  1.109954E+03
  3.280000E-01  3.601517E+01  3.285053E+02  6.154069E+01  2.050000E+00  7.451801E+02  7.927448E-01  1.111413E+03
  3.296000E-01  3.649593E+01  3.302847E+02  6.207726E+01  2.060000E+00  7.447016E+02  7.922358E-01  1.112875E+03
  3.312000E-01  3.698033E+01  3.320663E+02  6.261572E+01  2.070000E+00  7.442256E+02  7.917294E-01  1.114342E+03
  3.328000E-01  3.746839E+01  3.338503E+02  6.315605E+01  2.080000E+00  7.437520E+02  7.912255E-01  1.115812E+03
  3.344000E-01  3.796010E+01  3.356367E+02  6.369826E+01  2.090000E+00  7.432807E+02  7.907241E-01  1.117286E+03
  3.360000E-01  3.845546E+01  3.374254E+02  6.424234E+01  2.100000E+00  7.428118E+02  7.902253E-01  1.118764E+03
  3.376000E-01  3.895449E+01  3.392165E+02  6.478827E+01  2.110000E+00  7.423452E+02  7.897289E-01  1.120246E+03
  3.392000E-01  3.945719E+01  3.410100E+02  6.533605E+01  2.120000E+00  7.418810E+02  7.892351E-01  1.121732E+03
  3.408000E-01  3.996355E+01  3.428058E+02  6.588567E+01  2.130000E+00  7.414190E+02  7.887437E-01  1.123221E+03
  3.424000E-01  4.047359E+01  3.446041E+02  6.643711E+01  2.140000E+00  7.409594E+02  7.882547E-01  1.124714E+03
  3.440000E-01  4.098730E+01  3.464047E+02  6.699039E+01  2.150000E+00  7.405020E+02  7.877681E-01  1.126211E+03
  3.456000E-01  4.150470E+01  3.482077E+02  6.754548E+01  2.160000E+00  7.400470E+02  7.872840E-01  1.127712E+03
  3.472000E-01  4.202577E+01  3.500131E+02  6.810237E+01  2.170000E+00  7.395941E+02  7.868022E-01  1.129217E+03
  3.488000E-01  4.255054E+01  3.518210E+02  6.866107E+01  2.180000E+00  7.391435E+02  7.863229E-01  1.130725E+03
  3.504000E-01  4.307899E+01  3.536312E+02  6.922156E+01  2.190000E+00  7.386951E+02  7.858458E-01  1.132236E+03
  3.520000E-01  4.361114E+01  3.554439E+02  6.978383E+01  2.200000E+00  7.382489E+02  7.853712E-01  1.133752E+03
  3.536000E-01  4.414698E+01  3.572590E+02  7.034787E+01  2.210000E+00  7.378049E+02  7.848988E-01  1.135271E+03
  3.552000E-01  4.468653E+01  3.590765E+02  7.091369E+01  2.220000E+00  7.373630E+02  7.844288E-01  1.136793E+03
  3.568000E-01  4.522977E+01  3.608965E+02  7.148126E+01  2.230000E+00  7.369233E+02  7.839610E-01  1.138320E+03
  3.584000E-01  4.577672E+01  3.627189E+02  7.205059E+01  2.240000E+00  7.364858E+02  7.834955E-01  1.139849E+03
  3.600000E-01  4.632738E+01  3.645438E+02  7.262167E+01  2.250000E+00  7.360504E+02  7.830323E-01  1.141382E+03
  3.616000E-01  4.688175E+01  3.663711E+02  7.319448E+01  2.260000E+00  7.356170E+02  7.825713E-01  1.142919E+03
  3.632000E-01  4.743984E+01  3.682009E+02  7.376902E+01  2.270000E+00  7.351858E+02  7.821126E-01  1.144459E+03
  3.648000E-01  4.800164E+01  3.700331E+02  7.434528E+01  2.280000E+00  7.347567E+02  7.816561E-01  1.146003E+03
  3.664000E-01  4.856716E+01  3.718679E+02  7.492325E+01  2.290000E+00  7.343296E+02  7.812017E-01  1.147550E+03
  3.680000E-01  4.913641E+01  3.737051E+02  7.550294E+01  2.300000E+00  7.339046E+02  7.807496E-01  1.149100E+03
  3.696000E-01  4.970937E+01  3.755448E+02  7.608432E+01  2.310000E+00  7.334816E+02  7.802996E-01  1.150654E+03
  3.712000E-01  5.028607E+01  3.773869E+02  7.666739E+01  2.320000E+00  7.330607E+02  7.798518E-01  1.152211E+03
  3.728000E-01  5.086650E+01  3.792316E+02  7.725215E+01  2.330000E+00  7.326418E+02  7.794061E-01  1.153771E+03
  3.744000E-01  5.145065E+01  3.810788E+02  7.783859E+01  2.340000E+00  7.322248E+02  7.789626E-01  1.155335E+03
  3.760000E-01  5.203855E+01  3.829284E+02  7.842669E+01  2.350000E+00  7.318099E+02  7.785212E-01  1.156902E+03
  3.776000E-01  5.263018E+01  3.847806E+02  7.901646E+01  2.360000E+00  7.313969E+02  7.780818E-01  1.158473E+03
  3.792000E-01  5.322555E+01  3.866353E+02  7.960788E+01  2.370000E+00  7.309859E+02  7.776446E-01  1.160046E+03
  3.808000E-01  5.382466E+01  3.884925E+02  8.020096E+01  2.380000E+00  7.305768E+02  7.772094E-01  1.161623E+03
  3.824000E-01  5.442752E+01  3.903523E+02  8.079567E+01  2.390000E+00  7.301697E+02  7.767763E-01  1.163203E+03
  3.840000E-01  5.503412E+01  3.922145E+02  8.139201E+01  2.400000E+00  7.297645E+02  7.763452E-01  1.164786E+03
  3.856000E-01  5.564447E+01  3.940793E+02  8.198998E+01  2.410000E+00  7.293612E+02  7.759161E-01  1.166372E+03
  3.872000E-01  5.625857E+01  3.959467E+02  8.258957E+01  2.420000E+00  7.289597E+02  7.754891E-01  1.167962E+03
  3.888000E-01  5.687643E+01  3.978166E+02  8.319077E+01  2.430000E+00  7.285602E+02  7.750641E-01  1.169554E+03
  3.904000E-01  5.749804E+01  3.996890E+02  8.379358E+01  2.440000E+00  7.281625E+02  7.746410E-01  1.171150E+03
  3.920000E-01  5.812340E+01  4.015640E+02  8.439798E+01  2.450000E+00  7.277667E+02  7.742199E-01  1.172748E+03
  3.936000E-01  5.875253E+01  4.034416E+02  8.500397E+01  2.460000E+00  7.273728E+02  7.738008E-01  1.174350E+03
  3.952000E-01  5.938541E+01  4.053217E+02  8.561155E+01  2.470000E+00  7.269807E+02  7.733837E-01  1.175955E+03
  3.968000E-01  6.002206E+01  4.072044E+02  8.622071E+01  2.480000E+00  7.265903E+02  7.729685E-01  1.177563E+03
  3.984000E-01  6.066247E+01  4.090896E+02  8.683143E+01  2.490000E+00  7.262019E+02  7.725552E-01  1.179174E+03
  4.000000E-01  6.130665E+01  4.109775E+02  8.744372E+01  2.500000E+00  7.258151E+02  7.721438E-01  1.180787E+03
  4.016000E-01  6.195460E+01  4.128679E+02  8.805756E+01  2.510000E+00  7.254302E+02  7.717343E-01  1.182404E+03
  4.032000E-01  6.260631E+01  4.147609E+02  8.867295E+01  2.520000E+00  7.250471E+02  7.713267E-01  1.184024E+03
  4.048000E-01  6.326180E+01  4.166565E+02  8.928989E+01  2.530000E+00  7.246657E+02  7.709210E-01  1.185646E+03
  4.064000E-01  6.392106E+01  4.185547E+02  8.990836E+01  2.540000E+00  7.242861E+02  7.705171E-01  1.187272E+03
  4.080000E-01  6.458409E+01  4.204556E+02  9.052836E+01  2.550000E+00  7.239082E+02  7.701151E-01  1.188900E+03
  4.096000E-01  6.525090E+01  4.223590E+02  9.114988E+01  2.560000E+00  7.235320E+02  7.697149E-01  1.190532E+03
  4.112000E-01  6.592148E+01  4.242650E+02  9.177292E+01  2.570000E+00  7.231576E+02  7.693166E-01  1.192166E+03
  4.128000E-01  6.659585E+01  4.261737E+02  9.239747E+01  2.580000E+00  7.227849E+02  7.689201E-01  1.193803E+03
  4.144000E-01  6.727400E+01  4.280849E+02  9.302352E+01  2.590000E+00  7.224138E+02  7.685253E-01  1.195442E+03
  4.160000E-01  6.795592E+01  4.299988E+02  9.365106E+01  2.600000E+00  7.220445E+02  7.681324E-01  1.197085E+03
  4.176000E-01  6.864163E+01  4.319154E+02  9.428010E+01  2.610000E+00  7.216768E+02  7.677412E-01  1.198730E+03
  4.192000E-01  6.933113E+01  4.338345E+02  9.491061E+01  2.620000E+00  7.213107E+02  7.673519E-01  1.200378E+03
  4.208000E-01  7.002441E+01  4.357563E+02  9.554261E+01  2.630000E+00  7.209464E+02  7.669642E-01  1.202029E+03
  4.224000E-01  7.072148E+01  4.376808E+02  9.617607E+01  2.640000E+00  7.205836E+02  7.665783E-01  1.203682E+03
  4.240000E-01  7.142233E+01  4.396079E+02  9.681100E+01  2.650000E+00  7.202225E+02  7.661942E-01  1.205338E+03
  4.256000E-01  7.212698E+01  4.415376E+02  9.744738E+01  2.660000E+00  7.198631E+02  7.658118E-01  1.206997E+03
  4.272000E-01  7.283542E+01  4.434700E+02  9.808521E+01  2.670000E+00  7.195052E+02  7.654311E-01  1.208659E+03
  4.288000E-01  7.354764E+01  4.454051E+02  9.872449E+01  2.680000E+00  7.191489E+02  7.650521E-01  1.210323E+03
  4.304000E-01  7.426367E+01  4.473428E+02  9.936521E+01  2.690000E+00  7.187943E+02  7.646747E-01  1.211990E+03
  4.320000E-01  7.498348E+01  4.492832E+02  1.000074E+02  2.700000E+00  7.184412E+02  7.642991E-01  1.213659E+03
  4.336000E-01  7.570709E+01  4.512262E+02  1.006509E+02  2.710000E+00  7.180896E+02  7.639251E-01  1.215331E+03
  4.352000E-01  7.643450E+01  4.531720E+02  1.012959E+02  2.720000E+00  7.177397E+02  7.635528E-01  1.217006E+03
  4.368000E-01  7.716570E+01  4.551204E+02  1.019423E+02  2.730000E+00  7.173912E+02  7.631822E-01  1.218683E+03
  4.384000E-01  7.790071E+01  4.570715E+02  1.025901E+02  2.740000E+00  7.170444E+02  7.628132E-01  1.220363E+03
  4.400000E-01  7.863951E+01  4.590253E+02  1.032394E+02  2.750000E+00  7.166990E+02  7.624458E-01  1.222045E+03
  4.416000E-01  7.938211E+01  4.609818E+02  1.038900E+02  2.760000E+00  7.163552E+02  7.620800E-01  1.223730E+03
  4.432000E-01  8.012851E+01  4.629410E+02  1.045420E+02  2.770000E+00  7.160129E+02  7.617158E-01  1.225417E+03
  4.448000E-01  8.087872E+01  4.649029E+02  1.051954E+02  2.780000E+00  7.156721E+02  7.613533E-01  1.227106E+03
  4.464000E-01  8.163273E+01  4.668675E+02  1.058501E+02  2.790000E+00  7.153328E+02  7.609923E-01  1.228799E+03
  4.480000E-01  8.239054E+01  4.688348E+02  1.065062E+02  2.800000E+00  7.149949E+02  7.606329E-01  1.230493E+03
  4.496000E-01  8.315215E+01  4.708048E+02  1.071637E+02  2.810000E+00  7.146586E+02  7.602751E-01  1.232190E+03
  4.512000E-01  8.391757E+01  4.727775E+02  1.078226E+02  2.820000E+00  7.143237E+02  7.599188E-01  1.233890E+03
  4.528000E-01  8.468680E+01  4.747530E+02  1.084828E+02  2.830000E+00  7.139902E+02  7.595641E-01  1.235592E+03
  4.544000E-01  8.545983E+01  4.767312E+02  1.091443E+02  2.840000E+00  7.136583E+02  7.592109E-01  1.237296E+03
  4.560000E-01  8.623667E+01  4.787121E+02  1.098072E+02  2.850000E+00  7.133277E+02  7.588593E-01  1.239003E+03
  4.576000E-01  8.701732E+01  4.806957E+02  1.104715E+02  2.860000E+00  7.129986E+02  7.585091E-01  1.240712E+03
  4.592000E-01  8.780177E+01  4.826821E+02  1.111370E+02  2.870000E+00  7.126709E+02  7.581605E-01  1.242423E+03
  4.608000E-01  8.859004E+01  4.846712E+02  1.118039E+02  2.880000E+00  7.123446E+02  7.578134E-01  1.244137E+03
  4.624000E-01  8.938211E+01  4.866631E+02  1.124721E+02  2.890000E+00  7.120197E+02  7.574678E-01  1.245853E+03
  4.640000E-01  9.017800E+01  4.886577E+02  1.131416E+02  2.900000E+00  7.116962E+02  7.571236E-01  1.247571E+03
  4.656000E-01  9.097770E+01  4.906551E+02  1.138125E+02  2.910000E+00  7.113741E+02  7.567810E-01  1.249291E+03
  4.672000E-01  9.178120E+01  4.926552E+02  1.144846E+02  2.920000E+00  7.110534E+02  7.564398E-01  1.251014E+03
  4.688000E-01  9.258852E+01  4.946581E+02  1.151580E+02  2.930000E+00  7.107341E+02  7.561001E-01  1.252739E+03
  4.704000E-01  9.339965E+01  4.966637E+02  1.158327E+02  2.940000E+00  7.104161E+02  7.557618E-01  1.254467E+03
  4.720000E-01  9.421460E+01  4.986721E+02  1.165087E+02  2.950000E+00  7.100994E+02  7.554249E-01  1.256196E+03
  4.736000E-01  9.503336E+01  5.006833E+02  1.171860E+02  2.960000E+00  7.097841E+02  7.550895E-01  1.257928E+03
  4.752000E-01  9.585593E+01  5.026972E+02  1.178645E+02  2.970000E+00  7.094702E+02  7.547555E-01  1.259662E+03
  4.768000E-01  9.668231E+01  5.047139E+02  1.185443E+02  2.980000E+00  7.091576E+02  7.544229E-01  1.261398E+03
  4.784000E-01  9.751251E+01  5.067334E+02  1.192254E+02  2.990000E+00  7.088463E+02  7.540918E-01  1.263136E+03
  4.800000E-01  9.834653E+01  5.087557E+02  1.199077E+02  3.000000E+00  7.085363E+02  7.537620E-01  1.264877E+03
  4.816000E-01  9.918436E+01  5.107808E+02  1.205913E+02  3.010000E+00  7.082276E+02  7.534336E-01  1.266619E+03
  4.832000E-01  1.000260E+02  5.128086E+02  1.212762E+02  3.020000E+00  7.079202E+02  7.531066E-01  1.268364E+03
  4.848000E-01  1.008715E+02  5.148393E+02  1.219622E+02  3.030000E+00  7.076141E+02  7.527810E-01  1.270111E+03
  4.864000E-01  1.017207E+02  5.168727E+02  1.226496E+02  3.040000E+00  7.073093E+02  7.524567E-01  1.271860E+03
  4.880000E-01  1.025738E+02  5.189090E+02  1.233381E+02  3.050000E+00  7.070057E+02  7.521338E-01  1.273611E+03
  4.896000E-01  1.034307E+02  5.209480E+02  1.240279E+02  3.060000E+00  7.067035E+02  7.518122E-01  1.275364E+03
  4.912000E-01  1.042915E+02  5.229899E+02  1.247188E+02  3.070000E+00  7.064025E+02  7.514920E-01  1.277119E+03
  4.928000E-01  1.051560E+02  5.250346E+02  1.254110E+02  3.080000E+00  7.061027E+02  7.511731E-01  1.278876E+03
  4.944000E-01  1.060244E+02  5.270820E+02  1.261045E+02  3.090000E+00  7.058042E+02  7.508555E-01  1.280636E+03
  4.960000E-01  1.068966E+02  5.291323E+02  1.267991E+02  3.100000E+00  7.055069E+02  7.505393E-01  1.282397E+03
  4.976000E-01  1.077726E+02  5.311854E+02  1.274949E+02  3.110000E+00  7.052108E+02  7.502243E-01  1.284160E+03
  4.992000E-01  1.086524E+02  5.332414E+02  1.281919E+02  3.120000E+00  7.049160E+02  7.499107E-01  1.285926E+03
  5.008000E-01  1.095360E+02  5.353002E+02  1.288901E+02  3.130000E+00  7.046224E+02  7.495983E-01  1.287693E+03
  5.024000E-01  1.104234E+02  5.373617E+02  1.295895E+02  3.140000E+00  7.043300E+02  7.492872E-01  1.289462E+03
  5.040000E-01  1.113147E+02  5.394262E+02  1.302900E+02  3.150000E+00  7.040388E+02  7.489775E-01  1.291233E+03
