  1.000000E-02  1.183909E+03
  1.200000E-02  1.182149E+03
  1.400000E-02  1.180406E+03
  1.600000E-02  1.178682E+03
  1.800000E-02  1.176975E+03
  2.000000E-02  1.175285E+03
  2.200000E-02  1.173612E+03
  2.400000E-02  1.171956E+03
  2.600000E-02  1.170316E+03
  2.800000E-02  1.168693E+03
  3.000000E-02  1.167085E+03
  3.200000E-02  1.165493E+03
  3.400000E-02  1.163917E+03
  3.600000E-02  1.162356E+03
  3.800000E-02  1.160810E+03
  4.000000E-02  1.159279E+03
  4.200000E-02  1.157763E+03
  4.400000E-02  1.156261E+03
  4.600000E-02  1.154774E+03
  4.800000E-02  1.153301E+03
  5.000000E-02  1.151841E+03
  5.200000E-02  1.150396E+03
  5.400000E-02  1.148964E+03
  5.600000E-02  1.147545E+03
  5.800000E-02  1.146140E+03
  6.000000E-02  1.144748E+03
  6.200000E-02  1.143368E+03
  6.400000E-02  1.142002E+03
  6.600000E-02  1.140648E+03
  6.800000E-02  1.139306E+03
  7.000000E-02  1.137977E+03
  7.200000E-02  1.136660E+03
  7.400000E-02  1.135355E+03
  7.600000E-02  1.134061E+03
  7.800000E-02  1.132780E+03
  8.000000E-02  1.131510E+03
  8.200000E-02  1.130251E+03
  8.400000E-02  1.129004E+03
  8.600000E-02  1.127768E+03
  8.800000E-02  1.126543E+03
  9.000000E-02  1.125328E+03
  9.200000E-02  1.124125E+03
  9.400000E-02  1.122932E+03
  9.600000E-02  1.121750E+03
  9.800000E-02  1.120578E+03
  1.000000E-01  1.119416E+03
  1.020000E-01  1.118264E+03
  1.040000E-01  1.117123E+03
  1.060000E-01  1.115991E+03
  1.080000E-01  1.114869E+03
  1.100000E-01  1.113757E+03
  1.120000E-01  1.112654E+03
  1.140000E-01  1.111561E+03
  1.160000E-01  1.110477E+03
  1.180000E-01  1.109402E+03
  1.200000E-01  1.108337E+03
  1.220000E-01  1.107280E+03
  1.240000E-01  1.106233E+03
  1.260000E-01  1.105194E+03
  1.280000E-01  1.104164E+03
  1.300000E-01  1.103143E+03
  1.320000E-01  1.102130E+03
  1.340000E-01  1.101125E+03
  1.360000E-01  1.100128E+03
  1.380000E-01  1.099139E+03
  1.400000E-01  1.098159E+03
  1.420000E-01  1.097186E+03
  1.440000E-01  1.096221E+03
  1.460000E-01  1.095264E+03
  1.480000E-01  1.094314E+03
  1.500000E-01  1.093372E+03
  1.520000E-01  1.092438E+03
  1.540000E-01  1.091511E+03
  1.560000E-01  1.090592E+03
  1.580000E-01  1.089679E+03
  1.600000E-01  1.088774E+03
  1.620000E-01  1.087877E+03
  1.640000E-01  1.086986E+03
  1.660000E-01  1.086102E+03
  1.680000E-01  1.085225E+03
  1.700000E-01  1.084356E+03
  1.720000E-01  1.083492E+03
  1.740000E-01  1.082636E+03
  1.760000E-01  1.081786E+03
  1.780000E-01  1.080943E+03
  1.800000E-01  1.080107E+03
  1.820000E-01  1.079276E+03
  1.840000E-01  1.078453E+03
  1.860000E-01  1.077635E+03
  1.880000E-01  1.076824E+03
  1.900000E-01  1.076019E+03
  1.920000E-01  1.075220E+03
  1.940000E-01  1.074427E+03
  1.960000E-01  1.073640E+03
  1.980000E-01  1.072859E+03
  2.000000E-01  1.072084E+03
  2.020000E-01  1.071315E+03
  2.040000E-01  1.070552E+03
  2.060000E-01  1.069794E+03
  2.080000E-01  1.069042E+03
  2.100000E-01  1.068296E+03
  2.120000E-01  1.067555E+03
  2.140000E-01  1.066819E+03
  2.160000E-01  1.066089E+03
  2.180000E-01  1.065365E+03
  2.200000E-01  1.064645E+03
  2.220000E-01  1.063931E+03
  2.240000E-01  1.063222E+03
  2.260000E-01  1.062519E+03
  2.280000E-01  1.061820E+03
  2.300000E-01  1.061127E+03
  2.320000E-01  1.060438E+03
  2.340000E-01  1.059755E+03
  2.360000E-01  1.059076E+03
  2.380000E-01  1.058402E+03
  2.400000E-01  1.057734E+03
  2.420000E-01  1.057070E+03
  2.440000E-01  1.056410E+03
  2.460000E-01  1.055756E+03
  2.480000E-01  1.055105E+03
  2.500000E-01  1.054460E+03
  2.520000E-01  1.053819E+03
  2.540000E-01  1.053183E+03
  2.560000E-01  1.052551E+03
  2.580000E-01  1.051924E+03
  2.600000E-01  1.051301E+03
  2.620000E-01  1.050682E+03
  2.640000E-01  1.050068E+03
  2.660000E-01  1.049457E+03
  2.680000E-01  1.048852E+03
  2.700000E-01  1.048250E+03
  2.720000E-01  1.047652E+03
  2.740000E-01  1.047059E+03
  2.760000E-01  1.046469E+03
  2.780000E-01  1.045884E+03
  2.800000E-01  1.045303E+03
  2.820000E-01  1.044725E+03
  2.840000E-01  1.044152E+03
  2.860000E-01  1.043582E+03
  2.880000E-01  1.043017E+03
  2.900000E-01  1.042455E+03
  2.920000E-01  1.041897E+03
  2.940000E-01  1.041343E+03
  2.960000E-01  1.040792E+03
  2.980000E-01  1.040245E+03
  3.000000E-01  1.039702E+03
  3.020000E-01  1.039162E+03
  3.040000E-01  1.038626E+03
  3.060000E-01  1.038094E+03
  3.080000E-01  1.037565E+03
  3.100000E-01  1.037039E+03
  3.120000E-01  1.036517E+03
  3.140000E-01  1.035998E+03
  3.160000E-01  1.035483E+03
  3.180000E-01  1.034971E+03
  3.200000E-01  1.034463E+03
  3.220000E-01  1.033958E+03
  3.240000E-01  1.033456E+03
  3.260000E-01  1.032957E+03
  3.280000E-01  1.032462E+03
  3.300000E-01  1.031970E+03
  3.320000E-01  1.031481E+03
  3.340000E-01  1.030995E+03
  3.360000E-01  1.030512E+03
  3.380000E-01  1.030032E+03
  3.400000E-01  1.029556E+03
  3.420000E-01  1.029082E+03
  3.440000E-01  1.028612E+03
  3.460000E-01  1.028144E+03
  3.480000E-01  1.027679E+03
  3.500000E-01  1.027218E+03
  3.520000E-01  1.026759E+03
  3.540000E-01  1.026303E+03
  3.560000E-01  1.025850E+03
  3.580000E-01  1.025400E+03
  3.600000E-01  1.024953E+03
  3.620000E-01  1.024508E+03
  3.640000E-01  1.024066E+03
  3.660000E-01  1.023627E+03
  3.680000E-01  1.023191E+03
  3.700000E-01  1.022757E+03
  3.720000E-01  1.022326E+03
  3.740000E-01  1.021898E+03
  3.760000E-01  1.021472E+03
  3.780000E-01  1.021049E+03
  3.800000E-01  1.020629E+03
  3.820000E-01  1.020211E+03
  3.840000E-01  1.019796E+03
  3.860000E-01  1.019383E+03
  3.880000E-01  1.018972E+03
  3.900000E-01  1.018565E+03
  3.920000E-01  1.018159E+03
  3.940000E-01  1.017756E+03
  3.960000E-01  1.017356E+03
  3.980000E-01  1.016958E+03
  4.000000E-01  1.016562E+03
  4.020000E-01  1.016169E+03
  4.040000E-01  1.015778E+03
  4.060000E-01  1.015389E+03
  4.080000E-01  1.015003E+03
  4.100000E-01  1.014619E+03
  4.120000E-01  1.014237E+03
  4.140000E-01  1.013857E+03
  4.160000E-01  1.013480E+03
  4.180000E-01  1.013105E+03
  4.200000E-01  1.012732E+03
  4.220000E-01  1.012361E+03
  4.240000E-01  1.011993E+03
  4.260000E-01  1.011626E+03
  4.280000E-01  1.011262E+03
  4.300000E-01  1.010900E+03
  4.320000E-01  1.010540E+03
  4.340000E-01  1.010182E+03
  4.360000E-01  1.009848E+03
  4.380000E-01  1.009511E+03
  4.400000E-01  1.009177E+03
  4.420000E-01  1.008848E+03
  4.440000E-01  1.008521E+03
  4.460000E-01  1.008198E+03
  4.480000E-01  1.007878E+03
  4.500000E-01  1.007561E+03
  4.520000E-01  1.007247E+03
  4.540000E-01  1.006935E+03
  4.560000E-01  1.006625E+03
  4.580000E-01  1.006318E+03
  4.600000E-01  1.006014E+03
  4.620000E-01  1.005711E+03
  4.640000E-01  1.005411E+03
  4.660000E-01  1.005113E+03
  4.680000E-01  1.004817E+03
  4.700000E-01  1.004584E+03
  4.720000E-01  1.004332E+03
  4.740000E-01  1.004084E+03
  4.760000E-01  1.003840E+03
  4.780000E-01  1.003598E+03
  4.800000E-01  1.003359E+03
  4.820000E-01  1.003123E+03
  4.840000E-01  1.002888E+03
  4.860000E-01  1.002655E+03
  4.880000E-01  1.002423E+03
  4.900000E-01  1.002194E+03
  4.920000E-01  1.001966E+03
  4.940000E-01  1.001739E+03
  4.960000E-01  1.001513E+03
  4.980000E-01  1.001289E+03
  5.000000E-01  1.001066E+03
  5.020000E-01  1.000845E+03
  5.040000E-01  1.000624E+03
  5.060000E-01  1.000405E+03
  5.080000E-01  1.000187E+03
  5.100000E-01  9.999695E+02
  5.120000E-01  9.997534E+02
  5.140000E-01  9.995383E+02
  5.160000E-01  9.993242E+02
  5.180000E-01  9.991111E+02
  5.200000E-01  9.988990E+02
  5.220000E-01  9.986878E+02
  5.240000E-01  9.984776E+02
  5.260000E-01  9.982683E+02
  5.280000E-01  9.980598E+02
  5.300000E-01  9.978523E+02
  5.320000E-01  9.976456E+02
  5.340000E-01  9.974398E+02
  5.360000E-01  9.972349E+02
  5.380000E-01  9.970308E+02
  5.400000E-01  9.968275E+02
  5.420000E-01  9.966251E+02
  5.440000E-01  9.964235E+02
  5.460000E-01  9.962227E+02
  5.480000E-01  9.960226E+02
  5.500000E-01  9.958234E+02
  5.520000E-01  9.956249E+02
  5.540000E-01  9.954272E+02
  5.560000E-01  9.952303E+02
  5.580000E-01  9.950341E+02
  5.600000E-01  9.948387E+02
  5.620000E-01  9.946440E+02
  5.640000E-01  9.944501E+02
  5.660000E-01  9.942569E+02
  5.680000E-01  9.940644E+02
  5.700000E-01  9.938726E+02
  5.720000E-01  9.936815E+02
  5.740000E-01  9.934912E+02
  5.760000E-01  9.933015E+02
  5.780000E-01  9.931125E+02
  5.800000E-01  9.929242E+02
  5.820000E-01  9.927366E+02
  5.840000E-01  9.925497E+02
  5.860000E-01  9.923635E+02
  5.880000E-01  9.921779E+02
  5.900000E-01  9.919930E+02
  5.920000E-01  9.918087E+02
  5.940000E-01  9.916252E+02
  5.960000E-01  9.914422E+02
  5.980000E-01  9.912599E+02
  6.000000E-01  9.910782E+02
  6.020000E-01  9.908972E+02
  6.040000E-01  9.907168E+02
  6.060000E-01  9.905371E+02
  6.080000E-01  9.903579E+02
  6.100000E-01  9.901794E+02
  6.120000E-01  9.900015E+02
  6.140000E-01  9.898242E+02
  6.160000E-01  9.896476E+02
  6.180000E-01  9.894715E+02
  6.200000E-01  9.892960E+02
  6.220000E-01  9.891212E+02
  6.240000E-01  9.889469E+02
  6.260000E-01  9.887732E+02
  6.280000E-01  9.886001E+02
  6.300000E-01  9.884276E+02
  6.320000E-01  9.882557E+02
  6.340000E-01  9.880843E+02
  6.360000E-01  9.879135E+02
  6.380000E-01  9.877433E+02
  6.400000E-01  9.875737E+02
  6.420000E-01  9.874046E+02
  6.440000E-01  9.872361E+02
  6.460000E-01  9.870681E+02
  6.480000E-01  9.869007E+02
  6.500000E-01  9.867339E+02
  6.520000E-01  9.865676E+02
  6.540000E-01  9.864018E+02
  6.560000E-01  9.862366E+02
  6.580000E-01  9.860720E+02
  6.600000E-01  9.859078E+02
  6.620000E-01  9.857442E+02
  6.640000E-01  9.855812E+02
  6.660000E-01  9.854186E+02
  6.680000E-01  9.852566E+02
  6.700000E-01  9.850952E+02
  6.720000E-01  9.849342E+02
  6.740000E-01  9.847738E+02
  6.760000E-01  9.846138E+02
  6.780000E-01  9.844544E+02
  6.800000E-01  9.842955E+02
  6.820000E-01  9.841371E+02
  6.840000E-01  9.839792E+02
  6.860000E-01  9.838218E+02
  6.880000E-01  9.836650E+02
  6.900000E-01  9.835086E+02
  6.920000E-01  9.833527E+02
  6.940000E-01  9.831973E+02
  6.960000E-01  9.830424E+02
  6.980000E-01  9.828880E+02
  7.000000E-01  9.827340E+02
  7.020000E-01  9.825806E+02
  7.040000E-01  9.824276E+02
  7.060000E-01  9.822751E+02
  7.080000E-01  9.821231E+02
  7.100000E-01  9.819716E+02
  7.120000E-01  9.818205E+02
  7.140000E-01  9.816699E+02
  7.160000E-01  9.815198E+02
  7.180000E-01  9.813701E+02
  7.200000E-01  9.812209E+02
  7.220000E-01  9.810722E+02
  7.240000E-01  9.809239E+02
  7.260000E-01  9.807761E+02
  7.280000E-01  9.806288E+02
  7.300000E-01  9.804818E+02
  7.320000E-01  9.803354E+02
  7.340000E-01  9.801894E+02
  7.360000E-01  9.800438E+02
  7.380000E-01  9.798987E+02
  7.400000E-01  9.797540E+02
  7.420000E-01  9.796098E+02
  7.440000E-01  9.794660E+02
  7.460000E-01  9.793226E+02
  7.480000E-01  9.791797E+02
  7.500000E-01  9.790372E+02
  7.520000E-01  9.788951E+02
  7.540000E-01  9.787535E+02
  7.560000E-01  9.786123E+02
  7.580000E-01  9.784715E+02
  7.600000E-01  9.783312E+02
  7.620000E-01  9.781912E+02
  7.640000E-01  9.780517E+02
  7.660000E-01  9.779126E+02
  7.680000E-01  9.777739E+02
  7.700000E-01  9.776357E+02
  7.720000E-01  9.774978E+02
  7.740000E-01  9.773604E+02
  7.760000E-01  9.772233E+02
  7.780000E-01  9.770867E+02
  7.800000E-01  9.769505E+02
  7.820000E-01  9.768147E+02
  7.840000E-01  9.766792E+02
  7.860000E-01  9.765442E+02
  7.880000E-01  9.764096E+02
  7.900000E-01  9.762754E+02
  7.920000E-01  9.761416E+02
  7.940000E-01  9.760081E+02
  7.960000E-01  9.758751E+02
  7.980000E-01  9.757581E+02
  8.000000E-01  9.756364E+02
  8.020000E-01  9.755164E+02
  8.040000E-01  9.753979E+02
  8.060000E-01  9.752806E+02
  8.080000E-01  9.751645E+02
  8.100000E-01  9.750494E+02
  8.120000E-01  9.749352E+02
  8.140000E-01  9.748219E+02
  8.160000E-01  9.747094E+02
  8.180000E-01  9.745976E+02
  8.200000E-01  9.744865E+02
  8.220000E-01  9.743761E+02
  8.240000E-01  9.742664E+02
  8.260000E-01  9.741572E+02
  8.280000E-01  9.740486E+02
  8.300000E-01  9.739406E+02
  8.320000E-01  9.738331E+02
  8.340000E-01  9.737261E+02
  8.360000E-01  9.736196E+02
  8.380000E-01  9.735135E+02
  8.400000E-01  9.734079E+02
  8.420000E-01  9.733028E+02
  8.440000E-01  9.731981E+02
  8.460000E-01  9.730938E+02
  8.480000E-01  9.729899E+02
  8.500000E-01  9.728864E+02
  8.520000E-01  9.727832E+02
  8.540000E-01  9.726805E+02
  8.560000E-01  9.725781E+02
  8.580000E-01  9.724761E+02
  8.600000E-01  9.723744E+02
  8.620000E-01  9.722731E+02
  8.640000E-01  9.721721E+02
  8.660000E-01  9.720714E+02
  8.680000E-01  9.719711E+02
  8.700000E-01  9.718710E+02
  8.720000E-01  9.717713E+02
  8.740000E-01  9.716719E+02
  8.760000E-01  9.715728E+02
  8.780000E-01  9.714740E+02
  8.800000E-01  9.713754E+02
  8.820000E-01  9.712772E+02
  8.840000E-01  9.711792E+02
  8.860000E-01  9.710816E+02
  8.880000E-01  9.709841E+02
  8.900000E-01  9.708870E+02
  8.920000E-01  9.707901E+02
  8.940000E-01  9.706935E+02
  8.960000E-01  9.705972E+02
  8.980000E-01  9.705011E+02
  9.000000E-01  9.704052E+02
  9.020000E-01  9.703097E+02
  9.040000E-01  9.702143E+02
  9.060000E-01  9.701192E+02
  9.080000E-01  9.700244E+02
  9.100000E-01  9.699298E+02
  9.120000E-01  9.698354E+02
  9.140000E-01  9.697413E+02
  9.160000E-01  9.696473E+02
  9.180000E-01  9.695537E+02
  9.200000E-01  9.694602E+02
  9.220000E-01  9.693670E+02
  9.240000E-01  9.692740E+02
  9.260000E-01  9.691812E+02
  9.280000E-01  9.690887E+02
  9.300000E-01  9.689964E+02
  9.320000E-01  9.689042E+02
  9.340000E-01  9.688123E+02
  9.360000E-01  9.687207E+02
  9.380000E-01  9.686292E+02
  9.400000E-01  9.685379E+02
  9.420000E-01  9.684469E+02
  9.440000E-01  9.683560E+02
  9.460000E-01  9.682654E+02
  9.480000E-01  9.681749E+02
  9.500000E-01  9.680847E+02
  9.520000E-01  9.679947E+02
  9.540000E-01  9.679048E+02
  9.560000E-01  9.678152E+02
  9.580000E-01  9.677258E+02
  9.600000E-01  9.676365E+02
  9.620000E-01  9.675475E+02
  9.640000E-01  9.674586E+02
  9.660000E-01  9.673700E+02
  9.680000E-01  9.672815E+02
  9.700000E-01  9.671932E+02
  9.720000E-01  9.671052E+02
  9.740000E-01  9.670173E+02
  9.760000E-01  9.669296E+02
  9.780000E-01  9.668420E+02
  9.800000E-01  9.667547E+02
  9.820000E-01  9.666675E+02
  9.840000E-01  9.665806E+02
  9.860000E-01  9.664938E+02
  9.880000E-01  9.664072E+02
  9.900000E-01  9.663207E+02
  9.920000E-01  9.662345E+02
  9.940000E-01  9.661484E+02
  9.960000E-01  9.660625E+02
  9.980000E-01  9.659768E+02
  1.000000E+00  9.658912E+02
  1.002000E+00  9.658059E+02
  1.004000E+00  9.657207E+02
  1.006000E+00  9.656356E+02
  1.008000E+00  9.655508E+02
  1.010000E+00  9.654661E+02
  1.012000E+00  9.653816E+02
  1.014000E+00  9.652972E+02
  1.016000E+00  9.652130E+02
  1.018000E+00  9.651290E+02
  1.020000E+00  9.650452E+02
  1.022000E+00  9.649615E+02
  1.024000E+00  9.648780E+02
  1.026000E+00  9.647946E+02
  1.028000E+00  9.647114E+02
  1.030000E+00  9.646284E+02
  1.032000E+00  9.645455E+02
  1.034000E+00  9.644628E+02
  1.036000E+00  9.643802E+02
  1.038000E+00  9.642978E+02
  1.040000E+00  9.642156E+02
  1.042000E+00  9.641335E+02
  1.044000E+00  9.640515E+02
  1.046000E+00  9.639697E+02
  1.048000E+00  9.638881E+02
  1.050000E+00  9.638066E+02
  1.052000E+00  9.637252E+02
  1.054000E+00  9.636440E+02
  1.056000E+00  9.635629E+02
  1.058000E+00  9.634819E+02
  1.060000E+00  9.634011E+02
  1.062000E+00  9.633204E+02
  1.064000E+00  9.632397E+02
  1.066000E+00  9.631592E+02
  1.068000E+00  9.630787E+02
  1.070000E+00  9.629984E+02
  1.072000E+00  9.629183E+02
  1.074000E+00  9.628383E+02
  1.076000E+00  9.627586E+02
  1.078000E+00  9.626790E+02
  1.080000E+00  9.625996E+02
  1.082000E+00  9.625204E+02
  1.084000E+00  9.624413E+02
  1.086000E+00  9.623625E+02
  1.088000E+00  9.622838E+02
  1.090000E+00  9.622053E+02
  1.092000E+00  9.621270E+02
  1.094000E+00  9.620488E+02
  1.096000E+00  9.619708E+02
  1.098000E+00  9.618930E+02
  1.100000E+00  9.618154E+02
  1.102000E+00  9.617379E+02
  1.104000E+00  9.616607E+02
  1.106000E+00  9.615835E+02
  1.108000E+00  9.615066E+02
  1.110000E+00  9.614298E+02
  1.112000E+00  9.613532E+02
  1.114000E+00  9.612768E+02
  1.116000E+00  9.612006E+02
  1.118000E+00  9.611245E+02
  1.120000E+00  9.610485E+02
  1.122000E+00  9.609728E+02
  1.124000E+00  9.608972E+02
  1.126000E+00  9.608218E+02
  1.128000E+00  9.607466E+02
  1.130000E+00  9.606715E+02
  1.132000E+00  9.605966E+02
  1.134000E+00  9.605218E+02
  1.136000E+00  9.604472E+02
  1.138000E+00  9.603728E+02
  1.140000E+00  9.602986E+02
  1.142000E+00  9.602245E+02
  1.144000E+00  9.601505E+02
  1.146000E+00  9.600768E+02
  1.148000E+00  9.600032E+02
  1.150000E+00  9.599297E+02
  1.152000E+00  9.598564E+02
  1.154000E+00  9.597833E+02
  1.156000E+00  9.597104E+02
  1.158000E+00  9.596376E+02
  1.160000E+00  9.595649E+02
  1.162000E+00  9.594924E+02
  1.164000E+00  9.594201E+02
  1.166000E+00  9.593480E+02
  1.168000E+00  9.592760E+02
  1.170000E+00  9.592041E+02
  1.172000E+00  9.591324E+02
  1.174000E+00  9.590609E+02
  1.176000E+00  9.589895E+02
  1.178000E+00  9.589183E+02
  1.180000E+00  9.588472E+02
  1.182000E+00  9.587763E+02
  1.184000E+00  9.587056E+02
  1.186000E+00  9.586350E+02
  1.188000E+00  9.585645E+02
  1.190000E+00  9.584942E+02
  1.192000E+00  9.584241E+02
  1.194000E+00  9.583541E+02
  1.196000E+00  9.582842E+02
  1.198000E+00  9.582146E+02
  1.200000E+00  9.581450E+02
