  1.000000E-02  0.000000E+00
  1.200000E-02  0.000000E+00
  1.400000E-02  0.000000E+00
  1.600000E-02  0.000000E+00
  1.800000E-02  0.000000E+00
  2.000000E-02  0.000000E+00
  2.200000E-02  0.000000E+00
  2.400000E-02  0.000000E+00
  2.600000E-02  0.000000E+00
  2.800000E-02  0.000000E+00
  3.000000E-02  0.000000E+00
  3.200000E-02  0.000000E+00
  3.400000E-02  0.000000E+00
  3.600000E-02  0.000000E+00
  3.800000E-02  0.000000E+00
  4.000000E-02  0.000000E+00
  4.200000E-02  0.000000E+00
  4.400000E-02  0.000000E+00
  4.600000E-02  0.000000E+00
  4.800000E-02  0.000000E+00
  5.000000E-02  0.000000E+00
  5.200000E-02  0.000000E+00
  5.400000E-02  0.000000E+00
  5.600000E-02  0.000000E+00
  5.800000E-02  0.000000E+00
  6.000000E-02  0.000000E+00
  6.200000E-02  0.000000E+00
  6.400000E-02  0.000000E+00
  6.600000E-02  0.000000E+00
  6.800000E-02  0.000000E+00
  7.000000E-02  0.000000E+00
  7.200000E-02  0.000000E+00
  7.400000E-02  0.000000E+00
  7.600000E-02  0.000000E+00
  7.800000E-02  0.000000E+00
  8.000000E-02  0.000000E+00
  8.200000E-02  0.000000E+00
  8.400000E-02  0.000000E+00
  8.600000E-02  0.000000E+00
  8.800000E-02  0.000000E+00
  9.000000E-02  0.000000E+00
  9.200000E-02  0.000000E+00
  9.400000E-02  0.000000E+00
  9.600000E-02  0.000000E+00
  9.800000E-02  0.000000E+00
  1.000000E-01  0.000000E+00
  1.020000E-01  0.000000E+00
  1.040000E-01  0.000000E+00
  1.060000E-01  0.000000E+00
  1.080000E-01  0.000000E+00
  1.100000E-01  0.000000E+00
  1.120000E-01  0.000000E+00
  1.140000E-01  0.000000E+00
  1.160000E-01  0.000000E+00
  1.180000E-01  0.000000E+00
  1.200000E-01  0.000000E+00
  1.220000E-01  0.000000E+00
  1.240000E-01  0.000000E+00
  1.260000E-01  0.000000E+00
  1.280000E-01  0.000000E+00
  1.300000E-01  0.000000E+00
  1.320000E-01  0.000000E+00
  1.340000E-01  0.000000E+00
  1.360000E-01  0.000000E+00
  1.380000E-01  0.000000E+00
  1.400000E-01  0.000000E+00
  1.420000E-01  0.000000E+00
  1.440000E-01  0.000000E+00
  1.460000E-01  0.000000E+00
  1.480000E-01  0.000000E+00
  1.500000E-01  0.000000E+00
  1.520000E-01  0.000000E+00
  1.540000E-01  0.000000E+00
  1.560000E-01  0.000000E+00
  1.580000E-01  0.000000E+00
  1.600000E-01  0.000000E+00
  1.620000E-01  0.000000E+00
  1.640000E-01  0.000000E+00
  1.660000E-01  0.000000E+00
  1.680000E-01  0.000000E+00
  1.700000E-01  0.000000E+00
  1.720000E-01  0.000000E+00
  1.740000E-01  0.000000E+00
  1.760000E-01  0.000000E+00
  1.780000E-01  0.000000E+00
  1.800000E-01  0.000000E+00
  1.820000E-01  0.000000E+00
  1.840000E-01  0.000000E+00
  1.860000E-01  0.000000E+00
  1.880000E-01  0.000000E+00
  1.900000E-01  0.000000E+00
  1.920000E-01  0.000000E+00
  1.940000E-01  0.000000E+00
  1.960000E-01  0.000000E+00
  1.980000E-01  0.000000E+00
  2.000000E-01  0.000000E+00
  2.020000E-01  0.000000E+00
  2.040000E-01  0.000000E+00
  2.060000E-01  0.000000E+00
  2.080000E-01  0.000000E+00
  2.100000E-01  0.000000E+00
  2.120000E-01  0.000000E+00
  2.140000E-01  0.000000E+00
  2.160000E-01  0.000000E+00
  2.180000E-01  0.000000E+00
  2.200000E-01  0.000000E+00
  2.220000E-01  0.000000E+00
  2.240000E-01  0.000000E+00
  2.260000E-01  0.000000E+00
  2.280000E-01  0.000000E+00
  2.300000E-01  0.000000E+00
  2.320000E-01  0.000000E+00
  2.340000E-01  0.000000E+00
  2.360000E-01  0.000000E+00
  2.380000E-01  0.000000E+00
  2.400000E-01  0.000000E+00
  2.420000E-01  0.000000E+00
  2.440000E-01  0.000000E+00
  2.460000E-01  0.000000E+00
  2.480000E-01  0.000000E+00
  2.500000E-01  0.000000E+00
  2.520000E-01  0.000000E+00
  2.540000E-01  0.000000E+00
  2.560000E-01  0.000000E+00
  2.580000E-01  0.000000E+00
  2.600000E-01  0.000000E+00
  2.620000E-01  0.000000E+00
  2.640000E-01  0.000000E+00
  2.660000E-01  0.000000E+00
  2.680000E-01  0.000000E+00
  2.700000E-01  0.000000E+00
  2.720000E-01  0.000000E+00
  2.740000E-01  0.000000E+00
  2.760000E-01  0.000000E+00
  2.780000E-01  0.000000E+00
  2.800000E-01  0.000000E+00
  2.820000E-01  0.000000E+00
  2.840000E-01  0.000000E+00
  2.860000E-01  0.000000E+00
  2.880000E-01  0.000000E+00
  2.900000E-01  0.000000E+00
  2.920000E-01  0.000000E+00
  2.940000E-01  0.000000E+00
  2.960000E-01  0.000000E+00
  2.980000E-01  0.000000E+00
  3.000000E-01  0.000000E+00
  3.020000E-01  0.000000E+00
  3.040000E-01  0.000000E+00
  3.060000E-01  0.000000E+00
  3.080000E-01  0.000000E+00
  3.100000E-01  0.000000E+00
  3.120000E-01  0.000000E+00
  3.140000E-01  0.000000E+00
  3.160000E-01  0.000000E+00
  3.180000E-01  0.000000E+00
  3.200000E-01  0.000000E+00
  3.220000E-01  0.000000E+00
  3.240000E-01  0.000000E+00
  3.260000E-01  0.000000E+00
  3.280000E-01  0.000000E+00
  3.300000E-01  0.000000E+00
  3.320000E-01  0.000000E+00
  3.340000E-01  0.000000E+00
  3.360000E-01  0.000000E+00
  3.380000E-01  0.000000E+00
  3.400000E-01  0.000000E+00
  3.420000E-01  0.000000E+00
  3.440000E-01  0.000000E+00
  3.460000E-01  0.000000E+00
  3.480000E-01  0.000000E+00
  3.500000E-01  0.000000E+00
  3.520000E-01  0.000000E+00
  3.540000E-01  0.000000E+00
  3.560000E-01  0.000000E+00
  3.580000E-01  0.000000E+00
  3.600000E-01  0.000000E+00
  3.620000E-01  0.000000E+00
  3.640000E-01  0.000000E+00
  3.660000E-01  0.000000E+00
  3.680000E-01  0.000000E+00
  3.700000E-01  0.000000E+00
  3.720000E-01  0.000000E+00
  3.740000E-01  0.000000E+00
  3.760000E-01  0.000000E+00
  3.780000E-01  0.000000E+00
  3.800000E-01  0.000000E+00
  3.820000E-01  0.000000E+00
  3.840000E-01  0.000000E+00
  3.860000E-01  0.000000E+00
  3.880000E-01  0.000000E+00
  3.900000E-01  0.000000E+00
  3.920000E-01  0.000000E+00
  3.940000E-01  0.000000E+00
  3.960000E-01  0.000000E+00
  3.980000E-01  0.000000E+00
  4.000000E-01  0.000000E+00
  4.020000E-01  0.000000E+00
  4.040000E-01  0.000000E+00
  4.060000E-01  0.000000E+00
  4.080000E-01  0.000000E+00
  4.100000E-01  0.000000E+00
  4.120000E-01  0.000000E+00
  4.140000E-01  0.000000E+00
  4.160000E-01  0.000000E+00
  4.180000E-01  0.000000E+00
  4.200000E-01  0.000000E+00
  4.220000E-01  0.000000E+00
  4.240000E-01  0.000000E+00
  4.260000E-01  0.000000E+00
  4.280000E-01  0.000000E+00
  4.300000E-01  0.000000E+00
  4.320000E-01  0.000000E+00
  4.340000E-01  0.000000E+00
  4.360000E-01  1.945012E-03
  4.380000E-01  3.366526E-03
  4.400000E-01  4.987399E-03
  4.420000E-01  6.768553E-03
  4.440000E-01  8.682893E-03
  4.460000E-01  1.071019E-02
  4.480000E-01  1.283462E-02
  4.500000E-01  1.504340E-02
  4.520000E-01  1.732594E-02
  4.540000E-01  1.967334E-02
  4.560000E-01  2.207796E-02
  4.580000E-01  2.453325E-02
  4.600000E-01  2.703344E-02
  4.620000E-01  2.957351E-02
  4.640000E-01  3.214899E-02
  4.660000E-01  3.475591E-02
  4.680000E-01  3.739073E-02
  4.700000E-01  4.244931E-02
  4.720000E-01  4.668219E-02
  4.740000E-01  5.101892E-02
  4.760000E-01  5.542203E-02
  4.780000E-01  5.986883E-02
  4.800000E-01  6.434422E-02
  4.820000E-01  6.883746E-02
  4.840000E-01  7.334059E-02
  4.860000E-01  7.784752E-02
  4.880000E-01  8.235345E-02
  4.900000E-01  8.685456E-02
  4.920000E-01  9.134773E-02
  4.940000E-01  9.583041E-02
  4.960000E-01  1.003005E-01
  4.980000E-01  1.047562E-01
  5.000000E-01  1.091960E-01
  5.020000E-01  1.136186E-01
  5.040000E-01  1.180230E-01
  5.060000E-01  1.224083E-01
  5.080000E-01  1.267737E-01
  5.100000E-01  1.311185E-01
  5.120000E-01  1.354421E-01
  5.140000E-01  1.397441E-01
  5.160000E-01  1.440240E-01
  5.180000E-01  1.482815E-01
  5.200000E-01  1.525163E-01
  5.220000E-01  1.567282E-01
  5.240000E-01  1.609169E-01
  5.260000E-01  1.650823E-01
  5.280000E-01  1.692243E-01
  5.300000E-01  1.733427E-01
  5.320000E-01  1.774375E-01
  5.340000E-01  1.815086E-01
  5.360000E-01  1.855560E-01
  5.380000E-01  1.895796E-01
  5.400000E-01  1.935796E-01
  5.420000E-01  1.975558E-01
  5.440000E-01  2.015083E-01
  5.460000E-01  2.054373E-01
  5.480000E-01  2.093426E-01
  5.500000E-01  2.132244E-01
  5.520000E-01  2.170828E-01
  5.540000E-01  2.209178E-01
  5.560000E-01  2.247296E-01
  5.580000E-01  2.285181E-01
  5.600000E-01  2.322836E-01
  5.620000E-01  2.360261E-01
  5.640000E-01  2.397458E-01
  5.660000E-01  2.434427E-01
  5.680000E-01  2.471169E-01
  5.700000E-01  2.507687E-01
  5.720000E-01  2.543980E-01
  5.740000E-01  2.580051E-01
  5.760000E-01  2.615900E-01
  5.780000E-01  2.651530E-01
  5.800000E-01  2.686941E-01
  5.820000E-01  2.722134E-01
  5.840000E-01  2.757111E-01
  5.860000E-01  2.791874E-01
  5.880000E-01  2.826423E-01
  5.900000E-01  2.860760E-01
  5.920000E-01  2.894887E-01
  5.940000E-01  2.928805E-01
  5.960000E-01  2.962515E-01
  5.980000E-01  2.996018E-01
  6.000000E-01  3.029317E-01
  6.020000E-01  3.062412E-01
  6.040000E-01  3.095305E-01
  6.060000E-01  3.127998E-01
  6.080000E-01  3.160490E-01
  6.100000E-01  3.192785E-01
  6.120000E-01  3.224884E-01
  6.140000E-01  3.256787E-01
  6.160000E-01  3.288497E-01
  6.180000E-01  3.320014E-01
  6.200000E-01  3.351340E-01
  6.220000E-01  3.382476E-01
  6.240000E-01  3.413424E-01
  6.260000E-01  3.444185E-01
  6.280000E-01  3.474761E-01
  6.300000E-01  3.505152E-01
  6.320000E-01  3.535360E-01
  6.340000E-01  3.565387E-01
  6.360000E-01  3.595233E-01
  6.380000E-01  3.624901E-01
  6.400000E-01  3.654390E-01
  6.420000E-01  3.683704E-01
  6.440000E-01  3.712842E-01
  6.460000E-01  3.741806E-01
  6.480000E-01  3.770598E-01
  6.500000E-01  3.799219E-01
  6.520000E-01  3.827669E-01
  6.540000E-01  3.855951E-01
  6.560000E-01  3.884065E-01
  6.580000E-01  3.912012E-01
  6.600000E-01  3.939794E-01
  6.620000E-01  3.967413E-01
  6.640000E-01  3.994869E-01
  6.660000E-01  4.022163E-01
  6.680000E-01  4.049296E-01
  6.700000E-01  4.076270E-01
  6.720000E-01  4.103087E-01
  6.740000E-01  4.129746E-01
  6.760000E-01  4.156249E-01
  6.780000E-01  4.182598E-01
  6.800000E-01  4.208793E-01
  6.820000E-01  4.234835E-01
  6.840000E-01  4.260727E-01
  6.860000E-01  4.286468E-01
  6.880000E-01  4.312059E-01
  6.900000E-01  4.337503E-01
  6.920000E-01  4.362799E-01
  6.940000E-01  4.387949E-01
  6.960000E-01  4.412955E-01
  6.980000E-01  4.437816E-01
  7.000000E-01  4.462534E-01
  7.020000E-01  4.487111E-01
  7.040000E-01  4.511547E-01
  7.060000E-01  4.535842E-01
  7.080000E-01  4.559999E-01
  7.100000E-01  4.584018E-01
  7.120000E-01  4.607899E-01
  7.140000E-01  4.631645E-01
  7.160000E-01  4.655256E-01
  7.180000E-01  4.678732E-01
  7.200000E-01  4.702076E-01
  7.220000E-01  4.725287E-01
  7.240000E-01  4.748366E-01
  7.260000E-01  4.771316E-01
  7.280000E-01  4.794136E-01
  7.300000E-01  4.816827E-01
  7.320000E-01  4.839390E-01
  7.340000E-01  4.861827E-01
  7.360000E-01  4.884138E-01
  7.380000E-01  4.906323E-01
  7.400000E-01  4.928384E-01
  7.420000E-01  4.950322E-01
  7.440000E-01  4.972138E-01
  7.460000E-01  4.993831E-01
  7.480000E-01  5.015404E-01
  7.500000E-01  5.036857E-01
  7.520000E-01  5.058190E-01
  7.540000E-01  5.079405E-01
  7.560000E-01  5.100503E-01
  7.580000E-01  5.121483E-01
  7.600000E-01  5.142348E-01
  7.620000E-01  5.163097E-01
  7.640000E-01  5.183732E-01
  7.660000E-01  5.204253E-01
  7.680000E-01  5.224660E-01
  7.700000E-01  5.244956E-01
  7.720000E-01  5.265140E-01
  7.740000E-01  5.285214E-01
  7.760000E-01  5.305177E-01
  7.780000E-01  5.325031E-01
  7.800000E-01  5.344777E-01
  7.820000E-01  5.364415E-01
  7.840000E-01  5.383945E-01
  7.860000E-01  5.403369E-01
  7.880000E-01  5.422687E-01
  7.900000E-01  5.441901E-01
  7.920000E-01  5.461010E-01
  7.940000E-01  5.480015E-01
  7.960000E-01  5.498917E-01
  7.980000E-01  5.522754E-01
  8.000000E-01  5.544864E-01
  8.020000E-01  5.567304E-01
  8.040000E-01  5.589989E-01
  8.060000E-01  5.612861E-01
  8.080000E-01  5.635876E-01
  8.100000E-01  5.659003E-01
  8.120000E-01  5.682214E-01
  8.140000E-01  5.705488E-01
  8.160000E-01  5.728806E-01
  8.180000E-01  5.752154E-01
  8.200000E-01  5.775519E-01
  8.220000E-01  5.798888E-01
  8.240000E-01  5.822253E-01
  8.260000E-01  5.845605E-01
  8.280000E-01  5.868935E-01
  8.300000E-01  5.892238E-01
  8.320000E-01  5.915506E-01
  8.340000E-01  5.938736E-01
  8.360000E-01  5.961922E-01
  8.380000E-01  5.985059E-01
  8.400000E-01  6.008143E-01
  8.420000E-01  6.031172E-01
  8.440000E-01  6.054142E-01
  8.460000E-01  6.077050E-01
  8.480000E-01  6.099893E-01
  8.500000E-01  6.122669E-01
  8.520000E-01  6.145375E-01
  8.540000E-01  6.168010E-01
  8.560000E-01  6.190573E-01
  8.580000E-01  6.213060E-01
  8.600000E-01  6.235471E-01
  8.620000E-01  6.257805E-01
  8.640000E-01  6.280059E-01
  8.660000E-01  6.302234E-01
  8.680000E-01  6.324327E-01
  8.700000E-01  6.346339E-01
  8.720000E-01  6.368267E-01
  8.740000E-01  6.390113E-01
  8.760000E-01  6.411873E-01
  8.780000E-01  6.433549E-01
  8.800000E-01  6.455140E-01
  8.820000E-01  6.476645E-01
  8.840000E-01  6.498063E-01
  8.860000E-01  6.519394E-01
  8.880000E-01  6.540639E-01
  8.900000E-01  6.561796E-01
  8.920000E-01  6.582865E-01
  8.940000E-01  6.603847E-01
  8.960000E-01  6.624740E-01
  8.980000E-01  6.645546E-01
  9.000000E-01  6.666263E-01
  9.020000E-01  6.686892E-01
  9.040000E-01  6.707433E-01
  9.060000E-01  6.727885E-01
  9.080000E-01  6.748248E-01
  9.100000E-01  6.768524E-01
  9.120000E-01  6.788711E-01
  9.140000E-01  6.808809E-01
  9.160000E-01  6.828820E-01
  9.180000E-01  6.848742E-01
  9.200000E-01  6.868577E-01
  9.220000E-01  6.888323E-01
  9.240000E-01  6.907982E-01
  9.260000E-01  6.927553E-01
  9.280000E-01  6.947037E-01
  9.300000E-01  6.966434E-01
  9.320000E-01  6.985744E-01
  9.340000E-01  7.004966E-01
  9.360000E-01  7.024103E-01
  9.380000E-01  7.043153E-01
  9.400000E-01  7.062116E-01
  9.420000E-01  7.080994E-01
  9.440000E-01  7.099786E-01
  9.460000E-01  7.118493E-01
  9.480000E-01  7.137114E-01
  9.500000E-01  7.155650E-01
  9.520000E-01  7.174102E-01
  9.540000E-01  7.192470E-01
  9.560000E-01  7.210753E-01
  9.580000E-01  7.228952E-01
  9.600000E-01  7.247068E-01
  9.620000E-01  7.265101E-01
  9.640000E-01  7.283050E-01
  9.660000E-01  7.300917E-01
  9.680000E-01  7.318702E-01
  9.700000E-01  7.336404E-01
  9.720000E-01  7.354024E-01
  9.740000E-01  7.371563E-01
  9.760000E-01  7.389021E-01
  9.780000E-01  7.406398E-01
  9.800000E-01  7.423694E-01
  9.820000E-01  7.440909E-01
  9.840000E-01  7.458045E-01
  9.860000E-01  7.475101E-01
  9.880000E-01  7.492077E-01
  9.900000E-01  7.508974E-01
  9.920000E-01  7.525792E-01
  9.940000E-01  7.542532E-01
  9.960000E-01  7.559193E-01
  9.980000E-01  7.575776E-01
  1.000000E+00  7.592282E-01
  1.002000E+00  7.608709E-01
  1.004000E+00  7.625060E-01
  1.006000E+00  7.641334E-01
  1.008000E+00  7.657531E-01
  1.010000E+00  7.673651E-01
  1.012000E+00  7.689696E-01
  1.014000E+00  7.705664E-01
  1.016000E+00  7.721557E-01
  1.018000E+00  7.737374E-01
  1.020000E+00  7.753116E-01
  1.022000E+00  7.768783E-01
  1.024000E+00  7.784375E-01
  1.026000E+00  7.799892E-01
  1.028000E+00  7.815335E-01
  1.030000E+00  7.830703E-01
  1.032000E+00  7.845997E-01
  1.034000E+00  7.861217E-01
  1.036000E+00  7.876363E-01
  1.038000E+00  7.891434E-01
  1.040000E+00  7.906432E-01
  1.042000E+00  7.921355E-01
  1.044000E+00  7.936205E-01
  1.046000E+00  7.950979E-01
  1.048000E+00  7.965679E-01
  1.050000E+00  7.980305E-01
  1.052000E+00  7.994854E-01
  1.054000E+00  8.009327E-01
  1.056000E+00  8.023723E-01
  1.058000E+00  8.038039E-01
  1.060000E+00  8.052275E-01
  1.062000E+00  8.066425E-01
  1.064000E+00  8.080482E-01
  1.066000E+00  8.094416E-01
  1.068000E+00  8.108266E-01
  1.070000E+00  8.122063E-01
  1.072000E+00  8.135807E-01
  1.074000E+00  8.149497E-01
  1.076000E+00  8.163135E-01
  1.078000E+00  8.176720E-01
  1.080000E+00  8.190253E-01
  1.082000E+00  8.203735E-01
  1.084000E+00  8.217164E-01
  1.086000E+00  8.230542E-01
  1.088000E+00  8.243869E-01
  1.090000E+00  8.257145E-01
  1.092000E+00  8.270370E-01
  1.094000E+00  8.283546E-01
  1.096000E+00  8.296671E-01
  1.098000E+00  8.309746E-01
  1.100000E+00  8.322772E-01
  1.102000E+00  8.335748E-01
  1.104000E+00  8.348676E-01
  1.106000E+00  8.361555E-01
  1.108000E+00  8.374385E-01
  1.110000E+00  8.387167E-01
  1.112000E+00  8.399902E-01
  1.114000E+00  8.412588E-01
  1.116000E+00  8.425227E-01
  1.118000E+00  8.437819E-01
  1.120000E+00  8.450364E-01
  1.122000E+00  8.462862E-01
  1.124000E+00  8.475314E-01
  1.126000E+00  8.487720E-01
  1.128000E+00  8.500080E-01
  1.130000E+00  8.512394E-01
  1.132000E+00  8.524663E-01
  1.134000E+00  8.536886E-01
  1.136000E+00  8.549065E-01
  1.138000E+00  8.561199E-01
  1.140000E+00  8.573288E-01
  1.142000E+00  8.585334E-01
  1.144000E+00  8.597335E-01
  1.146000E+00  8.609292E-01
  1.148000E+00  8.621207E-01
  1.150000E+00  8.633077E-01
  1.152000E+00  8.644905E-01
  1.154000E+00  8.656690E-01
  1.156000E+00  8.668433E-01
  1.158000E+00  8.680133E-01
  1.160000E+00  8.691791E-01
  1.162000E+00  8.703408E-01
  1.164000E+00  8.714982E-01
  1.166000E+00  8.726516E-01
  1.168000E+00  8.738008E-01
  1.170000E+00  8.749459E-01
  1.172000E+00  8.760870E-01
  1.174000E+00  8.772240E-01
  1.176000E+00  8.783569E-01
  1.178000E+00  8.794859E-01
  1.180000E+00  8.806109E-01
  1.182000E+00  8.817319E-01
  1.184000E+00  8.828490E-01
  1.186000E+00  8.839622E-01
  1.188000E+00  8.850715E-01
  1.190000E+00  8.861769E-01
  1.192000E+00  8.872785E-01
  1.194000E+00  8.883762E-01
  1.196000E+00  8.894701E-01
  1.198000E+00  8.905603E-01
  1.200000E+00  8.916467E-01
