  1.000000E-02  1.551921E+00  1.157163E+00 -4.986254E-01
  1.200000E-02  1.855523E+00  1.388596E+00 -5.978322E-01
  1.400000E-02  2.156995E+00  1.620028E+00 -6.968365E-01
  1.600000E-02  2.456373E+00  1.851461E+00 -7.956304E-01
  1.800000E-02  2.753690E+00  2.082893E+00 -8.942071E-01
  2.000000E-02  3.048974E+00  2.314326E+00 -9.925610E-01
  2.200000E-02  3.342255E+00  2.545759E+00 -1.090687E+00
  2.400000E-02  3.633556E+00  2.777191E+00 -1.188581E+00
  2.600000E-02  3.922905E+00  3.008624E+00 -1.286240E+00
  2.800000E-02  4.210322E+00  3.240057E+00 -1.383659E+00
  3.000000E-02  4.495833E+00  3.471489E+00 -1.480836E+00
  3.200000E-02  4.779457E+00  3.702922E+00 -1.577769E+00
  3.400000E-02  5.061216E+00  3.934354E+00 -1.674455E+00
  3.600000E-02  5.341131E+00  4.165787E+00 -1.770893E+00
  3.800000E-02  5.619221E+00  4.397220E+00 -1.867079E+00
  4.000000E-02  5.895506E+00  4.628652E+00 -1.963013E+00
  4.200000E-02  6.170004E+00  4.860085E+00 -2.058693E+00
  4.400000E-02  6.442733E+00  5.091517E+00 -2.154117E+00
  4.600000E-02  6.713713E+00  5.322950E+00 -2.249284E+00
  4.800000E-02  6.982960E+00  5.554383E+00 -2.344193E+00
  5.000000E-02  7.250492E+00  5.785815E+00 -2.438843E+00
  5.200000E-02  7.516325E+00  6.017248E+00 -2.533233E+00
  5.400000E-02  7.780476E+00  6.248680E+00 -2.627361E+00
  5.600000E-02  8.042963E+00  6.480113E+00 -2.721226E+00
  5.800000E-02  8.303800E+00  6.711546E+00 -2.814829E+00
  6.000000E-02  8.563003E+00  6.942978E+00 -2.908167E+00
  6.200000E-02  8.820589E+00  7.174411E+00 -3.001240E+00
  6.400000E-02  9.076572E+00  7.405844E+00 -3.094048E+00
  6.600000E-02  9.330968E+00  7.637276E+00 -3.186589E+00
  6.800000E-02  9.583791E+00  7.868709E+00 -3.278862E+00
  7.000000E-02  9.835057E+00  8.100141E+00 -3.370868E+00
  7.200000E-02  1.008478E+01  8.331574E+00 -3.462605E+00
  7.400000E-02  1.033297E+01  8.563007E+00 -3.554072E+00
  7.600000E-02  1.057965E+01  8.794439E+00 -3.645270E+00
  7.800000E-02  1.082483E+01  9.025872E+00 -3.736197E+00
  8.000000E-02  1.106852E+01  9.257304E+00 -3.826853E+00
  8.200000E-02  1.131073E+01  9.488737E+00 -3.917237E+00
  8.400000E-02  1.155149E+01  9.720170E+00 -4.007349E+00
  8.600000E-02  1.179080E+01  9.951602E+00 -4.097188E+00
  8.800000E-02  1.202867E+01  1.018303E+01 -4.186754E+00
  9.000000E-02  1.226513E+01  1.041447E+01 -4.276045E+00
  9.200000E-02  1.250017E+01  1.064590E+01 -4.365063E+00
  9.400000E-02  1.273382E+01  1.087733E+01 -4.453805E+00
  9.600000E-02  1.296608E+01  1.110877E+01 -4.542273E+00
  9.800000E-02  1.319698E+01  1.134020E+01 -4.630464E+00
  1.000000E-01  1.342651E+01  1.157163E+01 -4.718379E+00
  1.020000E-01  1.365470E+01  1.180306E+01 -4.806018E+00
  1.040000E-01  1.388155E+01  1.203450E+01 -4.893380E+00
  1.060000E-01  1.410708E+01  1.226593E+01 -4.980465E+00
  1.080000E-01  1.433130E+01  1.249736E+01 -5.067271E+00
  1.100000E-01  1.455422E+01  1.272879E+01 -5.153800E+00
  1.120000E-01  1.477585E+01  1.296023E+01 -5.240051E+00
  1.140000E-01  1.499620E+01  1.319166E+01 -5.326023E+00
  1.160000E-01  1.521528E+01  1.342309E+01 -5.411716E+00
  1.180000E-01  1.543311E+01  1.365452E+01 -5.497130E+00
  1.200000E-01  1.564969E+01  1.388596E+01 -5.582264E+00
  1.220000E-01  1.586504E+01  1.411739E+01 -5.667119E+00
  1.240000E-01  1.607917E+01  1.434882E+01 -5.751694E+00
  1.260000E-01  1.629208E+01  1.458025E+01 -5.835990E+00
  1.280000E-01  1.650379E+01  1.481169E+01 -5.920005E+00
  1.300000E-01  1.671431E+01  1.504312E+01 -6.003739E+00
  1.320000E-01  1.692364E+01  1.527455E+01 -6.087194E+00
  1.340000E-01  1.713186E+01  1.550598E+01 -6.169450E+00
  1.360000E-01  1.733900E+01  1.573742E+01 -6.250288E+00
  1.380000E-01  1.754504E+01  1.596885E+01 -6.330208E+00
  1.400000E-01  1.774996E+01  1.620028E+01 -6.409353E+00
  1.420000E-01  1.795378E+01  1.643172E+01 -6.487803E+00
  1.440000E-01  1.815651E+01  1.666315E+01 -6.565610E+00
  1.460000E-01  1.835815E+01  1.689458E+01 -6.642811E+00
  1.480000E-01  1.855870E+01  1.712601E+01 -6.719437E+00
  1.500000E-01  1.875818E+01  1.735745E+01 -6.795509E+00
  1.520000E-01  1.895660E+01  1.758888E+01 -6.871047E+00
  1.540000E-01  1.915396E+01  1.782031E+01 -6.946068E+00
  1.560000E-01  1.935026E+01  1.805174E+01 -7.020586E+00
  1.580000E-01  1.954553E+01  1.828318E+01 -7.094612E+00
  1.600000E-01  1.973976E+01  1.851461E+01 -7.168159E+00
  1.620000E-01  1.993296E+01  1.874604E+01 -7.241235E+00
  1.640000E-01  2.012515E+01  1.897747E+01 -7.313849E+00
  1.660000E-01  2.031633E+01  1.920891E+01 -7.386011E+00
  1.680000E-01  2.050650E+01  1.944034E+01 -7.457726E+00
  1.700000E-01  2.069568E+01  1.967177E+01 -7.529003E+00
  1.720000E-01  2.088387E+01  1.990320E+01 -7.599847E+00
  1.740000E-01  2.107108E+01  2.013464E+01 -7.670266E+00
  1.760000E-01  2.125733E+01  2.036607E+01 -7.740263E+00
  1.780000E-01  2.144260E+01  2.059750E+01 -7.809846E+00
  1.800000E-01  2.162692E+01  2.082893E+01 -7.879020E+00
  1.820000E-01  2.181029E+01  2.106037E+01 -7.947788E+00
  1.840000E-01  2.199272E+01  2.129180E+01 -8.016156E+00
  1.860000E-01  2.217422E+01  2.152323E+01 -8.084129E+00
  1.880000E-01  2.235479E+01  2.175467E+01 -8.151711E+00
  1.900000E-01  2.253443E+01  2.198610E+01 -8.218907E+00
  1.920000E-01  2.271317E+01  2.221753E+01 -8.285719E+00
  1.940000E-01  2.289100E+01  2.244896E+01 -8.352153E+00
  1.960000E-01  2.306792E+01  2.268040E+01 -8.418212E+00
  1.980000E-01  2.324396E+01  2.291183E+01 -8.483901E+00
  2.000000E-01  2.341911E+01  2.314326E+01 -8.549222E+00
  2.020000E-01  2.359338E+01  2.337469E+01 -8.614179E+00
  2.040000E-01  2.376678E+01  2.360613E+01 -8.678776E+00
  2.060000E-01  2.393932E+01  2.383756E+01 -8.743016E+00
  2.080000E-01  2.411099E+01  2.406899E+01 -8.806903E+00
  2.100000E-01  2.428181E+01  2.430042E+01 -8.870441E+00
  2.120000E-01  2.445179E+01  2.453186E+01 -8.933631E+00
  2.140000E-01  2.462092E+01  2.476329E+01 -8.996478E+00
  2.160000E-01  2.478922E+01  2.499472E+01 -9.058985E+00
  2.180000E-01  2.495670E+01  2.522615E+01 -9.121154E+00
  2.200000E-01  2.512335E+01  2.545759E+01 -9.182990E+00
  2.220000E-01  2.528919E+01  2.568902E+01 -9.244494E+00
  2.240000E-01  2.545421E+01  2.592045E+01 -9.305670E+00
  2.260000E-01  2.561844E+01  2.615188E+01 -9.366521E+00
  2.280000E-01  2.578187E+01  2.638332E+01 -9.427050E+00
  2.300000E-01  2.594450E+01  2.661475E+01 -9.487260E+00
  2.320000E-01  2.610635E+01  2.684618E+01 -9.547153E+00
  2.340000E-01  2.626742E+01  2.707762E+01 -9.606733E+00
  2.360000E-01  2.642772E+01  2.730905E+01 -9.666002E+00
  2.380000E-01  2.658724E+01  2.754048E+01 -9.724963E+00
  2.400000E-01  2.674601E+01  2.777191E+01 -9.783618E+00
  2.420000E-01  2.690401E+01  2.800335E+01 -9.841971E+00
  2.440000E-01  2.706127E+01  2.823478E+01 -9.900025E+00
  2.460000E-01  2.721778E+01  2.846621E+01 -9.957781E+00
  2.480000E-01  2.737354E+01  2.869764E+01 -1.001524E+01
  2.500000E-01  2.752857E+01  2.892908E+01 -1.007241E+01
  2.520000E-01  2.768287E+01  2.916051E+01 -1.012929E+01
  2.540000E-01  2.783644E+01  2.939194E+01 -1.018589E+01
  2.560000E-01  2.798930E+01  2.962337E+01 -1.024220E+01
  2.580000E-01  2.814143E+01  2.985481E+01 -1.029822E+01
  2.600000E-01  2.829286E+01  3.008624E+01 -1.035397E+01
  2.620000E-01  2.844358E+01  3.031767E+01 -1.040944E+01
  2.640000E-01  2.859360E+01  3.054910E+01 -1.046464E+01
  2.660000E-01  2.874293E+01  3.078054E+01 -1.051957E+01
  2.680000E-01  2.889156E+01  3.101197E+01 -1.057423E+01
  2.700000E-01  2.903951E+01  3.124340E+01 -1.062862E+01
  2.720000E-01  2.918678E+01  3.147484E+01 -1.068274E+01
  2.740000E-01  2.933338E+01  3.170627E+01 -1.073661E+01
  2.760000E-01  2.947930E+01  3.193770E+01 -1.079021E+01
  2.780000E-01  2.962455E+01  3.216913E+01 -1.084356E+01
  2.800000E-01  2.976914E+01  3.240057E+01 -1.089666E+01
  2.820000E-01  2.991308E+01  3.263200E+01 -1.094950E+01
  2.840000E-01  3.005636E+01  3.286343E+01 -1.100209E+01
  2.860000E-01  3.019899E+01  3.309486E+01 -1.105443E+01
  2.880000E-01  3.034098E+01  3.332630E+01 -1.110653E+01
  2.900000E-01  3.048233E+01  3.355773E+01 -1.115838E+01
  2.920000E-01  3.062304E+01  3.378916E+01 -1.120999E+01
  2.940000E-01  3.076312E+01  3.402059E+01 -1.126136E+01
  2.960000E-01  3.090258E+01  3.425203E+01 -1.131250E+01
  2.980000E-01  3.104141E+01  3.448346E+01 -1.136340E+01
  3.000000E-01  3.117962E+01  3.471489E+01 -1.141407E+01
  3.020000E-01  3.131722E+01  3.494632E+01 -1.146451E+01
  3.040000E-01  3.145421E+01  3.517776E+01 -1.151472E+01
  3.060000E-01  3.159059E+01  3.540919E+01 -1.156471E+01
  3.080000E-01  3.172637E+01  3.564062E+01 -1.161447E+01
  3.100000E-01  3.186156E+01  3.587205E+01 -1.166401E+01
  3.120000E-01  3.199615E+01  3.610349E+01 -1.171333E+01
  3.140000E-01  3.213014E+01  3.633492E+01 -1.176243E+01
  3.160000E-01  3.226356E+01  3.656635E+01 -1.181131E+01
  3.180000E-01  3.239639E+01  3.679779E+01 -1.185999E+01
  3.200000E-01  3.252864E+01  3.702922E+01 -1.190845E+01
  3.220000E-01  3.266032E+01  3.726065E+01 -1.195670E+01
  3.240000E-01  3.279142E+01  3.749208E+01 -1.200474E+01
  3.260000E-01  3.292196E+01  3.772352E+01 -1.205258E+01
  3.280000E-01  3.305194E+01  3.795495E+01 -1.210022E+01
  3.300000E-01  3.318136E+01  3.818638E+01 -1.214765E+01
  3.320000E-01  3.331022E+01  3.841781E+01 -1.219488E+01
  3.340000E-01  3.343852E+01  3.864925E+01 -1.224192E+01
  3.360000E-01  3.356628E+01  3.888068E+01 -1.228875E+01
  3.380000E-01  3.369350E+01  3.911211E+01 -1.233540E+01
  3.400000E-01  3.382017E+01  3.934354E+01 -1.238185E+01
  3.420000E-01  3.394630E+01  3.957498E+01 -1.242811E+01
  3.440000E-01  3.407190E+01  3.980641E+01 -1.247418E+01
  3.460000E-01  3.419697E+01  4.003784E+01 -1.252007E+01
  3.480000E-01  3.432151E+01  4.026927E+01 -1.256577E+01
  3.500000E-01  3.444552E+01  4.050071E+01 -1.261129E+01
  3.520000E-01  3.456902E+01  4.073214E+01 -1.265662E+01
  3.540000E-01  3.469199E+01  4.096357E+01 -1.270178E+01
  3.560000E-01  3.481445E+01  4.119500E+01 -1.274675E+01
  3.580000E-01  3.493640E+01  4.142644E+01 -1.279155E+01
  3.600000E-01  3.505784E+01  4.165787E+01 -1.283618E+01
  3.620000E-01  3.517878E+01  4.188930E+01 -1.288063E+01
  3.640000E-01  3.529922E+01  4.212074E+01 -1.292491E+01
  3.660000E-01  3.541915E+01  4.235217E+01 -1.296902E+01
  3.680000E-01  3.553859E+01  4.258360E+01 -1.301296E+01
  3.700000E-01  3.565754E+01  4.281503E+01 -1.305674E+01
  3.720000E-01  3.577600E+01  4.304647E+01 -1.310035E+01
  3.740000E-01  3.589398E+01  4.327790E+01 -1.314380E+01
  3.760000E-01  3.601147E+01  4.350933E+01 -1.318708E+01
  3.780000E-01  3.612848E+01  4.374076E+01 -1.323021E+01
  3.800000E-01  3.624501E+01  4.397220E+01 -1.327317E+01
  3.820000E-01  3.636107E+01  4.420363E+01 -1.331598E+01
  3.840000E-01  3.647665E+01  4.443506E+01 -1.335863E+01
  3.860000E-01  3.659177E+01  4.466649E+01 -1.340113E+01
  3.880000E-01  3.670643E+01  4.489793E+01 -1.344348E+01
  3.900000E-01  3.682062E+01  4.512936E+01 -1.348567E+01
  3.920000E-01  3.693435E+01  4.536079E+01 -1.352772E+01
  3.940000E-01  3.704763E+01  4.559222E+01 -1.356962E+01
  3.960000E-01  3.716045E+01  4.582366E+01 -1.361137E+01
  3.980000E-01  3.727281E+01  4.605509E+01 -1.365297E+01
  4.000000E-01  3.738474E+01  4.628652E+01 -1.369443E+01
  4.020000E-01  3.749621E+01  4.651795E+01 -1.373575E+01
  4.040000E-01  3.760724E+01  4.674939E+01 -1.377692E+01
  4.060000E-01  3.771783E+01  4.698082E+01 -1.381796E+01
  4.080000E-01  3.782799E+01  4.721225E+01 -1.385885E+01
  4.100000E-01  3.793770E+01  4.744369E+01 -1.389961E+01
  4.120000E-01  3.804699E+01  4.767512E+01 -1.394024E+01
  4.140000E-01  3.815585E+01  4.790655E+01 -1.398072E+01
  4.160000E-01  3.826427E+01  4.813798E+01 -1.402108E+01
  4.180000E-01  3.837228E+01  4.836942E+01 -1.406130E+01
  4.200000E-01  3.847986E+01  4.860085E+01 -1.410139E+01
  4.220000E-01  3.858702E+01  4.883228E+01 -1.414136E+01
  4.240000E-01  3.869376E+01  4.906371E+01 -1.418119E+01
  4.260000E-01  3.880009E+01  4.929515E+01 -1.422090E+01
  4.280000E-01  3.890601E+01  4.952658E+01 -1.426048E+01
  4.300000E-01  3.901152E+01  4.975801E+01 -1.429993E+01
  4.320000E-01  3.911662E+01  4.998944E+01 -1.433926E+01
  4.340000E-01  3.922132E+01  5.022088E+01 -1.437847E+01
  4.360000E-01  3.931913E+01  5.041960E+01 -1.440026E+01
  4.380000E-01  3.941828E+01  5.062687E+01 -1.442652E+01
  4.400000E-01  3.951636E+01  5.083053E+01 -1.445082E+01
  4.420000E-01  3.961351E+01  5.103121E+01 -1.447349E+01
  4.440000E-01  3.970981E+01  5.122934E+01 -1.449478E+01
  4.460000E-01  3.980534E+01  5.142522E+01 -1.451485E+01
  4.480000E-01  3.990015E+01  5.161912E+01 -1.453383E+01
  4.500000E-01  3.999429E+01  5.181122E+01 -1.455185E+01
  4.520000E-01  4.008779E+01  5.200170E+01 -1.456898E+01
  4.540000E-01  4.018068E+01  5.219069E+01 -1.458531E+01
  4.560000E-01  4.027300E+01  5.237831E+01 -1.460089E+01
  4.580000E-01  4.036476E+01  5.256466E+01 -1.461580E+01
  4.600000E-01  4.045600E+01  5.274984E+01 -1.463006E+01
  4.620000E-01  4.054671E+01  5.293392E+01 -1.464374E+01
  4.640000E-01  4.063694E+01  5.311698E+01 -1.465686E+01
  4.660000E-01  4.072668E+01  5.329907E+01 -1.466947E+01
  4.680000E-01  4.081596E+01  5.348026E+01 -1.468158E+01
  4.700000E-01  4.088624E+01  5.361710E+01 -1.468732E+01
  4.720000E-01  4.096247E+01  5.376820E+01 -1.469490E+01
  4.740000E-01  4.103748E+01  5.391674E+01 -1.470201E+01
  4.760000E-01  4.111157E+01  5.406340E+01 -1.470874E+01
  4.780000E-01  4.118489E+01  5.420856E+01 -1.471517E+01
  4.800000E-01  4.125756E+01  5.435252E+01 -1.472133E+01
  4.820000E-01  4.132967E+01  5.449545E+01 -1.472725E+01
  4.840000E-01  4.140127E+01  5.463750E+01 -1.473297E+01
  4.860000E-01  4.147241E+01  5.477879E+01 -1.473849E+01
  4.880000E-01  4.154314E+01  5.491940E+01 -1.474383E+01
  4.900000E-01  4.161347E+01  5.505941E+01 -1.474901E+01
  4.920000E-01  4.168345E+01  5.519887E+01 -1.475404E+01
  4.940000E-01  4.175308E+01  5.533784E+01 -1.475892E+01
  4.960000E-01  4.182239E+01  5.547636E+01 -1.476366E+01
  4.980000E-01  4.189139E+01  5.561447E+01 -1.476827E+01
  5.000000E-01  4.196010E+01  5.575219E+01 -1.477275E+01
  5.020000E-01  4.202853E+01  5.588957E+01 -1.477712E+01
  5.040000E-01  4.209668E+01  5.602661E+01 -1.478137E+01
  5.060000E-01  4.216458E+01  5.616335E+01 -1.478550E+01
  5.080000E-01  4.223223E+01  5.629980E+01 -1.478953E+01
  5.100000E-01  4.229963E+01  5.643598E+01 -1.479345E+01
  5.120000E-01  4.236679E+01  5.657191E+01 -1.479727E+01
  5.140000E-01  4.243373E+01  5.670761E+01 -1.480100E+01
  5.160000E-01  4.250043E+01  5.684307E+01 -1.480462E+01
  5.180000E-01  4.256692E+01  5.697833E+01 -1.480815E+01
  5.200000E-01  4.263320E+01  5.711338E+01 -1.481159E+01
  5.220000E-01  4.269926E+01  5.724825E+01 -1.481494E+01
  5.240000E-01  4.276512E+01  5.738293E+01 -1.481820E+01
  5.260000E-01  4.283078E+01  5.751743E+01 -1.482138E+01
  5.280000E-01  4.289624E+01  5.765178E+01 -1.482447E+01
  5.300000E-01  4.296150E+01  5.778596E+01 -1.482747E+01
  5.320000E-01  4.302658E+01  5.791999E+01 -1.483040E+01
  5.340000E-01  4.309146E+01  5.805388E+01 -1.483325E+01
  5.360000E-01  4.315616E+01  5.818764E+01 -1.483601E+01
  5.380000E-01  4.322068E+01  5.832126E+01 -1.483870E+01
  5.400000E-01  4.328502E+01  5.845475E+01 -1.484131E+01
  5.420000E-01  4.334918E+01  5.858812E+01 -1.484385E+01
  5.440000E-01  4.341317E+01  5.872138E+01 -1.484631E+01
  5.460000E-01  4.347698E+01  5.885452E+01 -1.484870E+01
  5.480000E-01  4.354062E+01  5.898755E+01 -1.485102E+01
  5.500000E-01  4.360410E+01  5.912048E+01 -1.485327E+01
  5.520000E-01  4.366740E+01  5.925332E+01 -1.485544E+01
  5.540000E-01  4.373055E+01  5.938605E+01 -1.485755E+01
  5.560000E-01  4.379352E+01  5.951870E+01 -1.485958E+01
  5.580000E-01  4.385634E+01  5.965125E+01 -1.486155E+01
  5.600000E-01  4.391900E+01  5.978372E+01 -1.486345E+01
  5.620000E-01  4.398150E+01  5.991610E+01 -1.486528E+01
  5.640000E-01  4.404384E+01  6.004841E+01 -1.486705E+01
  5.660000E-01  4.410603E+01  6.018063E+01 -1.486875E+01
  5.680000E-01  4.416806E+01  6.031279E+01 -1.487039E+01
  5.700000E-01  4.422994E+01  6.044487E+01 -1.487196E+01
  5.720000E-01  4.429167E+01  6.057688E+01 -1.487347E+01
  5.740000E-01  4.435325E+01  6.070883E+01 -1.487491E+01
  5.760000E-01  4.441468E+01  6.084071E+01 -1.487630E+01
  5.780000E-01  4.447596E+01  6.097252E+01 -1.487762E+01
  5.800000E-01  4.453710E+01  6.110428E+01 -1.487887E+01
  5.820000E-01  4.459809E+01  6.123598E+01 -1.488007E+01
  5.840000E-01  4.465894E+01  6.136762E+01 -1.488121E+01
  5.860000E-01  4.471964E+01  6.149921E+01 -1.488228E+01
  5.880000E-01  4.478021E+01  6.163075E+01 -1.488330E+01
  5.900000E-01  4.484063E+01  6.176223E+01 -1.488425E+01
  5.920000E-01  4.490091E+01  6.189367E+01 -1.488515E+01
  5.940000E-01  4.496105E+01  6.202506E+01 -1.488598E+01
  5.960000E-01  4.502106E+01  6.215640E+01 -1.488676E+01
  5.980000E-01  4.508093E+01  6.228770E+01 -1.488748E+01
  6.000000E-01  4.514066E+01  6.241896E+01 -1.488814E+01
  6.020000E-01  4.520025E+01  6.255017E+01 -1.488875E+01
  6.040000E-01  4.525972E+01  6.268135E+01 -1.488930E+01
  6.060000E-01  4.531905E+01  6.281248E+01 -1.488979E+01
  6.080000E-01  4.537824E+01  6.294358E+01 -1.489022E+01
  6.100000E-01  4.543731E+01  6.307465E+01 -1.489060E+01
  6.120000E-01  4.549624E+01  6.320568E+01 -1.489092E+01
  6.140000E-01  4.555504E+01  6.333667E+01 -1.489118E+01
  6.160000E-01  4.561372E+01  6.346764E+01 -1.489139E+01
  6.180000E-01  4.567226E+01  6.359857E+01 -1.489155E+01
  6.200000E-01  4.573068E+01  6.372948E+01 -1.489165E+01
  6.220000E-01  4.578897E+01  6.386036E+01 -1.489169E+01
  6.240000E-01  4.584713E+01  6.399121E+01 -1.489168E+01
  6.260000E-01  4.590517E+01  6.412203E+01 -1.489161E+01
  6.280000E-01  4.596308E+01  6.425283E+01 -1.489149E+01
  6.300000E-01  4.602087E+01  6.438360E+01 -1.489132E+01
  6.320000E-01  4.607853E+01  6.451436E+01 -1.489109E+01
  6.340000E-01  4.613607E+01  6.464509E+01 -1.489081E+01
  6.360000E-01  4.619349E+01  6.477580E+01 -1.489047E+01
  6.380000E-01  4.625079E+01  6.490648E+01 -1.489009E+01
  6.400000E-01  4.630796E+01  6.503715E+01 -1.488964E+01
  6.420000E-01  4.636502E+01  6.516781E+01 -1.488915E+01
  6.440000E-01  4.642195E+01  6.529844E+01 -1.488860E+01
  6.460000E-01  4.647877E+01  6.542906E+01 -1.488800E+01
  6.480000E-01  4.653546E+01  6.555966E+01 -1.488735E+01
  6.500000E-01  4.659204E+01  6.569025E+01 -1.488664E+01
  6.520000E-01  4.664850E+01  6.582082E+01 -1.488588E+01
  6.540000E-01  4.670485E+01  6.595138E+01 -1.488507E+01
  6.560000E-01  4.676108E+01  6.608193E+01 -1.488421E+01
  6.580000E-01  4.681719E+01  6.621247E+01 -1.488329E+01
  6.600000E-01  4.687318E+01  6.634300E+01 -1.488233E+01
  6.620000E-01  4.692906E+01  6.647351E+01 -1.488131E+01
  6.640000E-01  4.698483E+01  6.660402E+01 -1.488024E+01
  6.660000E-01  4.704049E+01  6.673452E+01 -1.487911E+01
  6.680000E-01  4.709603E+01  6.686501E+01 -1.487794E+01
  6.700000E-01  4.715145E+01  6.699549E+01 -1.487672E+01
  6.720000E-01  4.720677E+01  6.712597E+01 -1.487544E+01
  6.740000E-01  4.726197E+01  6.725644E+01 -1.487411E+01
  6.760000E-01  4.731707E+01  6.738691E+01 -1.487273E+01
  6.780000E-01  4.737205E+01  6.751737E+01 -1.487130E+01
  6.800000E-01  4.742692E+01  6.764783E+01 -1.486982E+01
  6.820000E-01  4.748168E+01  6.777829E+01 -1.486829E+01
  6.840000E-01  4.753634E+01  6.790874E+01 -1.486671E+01
  6.860000E-01  4.759088E+01  6.803919E+01 -1.486508E+01
  6.880000E-01  4.764532E+01  6.816965E+01 -1.486339E+01
  6.900000E-01  4.769965E+01  6.830010E+01 -1.486166E+01
  6.920000E-01  4.775387E+01  6.843055E+01 -1.485987E+01
  6.940000E-01  4.780798E+01  6.856100E+01 -1.485803E+01
  6.960000E-01  4.786199E+01  6.869145E+01 -1.485615E+01
  6.980000E-01  4.791589E+01  6.882190E+01 -1.485421E+01
  7.000000E-01  4.796969E+01  6.895236E+01 -1.485222E+01
  7.020000E-01  4.802338E+01  6.908282E+01 -1.485018E+01
  7.040000E-01  4.807697E+01  6.921328E+01 -1.484809E+01
  7.060000E-01  4.813045E+01  6.934375E+01 -1.484596E+01
  7.080000E-01  4.818383E+01  6.947422E+01 -1.484377E+01
  7.100000E-01  4.823711E+01  6.960470E+01 -1.484153E+01
  7.120000E-01  4.829028E+01  6.973518E+01 -1.483924E+01
  7.140000E-01  4.834336E+01  6.986567E+01 -1.483690E+01
  7.160000E-01  4.839632E+01  6.999616E+01 -1.483451E+01
  7.180000E-01  4.844919E+01  7.012667E+01 -1.483206E+01
  7.200000E-01  4.850196E+01  7.025718E+01 -1.482957E+01
  7.220000E-01  4.855462E+01  7.038769E+01 -1.482703E+01
  7.240000E-01  4.860719E+01  7.051822E+01 -1.482444E+01
  7.260000E-01  4.865965E+01  7.064876E+01 -1.482180E+01
  7.280000E-01  4.871202E+01  7.077930E+01 -1.481911E+01
  7.300000E-01  4.876428E+01  7.090986E+01 -1.481637E+01
  7.320000E-01  4.881645E+01  7.104042E+01 -1.481357E+01
  7.340000E-01  4.886852E+01  7.117100E+01 -1.481073E+01
  7.360000E-01  4.892049E+01  7.130159E+01 -1.480784E+01
  7.380000E-01  4.897236E+01  7.143219E+01 -1.480490E+01
  7.400000E-01  4.902414E+01  7.156280E+01 -1.480190E+01
  7.420000E-01  4.907582E+01  7.169343E+01 -1.479886E+01
  7.440000E-01  4.912740E+01  7.182407E+01 -1.479577E+01
  7.460000E-01  4.917889E+01  7.195472E+01 -1.479263E+01
  7.480000E-01  4.923028E+01  7.208539E+01 -1.478943E+01
  7.500000E-01  4.928157E+01  7.221607E+01 -1.478619E+01
  7.520000E-01  4.933277E+01  7.234676E+01 -1.478290E+01
  7.540000E-01  4.938388E+01  7.247747E+01 -1.477955E+01
  7.560000E-01  4.943489E+01  7.260820E+01 -1.477616E+01
  7.580000E-01  4.948580E+01  7.273894E+01 -1.477271E+01
  7.600000E-01  4.953662E+01  7.286970E+01 -1.476922E+01
  7.620000E-01  4.958735E+01  7.300048E+01 -1.476568E+01
  7.640000E-01  4.963799E+01  7.313127E+01 -1.476208E+01
  7.660000E-01  4.968853E+01  7.326209E+01 -1.475844E+01
  7.680000E-01  4.973898E+01  7.339292E+01 -1.475474E+01
  7.700000E-01  4.978934E+01  7.352376E+01 -1.475099E+01
  7.720000E-01  4.983961E+01  7.365463E+01 -1.474720E+01
  7.740000E-01  4.988979E+01  7.378552E+01 -1.474335E+01
  7.760000E-01  4.993987E+01  7.391642E+01 -1.473945E+01
  7.780000E-01  4.998986E+01  7.404735E+01 -1.473551E+01
  7.800000E-01  5.003977E+01  7.417829E+01 -1.473151E+01
  7.820000E-01  5.008958E+01  7.430926E+01 -1.472746E+01
  7.840000E-01  5.013931E+01  7.444025E+01 -1.472336E+01
  7.860000E-01  5.018894E+01  7.457126E+01 -1.471921E+01
  7.880000E-01  5.023849E+01  7.470229E+01 -1.471501E+01
  7.900000E-01  5.028794E+01  7.483334E+01 -1.471076E+01
  7.920000E-01  5.033731E+01  7.496442E+01 -1.470646E+01
  7.940000E-01  5.038659E+01  7.509552E+01 -1.470210E+01
  7.960000E-01  5.043578E+01  7.522664E+01 -1.469770E+01
  7.980000E-01  5.047910E+01  7.534228E+01 -1.467604E+01
  8.000000E-01  5.052418E+01  7.546288E+01 -1.465977E+01
  8.020000E-01  5.056868E+01  7.558212E+01 -1.464188E+01
  8.040000E-01  5.061269E+01  7.570025E+01 -1.462266E+01
  8.060000E-01  5.065628E+01  7.581746E+01 -1.460228E+01
  8.080000E-01  5.069949E+01  7.593386E+01 -1.458090E+01
  8.100000E-01  5.074236E+01  7.604956E+01 -1.455862E+01
  8.120000E-01  5.078493E+01  7.616464E+01 -1.453552E+01
  8.140000E-01  5.082722E+01  7.627916E+01 -1.451169E+01
  8.160000E-01  5.086926E+01  7.639318E+01 -1.448717E+01
  8.180000E-01  5.091106E+01  7.650675E+01 -1.446203E+01
  8.200000E-01  5.095263E+01  7.661991E+01 -1.443630E+01
  8.220000E-01  5.099400E+01  7.673269E+01 -1.441002E+01
  8.240000E-01  5.103517E+01  7.684513E+01 -1.438323E+01
  8.260000E-01  5.107615E+01  7.695725E+01 -1.435595E+01
  8.280000E-01  5.111696E+01  7.706907E+01 -1.432821E+01
  8.300000E-01  5.115760E+01  7.718063E+01 -1.430004E+01
  8.320000E-01  5.119808E+01  7.729193E+01 -1.427146E+01
  8.340000E-01  5.123841E+01  7.740300E+01 -1.424248E+01
  8.360000E-01  5.127860E+01  7.751385E+01 -1.421313E+01
  8.380000E-01  5.131864E+01  7.762451E+01 -1.418342E+01
  8.400000E-01  5.135855E+01  7.773497E+01 -1.415337E+01
  8.420000E-01  5.139833E+01  7.784526E+01 -1.412298E+01
  8.440000E-01  5.143799E+01  7.795539E+01 -1.409228E+01
  8.460000E-01  5.147753E+01  7.806537E+01 -1.406127E+01
  8.480000E-01  5.151695E+01  7.817520E+01 -1.402996E+01
  8.500000E-01  5.155626E+01  7.828490E+01 -1.399837E+01
  8.520000E-01  5.159546E+01  7.839448E+01 -1.396651E+01
  8.540000E-01  5.163455E+01  7.850394E+01 -1.393437E+01
  8.560000E-01  5.167355E+01  7.861330E+01 -1.390198E+01
  8.580000E-01  5.171244E+01  7.872255E+01 -1.386933E+01
  8.600000E-01  5.175124E+01  7.883171E+01 -1.383644E+01
  8.620000E-01  5.178994E+01  7.894079E+01 -1.380331E+01
  8.640000E-01  5.182855E+01  7.904978E+01 -1.376996E+01
  8.660000E-01  5.186707E+01  7.915869E+01 -1.373637E+01
  8.680000E-01  5.190551E+01  7.926754E+01 -1.370257E+01
  8.700000E-01  5.194386E+01  7.937631E+01 -1.366855E+01
  8.720000E-01  5.198212E+01  7.948503E+01 -1.363432E+01
  8.740000E-01  5.202031E+01  7.959369E+01 -1.359988E+01
  8.760000E-01  5.205841E+01  7.970230E+01 -1.356525E+01
  8.780000E-01  5.209644E+01  7.981086E+01 -1.353042E+01
  8.800000E-01  5.213439E+01  7.991938E+01 -1.349540E+01
  8.820000E-01  5.217227E+01  8.002785E+01 -1.346018E+01
  8.840000E-01  5.221007E+01  8.013629E+01 -1.342479E+01
  8.860000E-01  5.224780E+01  8.024469E+01 -1.338921E+01
  8.880000E-01  5.228545E+01  8.035307E+01 -1.335346E+01
  8.900000E-01  5.232304E+01  8.046141E+01 -1.331753E+01
  8.920000E-01  5.236056E+01  8.056973E+01 -1.328143E+01
  8.940000E-01  5.239802E+01  8.067803E+01 -1.324516E+01
  8.960000E-01  5.243540E+01  8.078631E+01 -1.320873E+01
  8.980000E-01  5.247272E+01  8.089457E+01 -1.317213E+01
  9.000000E-01  5.250998E+01  8.100281E+01 -1.313537E+01
  9.020000E-01  5.254717E+01  8.111105E+01 -1.309845E+01
  9.040000E-01  5.258430E+01  8.121927E+01 -1.306138E+01
  9.060000E-01  5.262137E+01  8.132749E+01 -1.302415E+01
  9.080000E-01  5.265838E+01  8.143570E+01 -1.298677E+01
  9.100000E-01  5.269533E+01  8.154390E+01 -1.294924E+01
  9.120000E-01  5.273222E+01  8.165211E+01 -1.291156E+01
  9.140000E-01  5.276905E+01  8.176031E+01 -1.287374E+01
  9.160000E-01  5.280583E+01  8.186852E+01 -1.283577E+01
  9.180000E-01  5.284254E+01  8.197673E+01 -1.279766E+01
  9.200000E-01  5.287920E+01  8.208494E+01 -1.275941E+01
  9.220000E-01  5.291581E+01  8.219316E+01 -1.272102E+01
  9.240000E-01  5.295236E+01  8.230139E+01 -1.268249E+01
  9.260000E-01  5.298886E+01  8.240963E+01 -1.264383E+01
  9.280000E-01  5.302530E+01  8.251787E+01 -1.260503E+01
  9.300000E-01  5.306169E+01  8.262613E+01 -1.256610E+01
  9.320000E-01  5.309803E+01  8.273441E+01 -1.252703E+01
  9.340000E-01  5.313431E+01  8.284270E+01 -1.248784E+01
  9.360000E-01  5.317055E+01  8.295100E+01 -1.244851E+01
  9.380000E-01  5.320673E+01  8.305932E+01 -1.240906E+01
  9.400000E-01  5.324286E+01  8.316766E+01 -1.236948E+01
  9.420000E-01  5.327894E+01  8.327602E+01 -1.232977E+01
  9.440000E-01  5.331498E+01  8.338441E+01 -1.228994E+01
  9.460000E-01  5.335096E+01  8.349281E+01 -1.224998E+01
  9.480000E-01  5.338690E+01  8.360123E+01 -1.220990E+01
  9.500000E-01  5.342278E+01  8.370968E+01 -1.216970E+01
  9.520000E-01  5.345862E+01  8.381816E+01 -1.212937E+01
  9.540000E-01  5.349442E+01  8.392666E+01 -1.208893E+01
  9.560000E-01  5.353016E+01  8.403519E+01 -1.204837E+01
  9.580000E-01  5.356586E+01  8.414374E+01 -1.200768E+01
  9.600000E-01  5.360151E+01  8.425233E+01 -1.196688E+01
  9.620000E-01  5.363712E+01  8.436094E+01 -1.192596E+01
  9.640000E-01  5.367268E+01  8.446958E+01 -1.188493E+01
  9.660000E-01  5.370820E+01  8.457826E+01 -1.184378E+01
  9.680000E-01  5.374367E+01  8.468697E+01 -1.180251E+01
  9.700000E-01  5.377910E+01  8.479571E+01 -1.176113E+01
  9.720000E-01  5.381448E+01  8.490448E+01 -1.171963E+01
  9.740000E-01  5.384982E+01  8.501329E+01 -1.167803E+01
  9.760000E-01  5.388512E+01  8.512213E+01 -1.163630E+01
  9.780000E-01  5.392037E+01  8.523101E+01 -1.159447E+01
  9.800000E-01  5.395558E+01  8.533993E+01 -1.155253E+01
  9.820000E-01  5.399075E+01  8.544888E+01 -1.151047E+01
  9.840000E-01  5.402588E+01  8.555787E+01 -1.146830E+01
  9.860000E-01  5.406096E+01  8.566691E+01 -1.142603E+01
  9.880000E-01  5.409600E+01  8.577598E+01 -1.138364E+01
  9.900000E-01  5.413101E+01  8.588509E+01 -1.134114E+01
  9.920000E-01  5.416597E+01  8.599424E+01 -1.129854E+01
  9.940000E-01  5.420089E+01  8.610344E+01 -1.125582E+01
  9.960000E-01  5.423577E+01  8.621267E+01 -1.121300E+01
  9.980000E-01  5.427061E+01  8.632195E+01 -1.117007E+01
  1.000000E+00  5.430541E+01  8.643128E+01 -1.112703E+01
  1.002000E+00  5.434017E+01  8.654065E+01 -1.108389E+01
  1.004000E+00  5.437489E+01  8.665007E+01 -1.104064E+01
  1.006000E+00  5.440957E+01  8.675953E+01 -1.099728E+01
  1.008000E+00  5.444421E+01  8.686904E+01 -1.095381E+01
  1.010000E+00  5.447882E+01  8.697859E+01 -1.091024E+01
  1.012000E+00  5.451338E+01  8.708820E+01 -1.086656E+01
  1.014000E+00  5.454791E+01  8.719785E+01 -1.082278E+01
  1.016000E+00  5.458240E+01  8.730756E+01 -1.077888E+01
  1.018000E+00  5.461686E+01  8.741732E+01 -1.073489E+01
  1.020000E+00  5.465128E+01  8.752713E+01 -1.069079E+01
  1.022000E+00  5.468566E+01  8.763699E+01 -1.064658E+01
  1.024000E+00  5.472000E+01  8.774690E+01 -1.060226E+01
  1.026000E+00  5.475431E+01  8.785688E+01 -1.055784E+01
  1.028000E+00  5.478858E+01  8.796690E+01 -1.051331E+01
  1.030000E+00  5.482282E+01  8.807699E+01 -1.046868E+01
  1.032000E+00  5.485702E+01  8.818713E+01 -1.042394E+01
  1.034000E+00  5.489119E+01  8.829733E+01 -1.037909E+01
  1.036000E+00  5.492532E+01  8.840760E+01 -1.033413E+01
  1.038000E+00  5.495942E+01  8.851793E+01 -1.028907E+01
  1.040000E+00  5.499348E+01  8.862832E+01 -1.024389E+01
  1.042000E+00  5.502752E+01  8.873878E+01 -1.019861E+01
  1.044000E+00  5.506152E+01  8.884930E+01 -1.015322E+01
  1.046000E+00  5.509549E+01  8.895990E+01 -1.010771E+01
  1.048000E+00  5.512943E+01  8.907057E+01 -1.006209E+01
  1.050000E+00  5.516334E+01  8.918132E+01 -1.001636E+01
  1.052000E+00  5.519721E+01  8.929215E+01 -9.970507E+00
  1.054000E+00  5.523107E+01  8.940307E+01 -9.924535E+00
  1.056000E+00  5.526489E+01  8.951408E+01 -9.878440E+00
  1.058000E+00  5.529869E+01  8.962519E+01 -9.832216E+00
  1.060000E+00  5.533247E+01  8.973641E+01 -9.785856E+00
  1.062000E+00  5.536623E+01  8.984776E+01 -9.739348E+00
  1.064000E+00  5.539998E+01  8.995927E+01 -9.692669E+00
  1.066000E+00  5.543376E+01  9.007107E+01 -9.645738E+00
  1.068000E+00  5.546751E+01  9.018301E+01 -9.598660E+00
  1.070000E+00  5.550122E+01  9.029495E+01 -9.551517E+00
  1.072000E+00  5.553488E+01  9.040689E+01 -9.504309E+00
  1.074000E+00  5.556849E+01  9.051885E+01 -9.457037E+00
  1.076000E+00  5.560206E+01  9.063081E+01 -9.409700E+00
  1.078000E+00  5.563559E+01  9.074278E+01 -9.362300E+00
  1.080000E+00  5.566906E+01  9.085476E+01 -9.314837E+00
  1.082000E+00  5.570250E+01  9.096674E+01 -9.267311E+00
  1.084000E+00  5.573588E+01  9.107874E+01 -9.219722E+00
  1.086000E+00  5.576923E+01  9.119074E+01 -9.172071E+00
  1.088000E+00  5.580252E+01  9.130275E+01 -9.124357E+00
  1.090000E+00  5.583577E+01  9.141477E+01 -9.076582E+00
  1.092000E+00  5.586898E+01  9.152680E+01 -9.028746E+00
  1.094000E+00  5.590214E+01  9.163883E+01 -8.980848E+00
  1.096000E+00  5.593526E+01  9.175088E+01 -8.932889E+00
  1.098000E+00  5.596833E+01  9.186293E+01 -8.884870E+00
  1.100000E+00  5.600136E+01  9.197499E+01 -8.836790E+00
  1.102000E+00  5.603434E+01  9.208706E+01 -8.788651E+00
  1.104000E+00  5.606728E+01  9.219913E+01 -8.740451E+00
  1.106000E+00  5.610017E+01  9.231122E+01 -8.692193E+00
  1.108000E+00  5.613303E+01  9.242331E+01 -8.643875E+00
  1.110000E+00  5.616583E+01  9.253541E+01 -8.595498E+00
  1.112000E+00  5.619860E+01  9.264753E+01 -8.547063E+00
  1.114000E+00  5.623131E+01  9.275964E+01 -8.498570E+00
  1.116000E+00  5.626399E+01  9.287177E+01 -8.450018E+00
  1.118000E+00  5.629662E+01  9.298391E+01 -8.401409E+00
  1.120000E+00  5.632921E+01  9.309605E+01 -8.352742E+00
  1.122000E+00  5.636175E+01  9.320820E+01 -8.304018E+00
  1.124000E+00  5.639426E+01  9.332037E+01 -8.255238E+00
  1.126000E+00  5.642671E+01  9.343254E+01 -8.206400E+00
  1.128000E+00  5.645913E+01  9.354471E+01 -8.157506E+00
  1.130000E+00  5.649150E+01  9.365690E+01 -8.108556E+00
  1.132000E+00  5.652383E+01  9.376910E+01 -8.059551E+00
  1.134000E+00  5.655612E+01  9.388130E+01 -8.010489E+00
  1.136000E+00  5.658836E+01  9.399351E+01 -7.961372E+00
  1.138000E+00  5.662056E+01  9.410573E+01 -7.912201E+00
  1.140000E+00  5.665272E+01  9.421796E+01 -7.862974E+00
  1.142000E+00  5.668484E+01  9.433019E+01 -7.813693E+00
  1.144000E+00  5.671691E+01  9.444244E+01 -7.764357E+00
  1.146000E+00  5.674894E+01  9.455469E+01 -7.714968E+00
  1.148000E+00  5.678093E+01  9.466695E+01 -7.665525E+00
  1.150000E+00  5.681288E+01  9.477922E+01 -7.616028E+00
  1.152000E+00  5.684478E+01  9.489149E+01 -7.566478E+00
  1.154000E+00  5.687665E+01  9.500378E+01 -7.516875E+00
  1.156000E+00  5.690847E+01  9.511607E+01 -7.467219E+00
  1.158000E+00  5.694025E+01  9.522837E+01 -7.417510E+00
  1.160000E+00  5.697198E+01  9.534068E+01 -7.367750E+00
  1.162000E+00  5.700368E+01  9.545299E+01 -7.317937E+00
  1.164000E+00  5.703533E+01  9.556532E+01 -7.268072E+00
  1.166000E+00  5.706695E+01  9.567765E+01 -7.218156E+00
  1.168000E+00  5.709852E+01  9.578998E+01 -7.168189E+00
  1.170000E+00  5.713005E+01  9.590233E+01 -7.118171E+00
  1.172000E+00  5.716153E+01  9.601468E+01 -7.068101E+00
  1.174000E+00  5.719298E+01  9.612704E+01 -7.017982E+00
  1.176000E+00  5.722439E+01  9.623941E+01 -6.967812E+00
  1.178000E+00  5.725575E+01  9.635178E+01 -6.917591E+00
  1.180000E+00  5.728708E+01  9.646416E+01 -6.867321E+00
  1.182000E+00  5.731836E+01  9.657655E+01 -6.817002E+00
  1.184000E+00  5.734960E+01  9.668895E+01 -6.766633E+00
  1.186000E+00  5.738080E+01  9.680135E+01 -6.716215E+00
  1.188000E+00  5.741196E+01  9.691376E+01 -6.665747E+00
  1.190000E+00  5.744308E+01  9.702617E+01 -6.615232E+00
  1.192000E+00  5.747416E+01  9.713859E+01 -6.564668E+00
  1.194000E+00  5.750520E+01  9.725102E+01 -6.514056E+00
  1.196000E+00  5.753620E+01  9.736346E+01 -6.463395E+00
  1.198000E+00  5.756716E+01  9.747590E+01 -6.412688E+00
  1.200000E+00  5.759808E+01  9.758834E+01 -6.361932E+00
