  1.000000E-02  9.234359E+02
  1.200000E-02  9.204173E+02
  1.400000E-02  9.174283E+02
  1.600000E-02  9.144684E+02
  1.800000E-02  9.115372E+02
  2.000000E-02  9.086341E+02
  2.200000E-02  9.057588E+02
  2.400000E-02  9.029107E+02
  2.600000E-02  9.000896E+02
  2.800000E-02  8.972950E+02
  3.000000E-02  8.945265E+02
  3.200000E-02  8.917838E+02
  3.400000E-02  8.890666E+02
  3.600000E-02  8.863744E+02
  3.800000E-02  8.837070E+02
  4.000000E-02  8.810641E+02
  4.200000E-02  8.784452E+02
  4.400000E-02  8.758502E+02
  4.600000E-02  8.732787E+02
  4.800000E-02  8.707303E+02
  5.000000E-02  8.682049E+02
  5.200000E-02  8.657021E+02
  5.400000E-02  8.632216E+02
  5.600000E-02  8.607632E+02
  5.800000E-02  8.583266E+02
  6.000000E-02  8.559115E+02
  6.200000E-02  8.535176E+02
  6.400000E-02  8.511448E+02
  6.600000E-02  8.487927E+02
  6.800000E-02  8.464611E+02
  7.000000E-02  8.441497E+02
  7.200000E-02  8.418584E+02
  7.400000E-02  8.395868E+02
  7.600000E-02  8.373348E+02
  7.800000E-02  8.351020E+02
  8.000000E-02  8.328884E+02
  8.200000E-02  8.306936E+02
  8.400000E-02  8.285174E+02
  8.600000E-02  8.263597E+02
  8.800000E-02  8.242202E+02
  9.000000E-02  8.220986E+02
  9.200000E-02  8.199949E+02
  9.400000E-02  8.179087E+02
  9.600000E-02  8.158399E+02
  9.800000E-02  8.137883E+02
  1.000000E-01  8.117537E+02
  1.020000E-01  8.097358E+02
  1.040000E-01  8.077346E+02
  1.060000E-01  8.057498E+02
  1.080000E-01  8.037812E+02
  1.100000E-01  8.018287E+02
  1.120000E-01  7.998920E+02
  1.140000E-01  7.979710E+02
  1.160000E-01  7.960656E+02
  1.180000E-01  7.941754E+02
  1.200000E-01  7.923005E+02
  1.220000E-01  7.904406E+02
  1.240000E-01  7.885955E+02
  1.260000E-01  7.867650E+02
  1.280000E-01  7.849491E+02
  1.300000E-01  7.831476E+02
  1.320000E-01  7.813602E+02
  1.340000E-01  7.795864E+02
  1.360000E-01  7.778258E+02
  1.380000E-01  7.760786E+02
  1.400000E-01  7.743447E+02
  1.420000E-01  7.726240E+02
  1.440000E-01  7.709163E+02
  1.460000E-01  7.692217E+02
  1.480000E-01  7.675398E+02
  1.500000E-01  7.658707E+02
  1.520000E-01  7.642142E+02
  1.540000E-01  7.625701E+02
  1.560000E-01  7.609384E+02
  1.580000E-01  7.593189E+02
  1.600000E-01  7.577114E+02
  1.620000E-01  7.561160E+02
  1.640000E-01  7.545324E+02
  1.660000E-01  7.529605E+02
  1.680000E-01  7.514002E+02
  1.700000E-01  7.498515E+02
  1.720000E-01  7.483141E+02
  1.740000E-01  7.467880E+02
  1.760000E-01  7.452730E+02
  1.780000E-01  7.437691E+02
  1.800000E-01  7.422760E+02
  1.820000E-01  7.407939E+02
  1.840000E-01  7.393224E+02
  1.860000E-01  7.378615E+02
  1.880000E-01  7.364112E+02
  1.900000E-01  7.349712E+02
  1.920000E-01  7.335415E+02
  1.940000E-01  7.321221E+02
  1.960000E-01  7.307127E+02
  1.980000E-01  7.293133E+02
  2.000000E-01  7.279238E+02
  2.020000E-01  7.265442E+02
  2.040000E-01  7.251742E+02
  2.060000E-01  7.238138E+02
  2.080000E-01  7.224630E+02
  2.100000E-01  7.211216E+02
  2.120000E-01  7.197895E+02
  2.140000E-01  7.184667E+02
  2.160000E-01  7.171530E+02
  2.180000E-01  7.158484E+02
  2.200000E-01  7.145528E+02
  2.220000E-01  7.132661E+02
  2.240000E-01  7.119882E+02
  2.260000E-01  7.107190E+02
  2.280000E-01  7.094585E+02
  2.300000E-01  7.082066E+02
  2.320000E-01  7.069631E+02
  2.340000E-01  7.057281E+02
  2.360000E-01  7.045014E+02
  2.380000E-01  7.032829E+02
  2.400000E-01  7.020726E+02
  2.420000E-01  7.008704E+02
  2.440000E-01  6.996763E+02
  2.460000E-01  6.984901E+02
  2.480000E-01  6.973117E+02
  2.500000E-01  6.961412E+02
  2.520000E-01  6.949784E+02
  2.540000E-01  6.938233E+02
  2.560000E-01  6.926758E+02
  2.580000E-01  6.915358E+02
  2.600000E-01  6.904033E+02
  2.620000E-01  6.892781E+02
  2.640000E-01  6.881603E+02
  2.660000E-01  6.870497E+02
  2.680000E-01  6.859463E+02
  2.700000E-01  6.848501E+02
  2.720000E-01  6.837609E+02
  2.740000E-01  6.826787E+02
  2.760000E-01  6.816035E+02
  2.780000E-01  6.805352E+02
  2.800000E-01  6.794736E+02
  2.820000E-01  6.784188E+02
  2.840000E-01  6.773708E+02
  2.860000E-01  6.763293E+02
  2.880000E-01  6.752945E+02
  2.900000E-01  6.742661E+02
  2.920000E-01  6.732442E+02
  2.940000E-01  6.722288E+02
  2.960000E-01  6.712197E+02
  2.980000E-01  6.702169E+02
  3.000000E-01  6.692203E+02
  3.020000E-01  6.682300E+02
  3.040000E-01  6.672457E+02
  3.060000E-01  6.662676E+02
  3.080000E-01  6.652955E+02
  3.100000E-01  6.643294E+02
  3.120000E-01  6.633692E+02
  3.140000E-01  6.624149E+02
  3.160000E-01  6.614664E+02
  3.180000E-01  6.605237E+02
  3.200000E-01  6.595868E+02
  3.220000E-01  6.586555E+02
  3.240000E-01  6.577299E+02
  3.260000E-01  6.568098E+02
  3.280000E-01  6.558953E+02
  3.300000E-01  6.549863E+02
  3.320000E-01  6.540828E+02
  3.340000E-01  6.531846E+02
  3.360000E-01  6.522919E+02
  3.380000E-01  6.514044E+02
  3.400000E-01  6.505222E+02
  3.420000E-01  6.496453E+02
  3.440000E-01  6.487735E+02
  3.460000E-01  6.479069E+02
  3.480000E-01  6.470453E+02
  3.500000E-01  6.461889E+02
  3.520000E-01  6.453374E+02
  3.540000E-01  6.444910E+02
  3.560000E-01  6.436494E+02
  3.580000E-01  6.428128E+02
  3.600000E-01  6.419810E+02
  3.620000E-01  6.411541E+02
  3.640000E-01  6.403319E+02
  3.660000E-01  6.395145E+02
  3.680000E-01  6.387018E+02
  3.700000E-01  6.378937E+02
  3.720000E-01  6.370903E+02
  3.740000E-01  6.362915E+02
  3.760000E-01  6.354972E+02
  3.780000E-01  6.347075E+02
  3.800000E-01  6.339222E+02
  3.820000E-01  6.331414E+02
  3.840000E-01  6.323650E+02
  3.860000E-01  6.315930E+02
  3.880000E-01  6.308253E+02
  3.900000E-01  6.300619E+02
  3.920000E-01  6.293028E+02
  3.940000E-01  6.285480E+02
  3.960000E-01  6.277973E+02
  3.980000E-01  6.270509E+02
  4.000000E-01  6.263086E+02
  4.020000E-01  6.255704E+02
  4.040000E-01  6.248363E+02
  4.060000E-01  6.241062E+02
  4.080000E-01  6.233802E+02
  4.100000E-01  6.226581E+02
  4.120000E-01  6.219400E+02
  4.140000E-01  6.212259E+02
  4.160000E-01  6.205156E+02
  4.180000E-01  6.198092E+02
  4.200000E-01  6.191066E+02
  4.220000E-01  6.184079E+02
  4.240000E-01  6.177129E+02
  4.260000E-01  6.170217E+02
  4.280000E-01  6.163342E+02
  4.300000E-01  6.156504E+02
  4.320000E-01  6.149703E+02
  4.340000E-01  6.142938E+02
  4.360000E-01  6.136627E+02
  4.380000E-01  6.130239E+02
  4.400000E-01  6.123929E+02
  4.420000E-01  6.117687E+02
  4.440000E-01  6.111509E+02
  4.460000E-01  6.105388E+02
  4.480000E-01  6.099322E+02
  4.500000E-01  6.093308E+02
  4.520000E-01  6.087342E+02
  4.540000E-01  6.081423E+02
  4.560000E-01  6.075549E+02
  4.580000E-01  6.069718E+02
  4.600000E-01  6.063928E+02
  4.620000E-01  6.058178E+02
  4.640000E-01  6.052468E+02
  4.660000E-01  6.046795E+02
  4.680000E-01  6.041160E+02
  4.700000E-01  6.036728E+02
  4.720000E-01  6.031927E+02
  4.740000E-01  6.027208E+02
  4.760000E-01  6.022552E+02
  4.780000E-01  6.017949E+02
  4.800000E-01  6.013392E+02
  4.820000E-01  6.008875E+02
  4.840000E-01  6.004395E+02
  4.860000E-01  5.999948E+02
  4.880000E-01  5.995532E+02
  4.900000E-01  5.991145E+02
  4.920000E-01  5.986784E+02
  4.940000E-01  5.982450E+02
  4.960000E-01  5.978140E+02
  4.980000E-01  5.973854E+02
  5.000000E-01  5.969591E+02
  5.020000E-01  5.965349E+02
  5.040000E-01  5.961128E+02
  5.060000E-01  5.956928E+02
  5.080000E-01  5.952747E+02
  5.100000E-01  5.948586E+02
  5.120000E-01  5.944444E+02
  5.140000E-01  5.940320E+02
  5.160000E-01  5.936214E+02
  5.180000E-01  5.932126E+02
  5.200000E-01  5.928055E+02
  5.220000E-01  5.924001E+02
  5.240000E-01  5.919963E+02
  5.260000E-01  5.915942E+02
  5.280000E-01  5.911937E+02
  5.300000E-01  5.907948E+02
  5.320000E-01  5.903975E+02
  5.340000E-01  5.900017E+02
  5.360000E-01  5.896074E+02
  5.380000E-01  5.892146E+02
  5.400000E-01  5.888233E+02
  5.420000E-01  5.884334E+02
  5.440000E-01  5.880450E+02
  5.460000E-01  5.876581E+02
  5.480000E-01  5.872725E+02
  5.500000E-01  5.868884E+02
  5.520000E-01  5.865056E+02
  5.540000E-01  5.861242E+02
  5.560000E-01  5.857441E+02
  5.580000E-01  5.853654E+02
  5.600000E-01  5.849880E+02
  5.620000E-01  5.846119E+02
  5.640000E-01  5.842372E+02
  5.660000E-01  5.838637E+02
  5.680000E-01  5.834915E+02
  5.700000E-01  5.831206E+02
  5.720000E-01  5.827510E+02
  5.740000E-01  5.823826E+02
  5.760000E-01  5.820154E+02
  5.780000E-01  5.816495E+02
  5.800000E-01  5.812847E+02
  5.820000E-01  5.809212E+02
  5.840000E-01  5.805589E+02
  5.860000E-01  5.801978E+02
  5.880000E-01  5.798379E+02
  5.900000E-01  5.794792E+02
  5.920000E-01  5.791216E+02
  5.940000E-01  5.787652E+02
  5.960000E-01  5.784099E+02
  5.980000E-01  5.780558E+02
  6.000000E-01  5.777028E+02
  6.020000E-01  5.773510E+02
  6.040000E-01  5.770003E+02
  6.060000E-01  5.766507E+02
  6.080000E-01  5.763022E+02
  6.100000E-01  5.759548E+02
  6.120000E-01  5.756084E+02
  6.140000E-01  5.752632E+02
  6.160000E-01  5.749191E+02
  6.180000E-01  5.745760E+02
  6.200000E-01  5.742340E+02
  6.220000E-01  5.738931E+02
  6.240000E-01  5.735532E+02
  6.260000E-01  5.732144E+02
  6.280000E-01  5.728766E+02
  6.300000E-01  5.725398E+02
  6.320000E-01  5.722041E+02
  6.340000E-01  5.718694E+02
  6.360000E-01  5.715357E+02
  6.380000E-01  5.712030E+02
  6.400000E-01  5.708714E+02
  6.420000E-01  5.705407E+02
  6.440000E-01  5.702111E+02
  6.460000E-01  5.698824E+02
  6.480000E-01  5.695547E+02
  6.500000E-01  5.692280E+02
  6.520000E-01  5.689023E+02
  6.540000E-01  5.685775E+02
  6.560000E-01  5.682537E+02
  6.580000E-01  5.679309E+02
  6.600000E-01  5.676090E+02
  6.620000E-01  5.672881E+02
  6.640000E-01  5.669681E+02
  6.660000E-01  5.666491E+02
  6.680000E-01  5.663309E+02
  6.700000E-01  5.660138E+02
  6.720000E-01  5.656975E+02
  6.740000E-01  5.653822E+02
  6.760000E-01  5.650678E+02
  6.780000E-01  5.647543E+02
  6.800000E-01  5.644417E+02
  6.820000E-01  5.641300E+02
  6.840000E-01  5.638192E+02
  6.860000E-01  5.635093E+02
  6.880000E-01  5.632003E+02
  6.900000E-01  5.628922E+02
  6.920000E-01  5.625850E+02
  6.940000E-01  5.622786E+02
  6.960000E-01  5.619731E+02
  6.980000E-01  5.616685E+02
  7.000000E-01  5.613648E+02
  7.020000E-01  5.610619E+02
  7.040000E-01  5.607599E+02
  7.060000E-01  5.604587E+02
  7.080000E-01  5.601583E+02
  7.100000E-01  5.598589E+02
  7.120000E-01  5.595602E+02
  7.140000E-01  5.592624E+02
  7.160000E-01  5.589654E+02
  7.180000E-01  5.586693E+02
  7.200000E-01  5.583740E+02
  7.220000E-01  5.580795E+02
  7.240000E-01  5.577858E+02
  7.260000E-01  5.574930E+02
  7.280000E-01  5.572009E+02
  7.300000E-01  5.569097E+02
  7.320000E-01  5.566192E+02
  7.340000E-01  5.563296E+02
  7.360000E-01  5.560407E+02
  7.380000E-01  5.557527E+02
  7.400000E-01  5.554654E+02
  7.420000E-01  5.551790E+02
  7.440000E-01  5.548933E+02
  7.460000E-01  5.546084E+02
  7.480000E-01  5.543242E+02
  7.500000E-01  5.540409E+02
  7.520000E-01  5.537583E+02
  7.540000E-01  5.534765E+02
  7.560000E-01  5.531954E+02
  7.580000E-01  5.529151E+02
  7.600000E-01  5.526355E+02
  7.620000E-01  5.523567E+02
  7.640000E-01  5.520787E+02
  7.660000E-01  5.518014E+02
  7.680000E-01  5.515248E+02
  7.700000E-01  5.512490E+02
  7.720000E-01  5.509740E+02
  7.740000E-01  5.506996E+02
  7.760000E-01  5.504260E+02
  7.780000E-01  5.501531E+02
  7.800000E-01  5.498810E+02
  7.820000E-01  5.496095E+02
  7.840000E-01  5.493388E+02
  7.860000E-01  5.490688E+02
  7.880000E-01  5.487995E+02
  7.900000E-01  5.485309E+02
  7.920000E-01  5.482631E+02
  7.940000E-01  5.479959E+02
  7.960000E-01  5.477294E+02
  7.980000E-01  5.474950E+02
  8.000000E-01  5.472511E+02
  8.020000E-01  5.470107E+02
  8.040000E-01  5.467730E+02
  8.060000E-01  5.465378E+02
  8.080000E-01  5.463048E+02
  8.100000E-01  5.460738E+02
  8.120000E-01  5.458446E+02
  8.140000E-01  5.456171E+02
  8.160000E-01  5.453911E+02
  8.180000E-01  5.451665E+02
  8.200000E-01  5.449433E+02
  8.220000E-01  5.447214E+02
  8.240000E-01  5.445007E+02
  8.260000E-01  5.442812E+02
  8.280000E-01  5.440627E+02
  8.300000E-01  5.438453E+02
  8.320000E-01  5.436289E+02
  8.340000E-01  5.434135E+02
  8.360000E-01  5.431990E+02
  8.380000E-01  5.429854E+02
  8.400000E-01  5.427726E+02
  8.420000E-01  5.425607E+02
  8.440000E-01  5.423496E+02
  8.460000E-01  5.421393E+02
  8.480000E-01  5.419297E+02
  8.500000E-01  5.417209E+02
  8.520000E-01  5.415128E+02
  8.540000E-01  5.413054E+02
  8.560000E-01  5.410987E+02
  8.580000E-01  5.408926E+02
  8.600000E-01  5.406872E+02
  8.620000E-01  5.404825E+02
  8.640000E-01  5.402783E+02
  8.660000E-01  5.400748E+02
  8.680000E-01  5.398719E+02
  8.700000E-01  5.396695E+02
  8.720000E-01  5.394678E+02
  8.740000E-01  5.392666E+02
  8.760000E-01  5.390659E+02
  8.780000E-01  5.388658E+02
  8.800000E-01  5.386663E+02
  8.820000E-01  5.384672E+02
  8.840000E-01  5.382687E+02
  8.860000E-01  5.380707E+02
  8.880000E-01  5.378732E+02
  8.900000E-01  5.376762E+02
  8.920000E-01  5.374797E+02
  8.940000E-01  5.372837E+02
  8.960000E-01  5.370881E+02
  8.980000E-01  5.368931E+02
  9.000000E-01  5.366984E+02
  9.020000E-01  5.365043E+02
  9.040000E-01  5.363106E+02
  9.060000E-01  5.361173E+02
  9.080000E-01  5.359245E+02
  9.100000E-01  5.357322E+02
  9.120000E-01  5.355402E+02
  9.140000E-01  5.353487E+02
  9.160000E-01  5.351577E+02
  9.180000E-01  5.349670E+02
  9.200000E-01  5.347768E+02
  9.220000E-01  5.345869E+02
  9.240000E-01  5.343975E+02
  9.260000E-01  5.342085E+02
  9.280000E-01  5.340199E+02
  9.300000E-01  5.338317E+02
  9.320000E-01  5.336438E+02
  9.340000E-01  5.334564E+02
  9.360000E-01  5.332694E+02
  9.380000E-01  5.330827E+02
  9.400000E-01  5.328964E+02
  9.420000E-01  5.327105E+02
  9.440000E-01  5.325250E+02
  9.460000E-01  5.323399E+02
  9.480000E-01  5.321551E+02
  9.500000E-01  5.319707E+02
  9.520000E-01  5.317866E+02
  9.540000E-01  5.316029E+02
  9.560000E-01  5.314196E+02
  9.580000E-01  5.312366E+02
  9.600000E-01  5.310540E+02
  9.620000E-01  5.308717E+02
  9.640000E-01  5.306898E+02
  9.660000E-01  5.305083E+02
  9.680000E-01  5.303270E+02
  9.700000E-01  5.301462E+02
  9.720000E-01  5.299656E+02
  9.740000E-01  5.297854E+02
  9.760000E-01  5.296056E+02
  9.780000E-01  5.294261E+02
  9.800000E-01  5.292469E+02
  9.820000E-01  5.290680E+02
  9.840000E-01  5.288895E+02
  9.860000E-01  5.287113E+02
  9.880000E-01  5.285334E+02
  9.900000E-01  5.283558E+02
  9.920000E-01  5.281786E+02
  9.940000E-01  5.280017E+02
  9.960000E-01  5.278251E+02
  9.980000E-01  5.276488E+02
  1.000000E+00  5.274728E+02
  1.002000E+00  5.272972E+02
  1.004000E+00  5.271218E+02
  1.006000E+00  5.269468E+02
  1.008000E+00  5.267720E+02
  1.010000E+00  5.265976E+02
  1.012000E+00  5.264235E+02
  1.014000E+00  5.262497E+02
  1.016000E+00  5.260762E+02
  1.018000E+00  5.259029E+02
  1.020000E+00  5.257300E+02
  1.022000E+00  5.255574E+02
  1.024000E+00  5.253850E+02
  1.026000E+00  5.252130E+02
  1.028000E+00  5.250412E+02
  1.030000E+00  5.248697E+02
  1.032000E+00  5.246986E+02
  1.034000E+00  5.245276E+02
  1.036000E+00  5.243570E+02
  1.038000E+00  5.241867E+02
  1.040000E+00  5.240166E+02
  1.042000E+00  5.238468E+02
  1.044000E+00  5.236772E+02
  1.046000E+00  5.235080E+02
  1.048000E+00  5.233389E+02
  1.050000E+00  5.231702E+02
  1.052000E+00  5.230017E+02
  1.054000E+00  5.228334E+02
  1.056000E+00  5.226654E+02
  1.058000E+00  5.224976E+02
  1.060000E+00  5.223300E+02
  1.062000E+00  5.221626E+02
  1.064000E+00  5.219954E+02
  1.066000E+00  5.218282E+02
  1.068000E+00  5.216611E+02
  1.070000E+00  5.214944E+02
  1.072000E+00  5.213281E+02
  1.074000E+00  5.211620E+02
  1.076000E+00  5.209963E+02
  1.078000E+00  5.208310E+02
  1.080000E+00  5.206659E+02
  1.082000E+00  5.205012E+02
  1.084000E+00  5.203368E+02
  1.086000E+00  5.201728E+02
  1.088000E+00  5.200090E+02
  1.090000E+00  5.198456E+02
  1.092000E+00  5.196825E+02
  1.094000E+00  5.195198E+02
  1.096000E+00  5.193573E+02
  1.098000E+00  5.191952E+02
  1.100000E+00  5.190334E+02
  1.102000E+00  5.188719E+02
  1.104000E+00  5.187108E+02
  1.106000E+00  5.185499E+02
  1.108000E+00  5.183894E+02
  1.110000E+00  5.182292E+02
  1.112000E+00  5.180693E+02
  1.114000E+00  5.179097E+02
  1.116000E+00  5.177504E+02
  1.118000E+00  5.175914E+02
  1.120000E+00  5.174328E+02
  1.122000E+00  5.172744E+02
  1.124000E+00  5.171164E+02
  1.126000E+00  5.169587E+02
  1.128000E+00  5.168013E+02
  1.130000E+00  5.166441E+02
  1.132000E+00  5.164873E+02
  1.134000E+00  5.163308E+02
  1.136000E+00  5.161746E+02
  1.138000E+00  5.160187E+02
  1.140000E+00  5.158631E+02
  1.142000E+00  5.157078E+02
  1.144000E+00  5.155529E+02
  1.146000E+00  5.153982E+02
  1.148000E+00  5.152438E+02
  1.150000E+00  5.150897E+02
  1.152000E+00  5.149359E+02
  1.154000E+00  5.147824E+02
  1.156000E+00  5.146292E+02
  1.158000E+00  5.144763E+02
  1.160000E+00  5.143236E+02
  1.162000E+00  5.141713E+02
  1.164000E+00  5.140193E+02
  1.166000E+00  5.138676E+02
  1.168000E+00  5.137161E+02
  1.170000E+00  5.135650E+02
  1.172000E+00  5.134141E+02
  1.174000E+00  5.132635E+02
  1.176000E+00  5.131132E+02
  1.178000E+00  5.129632E+02
  1.180000E+00  5.128135E+02
  1.182000E+00  5.126641E+02
  1.184000E+00  5.125150E+02
  1.186000E+00  5.123661E+02
  1.188000E+00  5.122176E+02
  1.190000E+00  5.120693E+02
  1.192000E+00  5.119213E+02
  1.194000E+00  5.117736E+02
  1.196000E+00  5.116261E+02
  1.198000E+00  5.114790E+02
  1.200000E+00  5.113321E+02
