  1.000000E-02  1.024030E+01  1.024030E+01
  2.000000E-02  1.008824E+01  1.008824E+01
  3.000000E-02  9.941224E+00  9.941224E+00
  4.000000E-02  9.798998E+00  9.798998E+00
  5.000000E-02  9.661324E+00  9.661324E+00
  6.000000E-02  9.527992E+00  9.527992E+00
  7.000000E-02  9.398806E+00  9.398806E+00
  8.000000E-02  9.273586E+00  9.273586E+00
  9.000000E-02  9.152161E+00  9.152161E+00
  1.000000E-01  9.034371E+00  9.034371E+00
  1.100000E-01  8.920064E+00  8.920064E+00
  1.200000E-01  8.809097E+00  8.809097E+00
  1.300000E-01  8.701333E+00  8.701333E+00
  1.400000E-01  8.596643E+00  8.596643E+00
  1.500000E-01  8.494904E+00  8.494904E+00
  1.600000E-01  8.396000E+00  8.396000E+00
  1.700000E-01  8.299820E+00  8.299820E+00
  1.800000E-01  8.206257E+00  8.206257E+00
  1.900000E-01  8.115210E+00  8.115210E+00
  2.000000E-01  8.026584E+00  8.026584E+00
  2.100000E-01  7.940287E+00  7.940287E+00
  2.200000E-01  7.856230E+00  7.856230E+00
  2.300000E-01  7.774331E+00  7.774331E+00
  2.400000E-01  7.694510E+00  7.694510E+00
  2.500000E-01  7.616691E+00  7.616691E+00
  2.600000E-01  7.540800E+00  7.540800E+00
  2.700000E-01  7.466769E+00  7.466769E+00
  2.800000E-01  7.394530E+00  7.394530E+00
  2.900000E-01  7.324021E+00  7.324021E+00
  3.000000E-01  7.255179E+00  7.255179E+00
  3.100000E-01  7.187948E+00  7.187948E+00
  3.200000E-01  7.122271E+00  7.122271E+00
  3.300000E-01  7.058095E+00  7.058095E+00
  3.400000E-01  6.995369E+00  6.995369E+00
  3.500000E-01  6.934044E+00  6.934044E+00
  3.600000E-01  6.874073E+00  6.874073E+00
  3.700000E-01  6.815411E+00  6.815411E+00
  3.800000E-01  6.758015E+00  6.758015E+00
  3.900000E-01  6.701844E+00  6.701844E+00
  4.000000E-01  6.646859E+00  6.646859E+00
  4.100000E-01  6.593021E+00  6.593021E+00
  4.200000E-01  6.540293E+00  6.540293E+00
  4.300000E-01  6.488642E+00  6.488642E+00
  4.400000E-01  6.438033E+00  6.438033E+00
  4.500000E-01  6.388434E+00  6.388434E+00
  4.600000E-01  6.339814E+00  6.339814E+00
  4.700000E-01  6.292143E+00  6.292143E+00
  4.800000E-01  6.245393E+00  6.245393E+00
  4.900000E-01  6.199536E+00  6.199536E+00
  5.000000E-01  6.154546E+00  6.154546E+00
  5.100000E-01  6.110398E+00  6.110398E+00
  5.200000E-01  6.067066E+00  6.067066E+00
  5.300000E-01  6.024527E+00  6.024527E+00
  5.400000E-01  5.982759E+00  5.982759E+00
  5.500000E-01  5.941739E+00  5.941739E+00
  5.600000E-01  5.901448E+00  5.901448E+00
  5.700000E-01  5.861863E+00  5.861863E+00
  5.800000E-01  5.822967E+00  5.822967E+00
  5.900000E-01  5.784740E+00  5.784740E+00
  6.000000E-01  5.747164E+00  5.747164E+00
  6.100000E-01  5.710221E+00  5.710221E+00
  6.200000E-01  5.673894E+00  5.673894E+00
  6.300000E-01  5.638168E+00  5.638168E+00
  6.400000E-01  5.603027E+00  5.603027E+00
  6.500000E-01  5.568454E+00  5.568454E+00
  6.600000E-01  5.534437E+00  5.534437E+00
  6.700000E-01  5.500960E+00  5.500960E+00
  6.800000E-01  5.468009E+00  5.468009E+00
  6.900000E-01  5.435573E+00  5.435573E+00
  7.000000E-01  5.403637E+00  5.403637E+00
  7.100000E-01  5.372189E+00  5.372189E+00
  7.200000E-01  5.341218E+00  5.341218E+00
  7.300000E-01  5.310712E+00  5.310712E+00
  7.400000E-01  5.280660E+00  5.280660E+00
  7.500000E-01  5.251050E+00  5.251050E+00
  7.600000E-01  5.221873E+00  5.221873E+00
  7.700000E-01  5.193118E+00  5.193118E+00
  7.800000E-01  5.164776E+00  5.164776E+00
  7.900000E-01  5.136836E+00  5.136836E+00
  8.000000E-01  5.109291E+00  5.109291E+00
  8.100000E-01  5.082129E+00  5.082129E+00
  8.200000E-01  5.055344E+00  5.055344E+00
  8.300000E-01  5.028927E+00  5.028927E+00
  8.400000E-01  5.002869E+00  5.002869E+00
  8.500000E-01  4.977162E+00  4.977162E+00
  8.600000E-01  4.951800E+00  4.951800E+00
  8.700000E-01  4.926774E+00  4.926774E+00
  8.800000E-01  4.902077E+00  4.902077E+00
  8.900000E-01  4.877702E+00  4.877702E+00
  9.000000E-01  4.853642E+00  4.853642E+00
  9.100000E-01  4.829892E+00  4.829892E+00
  9.200000E-01  4.806443E+00  4.806443E+00
  9.300000E-01  4.783291E+00  4.783291E+00
  9.400000E-01  4.760429E+00  4.760429E+00
  9.500000E-01  4.737850E+00  4.737850E+00
  9.600000E-01  4.715550E+00  4.715550E+00
  9.700000E-01  4.693523E+00  4.693523E+00
  9.800000E-01  4.671763E+00  4.671763E+00
  9.900000E-01  4.650265E+00  4.650265E+00
  1.000000E+00  4.629024E+00  4.629024E+00
  1.010000E+00  4.608035E+00  4.608035E+00
  1.020000E+00  4.587293E+00  4.587293E+00
  1.030000E+00  4.566793E+00  4.566793E+00
  1.040000E+00  4.546531E+00  4.546531E+00
  1.050000E+00  4.526502E+00  4.526502E+00
  1.060000E+00  4.506701E+00  4.506701E+00
  1.070000E+00  4.487125E+00  4.487125E+00
  1.080000E+00  4.467770E+00  4.467770E+00
  1.090000E+00  4.448631E+00  4.448631E+00
  1.100000E+00  4.429704E+00  4.429704E+00
  1.110000E+00  4.410985E+00  4.410985E+00
  1.120000E+00  4.392471E+00  4.392471E+00
  1.130000E+00  4.374159E+00  4.374159E+00
  1.140000E+00  4.356044E+00  4.356044E+00
  1.150000E+00  4.338122E+00  4.338122E+00
  1.160000E+00  4.320392E+00  4.320392E+00
  1.170000E+00  4.302849E+00  4.302849E+00
  1.180000E+00  4.285489E+00  4.285489E+00
  1.190000E+00  4.268311E+00  4.268311E+00
  1.200000E+00  4.251310E+00  4.251310E+00
