  1.000000E-02  9.988698E-01  1.130243E-03  0.000000E+00  0.000000E+00  0.000000E+00  0.000000E+00  0.000000E+00  0.000000E+00  1.130243E-03  0.000000E+00
  1.200000E-02  9.985571E-01  1.442931E-03  0.000000E+00  0.000000E+00  0.000000E+00  0.000000E+00  0.000000E+00  0.000000E+00  1.442931E-03  0.000000E+00
  1.400000E-02  9.982229E-01  1.777063E-03  0.000000E+00  0.000000E+00  0.000000E+00  0.000000E+00  0.000000E+00  0.000000E+00  1.777063E-03  0.000000E+00
  1.600000E-02  9.978688E-01  2.131232E-03  0.000000E+00  0.000000E+00  0.000000E+00  0.000000E+00  0.000000E+00  0.000000E+00  2.131232E-03  0.000000E+00
  1.800000E-02  9.974957E-01  2.504275E-03  0.000000E+00  0.000000E+00  0.000000E+00  0.000000E+00  0.000000E+00  0.000000E+00  2.504275E-03  0.000000E+00
  2.000000E-02  9.971048E-01  2.895198E-03  0.000000E+00  0.000000E+00  0.000000E+00  0.000000E+00  0.000000E+00  0.000000E+00  2.895198E-03  0.000000E+00
  2.200000E-02  9.966969E-01  3.303132E-03  0.000000E+00  0.000000E+00  0.000000E+00  0.000000E+00  0.000000E+00  0.000000E+00  3.303132E-03  0.000000E+00
  2.400000E-02  9.962727E-01  3.727302E-03  0.000000E+00  0.000000E+00  0.000000E+00  0.000000E+00  0.000000E+00  0.000000E+00  3.727302E-03  0.000000E+00
  2.600000E-02  9.958330E-01  4.167010E-03  0.000000E+00  0.000000E+00  0.000000E+00  0.000000E+00  0.000000E+00  0.000000E+00  4.167010E-03  0.000000E+00
  2.800000E-02  9.953784E-01  4.621613E-03  0.000000E+00  0.000000E+00  0.000000E+00  0.000000E+00  0.000000E+00  0.000000E+00  4.621613E-03  0.000000E+00
  3.000000E-02  9.949095E-01  5.090519E-03  0.000000E+00  0.000000E+00  0.000000E+00  0.000000E+00  0.000000E+00  0.000000E+00  5.090519E-03  0.000000E+00
  3.200000E-02  9.944268E-01  5.573175E-03  0.000000E+00  0.000000E+00  0.000000E+00  0.000000E+00  0.000000E+00  0.000000E+00  5.573175E-03  0.000000E+00
  3.400000E-02  9.939309E-01  6.069061E-03  0.000000E+00  0.000000E+00  0.000000E+00  0.000000E+00  0.000000E+00  0.000000E+00  6.069061E-03  0.000000E+00
  3.600000E-02  9.934223E-01  6.577686E-03  0.000000E+00  0.000000E+00  0.000000E+00  0.000000E+00  0.000000E+00  0.000000E+00  6.577686E-03  0.000000E+00
  3.800000E-02  9.929014E-01  7.098582E-03  0.000000E+00  0.000000E+00  0.000000E+00  0.000000E+00  0.000000E+00  0.000000E+00  7.098582E-03  0.000000E+00
  4.000000E-02  9.923687E-01  7.631306E-03  0.000000E+00  0.000000E+00  0.000000E+00  0.000000E+00  0.000000E+00  0.000000E+00  7.631306E-03  0.000000E+00
  4.200000E-02  9.918246E-01  8.175430E-03  0.000000E+00  0.000000E+00  0.000000E+00  0.000000E+00  0.000000E+00  0.000000E+00  8.175430E-03  0.000000E+00
  4.400000E-02  9.912695E-01  8.730545E-03  0.000000E+00  0.000000E+00  0.000000E+00  0.000000E+00  0.000000E+00  0.000000E+00  8.730545E-03  0.000000E+00
  4.600000E-02  9.907037E-01  9.296258E-03  0.000000E+00  0.000000E+00  0.000000E+00  0.000000E+00  0.000000E+00  0.000000E+00  9.296258E-03  0.000000E+00
  4.800000E-02  9.901278E-01  9.872189E-03  0.000000E+00  0.000000E+00  0.000000E+00  0.000000E+00  0.000000E+00  0.000000E+00  9.872189E-03  0.000000E+00
  5.000000E-02  9.895420E-01  1.045797E-02  0.000000E+00  0.000000E+00  0.000000E+00  0.000000E+00  0.000000E+00  0.000000E+00  1.045797E-02  0.000000E+00
  5.200000E-02  9.889468E-01  1.105325E-02  0.000000E+00  0.000000E+00  0.000000E+00  0.000000E+00  0.000000E+00  0.000000E+00  1.105325E-02  0.000000E+00
  5.400000E-02  9.883423E-01  1.165767E-02  0.000000E+00  0.000000E+00  0.000000E+00  0.000000E+00  0.000000E+00  0.000000E+00  1.165767E-02  0.000000E+00
  5.600000E-02  9.877291E-01  1.227091E-02  0.000000E+00  0.000000E+00  0.000000E+00  0.000000E+00  0.000000E+00  0.000000E+00  1.227091E-02  0.000000E+00
  5.800000E-02  9.871074E-01  1.289265E-02  0.000000E+00  0.000000E+00  0.000000E+00  0.000000E+00  0.000000E+00  0.000000E+00  1.289265E-02  0.000000E+00
  6.000000E-02  9.864774E-01  1.352255E-02  0.000000E+00  0.000000E+00  0.000000E+00  0.000000E+00  0.000000E+00  0.000000E+00  1.352255E-02  0.000000E+00
  6.200000E-02  9.858397E-01  1.416033E-02  0.000000E+00  0.000000E+00  0.000000E+00  0.000000E+00  0.000000E+00  0.000000E+00  1.416033E-02  0.000000E+00
  6.400000E-02  9.851943E-01  1.480567E-02  0.000000E+00  0.000000E+00  0.000000E+00  0.000000E+00  0.000000E+00  0.000000E+00  1.480567E-02  0.000000E+00
  6.600000E-02  9.845417E-01  1.545829E-02  0.000000E+00  0.000000E+00  0.000000E+00  0.000000E+00  0.000000E+00  0.000000E+00  1.545829E-02  0.000000E+00
  6.800000E-02  9.838821E-01  1.611790E-02  0.000000E+00  0.000000E+00  0.000000E+00  0.000000E+00  0.000000E+00  0.000000E+00  1.611790E-02  0.000000E+00
  7.000000E-02  9.832158E-01  1.678423E-02  0.000000E+00  0.000000E+00  0.000000E+00  0.000000E+00  0.000000E+00  0.000000E+00  1.678423E-02  0.000000E+00
  7.200000E-02  9.825430E-01  1.745701E-02  0.000000E+00  0.000000E+00  0.000000E+00  0.000000E+00  0.000000E+00  0.000000E+00  1.745701E-02  0.000000E+00
  7.400000E-02  9.818640E-01  1.813597E-02  0.000000E+00  0.000000E+00  0.000000E+00  0.000000E+00  0.000000E+00  0.000000E+00  1.813597E-02  0.000000E+00
  7.600000E-02  9.811791E-01  1.882086E-02  0.000000E+00  0.000000E+00  0.000000E+00  0.000000E+00  0.000000E+00  0.000000E+00  1.882086E-02  0.000000E+00
  7.800000E-02  9.804886E-01  1.951142E-02  0.000000E+00  0.000000E+00  0.000000E+00  0.000000E+00  0.000000E+00  0.000000E+00  1.951142E-02  0.000000E+00
  8.000000E-02  9.797926E-01  2.020742E-02  0.000000E+00  0.000000E+00  0.000000E+00  0.000000E+00  0.000000E+00  0.000000E+00  2.020742E-02  0.000000E+00
  8.200000E-02  9.790914E-01  2.090861E-02  0.000000E+00  0.000000E+00  0.000000E+00  0.000000E+00  0.000000E+00  0.000000E+00  2.090861E-02  0.000000E+00
  8.400000E-02  9.783852E-01  2.161477E-02  0.000000E+00  0.000000E+00  0.000000E+00  0.000000E+00  0.000000E+00  0.000000E+00  2.161477E-02  0.000000E+00
  8.600000E-02  9.776743E-01  2.232566E-02  0.000000E+00  0.000000E+00  0.000000E+00  0.000000E+00  0.000000E+00  0.000000E+00  2.232566E-02  0.000000E+00
  8.800000E-02  9.769589E-01  2.304107E-02  0.000000E+00  0.000000E+00  0.000000E+00  0.000000E+00  0.000000E+00  0.000000E+00  2.304107E-02  0.000000E+00
  9.000000E-02  9.762392E-01  2.376078E-02  0.000000E+00  0.000000E+00  0.000000E+00  0.000000E+00  0.000000E+00  0.000000E+00  2.376078E-02  0.000000E+00
  9.200000E-02  9.755154E-01  2.448458E-02  0.000000E+00  0.000000E+00  0.000000E+00  0.000000E+00  0.000000E+00  0.000000E+00  2.448458E-02  0.000000E+00
  9.400000E-02  9.747877E-01  2.521227E-02  0.000000E+00  0.000000E+00  0.000000E+00  0.000000E+00  0.000000E+00  0.000000E+00  2.521227E-02  0.000000E+00
  9.600000E-02  9.740564E-01  2.594364E-02  0.000000E+00  0.000000E+00  0.000000E+00  0.000000E+00  0.000000E+00  0.000000E+00  2.594364E-02  0.000000E+00
  9.800000E-02  9.733215E-01  2.667851E-02  0.000000E+00  0.000000E+00  0.000000E+00  0.000000E+00  0.000000E+00  0.000000E+00  2.667851E-02  0.000000E+00
  1.000000E-01  9.725833E-01  2.741668E-02  0.000000E+00  0.000000E+00  0.000000E+00  0.000000E+00  0.000000E+00  0.000000E+00  2.741668E-02  0.000000E+00
  1.020000E-01  9.718420E-01  2.815797E-02  0.000000E+00  0.000000E+00  0.000000E+00  0.000000E+00  0.000000E+00  0.000000E+00  2.815797E-02  0.000000E+00
  1.040000E-01  9.710978E-01  2.890220E-02  0.000000E+00  0.000000E+00  0.000000E+00  0.000000E+00  0.000000E+00  0.000000E+00  2.890220E-02  0.000000E+00
  1.060000E-01  9.703508E-01  2.964919E-02  0.000000E+00  0.000000E+00  0.000000E+00  0.000000E+00  0.000000E+00  0.000000E+00  2.964919E-02  0.000000E+00
  1.080000E-01  9.696012E-01  3.039877E-02  0.000000E+00  0.000000E+00  0.000000E+00  0.000000E+00  0.000000E+00  0.000000E+00  3.039877E-02  0.000000E+00
  1.100000E-01  9.688492E-01  3.115078E-02  0.000000E+00  0.000000E+00  0.000000E+00  0.000000E+00  0.000000E+00  0.000000E+00  3.115078E-02  0.000000E+00
  1.120000E-01  9.680950E-01  3.190505E-02  0.000000E+00  0.000000E+00  0.000000E+00  0.000000E+00  0.000000E+00  0.000000E+00  3.190505E-02  0.000000E+00
  1.140000E-01  9.673386E-01  3.266143E-02  0.000000E+00  0.000000E+00  0.000000E+00  0.000000E+00  0.000000E+00  0.000000E+00  3.266143E-02  0.000000E+00
  1.160000E-01  9.665802E-01  3.341976E-02  0.000000E+00  0.000000E+00  0.000000E+00  0.000000E+00  0.000000E+00  0.000000E+00  3.341976E-02  0.000000E+00
  1.180000E-01  9.658201E-01  3.417989E-02  0.000000E+00  0.000000E+00  0.000000E+00  0.000000E+00  0.000000E+00  0.000000E+00  3.417989E-02  0.000000E+00
  1.200000E-01  9.650583E-01  3.494168E-02  0.000000E+00  0.000000E+00  0.000000E+00  0.000000E+00  0.000000E+00  0.000000E+00  3.494168E-02  0.000000E+00
  1.220000E-01  9.642950E-01  3.570499E-02  0.000000E+00  0.000000E+00  0.000000E+00  0.000000E+00  0.000000E+00  0.000000E+00  3.570499E-02  0.000000E+00
  1.240000E-01  9.635303E-01  3.646968E-02  0.000000E+00  0.000000E+00  0.000000E+00  0.000000E+00  0.000000E+00  0.000000E+00  3.646968E-02  0.000000E+00
  1.260000E-01  9.627644E-01  3.723561E-02  0.000000E+00  0.000000E+00  0.000000E+00  0.000000E+00  0.000000E+00  0.000000E+00  3.723561E-02  0.000000E+00
  1.280000E-01  9.619973E-01  3.800266E-02  0.000000E+00  0.000000E+00  0.000000E+00  0.000000E+00  0.000000E+00  0.000000E+00  3.800266E-02  0.000000E+00
  1.300000E-01  9.612293E-01  3.877070E-02  0.000000E+00  0.000000E+00  0.000000E+00  0.000000E+00  0.000000E+00  0.000000E+00  3.877070E-02  0.000000E+00
  1.320000E-01  9.604516E-01  3.954837E-02  0.000000E+00  0.000000E+00  0.000000E+00  0.000000E+00  0.000000E+00  0.000000E+00  3.953687E-02  1.149453E-05
  1.340000E-01  9.595604E-01  4.043956E-02  0.000000E+00  0.000000E+00  0.000000E+00  0.000000E+00  0.000000E+00  0.000000E+00  4.026795E-02  1.716169E-04
  1.360000E-01  9.586045E-01  4.139546E-02  0.000000E+00  0.000000E+00  0.000000E+00  0.000000E+00  0.000000E+00  0.000000E+00  4.097765E-02  4.178140E-04
  1.380000E-01  9.576082E-01  4.239181E-02  0.000000E+00  0.000000E+00  0.000000E+00  0.000000E+00  0.000000E+00  0.000000E+00  4.167275E-02  7.190670E-04
  1.400000E-01  9.565822E-01  4.341781E-02  0.000000E+00  0.000000E+00  0.000000E+00  0.000000E+00  0.000000E+00  0.000000E+00  4.235606E-02  1.061746E-03
  1.420000E-01  9.555332E-01  4.446678E-02  0.000000E+00  0.000000E+00  0.000000E+00  0.000000E+00  0.000000E+00  0.000000E+00  4.302925E-02  1.437525E-03
  1.440000E-01  9.544660E-01  4.553405E-02  0.000000E+00  0.000000E+00  0.000000E+00  0.000000E+00  0.000000E+00  0.000000E+00  4.369343E-02  1.840619E-03
  1.460000E-01  9.533839E-01  4.661611E-02  0.000000E+00  0.000000E+00  0.000000E+00  0.000000E+00  0.000000E+00  0.000000E+00  4.434940E-02  2.266710E-03
  1.480000E-01  9.522898E-01  4.771020E-02  0.000000E+00  0.000000E+00  0.000000E+00  0.000000E+00  0.000000E+00  0.000000E+00  4.499778E-02  2.712424E-03
  1.500000E-01  9.511859E-01  4.881409E-02  0.000000E+00  0.000000E+00  0.000000E+00  0.000000E+00  0.000000E+00  0.000000E+00  4.563906E-02  3.175037E-03
  1.520000E-01  9.500741E-01  4.992593E-02  0.000000E+00  0.000000E+00  0.000000E+00  0.000000E+00  0.000000E+00  0.000000E+00  4.627363E-02  3.652299E-03
  1.540000E-01  9.489559E-01  5.104415E-02  0.000000E+00  0.000000E+00  0.000000E+00  0.000000E+00  0.000000E+00  0.000000E+00  4.690183E-02  4.142321E-03
  1.560000E-01  9.478326E-01  5.216742E-02  0.000000E+00  0.000000E+00  0.000000E+00  0.000000E+00  0.000000E+00  0.000000E+00  4.752393E-02  4.643489E-03
  1.580000E-01  9.467054E-01  5.329459E-02  0.000000E+00  0.000000E+00  0.000000E+00  0.000000E+00  0.000000E+00  0.000000E+00  4.814018E-02  5.154411E-03
  1.600000E-01  9.455753E-01  5.442465E-02  0.000000E+00  0.000000E+00  0.000000E+00  0.000000E+00  0.000000E+00  0.000000E+00  4.875078E-02  5.673876E-03
  1.620000E-01  9.444433E-01  5.555673E-02  0.000000E+00  0.000000E+00  0.000000E+00  0.000000E+00  0.000000E+00  0.000000E+00  4.935591E-02  6.200823E-03
  1.640000E-01  9.433100E-01  5.669005E-02  0.000000E+00  0.000000E+00  0.000000E+00  0.000000E+00  0.000000E+00  0.000000E+00  4.995574E-02  6.734311E-03
  1.660000E-01  9.421761E-01  5.782391E-02  0.000000E+00  0.000000E+00  0.000000E+00  0.000000E+00  0.000000E+00  0.000000E+00  5.055041E-02  7.273507E-03
  1.680000E-01  9.410423E-01  5.895772E-02  0.000000E+00  0.000000E+00  0.000000E+00  0.000000E+00  0.000000E+00  0.000000E+00  5.114005E-02  7.817668E-03
  1.700000E-01  9.399091E-01  6.009090E-02  0.000000E+00  0.000000E+00  0.000000E+00  0.000000E+00  0.000000E+00  0.000000E+00  5.172478E-02  8.366125E-03
  1.720000E-01  9.387770E-01  6.122299E-02  0.000000E+00  0.000000E+00  0.000000E+00  0.000000E+00  0.000000E+00  0.000000E+00  5.230471E-02  8.918280E-03
  1.740000E-01  9.376465E-01  6.235352E-02  0.000000E+00  0.000000E+00  0.000000E+00  0.000000E+00  0.000000E+00  0.000000E+00  5.287993E-02  9.473591E-03
  1.760000E-01  9.365179E-01  6.348211E-02  0.000000E+00  0.000000E+00  0.000000E+00  0.000000E+00  0.000000E+00  0.000000E+00  5.345055E-02  1.003157E-02
  1.780000E-01  9.353916E-01  6.460840E-02  0.000000E+00  0.000000E+00  0.000000E+00  0.000000E+00  0.000000E+00  0.000000E+00  5.401664E-02  1.059176E-02
  1.800000E-01  9.342679E-01  6.573206E-02  0.000000E+00  0.000000E+00  0.000000E+00  0.000000E+00  0.000000E+00  0.000000E+00  5.457828E-02  1.115378E-02
  1.820000E-01  9.331472E-01  6.685279E-02  0.000000E+00  0.000000E+00  0.000000E+00  0.000000E+00  0.000000E+00  0.000000E+00  5.513555E-02  1.171724E-02
  1.840000E-01  9.320297E-01  6.797034E-02  0.000000E+00  0.000000E+00  0.000000E+00  0.000000E+00  0.000000E+00  0.000000E+00  5.568852E-02  1.228181E-02
  1.860000E-01  9.309156E-01  6.908445E-02  0.000000E+00  0.000000E+00  0.000000E+00  0.000000E+00  0.000000E+00  0.000000E+00  5.623726E-02  1.284719E-02
  1.880000E-01  9.298051E-01  7.019491E-02  0.000000E+00  0.000000E+00  0.000000E+00  0.000000E+00  0.000000E+00  0.000000E+00  5.678182E-02  1.341309E-02
  1.900000E-01  9.286985E-01  7.130152E-02  0.000000E+00  0.000000E+00  0.000000E+00  0.000000E+00  0.000000E+00  0.000000E+00  5.732227E-02  1.397926E-02
  1.920000E-01  9.275959E-01  7.240411E-02  0.000000E+00  0.000000E+00  0.000000E+00  0.000000E+00  0.000000E+00  0.000000E+00  5.785866E-02  1.454545E-02
  1.940000E-01  9.264975E-01  7.350250E-02  0.000000E+00  0.000000E+00  0.000000E+00  0.000000E+00  0.000000E+00  0.000000E+00  5.839105E-02  1.511145E-02
  1.960000E-01  9.254034E-01  7.459655E-02  0.000000E+00  0.000000E+00  0.000000E+00  0.000000E+00  0.000000E+00  0.000000E+00  5.891950E-02  1.567706E-02
  1.980000E-01  9.243139E-01  7.568613E-02  0.000000E+00  0.000000E+00  0.000000E+00  0.000000E+00  0.000000E+00  0.000000E+00  5.944404E-02  1.624209E-02
  2.000000E-01  9.232289E-01  7.677111E-02  0.000000E+00  0.000000E+00  0.000000E+00  0.000000E+00  0.000000E+00  0.000000E+00  5.996473E-02  1.680638E-02
  2.020000E-01  9.221486E-01  7.785139E-02  0.000000E+00  0.000000E+00  0.000000E+00  0.000000E+00  0.000000E+00  0.000000E+00  6.048162E-02  1.736977E-02
  2.040000E-01  9.210731E-01  7.892687E-02  0.000000E+00  0.000000E+00  0.000000E+00  0.000000E+00  0.000000E+00  0.000000E+00  6.099475E-02  1.793211E-02
  2.060000E-01  9.200025E-01  7.999745E-02  0.000000E+00  0.000000E+00  0.000000E+00  0.000000E+00  0.000000E+00  0.000000E+00  6.150417E-02  1.849328E-02
  2.080000E-01  9.189369E-01  8.106306E-02  0.000000E+00  0.000000E+00  0.000000E+00  0.000000E+00  0.000000E+00  0.000000E+00  6.200991E-02  1.905315E-02
  2.100000E-01  9.178764E-01  8.212363E-02  0.000000E+00  0.000000E+00  0.000000E+00  0.000000E+00  0.000000E+00  0.000000E+00  6.251203E-02  1.961161E-02
  2.120000E-01  9.168209E-01  8.317910E-02  0.000000E+00  0.000000E+00  0.000000E+00  0.000000E+00  0.000000E+00  0.000000E+00  6.301055E-02  2.016855E-02
  2.140000E-01  9.157706E-01  8.422940E-02  0.000000E+00  0.000000E+00  0.000000E+00  0.000000E+00  0.000000E+00  0.000000E+00  6.350552E-02  2.072388E-02
  2.160000E-01  9.147255E-01  8.527448E-02  0.000000E+00  0.000000E+00  0.000000E+00  0.000000E+00  0.000000E+00  0.000000E+00  6.399698E-02  2.127751E-02
  2.180000E-01  9.136857E-01  8.631431E-02  0.000000E+00  0.000000E+00  0.000000E+00  0.000000E+00  0.000000E+00  0.000000E+00  6.448496E-02  2.182936E-02
  2.200000E-01  9.126512E-01  8.734885E-02  0.000000E+00  0.000000E+00  0.000000E+00  0.000000E+00  0.000000E+00  0.000000E+00  6.496950E-02  2.237935E-02
  2.220000E-01  9.116219E-01  8.837806E-02  0.000000E+00  0.000000E+00  0.000000E+00  0.000000E+00  0.000000E+00  0.000000E+00  6.545064E-02  2.292742E-02
  2.240000E-01  9.105981E-01  8.940191E-02  0.000000E+00  0.000000E+00  0.000000E+00  0.000000E+00  0.000000E+00  0.000000E+00  6.592841E-02  2.347350E-02
  2.260000E-01  9.095796E-01  9.042039E-02  0.000000E+00  0.000000E+00  0.000000E+00  0.000000E+00  0.000000E+00  0.000000E+00  6.640285E-02  2.401754E-02
  2.280000E-01  9.085665E-01  9.143346E-02  0.000000E+00  0.000000E+00  0.000000E+00  0.000000E+00  0.000000E+00  0.000000E+00  6.687399E-02  2.455948E-02
  2.300000E-01  9.075589E-01  9.244113E-02  0.000000E+00  0.000000E+00  0.000000E+00  0.000000E+00  0.000000E+00  0.000000E+00  6.734186E-02  2.509927E-02
  2.320000E-01  9.065566E-01  9.344337E-02  0.000000E+00  0.000000E+00  0.000000E+00  0.000000E+00  0.000000E+00  0.000000E+00  6.780650E-02  2.563687E-02
  2.340000E-01  9.055598E-01  9.444017E-02  0.000000E+00  0.000000E+00  0.000000E+00  0.000000E+00  0.000000E+00  0.000000E+00  6.826794E-02  2.617224E-02
  2.360000E-01  9.045685E-01  9.543154E-02  0.000000E+00  0.000000E+00  0.000000E+00  0.000000E+00  0.000000E+00  0.000000E+00  6.872620E-02  2.670534E-02
  2.380000E-01  9.035825E-01  9.641747E-02  0.000000E+00  0.000000E+00  0.000000E+00  0.000000E+00  0.000000E+00  0.000000E+00  6.918133E-02  2.723613E-02
  2.400000E-01  9.026020E-01  9.739795E-02  0.000000E+00  0.000000E+00  0.000000E+00  0.000000E+00  0.000000E+00  0.000000E+00  6.963335E-02  2.776460E-02
  2.420000E-01  9.016270E-01  9.837300E-02  0.000000E+00  0.000000E+00  0.000000E+00  0.000000E+00  0.000000E+00  0.000000E+00  7.008230E-02  2.829070E-02
  2.440000E-01  9.006574E-01  9.934261E-02  0.000000E+00  0.000000E+00  0.000000E+00  0.000000E+00  0.000000E+00  0.000000E+00  7.052819E-02  2.881442E-02
  2.460000E-01  8.996932E-01  1.003068E-01  0.000000E+00  0.000000E+00  0.000000E+00  0.000000E+00  0.000000E+00  0.000000E+00  7.097107E-02  2.933573E-02
  2.480000E-01  8.987344E-01  1.012656E-01  0.000000E+00  0.000000E+00  0.000000E+00  0.000000E+00  0.000000E+00  0.000000E+00  7.141096E-02  2.985461E-02
  2.500000E-01  8.977811E-01  1.022189E-01  0.000000E+00  0.000000E+00  0.000000E+00  0.000000E+00  0.000000E+00  0.000000E+00  7.184788E-02  3.037105E-02
  2.520000E-01  8.968331E-01  1.031669E-01  0.000000E+00  0.000000E+00  0.000000E+00  0.000000E+00  0.000000E+00  0.000000E+00  7.228187E-02  3.088503E-02
  2.540000E-01  8.958905E-01  1.041095E-01  0.000000E+00  0.000000E+00  0.000000E+00  0.000000E+00  0.000000E+00  0.000000E+00  7.271296E-02  3.139653E-02
  2.560000E-01  8.949533E-01  1.050467E-01  0.000000E+00  0.000000E+00  0.000000E+00  0.000000E+00  0.000000E+00  0.000000E+00  7.314117E-02  3.190555E-02
  2.580000E-01  8.940214E-01  1.059786E-01  0.000000E+00  0.000000E+00  0.000000E+00  0.000000E+00  0.000000E+00  0.000000E+00  7.356653E-02  3.241208E-02
  2.600000E-01  8.930948E-01  1.069052E-01  0.000000E+00  0.000000E+00  0.000000E+00  0.000000E+00  0.000000E+00  0.000000E+00  7.398906E-02  3.291610E-02
  2.620000E-01  8.921736E-01  1.078264E-01  0.000000E+00  0.000000E+00  0.000000E+00  0.000000E+00  0.000000E+00  0.000000E+00  7.440880E-02  3.341762E-02
  2.640000E-01  8.912576E-01  1.087424E-01  0.000000E+00  0.000000E+00  0.000000E+00  0.000000E+00  0.000000E+00  0.000000E+00  7.482577E-02  3.391661E-02
  2.660000E-01  8.903469E-01  1.096531E-01  0.000000E+00  0.000000E+00  0.000000E+00  0.000000E+00  0.000000E+00  0.000000E+00  7.523999E-02  3.441309E-02
  2.680000E-01  8.894415E-01  1.105585E-01  0.000000E+00  0.000000E+00  0.000000E+00  0.000000E+00  0.000000E+00  0.000000E+00  7.565149E-02  3.490705E-02
  2.700000E-01  8.885412E-01  1.114588E-01  0.000000E+00  0.000000E+00  0.000000E+00  0.000000E+00  0.000000E+00  0.000000E+00  7.606030E-02  3.539849E-02
  2.720000E-01  8.876462E-01  1.123538E-01  0.000000E+00  0.000000E+00  0.000000E+00  0.000000E+00  0.000000E+00  0.000000E+00  7.646643E-02  3.588740E-02
  2.740000E-01  8.867563E-01  1.132437E-01  0.000000E+00  0.000000E+00  0.000000E+00  0.000000E+00  0.000000E+00  0.000000E+00  7.686992E-02  3.637379E-02
  2.760000E-01  8.858716E-01  1.141284E-01  0.000000E+00  0.000000E+00  0.000000E+00  0.000000E+00  0.000000E+00  0.000000E+00  7.727079E-02  3.685765E-02
  2.780000E-01  8.849919E-01  1.150081E-01  0.000000E+00  0.000000E+00  0.000000E+00  0.000000E+00  0.000000E+00  0.000000E+00  7.766907E-02  3.733900E-02
  2.800000E-01  8.841174E-01  1.158826E-01  0.000000E+00  0.000000E+00  0.000000E+00  0.000000E+00  0.000000E+00  0.000000E+00  7.806477E-02  3.781783E-02
  2.820000E-01  8.832479E-01  1.167521E-01  0.000000E+00  0.000000E+00  0.000000E+00  0.000000E+00  0.000000E+00  0.000000E+00  7.845792E-02  3.829416E-02
  2.840000E-01  8.823835E-01  1.176165E-01  0.000000E+00  0.000000E+00  0.000000E+00  0.000000E+00  0.000000E+00  0.000000E+00  7.884854E-02  3.876797E-02
  2.860000E-01  8.815240E-01  1.184760E-01  0.000000E+00  0.000000E+00  0.000000E+00  0.000000E+00  0.000000E+00  0.000000E+00  7.923666E-02  3.923929E-02
  2.880000E-01  8.806696E-01  1.193304E-01  0.000000E+00  0.000000E+00  0.000000E+00  0.000000E+00  0.000000E+00  0.000000E+00  7.962230E-02  3.970811E-02
  2.900000E-01  8.798201E-01  1.201799E-01  0.000000E+00  0.000000E+00  0.000000E+00  0.000000E+00  0.000000E+00  0.000000E+00  8.000549E-02  4.017444E-02
  2.920000E-01  8.789755E-01  1.210245E-01  0.000000E+00  0.000000E+00  0.000000E+00  0.000000E+00  0.000000E+00  0.000000E+00  8.038624E-02  4.063829E-02
  2.940000E-01  8.781358E-01  1.218642E-01  0.000000E+00  0.000000E+00  0.000000E+00  0.000000E+00  0.000000E+00  0.000000E+00  8.076457E-02  4.109967E-02
  2.960000E-01  8.773009E-01  1.226991E-01  0.000000E+00  0.000000E+00  0.000000E+00  0.000000E+00  0.000000E+00  0.000000E+00  8.114051E-02  4.155859E-02
  2.980000E-01  8.764709E-01  1.235291E-01  0.000000E+00  0.000000E+00  0.000000E+00  0.000000E+00  0.000000E+00  0.000000E+00  8.151408E-02  4.201505E-02
  3.000000E-01  8.756456E-01  1.243544E-01  0.000000E+00  0.000000E+00  0.000000E+00  0.000000E+00  0.000000E+00  0.000000E+00  8.188531E-02  4.246906E-02
  3.020000E-01  8.748252E-01  1.251748E-01  0.000000E+00  0.000000E+00  0.000000E+00  0.000000E+00  0.000000E+00  0.000000E+00  8.225420E-02  4.292064E-02
  3.040000E-01  8.740094E-01  1.259906E-01  0.000000E+00  0.000000E+00  0.000000E+00  0.000000E+00  0.000000E+00  0.000000E+00  8.262079E-02  4.336979E-02
  3.060000E-01  8.731984E-01  1.268016E-01  0.000000E+00  0.000000E+00  0.000000E+00  0.000000E+00  0.000000E+00  0.000000E+00  8.298509E-02  4.381652E-02
  3.080000E-01  8.723920E-01  1.276080E-01  0.000000E+00  0.000000E+00  0.000000E+00  0.000000E+00  0.000000E+00  0.000000E+00  8.334713E-02  4.426085E-02
  3.100000E-01  8.715903E-01  1.284097E-01  0.000000E+00  0.000000E+00  0.000000E+00  0.000000E+00  0.000000E+00  0.000000E+00  8.370692E-02  4.470279E-02
  3.120000E-01  8.707932E-01  1.292068E-01  0.000000E+00  0.000000E+00  0.000000E+00  0.000000E+00  0.000000E+00  0.000000E+00  8.406449E-02  4.514234E-02
  3.140000E-01  8.700006E-01  1.299994E-01  0.000000E+00  0.000000E+00  0.000000E+00  0.000000E+00  0.000000E+00  0.000000E+00  8.441985E-02  4.557952E-02
  3.160000E-01  8.692126E-01  1.307874E-01  0.000000E+00  0.000000E+00  0.000000E+00  0.000000E+00  0.000000E+00  0.000000E+00  8.477302E-02  4.601434E-02
  3.180000E-01  8.684292E-01  1.315708E-01  0.000000E+00  0.000000E+00  0.000000E+00  0.000000E+00  0.000000E+00  0.000000E+00  8.512403E-02  4.644682E-02
  3.200000E-01  8.676502E-01  1.323498E-01  0.000000E+00  0.000000E+00  0.000000E+00  0.000000E+00  0.000000E+00  0.000000E+00  8.547289E-02  4.687696E-02
  3.220000E-01  8.668756E-01  1.331244E-01  0.000000E+00  0.000000E+00  0.000000E+00  0.000000E+00  0.000000E+00  0.000000E+00  8.581962E-02  4.730477E-02
  3.240000E-01  8.661055E-01  1.338945E-01  0.000000E+00  0.000000E+00  0.000000E+00  0.000000E+00  0.000000E+00  0.000000E+00  8.616424E-02  4.773028E-02
  3.260000E-01  8.653397E-01  1.346603E-01  0.000000E+00  0.000000E+00  0.000000E+00  0.000000E+00  0.000000E+00  0.000000E+00  8.650677E-02  4.815349E-02
  3.280000E-01  8.645784E-01  1.354216E-01  0.000000E+00  0.000000E+00  0.000000E+00  0.000000E+00  0.000000E+00  0.000000E+00  8.684723E-02  4.857441E-02
  3.300000E-01  8.638213E-01  1.361787E-01  0.000000E+00  0.000000E+00  0.000000E+00  0.000000E+00  0.000000E+00  0.000000E+00  8.718563E-02  4.899306E-02
  3.320000E-01  8.630685E-01  1.369315E-01  0.000000E+00  0.000000E+00  0.000000E+00  0.000000E+00  0.000000E+00  0.000000E+00  8.752200E-02  4.940946E-02
  3.340000E-01  8.623201E-01  1.376799E-01  0.000000E+00  0.000000E+00  0.000000E+00  0.000000E+00  0.000000E+00  0.000000E+00  8.785635E-02  4.982360E-02
  3.360000E-01  8.615758E-01  1.384242E-01  0.000000E+00  0.000000E+00  0.000000E+00  0.000000E+00  0.000000E+00  0.000000E+00  8.818869E-02  5.023552E-02
  3.380000E-01  8.608357E-01  1.391643E-01  0.000000E+00  0.000000E+00  0.000000E+00  0.000000E+00  0.000000E+00  0.000000E+00  8.851905E-02  5.064521E-02
  3.400000E-01  8.600998E-01  1.399002E-01  0.000000E+00  0.000000E+00  0.000000E+00  0.000000E+00  0.000000E+00  0.000000E+00  8.884745E-02  5.105270E-02
  3.420000E-01  8.575610E-01  1.400217E-01  2.417353E-03  0.000000E+00  0.000000E+00  0.000000E+00  0.000000E+00  0.000000E+00  8.884086E-02  5.118082E-02
  3.440000E-01  8.555807E-01  1.403228E-01  4.096509E-03  0.000000E+00  0.000000E+00  0.000000E+00  0.000000E+00  0.000000E+00  8.893290E-02  5.138987E-02
  3.460000E-01  8.534687E-01  1.405708E-01  5.960531E-03  0.000000E+00  0.000000E+00  0.000000E+00  0.000000E+00  0.000000E+00  8.899654E-02  5.157423E-02
  3.480000E-01  8.512579E-01  1.407766E-01  7.965520E-03  0.000000E+00  0.000000E+00  0.000000E+00  0.000000E+00  0.000000E+00  8.903778E-02  5.173885E-02
  3.500000E-01  8.489698E-01  1.409475E-01  1.008271E-02  0.000000E+00  0.000000E+00  0.000000E+00  0.000000E+00  0.000000E+00  8.906053E-02  5.188695E-02
  3.520000E-01  8.466199E-01  1.410885E-01  1.229164E-02  0.000000E+00  0.000000E+00  0.000000E+00  0.000000E+00  0.000000E+00  8.906761E-02  5.202086E-02
  3.540000E-01  8.442196E-01  1.412035E-01  1.457693E-02  0.000000E+00  0.000000E+00  0.000000E+00  0.000000E+00  0.000000E+00  8.906113E-02  5.214234E-02
  3.560000E-01  8.417779E-01  1.412955E-01  1.692658E-02  0.000000E+00  0.000000E+00  0.000000E+00  0.000000E+00  0.000000E+00  8.904274E-02  5.225275E-02
  3.580000E-01  8.393020E-01  1.413670E-01  1.933097E-02  0.000000E+00  0.000000E+00  0.000000E+00  0.000000E+00  0.000000E+00  8.901379E-02  5.235321E-02
  3.600000E-01  8.367978E-01  1.414200E-01  2.178223E-02  0.000000E+00  0.000000E+00  0.000000E+00  0.000000E+00  0.000000E+00  8.897536E-02  5.244463E-02
  3.620000E-01  8.342700E-01  1.414562E-01  2.427376E-02  0.000000E+00  0.000000E+00  0.000000E+00  0.000000E+00  0.000000E+00  8.892840E-02  5.252780E-02
  3.640000E-01  8.317230E-01  1.414771E-01  2.679999E-02  0.000000E+00  0.000000E+00  0.000000E+00  0.000000E+00  0.000000E+00  8.887368E-02  5.260337E-02
  3.660000E-01  8.291600E-01  1.414838E-01  2.935618E-02  0.000000E+00  0.000000E+00  0.000000E+00  0.000000E+00  0.000000E+00  8.881190E-02  5.267192E-02
  3.680000E-01  8.265842E-01  1.414776E-01  3.193818E-02  0.000000E+00  0.000000E+00  0.000000E+00  0.000000E+00  0.000000E+00  8.874364E-02  5.273395E-02
  3.700000E-01  8.239982E-01  1.414593E-01  3.454243E-02  0.000000E+00  0.000000E+00  0.000000E+00  0.000000E+00  0.000000E+00  8.866942E-02  5.278991E-02
  3.720000E-01  8.214043E-01  1.414299E-01  3.716576E-02  0.000000E+00  0.000000E+00  0.000000E+00  0.000000E+00  0.000000E+00  8.858972E-02  5.284018E-02
  3.740000E-01  8.188045E-01  1.413901E-01  3.980540E-02  0.000000E+00  0.000000E+00  0.000000E+00  0.000000E+00  0.000000E+00  8.850493E-02  5.288512E-02
  3.760000E-01  8.162006E-01  1.413405E-01  4.245888E-02  0.000000E+00  0.000000E+00  0.000000E+00  0.000000E+00  0.000000E+00  8.841544E-02  5.292506E-02
  3.780000E-01  8.135942E-01  1.412818E-01  4.512399E-02  0.000000E+00  0.000000E+00  0.000000E+00  0.000000E+00  0.000000E+00  8.832157E-02  5.296027E-02
  3.800000E-01  8.109866E-01  1.412147E-01  4.779877E-02  0.000000E+00  0.000000E+00  0.000000E+00  0.000000E+00  0.000000E+00  8.822364E-02  5.299102E-02
  3.820000E-01  8.083791E-01  1.411395E-01  5.048144E-02  0.000000E+00  0.000000E+00  0.000000E+00  0.000000E+00  0.000000E+00  8.812191E-02  5.301755E-02
  3.840000E-01  8.057729E-01  1.410567E-01  5.317040E-02  0.000000E+00  0.000000E+00  0.000000E+00  0.000000E+00  0.000000E+00  8.801663E-02  5.304009E-02
  3.860000E-01  8.031689E-01  1.409669E-01  5.586421E-02  0.000000E+00  0.000000E+00  0.000000E+00  0.000000E+00  0.000000E+00  8.790804E-02  5.305883E-02
  3.880000E-01  8.005681E-01  1.408703E-01  5.856154E-02  0.000000E+00  0.000000E+00  0.000000E+00  0.000000E+00  0.000000E+00  8.779635E-02  5.307396E-02
  3.900000E-01  7.979714E-01  1.407674E-01  6.126122E-02  0.000000E+00  0.000000E+00  0.000000E+00  0.000000E+00  0.000000E+00  8.768176E-02  5.308566E-02
  3.920000E-01  7.953793E-01  1.406585E-01  6.396216E-02  0.000000E+00  0.000000E+00  0.000000E+00  0.000000E+00  0.000000E+00  8.756444E-02  5.309409E-02
  3.940000E-01  7.927927E-01  1.405440E-01  6.666336E-02  0.000000E+00  0.000000E+00  0.000000E+00  0.000000E+00  0.000000E+00  8.744456E-02  5.309939E-02
  3.960000E-01  7.902121E-01  1.404240E-01  6.936392E-02  0.000000E+00  0.000000E+00  0.000000E+00  0.000000E+00  0.000000E+00  8.732228E-02  5.310171E-02
  3.980000E-01  7.876380E-01  1.402989E-01  7.206301E-02  0.000000E+00  0.000000E+00  0.000000E+00  0.000000E+00  0.000000E+00  8.719775E-02  5.310119E-02
  4.000000E-01  7.850711E-01  1.401690E-01  7.475988E-02  0.000000E+00  0.000000E+00  0.000000E+00  0.000000E+00  0.000000E+00  8.707109E-02  5.309794E-02
  4.020000E-01  7.825117E-01  1.400345E-01  7.745382E-02  0.000000E+00  0.000000E+00  0.000000E+00  0.000000E+00  0.000000E+00  8.694244E-02  5.309208E-02
  4.040000E-01  7.799602E-01  1.398956E-01  8.014419E-02  0.000000E+00  0.000000E+00  0.000000E+00  0.000000E+00  0.000000E+00  8.681191E-02  5.308372E-02
  4.060000E-01  7.774170E-01  1.397526E-01  8.283042E-02  0.000000E+00  0.000000E+00  0.000000E+00  0.000000E+00  0.000000E+00  8.667961E-02  5.307296E-02
  4.080000E-01  7.748825E-01  1.396055E-01  8.551195E-02  0.000000E+00  0.000000E+00  0.000000E+00  0.000000E+00  0.000000E+00  8.654564E-02  5.305990E-02
  4.100000E-01  7.723570E-01  1.394547E-01  8.818829E-02  0.000000E+00  0.000000E+00  0.000000E+00  0.000000E+00  0.000000E+00  8.641011E-02  5.304464E-02
  4.120000E-01  7.698407E-01  1.393004E-01  9.085899E-02  0.000000E+00  0.000000E+00  0.000000E+00  0.000000E+00  0.000000E+00  8.627311E-02  5.302725E-02
  4.140000E-01  7.673339E-01  1.391425E-01  9.352361E-02  0.000000E+00  0.000000E+00  0.000000E+00  0.000000E+00  0.000000E+00  8.613471E-02  5.300782E-02
  4.160000E-01  7.648368E-01  1.389814E-01  9.618178E-02  0.000000E+00  0.000000E+00  0.000000E+00  0.000000E+00  0.000000E+00  8.599501E-02  5.298643E-02
  4.180000E-01  7.623496E-01  1.388172E-01  9.883313E-02  0.000000E+00  0.000000E+00  0.000000E+00  0.000000E+00  0.000000E+00  8.585407E-02  5.296315E-02
  4.200000E-01  7.598726E-01  1.386500E-01  1.014773E-01  0.000000E+00  0.000000E+00  0.000000E+00  0.000000E+00  0.000000E+00  8.571198E-02  5.293805E-02
  4.220000E-01  7.574059E-01  1.384800E-01  1.041141E-01  0.000000E+00  0.000000E+00  0.000000E+00  0.000000E+00  0.000000E+00  8.556880E-02  5.291121E-02
  4.240000E-01  7.549496E-01  1.383073E-01  1.067431E-01  0.000000E+00  0.000000E+00  0.000000E+00  0.000000E+00  0.000000E+00  8.542459E-02  5.288268E-02
  4.260000E-01  7.525039E-01  1.381319E-01  1.093642E-01  0.000000E+00  0.000000E+00  0.000000E+00  0.000000E+00  0.000000E+00  8.527942E-02  5.285252E-02
  4.280000E-01  7.500688E-01  1.379541E-01  1.119770E-01  0.000000E+00  0.000000E+00  0.000000E+00  0.000000E+00  0.000000E+00  8.513334E-02  5.282080E-02
  4.300000E-01  7.476446E-01  1.377740E-01  1.145814E-01  0.000000E+00  0.000000E+00  0.000000E+00  0.000000E+00  0.000000E+00  8.498641E-02  5.278757E-02
  4.320000E-01  7.452313E-01  1.375916E-01  1.171772E-01  0.000000E+00  0.000000E+00  0.000000E+00  0.000000E+00  0.000000E+00  8.483868E-02  5.275288E-02
  4.340000E-01  7.428289E-01  1.374070E-01  1.197641E-01  0.000000E+00  0.000000E+00  0.000000E+00  0.000000E+00  0.000000E+00  8.469020E-02  5.271679E-02
  4.360000E-01  7.404376E-01  1.372204E-01  1.223421E-01  0.000000E+00  0.000000E+00  0.000000E+00  0.000000E+00  0.000000E+00  8.454103E-02  5.267933E-02
  4.380000E-01  7.380574E-01  1.370318E-01  1.249109E-01  0.000000E+00  0.000000E+00  0.000000E+00  0.000000E+00  0.000000E+00  8.439119E-02  5.264057E-02
  4.400000E-01  7.356883E-01  1.368413E-01  1.274704E-01  0.000000E+00  0.000000E+00  0.000000E+00  0.000000E+00  0.000000E+00  8.424075E-02  5.260053E-02
  4.420000E-01  7.333304E-01  1.366490E-01  1.300205E-01  0.000000E+00  0.000000E+00  0.000000E+00  0.000000E+00  0.000000E+00  8.408973E-02  5.255928E-02
  4.440000E-01  7.309838E-01  1.364550E-01  1.325612E-01  0.000000E+00  0.000000E+00  0.000000E+00  0.000000E+00  0.000000E+00  8.393817E-02  5.251684E-02
  4.460000E-01  7.286485E-01  1.362594E-01  1.350921E-01  0.000000E+00  0.000000E+00  0.000000E+00  0.000000E+00  0.000000E+00  8.378612E-02  5.247326E-02
  4.480000E-01  7.263244E-01  1.360622E-01  1.376134E-01  0.000000E+00  0.000000E+00  0.000000E+00  0.000000E+00  0.000000E+00  8.363361E-02  5.242857E-02
  4.500000E-01  7.240116E-01  1.358635E-01  1.401249E-01  0.000000E+00  0.000000E+00  0.000000E+00  0.000000E+00  0.000000E+00  8.348068E-02  5.238282E-02
  4.520000E-01  7.217102E-01  1.356634E-01  1.426264E-01  0.000000E+00  0.000000E+00  0.000000E+00  0.000000E+00  0.000000E+00  8.332734E-02  5.233603E-02
  4.540000E-01  7.194201E-01  1.354619E-01  1.451181E-01  0.000000E+00  0.000000E+00  0.000000E+00  0.000000E+00  0.000000E+00  8.317364E-02  5.228824E-02
  4.560000E-01  7.171412E-01  1.352591E-01  1.475997E-01  0.000000E+00  0.000000E+00  0.000000E+00  0.000000E+00  0.000000E+00  8.301961E-02  5.223948E-02
  4.580000E-01  7.148737E-01  1.350551E-01  1.500712E-01  0.000000E+00  0.000000E+00  0.000000E+00  0.000000E+00  0.000000E+00  8.286527E-02  5.218979E-02
  4.600000E-01  7.126175E-01  1.348498E-01  1.525327E-01  0.000000E+00  0.000000E+00  0.000000E+00  0.000000E+00  0.000000E+00  8.271065E-02  5.213920E-02
  4.620000E-01  7.103725E-01  1.346435E-01  1.549840E-01  0.000000E+00  0.000000E+00  0.000000E+00  0.000000E+00  0.000000E+00  8.255577E-02  5.208772E-02
  4.640000E-01  7.081389E-01  1.344361E-01  1.574251E-01  0.000000E+00  0.000000E+00  0.000000E+00  0.000000E+00  0.000000E+00  8.240066E-02  5.203540E-02
  4.660000E-01  7.059164E-01  1.342276E-01  1.598560E-01  0.000000E+00  0.000000E+00  0.000000E+00  0.000000E+00  0.000000E+00  8.224535E-02  5.198226E-02
  4.680000E-01  7.037052E-01  1.340182E-01  1.622766E-01  0.000000E+00  0.000000E+00  0.000000E+00  0.000000E+00  0.000000E+00  8.208985E-02  5.192832E-02
  4.700000E-01  7.015052E-01  1.338078E-01  1.646870E-01  0.000000E+00  0.000000E+00  0.000000E+00  0.000000E+00  0.000000E+00  8.193419E-02  5.187361E-02
  4.720000E-01  6.993163E-01  1.335965E-01  1.670872E-01  0.000000E+00  0.000000E+00  0.000000E+00  0.000000E+00  0.000000E+00  8.177839E-02  5.181816E-02
  4.740000E-01  6.971385E-01  1.333844E-01  1.694770E-01  0.000000E+00  0.000000E+00  0.000000E+00  0.000000E+00  0.000000E+00  8.162246E-02  5.176199E-02
  4.760000E-01  6.949718E-01  1.331715E-01  1.718566E-01  0.000000E+00  0.000000E+00  0.000000E+00  0.000000E+00  0.000000E+00  8.146643E-02  5.170511E-02
  4.780000E-01  6.928162E-01  1.329579E-01  1.742259E-01  0.000000E+00  0.000000E+00  0.000000E+00  0.000000E+00  0.000000E+00  8.131031E-02  5.164756E-02
  4.800000E-01  6.906716E-01  1.327435E-01  1.765849E-01  0.000000E+00  0.000000E+00  0.000000E+00  0.000000E+00  0.000000E+00  8.115413E-02  5.158936E-02
  4.820000E-01  6.885379E-01  1.325284E-01  1.789337E-01  0.000000E+00  0.000000E+00  0.000000E+00  0.000000E+00  0.000000E+00  8.099789E-02  5.153052E-02
  4.840000E-01  6.864151E-01  1.323127E-01  1.812722E-01  0.000000E+00  0.000000E+00  0.000000E+00  0.000000E+00  0.000000E+00  8.084161E-02  5.147106E-02
  4.860000E-01  6.843033E-01  1.320963E-01  1.836004E-01  0.000000E+00  0.000000E+00  0.000000E+00  0.000000E+00  0.000000E+00  8.068532E-02  5.141101E-02
  4.880000E-01  6.822022E-01  1.318794E-01  1.859184E-01  0.000000E+00  0.000000E+00  0.000000E+00  0.000000E+00  0.000000E+00  8.052902E-02  5.135038E-02
  4.900000E-01  6.801119E-01  1.316619E-01  1.882262E-01  0.000000E+00  0.000000E+00  0.000000E+00  0.000000E+00  0.000000E+00  8.037273E-02  5.128919E-02
  4.920000E-01  6.780323E-01  1.314439E-01  1.905237E-01  0.000000E+00  0.000000E+00  0.000000E+00  0.000000E+00  0.000000E+00  8.021646E-02  5.122746E-02
  4.940000E-01  6.759635E-01  1.312254E-01  1.928111E-01  0.000000E+00  0.000000E+00  0.000000E+00  0.000000E+00  0.000000E+00  8.006022E-02  5.116521E-02
  4.960000E-01  6.739052E-01  1.310065E-01  1.950883E-01  0.000000E+00  0.000000E+00  0.000000E+00  0.000000E+00  0.000000E+00  7.990403E-02  5.110245E-02
  4.980000E-01  6.718575E-01  1.307871E-01  1.973554E-01  0.000000E+00  0.000000E+00  0.000000E+00  0.000000E+00  0.000000E+00  7.974790E-02  5.103919E-02
  5.000000E-01  6.698203E-01  1.305673E-01  1.996124E-01  0.000000E+00  0.000000E+00  0.000000E+00  0.000000E+00  0.000000E+00  7.959184E-02  5.097546E-02
  5.020000E-01  6.677935E-01  1.303471E-01  2.018594E-01  0.000000E+00  0.000000E+00  0.000000E+00  0.000000E+00  0.000000E+00  7.943586E-02  5.091127E-02
  5.040000E-01  6.643937E-01  1.309813E-01  2.032284E-01  1.396589E-03  0.000000E+00  0.000000E+00  0.000000E+00  0.000000E+00  7.898898E-02  5.059574E-02
  5.060000E-01  6.619930E-01  1.310060E-01  2.052041E-01  1.796971E-03  0.000000E+00  0.000000E+00  0.000000E+00  0.000000E+00  7.875006E-02  5.045893E-02
  5.080000E-01  6.595869E-01  1.310407E-01  2.071583E-01  2.214067E-03  0.000000E+00  0.000000E+00  0.000000E+00  0.000000E+00  7.850789E-02  5.031879E-02
  5.100000E-01  6.571786E-01  1.310838E-01  2.090929E-01  2.644735E-03  0.000000E+00  0.000000E+00  0.000000E+00  0.000000E+00  7.826315E-02  5.017590E-02
  5.120000E-01  6.547702E-01  1.311337E-01  2.110095E-01  3.086598E-03  0.000000E+00  0.000000E+00  0.000000E+00  0.000000E+00  7.801636E-02  5.003071E-02
  5.140000E-01  6.523636E-01  1.311893E-01  2.129093E-01  3.537796E-03  0.000000E+00  0.000000E+00  0.000000E+00  0.000000E+00  7.776791E-02  4.988357E-02
  5.160000E-01  6.499603E-01  1.312497E-01  2.147931E-01  3.996833E-03  0.000000E+00  0.000000E+00  0.000000E+00  0.000000E+00  7.751811E-02  4.973475E-02
  5.180000E-01  6.475614E-01  1.313142E-01  2.166619E-01  4.462483E-03  0.000000E+00  0.000000E+00  0.000000E+00  0.000000E+00  7.726725E-02  4.958450E-02
  5.200000E-01  6.451678E-01  1.313823E-01  2.185162E-01  4.933724E-03  0.000000E+00  0.000000E+00  0.000000E+00  0.000000E+00  7.701554E-02  4.943301E-02
  5.220000E-01  6.427803E-01  1.314533E-01  2.203567E-01  5.409691E-03  0.000000E+00  0.000000E+00  0.000000E+00  0.000000E+00  7.676316E-02  4.928045E-02
  5.240000E-01  6.403996E-01  1.315269E-01  2.221838E-01  5.889646E-03  0.000000E+00  0.000000E+00  0.000000E+00  0.000000E+00  7.651028E-02  4.912696E-02
  5.260000E-01  6.380263E-01  1.316027E-01  2.239981E-01  6.372953E-03  0.000000E+00  0.000000E+00  0.000000E+00  0.000000E+00  7.625704E-02  4.897267E-02
  5.280000E-01  6.356608E-01  1.316803E-01  2.257998E-01  6.859057E-03  0.000000E+00  0.000000E+00  0.000000E+00  0.000000E+00  7.600356E-02  4.881768E-02
  5.300000E-01  6.333036E-01  1.317595E-01  2.275894E-01  7.347474E-03  0.000000E+00  0.000000E+00  0.000000E+00  0.000000E+00  7.574994E-02  4.866210E-02
  5.320000E-01  6.309549E-01  1.318401E-01  2.293672E-01  7.837774E-03  0.000000E+00  0.000000E+00  0.000000E+00  0.000000E+00  7.549628E-02  4.850601E-02
  5.340000E-01  6.286152E-01  1.319217E-01  2.311335E-01  8.329580E-03  0.000000E+00  0.000000E+00  0.000000E+00  0.000000E+00  7.524267E-02  4.834949E-02
  5.360000E-01  6.262846E-01  1.320043E-01  2.328885E-01  8.822554E-03  0.000000E+00  0.000000E+00  0.000000E+00  0.000000E+00  7.498917E-02  4.819260E-02
  5.380000E-01  6.239634E-01  1.320877E-01  2.346326E-01  9.316393E-03  0.000000E+00  0.000000E+00  0.000000E+00  0.000000E+00  7.473586E-02  4.803542E-02
  5.400000E-01  6.216517E-01  1.321716E-01  2.363658E-01  9.810828E-03  0.000000E+00  0.000000E+00  0.000000E+00  0.000000E+00  7.448279E-02  4.787799E-02
  5.420000E-01  6.193498E-01  1.322560E-01  2.380886E-01  1.030561E-02  0.000000E+00  0.000000E+00  0.000000E+00  0.000000E+00  7.423002E-02  4.772037E-02
  5.440000E-01  6.170578E-01  1.323407E-01  2.398009E-01  1.080053E-02  0.000000E+00  0.000000E+00  0.000000E+00  0.000000E+00  7.397760E-02  4.756260E-02
  5.460000E-01  6.147758E-01  1.324257E-01  2.415031E-01  1.129538E-02  0.000000E+00  0.000000E+00  0.000000E+00  0.000000E+00  7.372557E-02  4.740474E-02
  5.480000E-01  6.125040E-01  1.325108E-01  2.431953E-01  1.178998E-02  0.000000E+00  0.000000E+00  0.000000E+00  0.000000E+00  7.347397E-02  4.724681E-02
  5.500000E-01  6.102423E-01  1.325959E-01  2.448777E-01  1.228417E-02  0.000000E+00  0.000000E+00  0.000000E+00  0.000000E+00  7.322284E-02  4.708886E-02
  5.520000E-01  6.079909E-01  1.326809E-01  2.465504E-01  1.277779E-02  0.000000E+00  0.000000E+00  0.000000E+00  0.000000E+00  7.297222E-02  4.693091E-02
  5.540000E-01  6.057498E-01  1.327658E-01  2.482136E-01  1.327072E-02  0.000000E+00  0.000000E+00  0.000000E+00  0.000000E+00  7.272212E-02  4.677300E-02
  5.560000E-01  6.035192E-01  1.328506E-01  2.498675E-01  1.376281E-02  0.000000E+00  0.000000E+00  0.000000E+00  0.000000E+00  7.247259E-02  4.661516E-02
  5.580000E-01  6.012989E-01  1.329350E-01  2.515121E-01  1.425397E-02  0.000000E+00  0.000000E+00  0.000000E+00  0.000000E+00  7.222364E-02  4.645742E-02
  5.600000E-01  5.990892E-01  1.330192E-01  2.531476E-01  1.474409E-02  0.000000E+00  0.000000E+00  0.000000E+00  0.000000E+00  7.197530E-02  4.629979E-02
  5.620000E-01  5.968899E-01  1.331030E-01  2.547741E-01  1.523307E-02  0.000000E+00  0.000000E+00  0.000000E+00  0.000000E+00  7.172760E-02  4.614230E-02
  5.640000E-01  5.947011E-01  1.331863E-01  2.563918E-01  1.572082E-02  0.000000E+00  0.000000E+00  0.000000E+00  0.000000E+00  7.148054E-02  4.598497E-02
  5.660000E-01  5.925228E-01  1.332692E-01  2.580007E-01  1.620726E-02  0.000000E+00  0.000000E+00  0.000000E+00  0.000000E+00  7.123415E-02  4.582782E-02
  5.680000E-01  5.903551E-01  1.333516E-01  2.596010E-01  1.669231E-02  0.000000E+00  0.000000E+00  0.000000E+00  0.000000E+00  7.098844E-02  4.567088E-02
  5.700000E-01  5.881151E-01  1.336106E-01  2.606874E-01  1.678463E-02  0.000000E+00  0.000000E+00  8.022103E-04  0.000000E+00  7.061794E-02  4.540582E-02
  5.720000E-01  5.859131E-01  1.338155E-01  2.619159E-01  1.698987E-02  0.000000E+00  0.000000E+00  1.365657E-03  0.000000E+00  7.028617E-02  4.517382E-02
  5.740000E-01  5.837175E-01  1.340328E-01  2.630975E-01  1.716217E-02  0.000000E+00  0.000000E+00  1.990047E-03  0.000000E+00  6.994617E-02  4.493436E-02
  5.760000E-01  5.815300E-01  1.342591E-01  2.642415E-01  1.730845E-02  0.000000E+00  0.000000E+00  2.660958E-03  0.000000E+00  6.960025E-02  4.468943E-02
  5.780000E-01  5.793517E-01  1.344925E-01  2.653535E-01  1.743320E-02  0.000000E+00  0.000000E+00  3.369104E-03  0.000000E+00  6.924990E-02  4.444031E-02
  5.800000E-01  5.771830E-01  1.347316E-01  2.664379E-01  1.753956E-02  0.000000E+00  0.000000E+00  4.107961E-03  0.000000E+00  6.889614E-02  4.418792E-02
  5.820000E-01  5.750246E-01  1.349753E-01  2.674976E-01  1.762989E-02  0.000000E+00  0.000000E+00  4.872672E-03  0.000000E+00  6.853977E-02  4.393293E-02
  5.840000E-01  5.728767E-01  1.352228E-01  2.685351E-01  1.770604E-02  0.000000E+00  0.000000E+00  5.659474E-03  0.000000E+00  6.818138E-02  4.367586E-02
  5.860000E-01  5.707395E-01  1.354734E-01  2.695522E-01  1.776949E-02  0.000000E+00  0.000000E+00  6.465361E-03  0.000000E+00  6.782144E-02  4.341712E-02
  5.880000E-01  5.686133E-01  1.357267E-01  2.705506E-01  1.782144E-02  0.000000E+00  0.000000E+00  7.287875E-03  0.000000E+00  6.746035E-02  4.315707E-02
  5.900000E-01  5.664982E-01  1.359823E-01  2.715317E-01  1.786292E-02  0.000000E+00  0.000000E+00  8.124970E-03  0.000000E+00  6.709842E-02  4.289597E-02
  5.920000E-01  5.643942E-01  1.362397E-01  2.724964E-01  1.789480E-02  0.000000E+00  0.000000E+00  8.974915E-03  0.000000E+00  6.673593E-02  4.263407E-02
  5.940000E-01  5.623014E-01  1.364987E-01  2.734458E-01  1.791782E-02  0.000000E+00  0.000000E+00  9.836227E-03  0.000000E+00  6.637310E-02  4.237157E-02
  5.960000E-01  5.602199E-01  1.367590E-01  2.743808E-01  1.793264E-02  0.000000E+00  0.000000E+00  1.070762E-02  0.000000E+00  6.601013E-02  4.210865E-02
  5.980000E-01  5.581497E-01  1.370205E-01  2.753020E-01  1.793984E-02  0.000000E+00  0.000000E+00  1.158798E-02  0.000000E+00  6.564720E-02  4.184545E-02
  6.000000E-01  5.560907E-01  1.372828E-01  2.762102E-01  1.793993E-02  0.000000E+00  0.000000E+00  1.247631E-02  0.000000E+00  6.528446E-02  4.158212E-02
  6.020000E-01  5.540430E-01  1.375459E-01  2.771060E-01  1.793337E-02  0.000000E+00  0.000000E+00  1.337173E-02  0.000000E+00  6.492203E-02  4.131877E-02
  6.040000E-01  5.520066E-01  1.378096E-01  2.779898E-01  1.792057E-02  0.000000E+00  0.000000E+00  1.427347E-02  0.000000E+00  6.456003E-02  4.105551E-02
  6.060000E-01  5.499814E-01  1.380737E-01  2.788622E-01  1.790190E-02  0.000000E+00  0.000000E+00  1.518082E-02  0.000000E+00  6.419857E-02  4.079242E-02
  6.080000E-01  5.479673E-01  1.383382E-01  2.797236E-01  1.787771E-02  0.000000E+00  0.000000E+00  1.609316E-02  0.000000E+00  6.383774E-02  4.052960E-02
  6.100000E-01  5.459644E-01  1.386029E-01  2.805744E-01  1.784831E-02  0.000000E+00  0.000000E+00  1.700990E-02  0.000000E+00  6.347762E-02  4.026711E-02
  6.120000E-01  5.439726E-01  1.388678E-01  2.814150E-01  1.781398E-02  0.000000E+00  0.000000E+00  1.793053E-02  0.000000E+00  6.311829E-02  4.000503E-02
  6.140000E-01  5.419919E-01  1.391328E-01  2.822458E-01  1.777498E-02  0.000000E+00  0.000000E+00  1.885457E-02  0.000000E+00  6.275981E-02  3.974342E-02
  6.160000E-01  5.400221E-01  1.393977E-01  2.830670E-01  1.773156E-02  0.000000E+00  0.000000E+00  1.978159E-02  0.000000E+00  6.240224E-02  3.948232E-02
  6.180000E-01  5.380633E-01  1.396626E-01  2.838790E-01  1.768395E-02  0.000000E+00  0.000000E+00  2.071119E-02  0.000000E+00  6.204564E-02  3.922180E-02
  6.200000E-01  5.361154E-01  1.399273E-01  2.846820E-01  1.763235E-02  0.000000E+00  0.000000E+00  2.164300E-02  0.000000E+00  6.169005E-02  3.896189E-02
  6.220000E-01  5.341782E-01  1.401918E-01  2.854763E-01  1.757696E-02  0.000000E+00  0.000000E+00  2.257669E-02  0.000000E+00  6.133553E-02  3.870265E-02
  6.240000E-01  5.322519E-01  1.404561E-01  2.862621E-01  1.751796E-02  0.000000E+00  0.000000E+00  2.351194E-02  0.000000E+00  6.098211E-02  3.844410E-02
  6.260000E-01  5.303362E-01  1.407201E-01  2.870397E-01  1.745553E-02  0.000000E+00  0.000000E+00  2.444847E-02  0.000000E+00  6.062982E-02  3.818629E-02
  6.280000E-01  5.284311E-01  1.409838E-01  2.878093E-01  1.738982E-02  0.000000E+00  0.000000E+00  2.538601E-02  0.000000E+00  6.027871E-02  3.792925E-02
  6.300000E-01  5.265365E-01  1.412471E-01  2.885711E-01  1.732100E-02  0.000000E+00  0.000000E+00  2.632430E-02  0.000000E+00  5.992880E-02  3.767299E-02
  6.320000E-01  5.246525E-01  1.415100E-01  2.893252E-01  1.724919E-02  0.000000E+00  0.000000E+00  2.726312E-02  0.000000E+00  5.958012E-02  3.741757E-02
  6.340000E-01  5.227788E-01  1.417725E-01  2.900720E-01  1.717453E-02  0.000000E+00  0.000000E+00  2.820224E-02  0.000000E+00  5.923270E-02  3.716298E-02
  6.360000E-01  5.209155E-01  1.420345E-01  2.908114E-01  1.709716E-02  0.000000E+00  0.000000E+00  2.914147E-02  0.000000E+00  5.888655E-02  3.690927E-02
  6.380000E-01  5.190624E-01  1.422960E-01  2.915438E-01  1.701718E-02  0.000000E+00  0.000000E+00  3.008062E-02  0.000000E+00  5.854171E-02  3.665645E-02
  6.400000E-01  5.172196E-01  1.425570E-01  2.922692E-01  1.693473E-02  0.000000E+00  0.000000E+00  3.101951E-02  0.000000E+00  5.819818E-02  3.640454E-02
  6.420000E-01  5.153868E-01  1.428174E-01  2.929879E-01  1.684990E-02  0.000000E+00  0.000000E+00  3.195798E-02  0.000000E+00  5.785599E-02  3.615356E-02
  6.440000E-01  5.135641E-01  1.430773E-01  2.936999E-01  1.676280E-02  0.000000E+00  0.000000E+00  3.289587E-02  0.000000E+00  5.751516E-02  3.590353E-02
  6.460000E-01  5.117514E-01  1.433367E-01  2.944053E-01  1.667352E-02  0.000000E+00  0.000000E+00  3.383303E-02  0.000000E+00  5.717569E-02  3.565445E-02
  6.480000E-01  5.099486E-01  1.435954E-01  2.951045E-01  1.658216E-02  0.000000E+00  0.000000E+00  3.476934E-02  0.000000E+00  5.683759E-02  3.540635E-02
  6.500000E-01  5.081556E-01  1.438536E-01  2.957973E-01  1.648882E-02  0.000000E+00  0.000000E+00  3.570465E-02  0.000000E+00  5.650089E-02  3.515923E-02
  6.520000E-01  5.063724E-01  1.441111E-01  2.964841E-01  1.639357E-02  0.000000E+00  0.000000E+00  3.663885E-02  0.000000E+00  5.616560E-02  3.491311E-02
  6.540000E-01  5.045988E-01  1.443680E-01  2.971648E-01  1.629649E-02  0.000000E+00  0.000000E+00  3.757182E-02  0.000000E+00  5.583171E-02  3.466800E-02
  6.560000E-01  5.028349E-01  1.446243E-01  2.978397E-01  1.619767E-02  0.000000E+00  0.000000E+00  3.850347E-02  0.000000E+00  5.549924E-02  3.442391E-02
  6.580000E-01  5.010805E-01  1.448799E-01  2.985087E-01  1.609717E-02  0.000000E+00  0.000000E+00  3.943368E-02  0.000000E+00  5.516820E-02  3.418085E-02
  6.600000E-01  4.993356E-01  1.451349E-01  2.991721E-01  1.599508E-02  0.000000E+00  0.000000E+00  4.036236E-02  0.000000E+00  5.483859E-02  3.393883E-02
  6.620000E-01  4.976001E-01  1.453891E-01  2.998299E-01  1.589145E-02  0.000000E+00  0.000000E+00  4.128943E-02  0.000000E+00  5.451042E-02  3.369784E-02
  6.640000E-01  4.958739E-01  1.456428E-01  3.004822E-01  1.578636E-02  0.000000E+00  0.000000E+00  4.221479E-02  0.000000E+00  5.418370E-02  3.345791E-02
  6.660000E-01  4.941570E-01  1.458957E-01  3.011291E-01  1.567987E-02  0.000000E+00  0.000000E+00  4.313836E-02  0.000000E+00  5.385842E-02  3.321903E-02
  6.680000E-01  4.924492E-01  1.461479E-01  3.017707E-01  1.557203E-02  0.000000E+00  0.000000E+00  4.406008E-02  0.000000E+00  5.353460E-02  3.298122E-02
  6.700000E-01  4.907506E-01  1.463995E-01  3.024071E-01  1.546291E-02  0.000000E+00  0.000000E+00  4.497987E-02  0.000000E+00  5.321224E-02  3.274447E-02
  6.720000E-01  4.890610E-01  1.466504E-01  3.030384E-01  1.535257E-02  0.000000E+00  0.000000E+00  4.589766E-02  0.000000E+00  5.289133E-02  3.250879E-02
  6.740000E-01  4.873804E-01  1.469005E-01  3.036646E-01  1.524105E-02  0.000000E+00  0.000000E+00  4.681339E-02  0.000000E+00  5.257188E-02  3.227419E-02
  6.760000E-01  4.857088E-01  1.471500E-01  3.042859E-01  1.512841E-02  0.000000E+00  0.000000E+00  4.772700E-02  0.000000E+00  5.225390E-02  3.204067E-02
  6.780000E-01  4.840459E-01  1.473987E-01  3.049022E-01  1.501470E-02  0.000000E+00  0.000000E+00  4.863842E-02  0.000000E+00  5.193737E-02  3.180823E-02
  6.800000E-01  4.823918E-01  1.476468E-01  3.055138E-01  1.489996E-02  0.000000E+00  0.000000E+00  4.954762E-02  0.000000E+00  5.162232E-02  3.157688E-02
  6.820000E-01  4.807465E-01  1.478941E-01  3.061206E-01  1.478425E-02  0.000000E+00  0.000000E+00  5.045452E-02  0.000000E+00  5.130872E-02  3.134661E-02
  6.840000E-01  4.791097E-01  1.481407E-01  3.067228E-01  1.466762E-02  0.000000E+00  0.000000E+00  5.135910E-02  0.000000E+00  5.099659E-02  3.111743E-02
  6.860000E-01  4.774816E-01  1.483867E-01  3.073204E-01  1.455009E-02  0.000000E+00  0.000000E+00  5.226130E-02  0.000000E+00  5.068592E-02  3.088934E-02
  6.880000E-01  4.758620E-01  1.486319E-01  3.079134E-01  1.443172E-02  0.000000E+00  0.000000E+00  5.316108E-02  0.000000E+00  5.037672E-02  3.066234E-02
  6.900000E-01  4.742508E-01  1.488764E-01  3.085020E-01  1.431255E-02  0.000000E+00  0.000000E+00  5.405839E-02  0.000000E+00  5.006898E-02  3.043644E-02
  6.920000E-01  4.726479E-01  1.491201E-01  3.090861E-01  1.419261E-02  0.000000E+00  0.000000E+00  5.495320E-02  0.000000E+00  4.976269E-02  3.021163E-02
  6.940000E-01  4.710534E-01  1.493632E-01  3.096659E-01  1.407195E-02  0.000000E+00  0.000000E+00  5.584548E-02  0.000000E+00  4.945787E-02  2.998791E-02
  6.960000E-01  4.694672E-01  1.496056E-01  3.102415E-01  1.395060E-02  0.000000E+00  0.000000E+00  5.673518E-02  0.000000E+00  4.915450E-02  2.976529E-02
  6.980000E-01  4.678891E-01  1.498472E-01  3.108128E-01  1.382860E-02  0.000000E+00  0.000000E+00  5.762228E-02  0.000000E+00  4.885259E-02  2.954377E-02
  7.000000E-01  4.663191E-01  1.500882E-01  3.113800E-01  1.370598E-02  0.000000E+00  0.000000E+00  5.850674E-02  0.000000E+00  4.855212E-02  2.932333E-02
  7.020000E-01  4.647572E-01  1.503284E-01  3.119430E-01  1.358278E-02  0.000000E+00  0.000000E+00  5.938854E-02  0.000000E+00  4.825311E-02  2.910400E-02
  7.040000E-01  4.632033E-01  1.505680E-01  3.125020E-01  1.345902E-02  0.000000E+00  0.000000E+00  6.026765E-02  0.000000E+00  4.795555E-02  2.888575E-02
  7.060000E-01  4.616574E-01  1.508068E-01  3.130571E-01  1.333475E-02  0.000000E+00  0.000000E+00  6.114404E-02  0.000000E+00  4.765942E-02  2.866860E-02
  7.080000E-01  4.601193E-01  1.510449E-01  3.136081E-01  1.320999E-02  0.000000E+00  0.000000E+00  6.201768E-02  0.000000E+00  4.736474E-02  2.845254E-02
  7.100000E-01  4.585890E-01  1.512824E-01  3.141553E-01  1.308477E-02  0.000000E+00  0.000000E+00  6.288856E-02  0.000000E+00  4.707149E-02  2.823756E-02
  7.120000E-01  4.570665E-01  1.515191E-01  3.146986E-01  1.295912E-02  0.000000E+00  0.000000E+00  6.375666E-02  0.000000E+00  4.677968E-02  2.802368E-02
  7.140000E-01  4.555516E-01  1.517552E-01  3.152382E-01  1.283307E-02  0.000000E+00  0.000000E+00  6.462194E-02  0.000000E+00  4.648930E-02  2.781089E-02
  7.160000E-01  4.540445E-01  1.519906E-01  3.157739E-01  1.270665E-02  0.000000E+00  0.000000E+00  6.548440E-02  0.000000E+00  4.620034E-02  2.759918E-02
  7.180000E-01  4.525448E-01  1.522252E-01  3.163060E-01  1.257988E-02  0.000000E+00  0.000000E+00  6.634401E-02  0.000000E+00  4.591280E-02  2.738855E-02
  7.200000E-01  4.510528E-01  1.524592E-01  3.168345E-01  1.245279E-02  0.000000E+00  0.000000E+00  6.720076E-02  0.000000E+00  4.562668E-02  2.717901E-02
  7.220000E-01  4.495681E-01  1.526926E-01  3.173593E-01  1.232541E-02  0.000000E+00  0.000000E+00  6.805464E-02  0.000000E+00  4.534198E-02  2.697054E-02
  7.240000E-01  4.480909E-01  1.529252E-01  3.178805E-01  1.219775E-02  0.000000E+00  0.000000E+00  6.890562E-02  0.000000E+00  4.505869E-02  2.676316E-02
  7.260000E-01  4.466210E-01  1.531572E-01  3.183983E-01  1.206985E-02  0.000000E+00  0.000000E+00  6.975369E-02  0.000000E+00  4.477679E-02  2.655685E-02
  7.280000E-01  4.451584E-01  1.533885E-01  3.189125E-01  1.194173E-02  0.000000E+00  0.000000E+00  7.059884E-02  0.000000E+00  4.449631E-02  2.635162E-02
  7.300000E-01  4.437031E-01  1.536191E-01  3.194233E-01  1.181341E-02  0.000000E+00  0.000000E+00  7.144106E-02  0.000000E+00  4.421721E-02  2.614745E-02
  7.320000E-01  4.422549E-01  1.538491E-01  3.199307E-01  1.168492E-02  0.000000E+00  0.000000E+00  7.228034E-02  0.000000E+00  4.393951E-02  2.594436E-02
  7.340000E-01  4.408139E-01  1.540784E-01  3.204348E-01  1.155627E-02  0.000000E+00  0.000000E+00  7.311666E-02  0.000000E+00  4.366319E-02  2.574233E-02
  7.360000E-01  4.393799E-01  1.543071E-01  3.209355E-01  1.142748E-02  0.000000E+00  0.000000E+00  7.395002E-02  0.000000E+00  4.338826E-02  2.554136E-02
  7.380000E-01  4.379529E-01  1.545351E-01  3.214329E-01  1.129858E-02  0.000000E+00  0.000000E+00  7.478040E-02  0.000000E+00  4.311470E-02  2.534146E-02
  7.400000E-01  4.365329E-01  1.547625E-01  3.219271E-01  1.116959E-02  0.000000E+00  0.000000E+00  7.560780E-02  0.000000E+00  4.284252E-02  2.514261E-02
  7.420000E-01  4.351198E-01  1.549893E-01  3.224181E-01  1.104053E-02  0.000000E+00  0.000000E+00  7.643222E-02  0.000000E+00  4.257170E-02  2.494482E-02
  7.440000E-01  4.337136E-01  1.552154E-01  3.229060E-01  1.091142E-02  0.000000E+00  0.000000E+00  7.725363E-02  0.000000E+00  4.230224E-02  2.474808E-02
  7.460000E-01  4.323142E-01  1.554408E-01  3.233906E-01  1.078227E-02  0.000000E+00  0.000000E+00  7.807204E-02  0.000000E+00  4.203415E-02  2.455239E-02
  7.480000E-01  4.309215E-01  1.556657E-01  3.238722E-01  1.065311E-02  0.000000E+00  0.000000E+00  7.888744E-02  0.000000E+00  4.176740E-02  2.435775E-02
  7.500000E-01  4.295356E-01  1.558899E-01  3.243507E-01  1.052395E-02  0.000000E+00  0.000000E+00  7.969982E-02  0.000000E+00  4.150200E-02  2.416415E-02
  7.520000E-01  4.281563E-01  1.561135E-01  3.248262E-01  1.039481E-02  0.000000E+00  0.000000E+00  8.050919E-02  0.000000E+00  4.123794E-02  2.397159E-02
  7.540000E-01  4.267836E-01  1.563365E-01  3.252987E-01  1.026571E-02  0.000000E+00  0.000000E+00  8.131553E-02  0.000000E+00  4.097522E-02  2.378007E-02
  7.560000E-01  4.254174E-01  1.565589E-01  3.257682E-01  1.013667E-02  0.000000E+00  0.000000E+00  8.211884E-02  0.000000E+00  4.071383E-02  2.358958E-02
  7.580000E-01  4.240578E-01  1.567807E-01  3.262347E-01  1.000769E-02  0.000000E+00  0.000000E+00  8.291911E-02  0.000000E+00  4.045377E-02  2.340012E-02
  7.600000E-01  4.227046E-01  1.570019E-01  3.266984E-01  9.878812E-03  0.000000E+00  0.000000E+00  8.371635E-02  0.000000E+00  4.019502E-02  2.321169E-02
  7.620000E-01  4.213578E-01  1.572225E-01  3.271591E-01  9.750036E-03  0.000000E+00  0.000000E+00  8.451056E-02  0.000000E+00  3.993759E-02  2.302429E-02
  7.640000E-01  4.200174E-01  1.574425E-01  3.276171E-01  9.621380E-03  0.000000E+00  0.000000E+00  8.530172E-02  0.000000E+00  3.968148E-02  2.283790E-02
  7.660000E-01  4.186832E-01  1.576619E-01  3.280722E-01  9.492862E-03  0.000000E+00  0.000000E+00  8.608983E-02  0.000000E+00  3.942666E-02  2.265254E-02
  7.680000E-01  4.173554E-01  1.578807E-01  3.285245E-01  9.364496E-03  0.000000E+00  0.000000E+00  8.687491E-02  0.000000E+00  3.917315E-02  2.246818E-02
  7.700000E-01  4.160337E-01  1.580990E-01  3.289740E-01  9.236298E-03  0.000000E+00  0.000000E+00  8.765693E-02  0.000000E+00  3.892093E-02  2.228484E-02
  7.720000E-01  4.147182E-01  1.583167E-01  3.294209E-01  9.108282E-03  0.000000E+00  0.000000E+00  8.843591E-02  0.000000E+00  3.867000E-02  2.210250E-02
  7.740000E-01  4.134089E-01  1.585338E-01  3.298650E-01  8.980464E-03  0.000000E+00  0.000000E+00  8.921184E-02  0.000000E+00  3.842035E-02  2.192117E-02
  7.760000E-01  4.121056E-01  1.587504E-01  3.303064E-01  8.852856E-03  0.000000E+00  0.000000E+00  8.998472E-02  0.000000E+00  3.817198E-02  2.174084E-02
  7.780000E-01  4.108083E-01  1.589664E-01  3.307452E-01  8.725475E-03  0.000000E+00  0.000000E+00  9.075455E-02  0.000000E+00  3.792488E-02  2.156150E-02
  7.800000E-01  4.095171E-01  1.591819E-01  3.311814E-01  8.598333E-03  0.000000E+00  0.000000E+00  9.152133E-02  0.000000E+00  3.767905E-02  2.138316E-02
  7.820000E-01  4.082317E-01  1.593968E-01  3.316150E-01  8.471444E-03  0.000000E+00  0.000000E+00  9.228506E-02  0.000000E+00  3.743448E-02  2.120581E-02
  7.840000E-01  4.069523E-01  1.596112E-01  3.320460E-01  8.344823E-03  0.000000E+00  0.000000E+00  9.304575E-02  0.000000E+00  3.719117E-02  2.102944E-02
  7.860000E-01  4.056787E-01  1.598250E-01  3.324744E-01  8.218482E-03  0.000000E+00  0.000000E+00  9.380338E-02  0.000000E+00  3.694911E-02  2.085406E-02
  7.880000E-01  4.044109E-01  1.600383E-01  3.329003E-01  8.092435E-03  0.000000E+00  0.000000E+00  9.455797E-02  0.000000E+00  3.670829E-02  2.067965E-02
  7.900000E-01  4.031489E-01  1.602511E-01  3.333238E-01  7.966695E-03  0.000000E+00  0.000000E+00  9.530951E-02  0.000000E+00  3.646871E-02  2.050622E-02
  7.920000E-01  4.018926E-01  1.604634E-01  3.337447E-01  7.841275E-03  0.000000E+00  0.000000E+00  9.605801E-02  0.000000E+00  3.623037E-02  2.033377E-02
  7.940000E-01  4.006419E-01  1.606752E-01  3.341632E-01  7.716188E-03  0.000000E+00  0.000000E+00  9.680347E-02  0.000000E+00  3.599325E-02  2.016228E-02
  7.960000E-01  3.993969E-01  1.608864E-01  3.345793E-01  7.591446E-03  0.000000E+00  0.000000E+00  9.754588E-02  0.000000E+00  3.575736E-02  1.999175E-02
  7.980000E-01  3.981575E-01  1.610972E-01  3.349930E-01  7.467062E-03  0.000000E+00  0.000000E+00  9.828525E-02  0.000000E+00  3.552269E-02  1.982219E-02
  8.000000E-01  3.969237E-01  1.613074E-01  3.354043E-01  7.343049E-03  0.000000E+00  0.000000E+00  9.902159E-02  0.000000E+00  3.528923E-02  1.965358E-02
  8.020000E-01  3.956953E-01  1.615172E-01  3.358132E-01  7.219419E-03  0.000000E+00  0.000000E+00  9.975489E-02  0.000000E+00  3.505698E-02  1.948593E-02
  8.040000E-01  3.944724E-01  1.617265E-01  3.362198E-01  7.096184E-03  0.000000E+00  0.000000E+00  1.004852E-01  0.000000E+00  3.482593E-02  1.931922E-02
  8.060000E-01  3.932549E-01  1.619353E-01  3.366240E-01  6.973356E-03  0.000000E+00  0.000000E+00  1.012124E-01  0.000000E+00  3.459608E-02  1.915347E-02
  8.080000E-01  3.920429E-01  1.621436E-01  3.370260E-01  6.850948E-03  0.000000E+00  0.000000E+00  1.019366E-01  0.000000E+00  3.436742E-02  1.898866E-02
  8.100000E-01  3.908361E-01  1.623514E-01  3.374257E-01  6.728972E-03  0.000000E+00  0.000000E+00  1.026578E-01  0.000000E+00  3.413994E-02  1.882478E-02
  8.120000E-01  3.896347E-01  1.625588E-01  3.378231E-01  6.607439E-03  0.000000E+00  0.000000E+00  1.033759E-01  0.000000E+00  3.391365E-02  1.866184E-02
  8.140000E-01  3.884385E-01  1.627658E-01  3.382184E-01  6.486362E-03  0.000000E+00  0.000000E+00  1.040910E-01  0.000000E+00  3.368853E-02  1.849984E-02
  8.160000E-01  3.872476E-01  1.629722E-01  3.386113E-01  6.365753E-03  0.000000E+00  0.000000E+00  1.048031E-01  0.000000E+00  3.346458E-02  1.833876E-02
  8.180000E-01  3.860618E-01  1.631782E-01  3.390021E-01  6.245623E-03  0.000000E+00  0.000000E+00  1.055122E-01  0.000000E+00  3.324179E-02  1.817861E-02
  8.200000E-01  3.848812E-01  1.633838E-01  3.393908E-01  6.125984E-03  0.000000E+00  0.000000E+00  1.062183E-01  0.000000E+00  3.302017E-02  1.801937E-02
  8.220000E-01  3.837056E-01  1.635889E-01  3.397772E-01  6.006849E-03  0.000000E+00  0.000000E+00  1.069213E-01  0.000000E+00  3.279970E-02  1.786106E-02
  8.240000E-01  3.825352E-01  1.637936E-01  3.401616E-01  5.888229E-03  0.000000E+00  0.000000E+00  1.076214E-01  0.000000E+00  3.258037E-02  1.770366E-02
  8.260000E-01  3.813697E-01  1.639979E-01  3.405438E-01  5.770135E-03  0.000000E+00  0.000000E+00  1.083184E-01  0.000000E+00  3.236220E-02  1.754717E-02
  8.280000E-01  3.802093E-01  1.642018E-01  3.409239E-01  5.652581E-03  0.000000E+00  0.000000E+00  1.090125E-01  0.000000E+00  3.214516E-02  1.739159E-02
  8.300000E-01  3.790538E-01  1.644052E-01  3.413019E-01  5.535577E-03  0.000000E+00  0.000000E+00  1.097035E-01  0.000000E+00  3.192925E-02  1.723691E-02
  8.320000E-01  3.779032E-01  1.646082E-01  3.416779E-01  5.419136E-03  0.000000E+00  0.000000E+00  1.103915E-01  0.000000E+00  3.171447E-02  1.708313E-02
  8.340000E-01  3.767575E-01  1.648109E-01  3.420518E-01  5.303270E-03  0.000000E+00  0.000000E+00  1.110765E-01  0.000000E+00  3.150082E-02  1.693024E-02
  8.360000E-01  3.756166E-01  1.650131E-01  3.424237E-01  5.187990E-03  0.000000E+00  0.000000E+00  1.117586E-01  0.000000E+00  3.128828E-02  1.677825E-02
  8.380000E-01  3.744806E-01  1.652149E-01  3.427936E-01  5.073310E-03  0.000000E+00  0.000000E+00  1.124376E-01  0.000000E+00  3.107685E-02  1.662715E-02
  8.400000E-01  3.733493E-01  1.654164E-01  3.431615E-01  4.959241E-03  0.000000E+00  0.000000E+00  1.131137E-01  0.000000E+00  3.086654E-02  1.647693E-02
  8.420000E-01  3.722227E-01  1.656174E-01  3.435274E-01  4.845795E-03  0.000000E+00  0.000000E+00  1.137867E-01  0.000000E+00  3.065732E-02  1.632759E-02
  8.440000E-01  3.711008E-01  1.658181E-01  3.438913E-01  4.732985E-03  0.000000E+00  0.000000E+00  1.144568E-01  0.000000E+00  3.044921E-02  1.617914E-02
  8.460000E-01  3.699835E-01  1.660185E-01  3.442533E-01  4.620823E-03  0.000000E+00  0.000000E+00  1.151239E-01  0.000000E+00  3.024218E-02  1.603155E-02
  8.480000E-01  3.688709E-01  1.662184E-01  3.446133E-01  4.509323E-03  0.000000E+00  0.000000E+00  1.157880E-01  0.000000E+00  3.003624E-02  1.588484E-02
  8.500000E-01  3.677629E-01  1.664180E-01  3.449715E-01  4.398496E-03  0.000000E+00  0.000000E+00  1.164491E-01  0.000000E+00  2.983139E-02  1.573900E-02
  8.520000E-01  3.666594E-01  1.666173E-01  3.453277E-01  4.288357E-03  0.000000E+00  0.000000E+00  1.171073E-01  0.000000E+00  2.962761E-02  1.559402E-02
  8.540000E-01  3.655604E-01  1.668162E-01  3.456821E-01  4.178917E-03  0.000000E+00  0.000000E+00  1.177624E-01  0.000000E+00  2.942491E-02  1.544990E-02
  8.560000E-01  3.644658E-01  1.670147E-01  3.460346E-01  4.070191E-03  0.000000E+00  0.000000E+00  1.184146E-01  0.000000E+00  2.922327E-02  1.530664E-02
  8.580000E-01  3.633758E-01  1.672130E-01  3.463853E-01  3.962192E-03  0.000000E+00  0.000000E+00  1.190638E-01  0.000000E+00  2.902269E-02  1.516423E-02
  8.600000E-01  3.622901E-01  1.674109E-01  3.467341E-01  3.854934E-03  0.000000E+00  0.000000E+00  1.197101E-01  0.000000E+00  2.882318E-02  1.502268E-02
  8.620000E-01  3.612087E-01  1.676085E-01  3.470810E-01  3.748431E-03  0.000000E+00  0.000000E+00  1.203533E-01  0.000000E+00  2.862471E-02  1.488197E-02
  8.640000E-01  3.601317E-01  1.678057E-01  3.474262E-01  3.642697E-03  0.000000E+00  0.000000E+00  1.209936E-01  0.000000E+00  2.842729E-02  1.474210E-02
  8.660000E-01  3.590590E-01  1.680027E-01  3.477696E-01  3.537747E-03  0.000000E+00  0.000000E+00  1.216310E-01  0.000000E+00  2.823092E-02  1.460307E-02
  8.680000E-01  3.579906E-01  1.681994E-01  3.481112E-01  3.433596E-03  0.000000E+00  0.000000E+00  1.222653E-01  0.000000E+00  2.803558E-02  1.446488E-02
  8.700000E-01  3.569263E-01  1.683957E-01  3.484510E-01  3.330260E-03  0.000000E+00  0.000000E+00  1.228967E-01  0.000000E+00  2.784128E-02  1.432753E-02
  8.720000E-01  3.558663E-01  1.685918E-01  3.487890E-01  3.227753E-03  0.000000E+00  0.000000E+00  1.235251E-01  0.000000E+00  2.764800E-02  1.419100E-02
  8.740000E-01  3.548104E-01  1.687877E-01  3.491254E-01  3.126092E-03  0.000000E+00  0.000000E+00  1.241505E-01  0.000000E+00  2.745575E-02  1.405530E-02
  8.760000E-01  3.537586E-01  1.689832E-01  3.494599E-01  3.025293E-03  0.000000E+00  0.000000E+00  1.247730E-01  0.000000E+00  2.726452E-02  1.392042E-02
  8.780000E-01  3.527109E-01  1.691785E-01  3.497928E-01  2.925375E-03  0.000000E+00  0.000000E+00  1.253924E-01  0.000000E+00  2.707430E-02  1.378636E-02
  8.800000E-01  3.516672E-01  1.693735E-01  3.501240E-01  2.826353E-03  0.000000E+00  0.000000E+00  1.260089E-01  0.000000E+00  2.688509E-02  1.365312E-02
  8.820000E-01  3.506276E-01  1.695683E-01  3.504535E-01  2.728246E-03  0.000000E+00  0.000000E+00  1.266225E-01  0.000000E+00  2.669688E-02  1.352069E-02
  8.840000E-01  3.495919E-01  1.697628E-01  3.507813E-01  2.631072E-03  0.000000E+00  0.000000E+00  1.272330E-01  0.000000E+00  2.650968E-02  1.338907E-02
  8.860000E-01  3.485601E-01  1.699571E-01  3.511074E-01  2.534852E-03  0.000000E+00  0.000000E+00  1.278405E-01  0.000000E+00  2.632347E-02  1.325825E-02
  8.880000E-01  3.475323E-01  1.701512E-01  3.514319E-01  2.439604E-03  0.000000E+00  0.000000E+00  1.284451E-01  0.000000E+00  2.613825E-02  1.312824E-02
  8.900000E-01  3.465083E-01  1.703450E-01  3.517547E-01  2.345349E-03  0.000000E+00  0.000000E+00  1.290467E-01  0.000000E+00  2.595401E-02  1.299903E-02
  8.920000E-01  3.454881E-01  1.705387E-01  3.520759E-01  2.252110E-03  0.000000E+00  0.000000E+00  1.296452E-01  0.000000E+00  2.577076E-02  1.287061E-02
  8.940000E-01  3.444717E-01  1.707321E-01  3.523955E-01  2.159908E-03  0.000000E+00  0.000000E+00  1.302408E-01  0.000000E+00  2.558848E-02  1.274299E-02
  8.960000E-01  3.434591E-01  1.709254E-01  3.527134E-01  2.068766E-03  0.000000E+00  0.000000E+00  1.308333E-01  0.000000E+00  2.540717E-02  1.261615E-02
  8.980000E-01  3.424501E-01  1.711185E-01  3.530298E-01  1.978709E-03  0.000000E+00  0.000000E+00  1.314228E-01  0.000000E+00  2.522683E-02  1.249011E-02
  9.000000E-01  3.414449E-01  1.713114E-01  3.533446E-01  1.889763E-03  0.000000E+00  0.000000E+00  1.320094E-01  0.000000E+00  2.504746E-02  1.236484E-02
  9.020000E-01  3.404433E-01  1.715042E-01  3.536578E-01  1.801953E-03  0.000000E+00  0.000000E+00  1.325928E-01  0.000000E+00  2.486904E-02  1.224035E-02
  9.040000E-01  3.394452E-01  1.716968E-01  3.539694E-01  1.715309E-03  0.000000E+00  0.000000E+00  1.331733E-01  0.000000E+00  2.469157E-02  1.211664E-02
  9.060000E-01  3.384508E-01  1.718892E-01  3.542795E-01  1.629859E-03  0.000000E+00  0.000000E+00  1.337506E-01  0.000000E+00  2.451505E-02  1.199371E-02
  9.080000E-01  3.374598E-01  1.720816E-01  3.545880E-01  1.545635E-03  0.000000E+00  0.000000E+00  1.343249E-01  0.000000E+00  2.433948E-02  1.187154E-02
  9.100000E-01  3.364723E-01  1.722738E-01  3.548950E-01  1.462669E-03  0.000000E+00  0.000000E+00  1.348962E-01  0.000000E+00  2.416484E-02  1.175014E-02
  9.120000E-01  3.354883E-01  1.724659E-01  3.552005E-01  1.380997E-03  0.000000E+00  0.000000E+00  1.354643E-01  0.000000E+00  2.399114E-02  1.162950E-02
  9.140000E-01  3.345076E-01  1.726580E-01  3.555044E-01  1.300655E-03  0.000000E+00  0.000000E+00  1.360293E-01  0.000000E+00  2.381837E-02  1.150962E-02
  9.160000E-01  3.335303E-01  1.728499E-01  3.558068E-01  1.221683E-03  0.000000E+00  0.000000E+00  1.365912E-01  0.000000E+00  2.364652E-02  1.139050E-02
  9.180000E-01  3.325563E-01  1.730418E-01  3.561077E-01  1.144124E-03  0.000000E+00  0.000000E+00  1.371500E-01  0.000000E+00  2.347560E-02  1.127213E-02
  9.200000E-01  3.315855E-01  1.732337E-01  3.564072E-01  1.068022E-03  0.000000E+00  0.000000E+00  1.377056E-01  0.000000E+00  2.330559E-02  1.115451E-02
  9.220000E-01  3.306180E-01  1.734255E-01  3.567051E-01  9.934263E-04  0.000000E+00  0.000000E+00  1.382580E-01  0.000000E+00  2.313649E-02  1.103764E-02
  9.240000E-01  3.296536E-01  1.736173E-01  3.570016E-01  9.203901E-04  0.000000E+00  0.000000E+00  1.388072E-01  0.000000E+00  2.296830E-02  1.092150E-02
  9.260000E-01  3.286922E-01  1.738092E-01  3.572965E-01  8.489705E-04  0.000000E+00  0.000000E+00  1.393531E-01  0.000000E+00  2.280101E-02  1.080611E-02
  9.280000E-01  3.277340E-01  1.740010E-01  3.575901E-01  7.792299E-04  0.000000E+00  0.000000E+00  1.398957E-01  0.000000E+00  2.263461E-02  1.069146E-02
  9.300000E-01  3.267787E-01  1.741929E-01  3.578821E-01  7.112370E-04  0.000000E+00  0.000000E+00  1.404351E-01  0.000000E+00  2.246911E-02  1.057753E-02
  9.320000E-01  3.258263E-01  1.743849E-01  3.581727E-01  6.450673E-04  0.000000E+00  0.000000E+00  1.409710E-01  0.000000E+00  2.230450E-02  1.046434E-02
  9.340000E-01  3.248768E-01  1.745770E-01  3.584619E-01  5.808047E-04  0.000000E+00  0.000000E+00  1.415036E-01  0.000000E+00  2.214076E-02  1.035187E-02
  9.360000E-01  3.239300E-01  1.747692E-01  3.587496E-01  5.185432E-04  0.000000E+00  0.000000E+00  1.420327E-01  0.000000E+00  2.197790E-02  1.024012E-02
  9.380000E-01  3.229860E-01  1.749616E-01  3.590358E-01  4.583886E-04  0.000000E+00  0.000000E+00  1.425582E-01  0.000000E+00  2.181592E-02  1.012909E-02
  9.400000E-01  3.220445E-01  1.751542E-01  3.593206E-01  4.004616E-04  0.000000E+00  0.000000E+00  1.430802E-01  0.000000E+00  2.165480E-02  1.001877E-02
  9.420000E-01  3.211056E-01  1.753470E-01  3.596040E-01  3.449013E-04  0.000000E+00  0.000000E+00  1.435984E-01  0.000000E+00  2.149454E-02  9.909158E-03
  9.440000E-01  3.201691E-01  1.755402E-01  3.598860E-01  2.918701E-04  0.000000E+00  0.000000E+00  1.441129E-01  0.000000E+00  2.133513E-02  9.800253E-03
  9.460000E-01  3.192348E-01  1.757337E-01  3.601664E-01  2.415613E-04  0.000000E+00  0.000000E+00  1.446235E-01  0.000000E+00  2.117657E-02  9.692049E-03
  9.480000E-01  3.183027E-01  1.759276E-01  3.604455E-01  1.942096E-04  0.000000E+00  0.000000E+00  1.451300E-01  0.000000E+00  2.101885E-02  9.584539E-03
  9.500000E-01  3.173726E-01  1.761220E-01  3.607231E-01  1.501076E-04  0.000000E+00  0.000000E+00  1.456322E-01  0.000000E+00  2.086197E-02  9.477717E-03
  9.520000E-01  3.164441E-01  1.763171E-01  3.609992E-01  1.096350E-04  0.000000E+00  0.000000E+00  1.461300E-01  0.000000E+00  2.070590E-02  9.371578E-03
  9.540000E-01  3.155171E-01  1.765129E-01  3.612738E-01  7.330669E-05  0.000000E+00  0.000000E+00  1.466229E-01  0.000000E+00  2.055065E-02  9.266112E-03
  9.560000E-01  3.146143E-01  1.766974E-01  3.615496E-01  0.000000E+00  0.000000E+00  0.000000E+00  1.471387E-01  0.000000E+00  2.039688E-02  9.161839E-03
  9.580000E-01  3.137794E-01  1.767756E-01  3.616345E-01  0.000000E+00  0.000000E+00  0.000000E+00  1.474872E-01  3.233614E-04  2.023617E-02  9.052303E-03
  9.600000E-01  3.129245E-01  1.768822E-01  3.617601E-01  0.000000E+00  0.000000E+00  0.000000E+00  1.478597E-01  5.734981E-04  2.007787E-02  8.944682E-03
  9.620000E-01  3.120842E-01  1.769752E-01  3.618655E-01  0.000000E+00  0.000000E+00  0.000000E+00  1.482181E-01  8.571003E-04  1.991980E-02  8.837305E-03
  9.640000E-01  3.112562E-01  1.770572E-01  3.619545E-01  0.000000E+00  0.000000E+00  0.000000E+00  1.485648E-01  1.167136E-03  1.976211E-02  8.730285E-03
  9.660000E-01  3.104391E-01  1.771302E-01  3.620300E-01  0.000000E+00  0.000000E+00  0.000000E+00  1.489017E-01  1.499024E-03  1.960489E-02  8.623695E-03
  9.680000E-01  3.096317E-01  1.771955E-01  3.620937E-01  0.000000E+00  0.000000E+00  0.000000E+00  1.492297E-01  1.849502E-03  1.944821E-02  8.517587E-03
  9.700000E-01  3.088332E-01  1.772539E-01  3.621470E-01  0.000000E+00  0.000000E+00  0.000000E+00  1.495498E-01  2.216110E-03  1.929212E-02  8.412001E-03
  9.720000E-01  3.080430E-01  1.773063E-01  3.621911E-01  0.000000E+00  0.000000E+00  0.000000E+00  1.498627E-01  2.596922E-03  1.913664E-02  8.306966E-03
  9.740000E-01  3.072606E-01  1.773532E-01  3.622269E-01  0.000000E+00  0.000000E+00  0.000000E+00  1.501689E-01  2.990378E-03  1.898183E-02  8.202506E-03
  9.760000E-01  3.064855E-01  1.773953E-01  3.622551E-01  0.000000E+00  0.000000E+00  0.000000E+00  1.504689E-01  3.395192E-03  1.882769E-02  8.098640E-03
  9.780000E-01  3.057173E-01  1.774328E-01  3.622764E-01  0.000000E+00  0.000000E+00  0.000000E+00  1.507632E-01  3.810280E-03  1.867425E-02  7.995384E-03
  9.800000E-01  3.049558E-01  1.774663E-01  3.622912E-01  0.000000E+00  0.000000E+00  0.000000E+00  1.510520E-01  4.234715E-03  1.852153E-02  7.892752E-03
  9.820000E-01  3.042007E-01  1.774959E-01  3.623001E-01  0.000000E+00  0.000000E+00  0.000000E+00  1.513356E-01  4.667697E-03  1.836954E-02  7.790755E-03
  9.840000E-01  3.034517E-01  1.775220E-01  3.623034E-01  0.000000E+00  0.000000E+00  0.000000E+00  1.516143E-01  5.108526E-03  1.821829E-02  7.689402E-03
  9.860000E-01  3.027087E-01  1.775448E-01  3.623016E-01  0.000000E+00  0.000000E+00  0.000000E+00  1.518883E-01  5.556584E-03  1.806779E-02  7.588701E-03
  9.880000E-01  3.019713E-01  1.775646E-01  3.622949E-01  0.000000E+00  0.000000E+00  0.000000E+00  1.521579E-01  6.011321E-03  1.791805E-02  7.488659E-03
  9.900000E-01  3.012395E-01  1.775815E-01  3.622836E-01  0.000000E+00  0.000000E+00  0.000000E+00  1.524231E-01  6.472247E-03  1.776907E-02  7.389282E-03
  9.920000E-01  3.005130E-01  1.775957E-01  3.622681E-01  0.000000E+00  0.000000E+00  0.000000E+00  1.526843E-01  6.938920E-03  1.762087E-02  7.290575E-03
  9.940000E-01  2.997918E-01  1.776074E-01  3.622484E-01  0.000000E+00  0.000000E+00  0.000000E+00  1.529414E-01  7.410937E-03  1.747345E-02  7.192542E-03
  9.960000E-01  2.990756E-01  1.776168E-01  3.622249E-01  0.000000E+00  0.000000E+00  0.000000E+00  1.531948E-01  7.887937E-03  1.732680E-02  7.095187E-03
  9.980000E-01  2.983645E-01  1.776238E-01  3.621977E-01  0.000000E+00  0.000000E+00  0.000000E+00  1.534444E-01  8.369585E-03  1.718095E-02  6.998513E-03
  1.000000E+00  2.976581E-01  1.776288E-01  3.621671E-01  0.000000E+00  0.000000E+00  0.000000E+00  1.536904E-01  8.855577E-03  1.703588E-02  6.902523E-03
  1.002000E+00  2.969566E-01  1.776318E-01  3.621331E-01  0.000000E+00  0.000000E+00  0.000000E+00  1.539330E-01  9.345631E-03  1.689160E-02  6.807219E-03
  1.004000E+00  2.962596E-01  1.776328E-01  3.620960E-01  0.000000E+00  0.000000E+00  0.000000E+00  1.541721E-01  9.839490E-03  1.674811E-02  6.712603E-03
  1.006000E+00  2.955672E-01  1.776321E-01  3.620558E-01  0.000000E+00  0.000000E+00  0.000000E+00  1.544080E-01  1.033691E-02  1.660542E-02  6.618676E-03
  1.008000E+00  2.948793E-01  1.776296E-01  3.620128E-01  0.000000E+00  0.000000E+00  0.000000E+00  1.546406E-01  1.083768E-02  1.646353E-02  6.525441E-03
  1.010000E+00  2.941957E-01  1.776255E-01  3.619670E-01  0.000000E+00  0.000000E+00  0.000000E+00  1.548702E-01  1.134158E-02  1.632243E-02  6.432897E-03
  1.012000E+00  2.935164E-01  1.776199E-01  3.619186E-01  0.000000E+00  0.000000E+00  0.000000E+00  1.550967E-01  1.184842E-02  1.618213E-02  6.341045E-03
  1.014000E+00  2.928414E-01  1.776127E-01  3.618676E-01  0.000000E+00  0.000000E+00  0.000000E+00  1.553202E-01  1.235802E-02  1.604263E-02  6.249887E-03
  1.016000E+00  2.921704E-01  1.776042E-01  3.618143E-01  0.000000E+00  0.000000E+00  0.000000E+00  1.555409E-01  1.287021E-02  1.590392E-02  6.159421E-03
  1.018000E+00  2.915036E-01  1.775943E-01  3.617586E-01  0.000000E+00  0.000000E+00  0.000000E+00  1.557587E-01  1.338483E-02  1.576602E-02  6.069650E-03
  1.020000E+00  2.908407E-01  1.775832E-01  3.617006E-01  0.000000E+00  0.000000E+00  0.000000E+00  1.559737E-01  1.390174E-02  1.562891E-02  5.980572E-03
  1.022000E+00  2.901818E-01  1.775708E-01  3.616405E-01  0.000000E+00  0.000000E+00  0.000000E+00  1.561860E-01  1.442079E-02  1.549259E-02  5.892188E-03
  1.024000E+00  2.895268E-01  1.775573E-01  3.615784E-01  0.000000E+00  0.000000E+00  0.000000E+00  1.563957E-01  1.494185E-02  1.535708E-02  5.804497E-03
  1.026000E+00  2.888756E-01  1.775426E-01  3.615142E-01  0.000000E+00  0.000000E+00  0.000000E+00  1.566027E-01  1.546480E-02  1.522236E-02  5.717499E-03
  1.028000E+00  2.882282E-01  1.775269E-01  3.614482E-01  0.000000E+00  0.000000E+00  0.000000E+00  1.568072E-01  1.598952E-02  1.508843E-02  5.631193E-03
  1.030000E+00  2.875845E-01  1.775101E-01  3.613803E-01  0.000000E+00  0.000000E+00  0.000000E+00  1.570092E-01  1.651589E-02  1.495529E-02  5.545579E-03
  1.032000E+00  2.869445E-01  1.774924E-01  3.613106E-01  0.000000E+00  0.000000E+00  0.000000E+00  1.572088E-01  1.704381E-02  1.482295E-02  5.460657E-03
  1.034000E+00  2.863081E-01  1.774737E-01  3.612392E-01  0.000000E+00  0.000000E+00  0.000000E+00  1.574059E-01  1.757318E-02  1.469140E-02  5.376425E-03
  1.036000E+00  2.856752E-01  1.774542E-01  3.611661E-01  0.000000E+00  0.000000E+00  0.000000E+00  1.576006E-01  1.810390E-02  1.456064E-02  5.292882E-03
  1.038000E+00  2.850459E-01  1.774337E-01  3.610914E-01  0.000000E+00  0.000000E+00  0.000000E+00  1.577930E-01  1.863588E-02  1.443066E-02  5.210028E-03
  1.040000E+00  2.844201E-01  1.774125E-01  3.610152E-01  0.000000E+00  0.000000E+00  0.000000E+00  1.579832E-01  1.916905E-02  1.430147E-02  5.127862E-03
  1.042000E+00  2.837977E-01  1.773905E-01  3.609375E-01  0.000000E+00  0.000000E+00  0.000000E+00  1.581710E-01  1.970330E-02  1.417307E-02  5.046382E-03
  1.044000E+00  2.831788E-01  1.773677E-01  3.608583E-01  0.000000E+00  0.000000E+00  0.000000E+00  1.583567E-01  2.023858E-02  1.404545E-02  4.965588E-03
  1.046000E+00  2.825631E-01  1.773442E-01  3.607778E-01  0.000000E+00  0.000000E+00  0.000000E+00  1.585401E-01  2.077479E-02  1.391861E-02  4.885479E-03
  1.048000E+00  2.819508E-01  1.773200E-01  3.606959E-01  0.000000E+00  0.000000E+00  0.000000E+00  1.587214E-01  2.131187E-02  1.379254E-02  4.806053E-03
  1.050000E+00  2.813418E-01  1.772952E-01  3.606127E-01  0.000000E+00  0.000000E+00  0.000000E+00  1.589006E-01  2.184976E-02  1.366726E-02  4.727308E-03
  1.052000E+00  2.807360E-01  1.772697E-01  3.605282E-01  0.000000E+00  0.000000E+00  0.000000E+00  1.590777E-01  2.238838E-02  1.354275E-02  4.649245E-03
  1.054000E+00  2.801335E-01  1.772436E-01  3.604425E-01  0.000000E+00  0.000000E+00  0.000000E+00  1.592527E-01  2.292768E-02  1.341901E-02  4.571861E-03
  1.056000E+00  2.795341E-01  1.772169E-01  3.603556E-01  0.000000E+00  0.000000E+00  0.000000E+00  1.594257E-01  2.346759E-02  1.329604E-02  4.495156E-03
  1.058000E+00  2.789378E-01  1.771897E-01  3.602676E-01  0.000000E+00  0.000000E+00  0.000000E+00  1.595968E-01  2.400806E-02  1.317384E-02  4.419127E-03
  1.060000E+00  2.783447E-01  1.771620E-01  3.601785E-01  0.000000E+00  0.000000E+00  0.000000E+00  1.597658E-01  2.454903E-02  1.305241E-02  4.343773E-03
  1.062000E+00  2.777546E-01  1.771337E-01  3.600883E-01  0.000000E+00  0.000000E+00  0.000000E+00  1.599329E-01  2.509045E-02  1.293174E-02  4.269094E-03
  1.064000E+00  2.771676E-01  1.771050E-01  3.599971E-01  0.000000E+00  0.000000E+00  0.000000E+00  1.600980E-01  2.563227E-02  1.281183E-02  4.195087E-03
  1.066000E+00  2.765836E-01  1.770758E-01  3.599049E-01  0.000000E+00  0.000000E+00  0.000000E+00  1.602613E-01  2.617444E-02  1.269269E-02  4.121752E-03
  1.068000E+00  2.760026E-01  1.770461E-01  3.598117E-01  0.000000E+00  0.000000E+00  0.000000E+00  1.604227E-01  2.671692E-02  1.257429E-02  4.049086E-03
  1.070000E+00  2.754245E-01  1.770160E-01  3.597175E-01  0.000000E+00  0.000000E+00  0.000000E+00  1.605823E-01  2.725966E-02  1.245666E-02  3.977088E-03
  1.072000E+00  2.748494E-01  1.769855E-01  3.596224E-01  0.000000E+00  0.000000E+00  0.000000E+00  1.607400E-01  2.780262E-02  1.233977E-02  3.905757E-03
  1.074000E+00  2.742771E-01  1.769547E-01  3.595265E-01  0.000000E+00  0.000000E+00  0.000000E+00  1.608959E-01  2.834575E-02  1.222364E-02  3.835091E-03
  1.076000E+00  2.737078E-01  1.769234E-01  3.594297E-01  0.000000E+00  0.000000E+00  0.000000E+00  1.610501E-01  2.888902E-02  1.210825E-02  3.765089E-03
  1.078000E+00  2.731412E-01  1.768919E-01  3.593320E-01  0.000000E+00  0.000000E+00  0.000000E+00  1.612025E-01  2.943239E-02  1.199361E-02  3.695749E-03
  1.080000E+00  2.725775E-01  1.768599E-01  3.592336E-01  0.000000E+00  0.000000E+00  0.000000E+00  1.613531E-01  2.997582E-02  1.187971E-02  3.627070E-03
  1.082000E+00  2.720166E-01  1.768277E-01  3.591343E-01  0.000000E+00  0.000000E+00  0.000000E+00  1.615021E-01  3.051928E-02  1.176655E-02  3.559050E-03
  1.084000E+00  2.714585E-01  1.767951E-01  3.590344E-01  0.000000E+00  0.000000E+00  0.000000E+00  1.616493E-01  3.106274E-02  1.165413E-02  3.491687E-03
  1.086000E+00  2.709031E-01  1.767623E-01  3.589336E-01  0.000000E+00  0.000000E+00  0.000000E+00  1.617949E-01  3.160615E-02  1.154244E-02  3.424980E-03
  1.088000E+00  2.703504E-01  1.767292E-01  3.588322E-01  0.000000E+00  0.000000E+00  0.000000E+00  1.619388E-01  3.214949E-02  1.143149E-02  3.358928E-03
  1.090000E+00  2.698004E-01  1.766958E-01  3.587301E-01  0.000000E+00  0.000000E+00  0.000000E+00  1.620810E-01  3.269273E-02  1.132126E-02  3.293529E-03
  1.092000E+00  2.692531E-01  1.766622E-01  3.586273E-01  0.000000E+00  0.000000E+00  0.000000E+00  1.622216E-01  3.323584E-02  1.121176E-02  3.228781E-03
  1.094000E+00  2.687084E-01  1.766283E-01  3.585238E-01  0.000000E+00  0.000000E+00  0.000000E+00  1.623607E-01  3.377879E-02  1.110299E-02  3.164683E-03
  1.096000E+00  2.681663E-01  1.765943E-01  3.584198E-01  0.000000E+00  0.000000E+00  0.000000E+00  1.624981E-01  3.432155E-02  1.099494E-02  3.101233E-03
  1.098000E+00  2.676269E-01  1.765600E-01  3.583151E-01  0.000000E+00  0.000000E+00  0.000000E+00  1.626339E-01  3.486410E-02  1.088761E-02  3.038430E-03
  1.100000E+00  2.670900E-01  1.765255E-01  3.582098E-01  0.000000E+00  0.000000E+00  0.000000E+00  1.627682E-01  3.540641E-02  1.078099E-02  2.976272E-03
  1.102000E+00  2.665557E-01  1.764908E-01  3.581040E-01  0.000000E+00  0.000000E+00  0.000000E+00  1.629010E-01  3.594846E-02  1.067509E-02  2.914757E-03
  1.104000E+00  2.660240E-01  1.764560E-01  3.579976E-01  0.000000E+00  0.000000E+00  0.000000E+00  1.630322E-01  3.649022E-02  1.056990E-02  2.853885E-03
  1.106000E+00  2.654947E-01  1.764210E-01  3.578906E-01  0.000000E+00  0.000000E+00  0.000000E+00  1.631619E-01  3.703167E-02  1.046543E-02  2.793654E-03
  1.108000E+00  2.649680E-01  1.763859E-01  3.577832E-01  0.000000E+00  0.000000E+00  0.000000E+00  1.632902E-01  3.757279E-02  1.036165E-02  2.734062E-03
  1.110000E+00  2.644437E-01  1.763506E-01  3.576752E-01  0.000000E+00  0.000000E+00  0.000000E+00  1.634169E-01  3.811356E-02  1.025858E-02  2.675108E-03
  1.112000E+00  2.639219E-01  1.763152E-01  3.575668E-01  0.000000E+00  0.000000E+00  0.000000E+00  1.635422E-01  3.865396E-02  1.015621E-02  2.616790E-03
  1.114000E+00  2.634026E-01  1.762796E-01  3.574579E-01  0.000000E+00  0.000000E+00  0.000000E+00  1.636660E-01  3.919396E-02  1.005454E-02  2.559106E-03
  1.116000E+00  2.628857E-01  1.762440E-01  3.573485E-01  0.000000E+00  0.000000E+00  0.000000E+00  1.637883E-01  3.973355E-02  9.953567E-03  2.502057E-03
  1.118000E+00  2.623711E-01  1.762082E-01  3.572387E-01  0.000000E+00  0.000000E+00  0.000000E+00  1.639093E-01  4.027271E-02  9.853285E-03  2.445639E-03
  1.120000E+00  2.618590E-01  1.761724E-01  3.571284E-01  0.000000E+00  0.000000E+00  0.000000E+00  1.640288E-01  4.081141E-02  9.753694E-03  2.389851E-03
  1.122000E+00  2.613492E-01  1.761364E-01  3.570178E-01  0.000000E+00  0.000000E+00  0.000000E+00  1.641470E-01  4.134966E-02  9.654790E-03  2.334693E-03
  1.124000E+00  2.608418E-01  1.761004E-01  3.569067E-01  0.000000E+00  0.000000E+00  0.000000E+00  1.642637E-01  4.188741E-02  9.556571E-03  2.280163E-03
  1.126000E+00  2.603367E-01  1.760644E-01  3.567953E-01  0.000000E+00  0.000000E+00  0.000000E+00  1.643791E-01  4.242467E-02  9.459035E-03  2.226259E-03
  1.128000E+00  2.598339E-01  1.760282E-01  3.566834E-01  0.000000E+00  0.000000E+00  0.000000E+00  1.644931E-01  4.296142E-02  9.362179E-03  2.172980E-03
  1.130000E+00  2.593334E-01  1.759920E-01  3.565713E-01  0.000000E+00  0.000000E+00  0.000000E+00  1.646057E-01  4.349763E-02  9.265999E-03  2.120325E-03
  1.132000E+00  2.588352E-01  1.759558E-01  3.564587E-01  0.000000E+00  0.000000E+00  0.000000E+00  1.647170E-01  4.403330E-02  9.170494E-03  2.068293E-03
  1.134000E+00  2.583392E-01  1.759195E-01  3.563459E-01  0.000000E+00  0.000000E+00  0.000000E+00  1.648270E-01  4.456840E-02  9.075660E-03  2.016881E-03
  1.136000E+00  2.578455E-01  1.758832E-01  3.562327E-01  0.000000E+00  0.000000E+00  0.000000E+00  1.649357E-01  4.510294E-02  8.981496E-03  1.966090E-03
  1.138000E+00  2.573541E-01  1.758469E-01  3.561191E-01  0.000000E+00  0.000000E+00  0.000000E+00  1.650430E-01  4.563688E-02  8.887998E-03  1.915918E-03
  1.140000E+00  2.568648E-01  1.758106E-01  3.560053E-01  0.000000E+00  0.000000E+00  0.000000E+00  1.651491E-01  4.617023E-02  8.795164E-03  1.866364E-03
  1.142000E+00  2.563777E-01  1.757742E-01  3.558912E-01  0.000000E+00  0.000000E+00  0.000000E+00  1.652538E-01  4.670297E-02  8.702990E-03  1.817426E-03
  1.144000E+00  2.558929E-01  1.757379E-01  3.557768E-01  0.000000E+00  0.000000E+00  0.000000E+00  1.653573E-01  4.723508E-02  8.611475E-03  1.769104E-03
  1.146000E+00  2.554102E-01  1.757016E-01  3.556622E-01  0.000000E+00  0.000000E+00  0.000000E+00  1.654596E-01  4.776655E-02  8.520615E-03  1.721397E-03
  1.148000E+00  2.549296E-01  1.756652E-01  3.555472E-01  0.000000E+00  0.000000E+00  0.000000E+00  1.655605E-01  4.829738E-02  8.430409E-03  1.674302E-03
  1.150000E+00  2.544512E-01  1.756289E-01  3.554321E-01  0.000000E+00  0.000000E+00  0.000000E+00  1.656603E-01  4.882755E-02  8.340853E-03  1.627821E-03
  1.152000E+00  2.539749E-01  1.755926E-01  3.553166E-01  0.000000E+00  0.000000E+00  0.000000E+00  1.657587E-01  4.935705E-02  8.251944E-03  1.581950E-03
  1.154000E+00  2.535008E-01  1.755564E-01  3.552010E-01  0.000000E+00  0.000000E+00  0.000000E+00  1.658560E-01  4.988587E-02  8.163681E-03  1.536691E-03
  1.156000E+00  2.530287E-01  1.755202E-01  3.550851E-01  0.000000E+00  0.000000E+00  0.000000E+00  1.659521E-01  5.041400E-02  8.076059E-03  1.492041E-03
  1.158000E+00  2.525587E-01  1.754840E-01  3.549690E-01  0.000000E+00  0.000000E+00  0.000000E+00  1.660469E-01  5.094144E-02  7.989077E-03  1.448000E-03
  1.160000E+00  2.520907E-01  1.754478E-01  3.548527E-01  0.000000E+00  0.000000E+00  0.000000E+00  1.661405E-01  5.146816E-02  7.902733E-03  1.404567E-03
  1.162000E+00  2.516249E-01  1.754118E-01  3.547362E-01  0.000000E+00  0.000000E+00  0.000000E+00  1.662330E-01  5.199417E-02  7.817022E-03  1.361742E-03
  1.164000E+00  2.511610E-01  1.753757E-01  3.546195E-01  0.000000E+00  0.000000E+00  0.000000E+00  1.663243E-01  5.251946E-02  7.731943E-03  1.319524E-03
  1.166000E+00  2.506992E-01  1.753398E-01  3.545026E-01  0.000000E+00  0.000000E+00  0.000000E+00  1.664144E-01  5.304400E-02  7.647493E-03  1.277911E-03
  1.168000E+00  2.502394E-01  1.753039E-01  3.543856E-01  0.000000E+00  0.000000E+00  0.000000E+00  1.665033E-01  5.356781E-02  7.563670E-03  1.236905E-03
  1.170000E+00  2.497816E-01  1.752681E-01  3.542684E-01  0.000000E+00  0.000000E+00  0.000000E+00  1.665911E-01  5.409087E-02  7.480470E-03  1.196504E-03
  1.172000E+00  2.493258E-01  1.752323E-01  3.541510E-01  0.000000E+00  0.000000E+00  0.000000E+00  1.666777E-01  5.461317E-02  7.397891E-03  1.156708E-03
  1.174000E+00  2.488720E-01  1.751966E-01  3.540335E-01  0.000000E+00  0.000000E+00  0.000000E+00  1.667632E-01  5.513470E-02  7.315930E-03  1.117516E-03
  1.176000E+00  2.484201E-01  1.751611E-01  3.539158E-01  0.000000E+00  0.000000E+00  0.000000E+00  1.668476E-01  5.565546E-02  7.234585E-03  1.078929E-03
  1.178000E+00  2.479702E-01  1.751256E-01  3.537980E-01  0.000000E+00  0.000000E+00  0.000000E+00  1.669308E-01  5.617544E-02  7.153853E-03  1.040946E-03
  1.180000E+00  2.475222E-01  1.750902E-01  3.536801E-01  0.000000E+00  0.000000E+00  0.000000E+00  1.670129E-01  5.669463E-02  7.073731E-03  1.003567E-03
  1.182000E+00  2.470761E-01  1.750549E-01  3.535621E-01  0.000000E+00  0.000000E+00  0.000000E+00  1.670939E-01  5.721304E-02  6.994217E-03  9.667918E-04
  1.184000E+00  2.466320E-01  1.750197E-01  3.534439E-01  0.000000E+00  0.000000E+00  0.000000E+00  1.671738E-01  5.773064E-02  6.915308E-03  9.306212E-04
  1.186000E+00  2.461897E-01  1.749846E-01  3.533256E-01  0.000000E+00  0.000000E+00  0.000000E+00  1.672526E-01  5.824744E-02  6.837001E-03  8.950549E-04
  1.188000E+00  2.457494E-01  1.749497E-01  3.532073E-01  0.000000E+00  0.000000E+00  0.000000E+00  1.673303E-01  5.876342E-02  6.759294E-03  8.600935E-04
  1.190000E+00  2.453109E-01  1.749148E-01  3.530888E-01  0.000000E+00  0.000000E+00  0.000000E+00  1.674069E-01  5.927859E-02  6.682184E-03  8.257373E-04
  1.192000E+00  2.448743E-01  1.748801E-01  3.529702E-01  0.000000E+00  0.000000E+00  0.000000E+00  1.674825E-01  5.979294E-02  6.605669E-03  7.919869E-04
  1.194000E+00  2.444395E-01  1.748455E-01  3.528516E-01  0.000000E+00  0.000000E+00  0.000000E+00  1.675569E-01  6.030646E-02  6.529745E-03  7.588431E-04
  1.196000E+00  2.440066E-01  1.748111E-01  3.527329E-01  0.000000E+00  0.000000E+00  0.000000E+00  1.676303E-01  6.081915E-02  6.454410E-03  7.263066E-04
  1.198000E+00  2.435755E-01  1.747767E-01  3.526141E-01  0.000000E+00  0.000000E+00  0.000000E+00  1.677027E-01  6.133100E-02  6.379662E-03  6.943785E-04
  1.200000E+00  2.431462E-01  1.747425E-01  3.524952E-01  0.000000E+00  0.000000E+00  0.000000E+00  1.677740E-01  6.184200E-02  6.305497E-03  6.630601E-04
