  1.000000E-02  1.104598E+03
  1.200000E-02  1.102387E+03
  1.400000E-02  1.100199E+03
  1.600000E-02  1.098032E+03
  1.800000E-02  1.095887E+03
  2.000000E-02  1.093763E+03
  2.200000E-02  1.091659E+03
  2.400000E-02  1.089576E+03
  2.600000E-02  1.087513E+03
  2.800000E-02  1.085469E+03
  3.000000E-02  1.083445E+03
  3.200000E-02  1.081440E+03
  3.400000E-02  1.079454E+03
  3.600000E-02  1.077487E+03
  3.800000E-02  1.075538E+03
  4.000000E-02  1.073607E+03
  4.200000E-02  1.071694E+03
  4.400000E-02  1.069799E+03
  4.600000E-02  1.067921E+03
  4.800000E-02  1.066061E+03
  5.000000E-02  1.064217E+03
  5.200000E-02  1.062391E+03
  5.400000E-02  1.060580E+03
  5.600000E-02  1.058786E+03
  5.800000E-02  1.057009E+03
  6.000000E-02  1.055247E+03
  6.200000E-02  1.053501E+03
  6.400000E-02  1.051770E+03
  6.600000E-02  1.050055E+03
  6.800000E-02  1.048355E+03
  7.000000E-02  1.046670E+03
  7.200000E-02  1.045000E+03
  7.400000E-02  1.043345E+03
  7.600000E-02  1.041704E+03
  7.800000E-02  1.040077E+03
  8.000000E-02  1.038464E+03
  8.200000E-02  1.036865E+03
  8.400000E-02  1.035280E+03
  8.600000E-02  1.033708E+03
  8.800000E-02  1.032150E+03
  9.000000E-02  1.030606E+03
  9.200000E-02  1.029074E+03
  9.400000E-02  1.027555E+03
  9.600000E-02  1.026049E+03
  9.800000E-02  1.024556E+03
  1.000000E-01  1.023075E+03
  1.020000E-01  1.021607E+03
  1.040000E-01  1.020151E+03
  1.060000E-01  1.018707E+03
  1.080000E-01  1.017275E+03
  1.100000E-01  1.015854E+03
  1.120000E-01  1.014446E+03
  1.140000E-01  1.013048E+03
  1.160000E-01  1.011663E+03
  1.180000E-01  1.010288E+03
  1.200000E-01  1.008925E+03
  1.220000E-01  1.007573E+03
  1.240000E-01  1.006232E+03
  1.260000E-01  1.004901E+03
  1.280000E-01  1.003581E+03
  1.300000E-01  1.002272E+03
  1.320000E-01  1.000973E+03
  1.340000E-01  9.996838E+02
  1.360000E-01  9.984043E+02
  1.380000E-01  9.971347E+02
  1.400000E-01  9.958749E+02
  1.420000E-01  9.946247E+02
  1.440000E-01  9.933841E+02
  1.460000E-01  9.921530E+02
  1.480000E-01  9.909314E+02
  1.500000E-01  9.897191E+02
  1.520000E-01  9.885160E+02
  1.540000E-01  9.873220E+02
  1.560000E-01  9.861371E+02
  1.580000E-01  9.849612E+02
  1.600000E-01  9.837941E+02
  1.620000E-01  9.826358E+02
  1.640000E-01  9.814862E+02
  1.660000E-01  9.803452E+02
  1.680000E-01  9.792127E+02
  1.700000E-01  9.780886E+02
  1.720000E-01  9.769729E+02
  1.740000E-01  9.758654E+02
  1.760000E-01  9.747662E+02
  1.780000E-01  9.736750E+02
  1.800000E-01  9.725918E+02
  1.820000E-01  9.715166E+02
  1.840000E-01  9.704492E+02
  1.860000E-01  9.693896E+02
  1.880000E-01  9.683377E+02
  1.900000E-01  9.672934E+02
  1.920000E-01  9.662567E+02
  1.940000E-01  9.652274E+02
  1.960000E-01  9.642055E+02
  1.980000E-01  9.631910E+02
  2.000000E-01  9.621837E+02
  2.020000E-01  9.611836E+02
  2.040000E-01  9.601906E+02
  2.060000E-01  9.592047E+02
  2.080000E-01  9.582257E+02
  2.100000E-01  9.572537E+02
  2.120000E-01  9.562885E+02
  2.140000E-01  9.553301E+02
  2.160000E-01  9.543783E+02
  2.180000E-01  9.534333E+02
  2.200000E-01  9.524948E+02
  2.220000E-01  9.515628E+02
  2.240000E-01  9.506373E+02
  2.260000E-01  9.497181E+02
  2.280000E-01  9.488054E+02
  2.300000E-01  9.478989E+02
  2.320000E-01  9.469986E+02
  2.340000E-01  9.461044E+02
  2.360000E-01  9.452164E+02
  2.380000E-01  9.443344E+02
  2.400000E-01  9.434584E+02
  2.420000E-01  9.425883E+02
  2.440000E-01  9.417241E+02
  2.460000E-01  9.408657E+02
  2.480000E-01  9.400131E+02
  2.500000E-01  9.391662E+02
  2.520000E-01  9.383249E+02
  2.540000E-01  9.374893E+02
  2.560000E-01  9.366592E+02
  2.580000E-01  9.358346E+02
  2.600000E-01  9.350155E+02
  2.620000E-01  9.342018E+02
  2.640000E-01  9.333934E+02
  2.660000E-01  9.325904E+02
  2.680000E-01  9.317926E+02
  2.700000E-01  9.310000E+02
  2.720000E-01  9.302126E+02
  2.740000E-01  9.294303E+02
  2.760000E-01  9.286530E+02
  2.780000E-01  9.278808E+02
  2.800000E-01  9.271136E+02
  2.820000E-01  9.263513E+02
  2.840000E-01  9.255939E+02
  2.860000E-01  9.248414E+02
  2.880000E-01  9.240936E+02
  2.900000E-01  9.233507E+02
  2.920000E-01  9.226124E+02
  2.940000E-01  9.218788E+02
  2.960000E-01  9.211499E+02
  2.980000E-01  9.204255E+02
  3.000000E-01  9.197058E+02
  3.020000E-01  9.189905E+02
  3.040000E-01  9.182797E+02
  3.060000E-01  9.175734E+02
  3.080000E-01  9.168714E+02
  3.100000E-01  9.161738E+02
  3.120000E-01  9.154806E+02
  3.140000E-01  9.147916E+02
  3.160000E-01  9.141069E+02
  3.180000E-01  9.134264E+02
  3.200000E-01  9.127501E+02
  3.220000E-01  9.120779E+02
  3.240000E-01  9.114098E+02
  3.260000E-01  9.107458E+02
  3.280000E-01  9.100858E+02
  3.300000E-01  9.094299E+02
  3.320000E-01  9.087779E+02
  3.340000E-01  9.081298E+02
  3.360000E-01  9.074856E+02
  3.380000E-01  9.068454E+02
  3.400000E-01  9.062089E+02
  3.420000E-01  9.056213E+02
  3.440000E-01  9.050236E+02
  3.460000E-01  9.044331E+02
  3.480000E-01  9.038488E+02
  3.500000E-01  9.032703E+02
  3.520000E-01  9.026970E+02
  3.540000E-01  9.021287E+02
  3.560000E-01  9.015650E+02
  3.580000E-01  9.010059E+02
  3.600000E-01  9.004510E+02
  3.620000E-01  8.999003E+02
  3.640000E-01  8.993536E+02
  3.660000E-01  8.988108E+02
  3.680000E-01  8.982718E+02
  3.700000E-01  8.977365E+02
  3.720000E-01  8.972047E+02
  3.740000E-01  8.966765E+02
  3.760000E-01  8.961517E+02
  3.780000E-01  8.956303E+02
  3.800000E-01  8.951122E+02
  3.820000E-01  8.945973E+02
  3.840000E-01  8.940856E+02
  3.860000E-01  8.935771E+02
  3.880000E-01  8.930716E+02
  3.900000E-01  8.925692E+02
  3.920000E-01  8.920697E+02
  3.940000E-01  8.915732E+02
  3.960000E-01  8.910796E+02
  3.980000E-01  8.905888E+02
  4.000000E-01  8.901009E+02
  4.020000E-01  8.896157E+02
  4.040000E-01  8.891333E+02
  4.060000E-01  8.886536E+02
  4.080000E-01  8.881766E+02
  4.100000E-01  8.877022E+02
  4.120000E-01  8.872304E+02
  4.140000E-01  8.867612E+02
  4.160000E-01  8.862946E+02
  4.180000E-01  8.858305E+02
  4.200000E-01  8.853689E+02
  4.220000E-01  8.849098E+02
  4.240000E-01  8.844531E+02
  4.260000E-01  8.839988E+02
  4.280000E-01  8.835469E+02
  4.300000E-01  8.830974E+02
  4.320000E-01  8.826502E+02
  4.340000E-01  8.822054E+02
  4.360000E-01  8.817628E+02
  4.380000E-01  8.813225E+02
  4.400000E-01  8.808845E+02
  4.420000E-01  8.804487E+02
  4.440000E-01  8.800151E+02
  4.460000E-01  8.795837E+02
  4.480000E-01  8.791545E+02
  4.500000E-01  8.787274E+02
  4.520000E-01  8.783025E+02
  4.540000E-01  8.778797E+02
  4.560000E-01  8.774589E+02
  4.580000E-01  8.770402E+02
  4.600000E-01  8.766236E+02
  4.620000E-01  8.762091E+02
  4.640000E-01  8.757965E+02
  4.660000E-01  8.753860E+02
  4.680000E-01  8.749774E+02
  4.700000E-01  8.745708E+02
  4.720000E-01  8.741662E+02
  4.740000E-01  8.737635E+02
  4.760000E-01  8.733627E+02
  4.780000E-01  8.729639E+02
  4.800000E-01  8.725669E+02
  4.820000E-01  8.721718E+02
  4.840000E-01  8.717786E+02
  4.860000E-01  8.713872E+02
  4.880000E-01  8.709976E+02
  4.900000E-01  8.706099E+02
  4.920000E-01  8.702239E+02
  4.940000E-01  8.698398E+02
  4.960000E-01  8.694574E+02
  4.980000E-01  8.690768E+02
  5.000000E-01  8.686979E+02
  5.020000E-01  8.683208E+02
  5.040000E-01  8.679723E+02
  5.060000E-01  8.676063E+02
  5.080000E-01  8.672422E+02
  5.100000E-01  8.668801E+02
  5.120000E-01  8.665199E+02
  5.140000E-01  8.661615E+02
  5.160000E-01  8.658048E+02
  5.180000E-01  8.654499E+02
  5.200000E-01  8.650967E+02
  5.220000E-01  8.647452E+02
  5.240000E-01  8.643954E+02
  5.260000E-01  8.640471E+02
  5.280000E-01  8.637005E+02
  5.300000E-01  8.633555E+02
  5.320000E-01  8.630121E+02
  5.340000E-01  8.626702E+02
  5.360000E-01  8.623298E+02
  5.380000E-01  8.619910E+02
  5.400000E-01  8.616536E+02
  5.420000E-01  8.613178E+02
  5.440000E-01  8.609834E+02
  5.460000E-01  8.606505E+02
  5.480000E-01  8.603190E+02
  5.500000E-01  8.599890E+02
  5.520000E-01  8.596604E+02
  5.540000E-01  8.593332E+02
  5.560000E-01  8.590074E+02
  5.580000E-01  8.586830E+02
  5.600000E-01  8.583599E+02
  5.620000E-01  8.580383E+02
  5.640000E-01  8.577180E+02
  5.660000E-01  8.573990E+02
  5.680000E-01  8.570813E+02
  5.700000E-01  8.567877E+02
  5.720000E-01  8.564886E+02
  5.740000E-01  8.561924E+02
  5.760000E-01  8.558988E+02
  5.780000E-01  8.556073E+02
  5.800000E-01  8.553180E+02
  5.820000E-01  8.550306E+02
  5.840000E-01  8.547449E+02
  5.860000E-01  8.544610E+02
  5.880000E-01  8.541787E+02
  5.900000E-01  8.538979E+02
  5.920000E-01  8.536186E+02
  5.940000E-01  8.533408E+02
  5.960000E-01  8.530644E+02
  5.980000E-01  8.527893E+02
  6.000000E-01  8.525156E+02
  6.020000E-01  8.522432E+02
  6.040000E-01  8.519720E+02
  6.060000E-01  8.517021E+02
  6.080000E-01  8.514334E+02
  6.100000E-01  8.511659E+02
  6.120000E-01  8.508996E+02
  6.140000E-01  8.506344E+02
  6.160000E-01  8.503704E+02
  6.180000E-01  8.501074E+02
  6.200000E-01  8.498456E+02
  6.220000E-01  8.495849E+02
  6.240000E-01  8.493252E+02
  6.260000E-01  8.490665E+02
  6.280000E-01  8.488090E+02
  6.300000E-01  8.485524E+02
  6.320000E-01  8.482969E+02
  6.340000E-01  8.480423E+02
  6.360000E-01  8.477888E+02
  6.380000E-01  8.475362E+02
  6.400000E-01  8.472846E+02
  6.420000E-01  8.470340E+02
  6.440000E-01  8.467843E+02
  6.460000E-01  8.465355E+02
  6.480000E-01  8.462877E+02
  6.500000E-01  8.460408E+02
  6.520000E-01  8.457948E+02
  6.540000E-01  8.455497E+02
  6.560000E-01  8.453055E+02
  6.580000E-01  8.450623E+02
  6.600000E-01  8.448198E+02
  6.620000E-01  8.445783E+02
  6.640000E-01  8.443376E+02
  6.660000E-01  8.440978E+02
  6.680000E-01  8.438588E+02
  6.700000E-01  8.436207E+02
  6.720000E-01  8.433834E+02
  6.740000E-01  8.431470E+02
  6.760000E-01  8.429113E+02
  6.780000E-01  8.426765E+02
  6.800000E-01  8.424425E+02
  6.820000E-01  8.422093E+02
  6.840000E-01  8.419769E+02
  6.860000E-01  8.417453E+02
  6.880000E-01  8.415145E+02
  6.900000E-01  8.412844E+02
  6.920000E-01  8.410552E+02
  6.940000E-01  8.408267E+02
  6.960000E-01  8.405990E+02
  6.980000E-01  8.403720E+02
  7.000000E-01  8.401458E+02
  7.020000E-01  8.399203E+02
  7.040000E-01  8.396956E+02
  7.060000E-01  8.394716E+02
  7.080000E-01  8.392484E+02
  7.100000E-01  8.390259E+02
  7.120000E-01  8.388041E+02
  7.140000E-01  8.385830E+02
  7.160000E-01  8.383627E+02
  7.180000E-01  8.381430E+02
  7.200000E-01  8.379241E+02
  7.220000E-01  8.377059E+02
  7.240000E-01  8.374884E+02
  7.260000E-01  8.372715E+02
  7.280000E-01  8.370554E+02
  7.300000E-01  8.368399E+02
  7.320000E-01  8.366252E+02
  7.340000E-01  8.364111E+02
  7.360000E-01  8.361976E+02
  7.380000E-01  8.359849E+02
  7.400000E-01  8.357728E+02
  7.420000E-01  8.355614E+02
  7.440000E-01  8.353506E+02
  7.460000E-01  8.351405E+02
  7.480000E-01  8.349310E+02
  7.500000E-01  8.347222E+02
  7.520000E-01  8.345140E+02
  7.540000E-01  8.343065E+02
  7.560000E-01  8.340996E+02
  7.580000E-01  8.338933E+02
  7.600000E-01  8.336877E+02
  7.620000E-01  8.334827E+02
  7.640000E-01  8.332783E+02
  7.660000E-01  8.330745E+02
  7.680000E-01  8.328714E+02
  7.700000E-01  8.326688E+02
  7.720000E-01  8.324669E+02
  7.740000E-01  8.322655E+02
  7.760000E-01  8.320648E+02
  7.780000E-01  8.318647E+02
  7.800000E-01  8.316651E+02
  7.820000E-01  8.314662E+02
  7.840000E-01  8.312678E+02
  7.860000E-01  8.310701E+02
  7.880000E-01  8.308729E+02
  7.900000E-01  8.306763E+02
  7.920000E-01  8.304803E+02
  7.940000E-01  8.302848E+02
  7.960000E-01  8.300899E+02
  7.980000E-01  8.298956E+02
  8.000000E-01  8.297019E+02
  8.020000E-01  8.295087E+02
  8.040000E-01  8.293161E+02
  8.060000E-01  8.291240E+02
  8.080000E-01  8.289325E+02
  8.100000E-01  8.287415E+02
  8.120000E-01  8.285511E+02
  8.140000E-01  8.283613E+02
  8.160000E-01  8.281719E+02
  8.180000E-01  8.279831E+02
  8.200000E-01  8.277949E+02
  8.220000E-01  8.276072E+02
  8.240000E-01  8.274200E+02
  8.260000E-01  8.272334E+02
  8.280000E-01  8.270473E+02
  8.300000E-01  8.268617E+02
  8.320000E-01  8.266766E+02
  8.340000E-01  8.264921E+02
  8.360000E-01  8.263080E+02
  8.380000E-01  8.261245E+02
  8.400000E-01  8.259415E+02
  8.420000E-01  8.257590E+02
  8.440000E-01  8.255770E+02
  8.460000E-01  8.253956E+02
  8.480000E-01  8.252146E+02
  8.500000E-01  8.250341E+02
  8.520000E-01  8.248541E+02
  8.540000E-01  8.246747E+02
  8.560000E-01  8.244957E+02
  8.580000E-01  8.243172E+02
  8.600000E-01  8.241392E+02
  8.620000E-01  8.239617E+02
  8.640000E-01  8.237846E+02
  8.660000E-01  8.236081E+02
  8.680000E-01  8.234320E+02
  8.700000E-01  8.232564E+02
  8.720000E-01  8.230813E+02
  8.740000E-01  8.229067E+02
  8.760000E-01  8.227325E+02
  8.780000E-01  8.225588E+02
  8.800000E-01  8.223856E+02
  8.820000E-01  8.222128E+02
  8.840000E-01  8.220405E+02
  8.860000E-01  8.218687E+02
  8.880000E-01  8.216973E+02
  8.900000E-01  8.215264E+02
  8.920000E-01  8.213559E+02
  8.940000E-01  8.211859E+02
  8.960000E-01  8.210164E+02
  8.980000E-01  8.208473E+02
  9.000000E-01  8.206786E+02
  9.020000E-01  8.205104E+02
  9.040000E-01  8.203426E+02
  9.060000E-01  8.201753E+02
  9.080000E-01  8.200084E+02
  9.100000E-01  8.198419E+02
  9.120000E-01  8.196759E+02
  9.140000E-01  8.195103E+02
  9.160000E-01  8.193452E+02
  9.180000E-01  8.191804E+02
  9.200000E-01  8.190161E+02
  9.220000E-01  8.188523E+02
  9.240000E-01  8.186888E+02
  9.260000E-01  8.185258E+02
  9.280000E-01  8.183632E+02
  9.300000E-01  8.182010E+02
  9.320000E-01  8.180392E+02
  9.340000E-01  8.178779E+02
  9.360000E-01  8.177169E+02
  9.380000E-01  8.175564E+02
  9.400000E-01  8.173962E+02
  9.420000E-01  8.172365E+02
  9.440000E-01  8.170772E+02
  9.460000E-01  8.169183E+02
  9.480000E-01  8.167598E+02
  9.500000E-01  8.166017E+02
  9.520000E-01  8.164439E+02
  9.540000E-01  8.162866E+02
  9.560000E-01  8.161298E+02
  9.580000E-01  8.159826E+02
  9.600000E-01  8.158337E+02
  9.620000E-01  8.156862E+02
  9.640000E-01  8.155398E+02
  9.660000E-01  8.153944E+02
  9.680000E-01  8.152499E+02
  9.700000E-01  8.151063E+02
  9.720000E-01  8.149635E+02
  9.740000E-01  8.148214E+02
  9.760000E-01  8.146800E+02
  9.780000E-01  8.145392E+02
  9.800000E-01  8.143991E+02
  9.820000E-01  8.142596E+02
  9.840000E-01  8.141207E+02
  9.860000E-01  8.139823E+02
  9.880000E-01  8.138445E+02
  9.900000E-01  8.137072E+02
  9.920000E-01  8.135704E+02
  9.940000E-01  8.134341E+02
  9.960000E-01  8.132983E+02
  9.980000E-01  8.131630E+02
  1.000000E+00  8.130281E+02
  1.002000E+00  8.128937E+02
  1.004000E+00  8.127597E+02
  1.006000E+00  8.126262E+02
  1.008000E+00  8.124931E+02
  1.010000E+00  8.123605E+02
  1.012000E+00  8.122282E+02
  1.014000E+00  8.120964E+02
  1.016000E+00  8.119649E+02
  1.018000E+00  8.118339E+02
  1.020000E+00  8.117032E+02
  1.022000E+00  8.115730E+02
  1.024000E+00  8.114431E+02
  1.026000E+00  8.113135E+02
  1.028000E+00  8.111844E+02
  1.030000E+00  8.110556E+02
  1.032000E+00  8.109272E+02
  1.034000E+00  8.107991E+02
  1.036000E+00  8.106714E+02
  1.038000E+00  8.105440E+02
  1.040000E+00  8.104170E+02
  1.042000E+00  8.102903E+02
  1.044000E+00  8.101640E+02
  1.046000E+00  8.100380E+02
  1.048000E+00  8.099123E+02
  1.050000E+00  8.097869E+02
  1.052000E+00  8.096619E+02
  1.054000E+00  8.095372E+02
  1.056000E+00  8.094128E+02
  1.058000E+00  8.092887E+02
  1.060000E+00  8.091649E+02
  1.062000E+00  8.090415E+02
  1.064000E+00  8.089183E+02
  1.066000E+00  8.087955E+02
  1.068000E+00  8.086729E+02
  1.070000E+00  8.085507E+02
  1.072000E+00  8.084287E+02
  1.074000E+00  8.083071E+02
  1.076000E+00  8.081857E+02
  1.078000E+00  8.080646E+02
  1.080000E+00  8.079439E+02
  1.082000E+00  8.078234E+02
  1.084000E+00  8.077031E+02
  1.086000E+00  8.075832E+02
  1.088000E+00  8.074636E+02
  1.090000E+00  8.073442E+02
  1.092000E+00  8.072251E+02
  1.094000E+00  8.071063E+02
  1.096000E+00  8.069877E+02
  1.098000E+00  8.068694E+02
  1.100000E+00  8.067514E+02
  1.102000E+00  8.066337E+02
  1.104000E+00  8.065162E+02
  1.106000E+00  8.063990E+02
  1.108000E+00  8.062820E+02
  1.110000E+00  8.061654E+02
  1.112000E+00  8.060489E+02
  1.114000E+00  8.059328E+02
  1.116000E+00  8.058168E+02
  1.118000E+00  8.057012E+02
  1.120000E+00  8.055858E+02
  1.122000E+00  8.054706E+02
  1.124000E+00  8.053557E+02
  1.126000E+00  8.052410E+02
  1.128000E+00  8.051266E+02
  1.130000E+00  8.050124E+02
  1.132000E+00  8.048985E+02
  1.134000E+00  8.047848E+02
  1.136000E+00  8.046714E+02
  1.138000E+00  8.045582E+02
  1.140000E+00  8.044453E+02
  1.142000E+00  8.043325E+02
  1.144000E+00  8.042200E+02
  1.146000E+00  8.041078E+02
  1.148000E+00  8.039958E+02
  1.150000E+00  8.038840E+02
  1.152000E+00  8.037725E+02
  1.154000E+00  8.036611E+02
  1.156000E+00  8.035501E+02
  1.158000E+00  8.034392E+02
  1.160000E+00  8.033286E+02
  1.162000E+00  8.032182E+02
  1.164000E+00  8.031080E+02
  1.166000E+00  8.029980E+02
  1.168000E+00  8.028883E+02
  1.170000E+00  8.027788E+02
  1.172000E+00  8.026695E+02
  1.174000E+00  8.025604E+02
  1.176000E+00  8.024516E+02
  1.178000E+00  8.023429E+02
  1.180000E+00  8.022345E+02
  1.182000E+00  8.021263E+02
  1.184000E+00  8.020183E+02
  1.186000E+00  8.019105E+02
  1.188000E+00  8.018030E+02
  1.190000E+00  8.016956E+02
  1.192000E+00  8.015885E+02
  1.194000E+00  8.014815E+02
  1.196000E+00  8.013748E+02
  1.198000E+00  8.012683E+02
  1.200000E+00  8.011620E+02
