  1.000000E-02  1.183640E+03
  1.200000E-02  1.181829E+03
  1.400000E-02  1.180038E+03
  1.600000E-02  1.178265E+03
  1.800000E-02  1.176510E+03
  2.000000E-02  1.174774E+03
  2.200000E-02  1.173055E+03
  2.400000E-02  1.171354E+03
  2.600000E-02  1.169671E+03
  2.800000E-02  1.168004E+03
  3.000000E-02  1.166355E+03
  3.200000E-02  1.164722E+03
  3.400000E-02  1.163105E+03
  3.600000E-02  1.161504E+03
  3.800000E-02  1.159920E+03
  4.000000E-02  1.158351E+03
  4.200000E-02  1.156797E+03
  4.400000E-02  1.155259E+03
  4.600000E-02  1.153736E+03
  4.800000E-02  1.152228E+03
  5.000000E-02  1.150734E+03
  5.200000E-02  1.149255E+03
  5.400000E-02  1.147790E+03
  5.600000E-02  1.146339E+03
  5.800000E-02  1.144902E+03
  6.000000E-02  1.143479E+03
  6.200000E-02  1.142069E+03
  6.400000E-02  1.140673E+03
  6.600000E-02  1.139290E+03
  6.800000E-02  1.137920E+03
  7.000000E-02  1.136562E+03
  7.200000E-02  1.135218E+03
  7.400000E-02  1.133886E+03
  7.600000E-02  1.132566E+03
  7.800000E-02  1.131259E+03
  8.000000E-02  1.129964E+03
  8.200000E-02  1.128680E+03
  8.400000E-02  1.127409E+03
  8.600000E-02  1.126149E+03
  8.800000E-02  1.124900E+03
  9.000000E-02  1.123663E+03
  9.200000E-02  1.122437E+03
  9.400000E-02  1.121222E+03
  9.600000E-02  1.120019E+03
  9.800000E-02  1.118825E+03
  1.000000E-01  1.117643E+03
  1.020000E-01  1.116471E+03
  1.040000E-01  1.115310E+03
  1.060000E-01  1.114159E+03
  1.080000E-01  1.113018E+03
  1.100000E-01  1.111887E+03
  1.120000E-01  1.110766E+03
  1.140000E-01  1.109655E+03
  1.160000E-01  1.108553E+03
  1.180000E-01  1.107462E+03
  1.200000E-01  1.106379E+03
  1.220000E-01  1.105306E+03
  1.240000E-01  1.104243E+03
  1.260000E-01  1.103188E+03
  1.280000E-01  1.102142E+03
  1.300000E-01  1.101106E+03
  1.320000E-01  1.100078E+03
  1.340000E-01  1.099059E+03
  1.360000E-01  1.098047E+03
  1.380000E-01  1.097045E+03
  1.400000E-01  1.096050E+03
  1.420000E-01  1.095064E+03
  1.440000E-01  1.094085E+03
  1.460000E-01  1.093115E+03
  1.480000E-01  1.092153E+03
  1.500000E-01  1.091199E+03
  1.520000E-01  1.090252E+03
  1.540000E-01  1.089313E+03
  1.560000E-01  1.088382E+03
  1.580000E-01  1.087459E+03
  1.600000E-01  1.086543E+03
  1.620000E-01  1.085634E+03
  1.640000E-01  1.084733E+03
  1.660000E-01  1.083838E+03
  1.680000E-01  1.082951E+03
  1.700000E-01  1.082072E+03
  1.720000E-01  1.081199E+03
  1.740000E-01  1.080333E+03
  1.760000E-01  1.079474E+03
  1.780000E-01  1.078622E+03
  1.800000E-01  1.077776E+03
  1.820000E-01  1.076938E+03
  1.840000E-01  1.076105E+03
  1.860000E-01  1.075280E+03
  1.880000E-01  1.074460E+03
  1.900000E-01  1.073648E+03
  1.920000E-01  1.072841E+03
  1.940000E-01  1.072041E+03
  1.960000E-01  1.071247E+03
  1.980000E-01  1.070459E+03
  2.000000E-01  1.069677E+03
  2.020000E-01  1.068901E+03
  2.040000E-01  1.068132E+03
  2.060000E-01  1.067368E+03
  2.080000E-01  1.066610E+03
  2.100000E-01  1.065857E+03
  2.120000E-01  1.065111E+03
  2.140000E-01  1.064370E+03
  2.160000E-01  1.063634E+03
  2.180000E-01  1.062904E+03
  2.200000E-01  1.062180E+03
  2.220000E-01  1.061461E+03
  2.240000E-01  1.060747E+03
  2.260000E-01  1.060039E+03
  2.280000E-01  1.059336E+03
  2.300000E-01  1.058639E+03
  2.320000E-01  1.057946E+03
  2.340000E-01  1.057259E+03
  2.360000E-01  1.056576E+03
  2.380000E-01  1.055899E+03
  2.400000E-01  1.055226E+03
  2.420000E-01  1.054559E+03
  2.440000E-01  1.053896E+03
  2.460000E-01  1.053239E+03
  2.480000E-01  1.052586E+03
  2.500000E-01  1.051937E+03
  2.520000E-01  1.051294E+03
  2.540000E-01  1.050655E+03
  2.560000E-01  1.050021E+03
  2.580000E-01  1.049391E+03
  2.600000E-01  1.048765E+03
  2.620000E-01  1.048145E+03
  2.640000E-01  1.047528E+03
  2.660000E-01  1.046916E+03
  2.680000E-01  1.046309E+03
  2.700000E-01  1.045705E+03
  2.720000E-01  1.045106E+03
  2.740000E-01  1.044511E+03
  2.760000E-01  1.043921E+03
  2.780000E-01  1.043334E+03
  2.800000E-01  1.042752E+03
  2.820000E-01  1.042173E+03
  2.840000E-01  1.041599E+03
  2.860000E-01  1.041029E+03
  2.880000E-01  1.040462E+03
  2.900000E-01  1.039900E+03
  2.920000E-01  1.039341E+03
  2.940000E-01  1.038786E+03
  2.960000E-01  1.038235E+03
  2.980000E-01  1.037688E+03
  3.000000E-01  1.037145E+03
  3.020000E-01  1.036605E+03
  3.040000E-01  1.036069E+03
  3.060000E-01  1.035537E+03
  3.080000E-01  1.035008E+03
  3.100000E-01  1.034482E+03
  3.120000E-01  1.033961E+03
  3.140000E-01  1.033443E+03
  3.160000E-01  1.032928E+03
  3.180000E-01  1.032417E+03
  3.200000E-01  1.031909E+03
  3.220000E-01  1.031404E+03
  3.240000E-01  1.030903E+03
  3.260000E-01  1.030405E+03
  3.280000E-01  1.029911E+03
  3.300000E-01  1.029419E+03
  3.320000E-01  1.028931E+03
  3.340000E-01  1.028447E+03
  3.360000E-01  1.027965E+03
  3.380000E-01  1.027487E+03
  3.400000E-01  1.027011E+03
  3.420000E-01  1.026573E+03
  3.440000E-01  1.026127E+03
  3.460000E-01  1.025686E+03
  3.480000E-01  1.025251E+03
  3.500000E-01  1.024820E+03
  3.520000E-01  1.024393E+03
  3.540000E-01  1.023970E+03
  3.560000E-01  1.023551E+03
  3.580000E-01  1.023135E+03
  3.600000E-01  1.022723E+03
  3.620000E-01  1.022314E+03
  3.640000E-01  1.021908E+03
  3.660000E-01  1.021505E+03
  3.680000E-01  1.021105E+03
  3.700000E-01  1.020708E+03
  3.720000E-01  1.020314E+03
  3.740000E-01  1.019923E+03
  3.760000E-01  1.019535E+03
  3.780000E-01  1.019149E+03
  3.800000E-01  1.018766E+03
  3.820000E-01  1.018385E+03
  3.840000E-01  1.018007E+03
  3.860000E-01  1.017632E+03
  3.880000E-01  1.017259E+03
  3.900000E-01  1.016888E+03
  3.920000E-01  1.016520E+03
  3.940000E-01  1.016154E+03
  3.960000E-01  1.015790E+03
  3.980000E-01  1.015429E+03
  4.000000E-01  1.015070E+03
  4.020000E-01  1.014713E+03
  4.040000E-01  1.014358E+03
  4.060000E-01  1.014006E+03
  4.080000E-01  1.013655E+03
  4.100000E-01  1.013307E+03
  4.120000E-01  1.012961E+03
  4.140000E-01  1.012617E+03
  4.160000E-01  1.012274E+03
  4.180000E-01  1.011934E+03
  4.200000E-01  1.011596E+03
  4.220000E-01  1.011260E+03
  4.240000E-01  1.010926E+03
  4.260000E-01  1.010594E+03
  4.280000E-01  1.010263E+03
  4.300000E-01  1.009935E+03
  4.320000E-01  1.009608E+03
  4.340000E-01  1.009283E+03
  4.360000E-01  1.008961E+03
  4.380000E-01  1.008639E+03
  4.400000E-01  1.008320E+03
  4.420000E-01  1.008003E+03
  4.440000E-01  1.007687E+03
  4.460000E-01  1.007373E+03
  4.480000E-01  1.007060E+03
  4.500000E-01  1.006750E+03
  4.520000E-01  1.006441E+03
  4.540000E-01  1.006134E+03
  4.560000E-01  1.005828E+03
  4.580000E-01  1.005524E+03
  4.600000E-01  1.005222E+03
  4.620000E-01  1.004921E+03
  4.640000E-01  1.004622E+03
  4.660000E-01  1.004325E+03
  4.680000E-01  1.004029E+03
  4.700000E-01  1.003734E+03
  4.720000E-01  1.003442E+03
  4.740000E-01  1.003150E+03
  4.760000E-01  1.002861E+03
  4.780000E-01  1.002572E+03
  4.800000E-01  1.002286E+03
  4.820000E-01  1.002000E+03
  4.840000E-01  1.001717E+03
  4.860000E-01  1.001434E+03
  4.880000E-01  1.001154E+03
  4.900000E-01  1.000874E+03
  4.920000E-01  1.000596E+03
  4.940000E-01  1.000320E+03
  4.960000E-01  1.000044E+03
  4.980000E-01  9.997707E+02
  5.000000E-01  9.994983E+02
  5.020000E-01  9.992273E+02
  5.040000E-01  9.989770E+02
  5.060000E-01  9.987142E+02
  5.080000E-01  9.984530E+02
  5.100000E-01  9.981932E+02
  5.120000E-01  9.979350E+02
  5.140000E-01  9.976781E+02
  5.160000E-01  9.974226E+02
  5.180000E-01  9.971685E+02
  5.200000E-01  9.969157E+02
  5.220000E-01  9.966643E+02
  5.240000E-01  9.964141E+02
  5.260000E-01  9.961652E+02
  5.280000E-01  9.959176E+02
  5.300000E-01  9.956712E+02
  5.320000E-01  9.954261E+02
  5.340000E-01  9.951821E+02
  5.360000E-01  9.949394E+02
  5.380000E-01  9.946979E+02
  5.400000E-01  9.944575E+02
  5.420000E-01  9.942183E+02
  5.440000E-01  9.939803E+02
  5.460000E-01  9.937434E+02
  5.480000E-01  9.935076E+02
  5.500000E-01  9.932730E+02
  5.520000E-01  9.930395E+02
  5.540000E-01  9.928071E+02
  5.560000E-01  9.925758E+02
  5.580000E-01  9.923455E+02
  5.600000E-01  9.921164E+02
  5.620000E-01  9.918883E+02
  5.640000E-01  9.916613E+02
  5.660000E-01  9.914353E+02
  5.680000E-01  9.912104E+02
  5.700000E-01  9.910026E+02
  5.720000E-01  9.907909E+02
  5.740000E-01  9.905814E+02
  5.760000E-01  9.903738E+02
  5.780000E-01  9.901679E+02
  5.800000E-01  9.899636E+02
  5.820000E-01  9.897606E+02
  5.840000E-01  9.895590E+02
  5.860000E-01  9.893587E+02
  5.880000E-01  9.891596E+02
  5.900000E-01  9.889617E+02
  5.920000E-01  9.887649E+02
  5.940000E-01  9.885692E+02
  5.960000E-01  9.883746E+02
  5.980000E-01  9.881810E+02
  6.000000E-01  9.879885E+02
  6.020000E-01  9.877969E+02
  6.040000E-01  9.876063E+02
  6.060000E-01  9.874166E+02
  6.080000E-01  9.872279E+02
  6.100000E-01  9.870401E+02
  6.120000E-01  9.868532E+02
  6.140000E-01  9.866672E+02
  6.160000E-01  9.864820E+02
  6.180000E-01  9.862977E+02
  6.200000E-01  9.861142E+02
  6.220000E-01  9.859316E+02
  6.240000E-01  9.857498E+02
  6.260000E-01  9.855688E+02
  6.280000E-01  9.853886E+02
  6.300000E-01  9.852092E+02
  6.320000E-01  9.850305E+02
  6.340000E-01  9.848527E+02
  6.360000E-01  9.846756E+02
  6.380000E-01  9.844992E+02
  6.400000E-01  9.843236E+02
  6.420000E-01  9.841488E+02
  6.440000E-01  9.839746E+02
  6.460000E-01  9.838012E+02
  6.480000E-01  9.836285E+02
  6.500000E-01  9.834566E+02
  6.520000E-01  9.832853E+02
  6.540000E-01  9.831147E+02
  6.560000E-01  9.829448E+02
  6.580000E-01  9.827756E+02
  6.600000E-01  9.826071E+02
  6.620000E-01  9.824392E+02
  6.640000E-01  9.822720E+02
  6.660000E-01  9.821055E+02
  6.680000E-01  9.819396E+02
  6.700000E-01  9.817744E+02
  6.720000E-01  9.816098E+02
  6.740000E-01  9.814459E+02
  6.760000E-01  9.812826E+02
  6.780000E-01  9.811199E+02
  6.800000E-01  9.809579E+02
  6.820000E-01  9.807965E+02
  6.840000E-01  9.806357E+02
  6.860000E-01  9.804755E+02
  6.880000E-01  9.803159E+02
  6.900000E-01  9.801569E+02
  6.920000E-01  9.799985E+02
  6.940000E-01  9.798407E+02
  6.960000E-01  9.796835E+02
  6.980000E-01  9.795269E+02
  7.000000E-01  9.793708E+02
  7.020000E-01  9.792154E+02
  7.040000E-01  9.790605E+02
  7.060000E-01  9.789062E+02
  7.080000E-01  9.787524E+02
  7.100000E-01  9.785992E+02
  7.120000E-01  9.784466E+02
  7.140000E-01  9.782945E+02
  7.160000E-01  9.781430E+02
  7.180000E-01  9.779921E+02
  7.200000E-01  9.778416E+02
  7.220000E-01  9.776917E+02
  7.240000E-01  9.775424E+02
  7.260000E-01  9.773936E+02
  7.280000E-01  9.772453E+02
  7.300000E-01  9.770975E+02
  7.320000E-01  9.769503E+02
  7.340000E-01  9.768036E+02
  7.360000E-01  9.766574E+02
  7.380000E-01  9.765117E+02
  7.400000E-01  9.763666E+02
  7.420000E-01  9.762219E+02
  7.440000E-01  9.760777E+02
  7.460000E-01  9.759341E+02
  7.480000E-01  9.757909E+02
  7.500000E-01  9.756483E+02
  7.520000E-01  9.755061E+02
  7.540000E-01  9.753645E+02
  7.560000E-01  9.752233E+02
  7.580000E-01  9.750826E+02
  7.600000E-01  9.749424E+02
  7.620000E-01  9.748027E+02
  7.640000E-01  9.746634E+02
  7.660000E-01  9.745247E+02
  7.680000E-01  9.743864E+02
  7.700000E-01  9.742485E+02
  7.720000E-01  9.741112E+02
  7.740000E-01  9.739743E+02
  7.760000E-01  9.738378E+02
  7.780000E-01  9.737018E+02
  7.800000E-01  9.735663E+02
  7.820000E-01  9.734313E+02
  7.840000E-01  9.732966E+02
  7.860000E-01  9.731625E+02
  7.880000E-01  9.730288E+02
  7.900000E-01  9.728955E+02
  7.920000E-01  9.727627E+02
  7.940000E-01  9.726303E+02
  7.960000E-01  9.724983E+02
  7.980000E-01  9.723668E+02
  8.000000E-01  9.722357E+02
  8.020000E-01  9.721051E+02
  8.040000E-01  9.719749E+02
  8.060000E-01  9.718451E+02
  8.080000E-01  9.717157E+02
  8.100000E-01  9.715867E+02
  8.120000E-01  9.714582E+02
  8.140000E-01  9.713301E+02
  8.160000E-01  9.712024E+02
  8.180000E-01  9.710751E+02
  8.200000E-01  9.709483E+02
  8.220000E-01  9.708218E+02
  8.240000E-01  9.706958E+02
  8.260000E-01  9.705701E+02
  8.280000E-01  9.704449E+02
  8.300000E-01  9.703200E+02
  8.320000E-01  9.701956E+02
  8.340000E-01  9.700716E+02
  8.360000E-01  9.699479E+02
  8.380000E-01  9.698247E+02
  8.400000E-01  9.697018E+02
  8.420000E-01  9.695793E+02
  8.440000E-01  9.694572E+02
  8.460000E-01  9.693356E+02
  8.480000E-01  9.692142E+02
  8.500000E-01  9.690933E+02
  8.520000E-01  9.689728E+02
  8.540000E-01  9.688526E+02
  8.560000E-01  9.687328E+02
  8.580000E-01  9.686134E+02
  8.600000E-01  9.684943E+02
  8.620000E-01  9.683757E+02
  8.640000E-01  9.682574E+02
  8.660000E-01  9.681394E+02
  8.680000E-01  9.680219E+02
  8.700000E-01  9.679047E+02
  8.720000E-01  9.677878E+02
  8.740000E-01  9.676714E+02
  8.760000E-01  9.675552E+02
  8.780000E-01  9.674395E+02
  8.800000E-01  9.673241E+02
  8.820000E-01  9.672090E+02
  8.840000E-01  9.670943E+02
  8.860000E-01  9.669800E+02
  8.880000E-01  9.668660E+02
  8.900000E-01  9.667524E+02
  8.920000E-01  9.666391E+02
  8.940000E-01  9.665261E+02
  8.960000E-01  9.664135E+02
  8.980000E-01  9.663012E+02
  9.000000E-01  9.661893E+02
  9.020000E-01  9.660777E+02
  9.040000E-01  9.659665E+02
  9.060000E-01  9.658555E+02
  9.080000E-01  9.657450E+02
  9.100000E-01  9.656347E+02
  9.120000E-01  9.655248E+02
  9.140000E-01  9.654152E+02
  9.160000E-01  9.653059E+02
  9.180000E-01  9.651970E+02
  9.200000E-01  9.650884E+02
  9.220000E-01  9.649801E+02
  9.240000E-01  9.648721E+02
  9.260000E-01  9.647645E+02
  9.280000E-01  9.646572E+02
  9.300000E-01  9.645502E+02
  9.320000E-01  9.644435E+02
  9.340000E-01  9.643371E+02
  9.360000E-01  9.642310E+02
  9.380000E-01  9.641253E+02
  9.400000E-01  9.640198E+02
  9.420000E-01  9.639147E+02
  9.440000E-01  9.638099E+02
  9.460000E-01  9.637053E+02
  9.480000E-01  9.636011E+02
  9.500000E-01  9.634972E+02
  9.520000E-01  9.633936E+02
  9.540000E-01  9.632902E+02
  9.560000E-01  9.631873E+02
  9.580000E-01  9.630908E+02
  9.600000E-01  9.629931E+02
  9.620000E-01  9.628963E+02
  9.640000E-01  9.628004E+02
  9.660000E-01  9.627051E+02
  9.680000E-01  9.626105E+02
  9.700000E-01  9.625164E+02
  9.720000E-01  9.624229E+02
  9.740000E-01  9.623300E+02
  9.760000E-01  9.622375E+02
  9.780000E-01  9.621454E+02
  9.800000E-01  9.620539E+02
  9.820000E-01  9.619627E+02
  9.840000E-01  9.618720E+02
  9.860000E-01  9.617816E+02
  9.880000E-01  9.616917E+02
  9.900000E-01  9.616021E+02
  9.920000E-01  9.615129E+02
  9.940000E-01  9.614240E+02
  9.960000E-01  9.613355E+02
  9.980000E-01  9.612473E+02
  1.000000E+00  9.611595E+02
  1.002000E+00  9.610720E+02
  1.004000E+00  9.609848E+02
  1.006000E+00  9.608980E+02
  1.008000E+00  9.608114E+02
  1.010000E+00  9.607251E+02
  1.012000E+00  9.606392E+02
  1.014000E+00  9.605535E+02
  1.016000E+00  9.604682E+02
  1.018000E+00  9.603831E+02
  1.020000E+00  9.602983E+02
  1.022000E+00  9.602138E+02
  1.024000E+00  9.601295E+02
  1.026000E+00  9.600456E+02
  1.028000E+00  9.599618E+02
  1.030000E+00  9.598784E+02
  1.032000E+00  9.597952E+02
  1.034000E+00  9.597123E+02
  1.036000E+00  9.596297E+02
  1.038000E+00  9.595473E+02
  1.040000E+00  9.594651E+02
  1.042000E+00  9.593832E+02
  1.044000E+00  9.593015E+02
  1.046000E+00  9.592201E+02
  1.048000E+00  9.591389E+02
  1.050000E+00  9.590580E+02
  1.052000E+00  9.589773E+02
  1.054000E+00  9.588968E+02
  1.056000E+00  9.588166E+02
  1.058000E+00  9.587366E+02
  1.060000E+00  9.586568E+02
  1.062000E+00  9.585773E+02
  1.064000E+00  9.584980E+02
  1.066000E+00  9.584189E+02
  1.068000E+00  9.583400E+02
  1.070000E+00  9.582614E+02
  1.072000E+00  9.581829E+02
  1.074000E+00  9.581047E+02
  1.076000E+00  9.580267E+02
  1.078000E+00  9.579489E+02
  1.080000E+00  9.578713E+02
  1.082000E+00  9.577940E+02
  1.084000E+00  9.577168E+02
  1.086000E+00  9.576399E+02
  1.088000E+00  9.575631E+02
  1.090000E+00  9.574866E+02
  1.092000E+00  9.574102E+02
  1.094000E+00  9.573341E+02
  1.096000E+00  9.572582E+02
  1.098000E+00  9.571824E+02
  1.100000E+00  9.571069E+02
  1.102000E+00  9.570316E+02
  1.104000E+00  9.569564E+02
  1.106000E+00  9.568815E+02
  1.108000E+00  9.568067E+02
  1.110000E+00  9.567322E+02
  1.112000E+00  9.566578E+02
  1.114000E+00  9.565836E+02
  1.116000E+00  9.565096E+02
  1.118000E+00  9.564358E+02
  1.120000E+00  9.563622E+02
  1.122000E+00  9.562888E+02
  1.124000E+00  9.562155E+02
  1.126000E+00  9.561425E+02
  1.128000E+00  9.560696E+02
  1.130000E+00  9.559969E+02
  1.132000E+00  9.559244E+02
  1.134000E+00  9.558520E+02
  1.136000E+00  9.557799E+02
  1.138000E+00  9.557079E+02
  1.140000E+00  9.556361E+02
  1.142000E+00  9.555645E+02
  1.144000E+00  9.554930E+02
  1.146000E+00  9.554217E+02
  1.148000E+00  9.553506E+02
  1.150000E+00  9.552797E+02
  1.152000E+00  9.552089E+02
  1.154000E+00  9.551383E+02
  1.156000E+00  9.550679E+02
  1.158000E+00  9.549977E+02
  1.160000E+00  9.549276E+02
  1.162000E+00  9.548577E+02
  1.164000E+00  9.547879E+02
  1.166000E+00  9.547183E+02
  1.168000E+00  9.546489E+02
  1.170000E+00  9.545797E+02
  1.172000E+00  9.545106E+02
  1.174000E+00  9.544417E+02
  1.176000E+00  9.543729E+02
  1.178000E+00  9.543043E+02
  1.180000E+00  9.542358E+02
  1.182000E+00  9.541676E+02
  1.184000E+00  9.540994E+02
  1.186000E+00  9.540315E+02
  1.188000E+00  9.539637E+02
  1.190000E+00  9.538960E+02
  1.192000E+00  9.538285E+02
  1.194000E+00  9.537612E+02
  1.196000E+00  9.536940E+02
  1.198000E+00  9.536270E+02
  1.200000E+00  9.535601E+02
