  1.600000E-03  1.351682E-03  1.504626E+00  1.391233E+00  1.000000E-02  9.354474E+02  9.962167E-01  9.412358E+02
  3.200000E-03  3.938099E-03  3.011533E+00  2.104104E+00  2.000000E-02  9.319310E+02  9.924717E-01  9.423343E+02
  4.800000E-03  7.225742E-03  4.519957E+00  2.657710E+00  3.000000E-02  9.284484E+02  9.887630E-01  9.431625E+02
  6.400000E-03  1.098159E-02  6.029573E+00  3.120846E+00  4.000000E-02  9.249989E+02  9.850893E-01  9.438360E+02
  8.000000E-03  1.505798E-02  7.540178E+00  3.522303E+00  5.000000E-02  9.215814E+02  9.814499E-01  9.444037E+02
  9.600000E-03  1.935012E-02  9.051626E+00  3.877707E+00  6.000000E-02  9.181955E+02  9.778440E-01  9.448924E+02
  1.120000E-02  2.377962E-02  1.056380E+01  4.196791E+00  7.000000E-02  9.148406E+02  9.742711E-01  9.453189E+02
  1.280000E-02  2.828630E-02  1.207662E+01  4.486170E+00  8.000000E-02  9.115161E+02  9.707307E-01  9.456949E+02
  1.440000E-02  3.282347E-02  1.359001E+01  4.750623E+00  9.000000E-02  9.082217E+02  9.672222E-01  9.460288E+02
  1.600000E-02  3.735503E-02  1.510390E+01  4.993758E+00  1.000000E-01  9.049568E+02  9.637453E-01  9.463272E+02
  1.760000E-02  4.185341E-02  1.661824E+01  5.218397E+00  1.100000E-01  9.017211E+02  9.602994E-01  9.465951E+02
  1.920000E-02  4.629822E-02  1.813299E+01  5.426809E+00  1.200000E-01  8.985142E+02  9.568842E-01  9.468368E+02
  2.080000E-02  5.067511E-02  1.964811E+01  5.620857E+00  1.300000E-01  8.953357E+02  9.534992E-01  9.470558E+02
  2.240000E-02  5.497500E-02  2.116357E+01  5.802102E+00  1.400000E-01  8.921853E+02  9.501441E-01  9.472549E+02
  2.400000E-02  5.919342E-02  2.267932E+01  5.971872E+00  1.500000E-01  8.890625E+02  9.468184E-01  9.474369E+02
  2.560000E-02  6.332997E-02  2.419536E+01  6.131309E+00  1.600000E-01  8.859671E+02  9.435219E-01  9.476037E+02
  2.720000E-02  6.738788E-02  2.571165E+01  6.281411E+00  1.700000E-01  8.828987E+02  9.402542E-01  9.477575E+02
  2.880000E-02  7.137367E-02  2.722818E+01  6.423054E+00  1.800000E-01  8.798570E+02  9.370150E-01  9.479000E+02
  3.040000E-02  7.529679E-02  2.874493E+01  6.557017E+00  1.900000E-01  8.768417E+02  9.338038E-01  9.480326E+02
  3.200000E-02  7.916937E-02  3.026189E+01  6.683996E+00  2.000000E-01  8.738525E+02  9.306204E-01  9.481568E+02
  3.360000E-02  8.300601E-02  3.177903E+01  6.804620E+00  2.100000E-01  8.708891E+02  9.274644E-01  9.482739E+02
  3.520000E-02  8.682350E-02  3.329636E+01  6.919455E+00  2.200000E-01  8.679511E+02  9.243355E-01  9.483850E+02
  3.680000E-02  9.064069E-02  3.481387E+01  7.029019E+00  2.300000E-01  8.650383E+02  9.212335E-01  9.484912E+02
  3.840000E-02  9.447828E-02  3.633154E+01  7.133785E+00  2.400000E-01  8.621504E+02  9.181580E-01  9.485934E+02
  4.000000E-02  9.835870E-02  3.784937E+01  7.234189E+00  2.500000E-01  8.592871E+02  9.151087E-01  9.486926E+02
  4.160000E-02  1.023060E-01  3.936735E+01  7.330631E+00  2.600000E-01  8.564481E+02  9.120853E-01  9.487895E+02
  4.320000E-02  1.063455E-01  4.088549E+01  7.423483E+00  2.700000E-01  8.536333E+02  9.090876E-01  9.488850E+02
  4.480000E-02  1.105042E-01  4.240379E+01  7.513090E+00  2.800000E-01  8.508422E+02  9.061152E-01  9.489797E+02
  4.640000E-02  1.148099E-01  4.392223E+01  7.599773E+00  2.900000E-01  8.480747E+02  9.031679E-01  9.490743E+02
  4.800000E-02  1.192920E-01  4.544082E+01  7.683832E+00  3.000000E-01  8.453304E+02  9.002454E-01  9.491695E+02
  4.960000E-02  1.239804E-01  4.695957E+01  7.765547E+00  3.100000E-01  8.426092E+02  8.973474E-01  9.492658E+02
  5.120000E-02  1.289065E-01  4.847847E+01  7.845182E+00  3.200000E-01  8.399108E+02  8.944736E-01  9.493638E+02
  5.280000E-02  1.341022E-01  4.999753E+01  7.922983E+00  3.300000E-01  8.372348E+02  8.916239E-01  9.494640E+02
  5.440000E-02  1.396003E-01  5.151675E+01  7.999185E+00  3.400000E-01  8.345812E+02  8.887979E-01  9.495669E+02
  5.600000E-02  1.454345E-01  5.303614E+01  8.074006E+00  3.500000E-01  8.319496E+02  8.859954E-01  9.496729E+02
  5.760000E-02  1.516389E-01  5.455570E+01  8.147655E+00  3.600000E-01  8.293399E+02  8.832161E-01  9.497824E+02
  5.920000E-02  1.582484E-01  5.607544E+01  8.220327E+00  3.700000E-01  8.267517E+02  8.804597E-01  9.498959E+02
  6.080000E-02  1.652985E-01  5.759536E+01  8.292208E+00  3.800000E-01  8.241849E+02  8.777262E-01  9.500137E+02
  6.240000E-02  1.728250E-01  5.911548E+01  8.363475E+00  3.900000E-01  8.216392E+02  8.750151E-01  9.501363E+02
  6.400000E-02  1.808643E-01  6.063579E+01  8.434295E+00  4.000000E-01  8.191143E+02  8.723262E-01  9.502639E+02
  6.560000E-02  1.894531E-01  6.215632E+01  8.504827E+00  4.100000E-01  8.166102E+02  8.696594E-01  9.503968E+02
  6.720000E-02  1.986287E-01  6.367705E+01  8.575222E+00  4.200000E-01  8.141265E+02  8.670144E-01  9.505354E+02
  6.880000E-02  2.084285E-01  6.519802E+01  8.645625E+00  4.300000E-01  8.116631E+02  8.643910E-01  9.506799E+02
  7.040000E-02  2.188903E-01  6.671922E+01  8.716173E+00  4.400000E-01  8.092197E+02  8.617888E-01  9.508306E+02
  7.200000E-02  2.300520E-01  6.824066E+01  8.786997E+00  4.500000E-01  8.067961E+02  8.592078E-01  9.509878E+02
  7.360000E-02  2.419519E-01  6.976236E+01  8.858221E+00  4.600000E-01  8.043922E+02  8.566477E-01  9.511517E+02
  7.520000E-02  2.546284E-01  7.128433E+01  8.929966E+00  4.700000E-01  8.020077E+02  8.541083E-01  9.513226E+02
  7.680000E-02  2.681201E-01  7.280658E+01  9.002344E+00  4.800000E-01  7.996423E+02  8.515893E-01  9.515005E+02
  7.840000E-02  2.824655E-01  7.432911E+01  9.075466E+00  4.900000E-01  7.972960E+02  8.490906E-01  9.516859E+02
  8.000000E-02  2.977036E-01  7.585195E+01  9.149434E+00  5.000000E-01  7.949685E+02  8.466119E-01  9.518788E+02
  8.160000E-02  3.138731E-01  7.737511E+01  9.224350E+00  5.100000E-01  7.926597E+02  8.441530E-01  9.520794E+02
  8.320000E-02  3.310129E-01  7.889858E+01  9.300308E+00  5.200000E-01  7.903693E+02  8.417138E-01  9.522879E+02
  8.480000E-02  3.491620E-01  8.042240E+01  9.377400E+00  5.300000E-01  7.880971E+02  8.392940E-01  9.525045E+02
  8.640000E-02  3.683592E-01  8.194657E+01  9.455713E+00  5.400000E-01  7.858429E+02  8.368934E-01  9.527293E+02
  8.800000E-02  3.886434E-01  8.347111E+01  9.535331E+00  5.500000E-01  7.836067E+02  8.345119E-01  9.529624E+02
  8.960000E-02  4.100536E-01  8.499602E+01  9.616336E+00  5.600000E-01  7.813881E+02  8.321492E-01  9.532041E+02
  9.120000E-02  4.326283E-01  8.652133E+01  9.698803E+00  5.700000E-01  7.791871E+02  8.298052E-01  9.534544E+02
  9.280000E-02  4.564065E-01  8.804704E+01  9.782807E+00  5.800000E-01  7.770034E+02  8.274796E-01  9.537134E+02
  9.440000E-02  4.814266E-01  8.957318E+01  9.868418E+00  5.900000E-01  7.748368E+02  8.251723E-01  9.539813E+02
  9.600000E-02  5.077272E-01  9.109975E+01  9.955705E+00  6.000000E-01  7.726873E+02  8.228831E-01  9.542581E+02
  9.760000E-02  5.353467E-01  9.262676E+01  1.004473E+01  6.100000E-01  7.705545E+02  8.206118E-01  9.545440E+02
  9.920000E-02  5.643232E-01  9.415425E+01  1.013557E+01  6.200000E-01  7.684384E+02  8.183583E-01  9.548391E+02
  1.008000E-01  5.946950E-01  9.568221E+01  1.022826E+01  6.300000E-01  7.663388E+02  8.161222E-01  9.551434E+02
  1.024000E-01  6.264999E-01  9.721066E+01  1.032288E+01  6.400000E-01  7.642555E+02  8.139036E-01  9.554571E+02
  1.040000E-01  6.597756E-01  9.873962E+01  1.041947E+01  6.500000E-01  7.621883E+02  8.117021E-01  9.557801E+02
  1.056000E-01  6.945598E-01  1.002691E+02  1.051810E+01  6.600000E-01  7.601371E+02  8.095177E-01  9.561127E+02
  1.072000E-01  7.308898E-01  1.017991E+02  1.061880E+01  6.700000E-01  7.581018E+02  8.073501E-01  9.564548E+02
  1.088000E-01  7.688028E-01  1.033297E+02  1.072163E+01  6.800000E-01  7.560821E+02  8.051992E-01  9.568064E+02
  1.104000E-01  8.083356E-01  1.048609E+02  1.082664E+01  6.900000E-01  7.540779E+02  8.030649E-01  9.571678E+02
  1.120000E-01  8.495250E-01  1.063926E+02  1.093388E+01  7.000000E-01  7.520891E+02  8.009469E-01  9.575388E+02
  1.136000E-01  8.924075E-01  1.079249E+02  1.104337E+01  7.100000E-01  7.501155E+02  7.988451E-01  9.579197E+02
  1.152000E-01  9.370194E-01  1.094579E+02  1.115518E+01  7.200000E-01  7.481570E+02  7.967593E-01  9.583103E+02
  1.168000E-01  9.833966E-01  1.109915E+02  1.126933E+01  7.300000E-01  7.462133E+02  7.946894E-01  9.587107E+02
  1.184000E-01  1.031575E+00  1.125257E+02  1.138586E+01  7.400000E-01  7.442845E+02  7.926352E-01  9.591211E+02
  1.200000E-01  1.081590E+00  1.140606E+02  1.150482E+01  7.500000E-01  7.423702E+02  7.905966E-01  9.595413E+02
  1.216000E-01  1.133476E+00  1.155961E+02  1.162623E+01  7.600000E-01  7.404704E+02  7.885734E-01  9.599715E+02
  1.232000E-01  1.187269E+00  1.171324E+02  1.175013E+01  7.700000E-01  7.385850E+02  7.865655E-01  9.604117E+02
  1.248000E-01  1.243004E+00  1.186694E+02  1.187655E+01  7.800000E-01  7.367138E+02  7.845727E-01  9.608619E+02
  1.264000E-01  1.300714E+00  1.202071E+02  1.200552E+01  7.900000E-01  7.348566E+02  7.825948E-01  9.613220E+02
  1.280000E-01  1.360434E+00  1.217455E+02  1.213707E+01  8.000000E-01  7.330133E+02  7.806318E-01  9.617922E+02
  1.296000E-01  1.422198E+00  1.232847E+02  1.227124E+01  8.100000E-01  7.311838E+02  7.786835E-01  9.622724E+02
  1.312000E-01  1.486039E+00  1.248247E+02  1.240804E+01  8.200000E-01  7.293679E+02  7.767496E-01  9.627627E+02
  1.328000E-01  1.551990E+00  1.263655E+02  1.254750E+01  8.300000E-01  7.275656E+02  7.748302E-01  9.632630E+02
  1.344000E-01  1.620084E+00  1.279071E+02  1.268965E+01  8.400000E-01  7.257766E+02  7.729250E-01  9.637734E+02
  1.360000E-01  1.690354E+00  1.294495E+02  1.283452E+01  8.500000E-01  7.240009E+02  7.710340E-01  9.642939E+02
  1.376000E-01  1.762832E+00  1.309927E+02  1.298211E+01  8.600000E-01  7.222383E+02  7.691569E-01  9.648244E+02
  1.392000E-01  1.837551E+00  1.325368E+02  1.313246E+01  8.700000E-01  7.204887E+02  7.672936E-01  9.653650E+02
  1.408000E-01  1.914541E+00  1.340818E+02  1.328558E+01  8.800000E-01  7.187520E+02  7.654441E-01  9.659156E+02
  1.424000E-01  1.993834E+00  1.356277E+02  1.344150E+01  8.900000E-01  7.170280E+02  7.636081E-01  9.664763E+02
  1.440000E-01  2.075462E+00  1.371744E+02  1.360023E+01  9.000000E-01  7.153167E+02  7.617856E-01  9.670470E+02
  1.456000E-01  2.159454E+00  1.387221E+02  1.376179E+01  9.100000E-01  7.136179E+02  7.599764E-01  9.676278E+02
  1.472000E-01  2.245842E+00  1.402707E+02  1.392620E+01  9.200000E-01  7.119314E+02  7.581804E-01  9.682186E+02
  1.488000E-01  2.334655E+00  1.418203E+02  1.409347E+01  9.300000E-01  7.102572E+02  7.563975E-01  9.688194E+02
  1.504000E-01  2.425924E+00  1.433708E+02  1.426362E+01  9.400000E-01  7.085952E+02  7.546275E-01  9.694302E+02
  1.520000E-01  2.519677E+00  1.449224E+02  1.443667E+01  9.500000E-01  7.069452E+02  7.528703E-01  9.700509E+02
  1.536000E-01  2.615944E+00  1.464749E+02  1.461262E+01  9.600000E-01  7.053071E+02  7.511258E-01  9.706817E+02
  1.552000E-01  2.714754E+00  1.480284E+02  1.479148E+01  9.700000E-01  7.036808E+02  7.493939E-01  9.713223E+02
  1.568000E-01  2.816135E+00  1.495830E+02  1.497328E+01  9.800000E-01  7.020663E+02  7.476744E-01  9.719729E+02
  1.584000E-01  2.920116E+00  1.511386E+02  1.515802E+01  9.900000E-01  7.004633E+02  7.459673E-01  9.726334E+02
  1.600000E-01  3.026724E+00  1.526953E+02  1.534571E+01  1.000000E+00  6.988718E+02  7.442724E-01  9.733038E+02
  1.616000E-01  3.135987E+00  1.542531E+02  1.553636E+01  1.010000E+00  6.972916E+02  7.425896E-01  9.739840E+02
  1.632000E-01  3.247932E+00  1.558119E+02  1.572998E+01  1.020000E+00  6.957227E+02  7.409187E-01  9.746740E+02
  1.648000E-01  3.362586E+00  1.573719E+02  1.592659E+01  1.030000E+00  6.941649E+02  7.392598E-01  9.753738E+02
  1.664000E-01  3.479975E+00  1.589330E+02  1.612618E+01  1.040000E+00  6.926183E+02  7.376126E-01  9.760834E+02
  1.680000E-01  3.600127E+00  1.604952E+02  1.632877E+01  1.050000E+00  6.910825E+02  7.359771E-01  9.768027E+02
  1.696000E-01  3.723066E+00  1.620586E+02  1.653436E+01  1.060000E+00  6.895576E+02  7.343531E-01  9.775317E+02
  1.712000E-01  3.848819E+00  1.636232E+02  1.674296E+01  1.070000E+00  6.880434E+02  7.327406E-01  9.782704E+02
  1.728000E-01  3.977411E+00  1.651889E+02  1.695458E+01  1.080000E+00  6.865399E+02  7.311394E-01  9.790187E+02
  1.744000E-01  4.108867E+00  1.667559E+02  1.716921E+01  1.090000E+00  6.850469E+02  7.295494E-01  9.797766E+02
  1.760000E-01  4.243212E+00  1.683241E+02  1.738687E+01  1.100000E+00  6.835643E+02  7.279705E-01  9.805441E+02
  1.776000E-01  4.380470E+00  1.698935E+02  1.760756E+01  1.110000E+00  6.820921E+02  7.264027E-01  9.813211E+02
  1.792000E-01  4.520665E+00  1.714642E+02  1.783129E+01  1.120000E+00  6.806302E+02  7.248458E-01  9.821077E+02
  1.808000E-01  4.663821E+00  1.730361E+02  1.805804E+01  1.130000E+00  6.791784E+02  7.232996E-01  9.829037E+02
  1.824000E-01  4.809962E+00  1.746093E+02  1.828784E+01  1.140000E+00  6.777366E+02  7.217642E-01  9.837091E+02
  1.840000E-01  4.959111E+00  1.761838E+02  1.852068E+01  1.150000E+00  6.763048E+02  7.202394E-01  9.845239E+02
  1.856000E-01  5.111290E+00  1.777596E+02  1.875657E+01  1.160000E+00  6.748829E+02  7.187252E-01  9.853481E+02
  1.872000E-01  5.266523E+00  1.793368E+02  1.899550E+01  1.170000E+00  6.734708E+02  7.172213E-01  9.861815E+02
  1.888000E-01  5.424831E+00  1.809152E+02  1.923748E+01  1.180000E+00  6.720684E+02  7.157278E-01  9.870242E+02
  1.904000E-01  5.586237E+00  1.824951E+02  1.948250E+01  1.190000E+00  6.706756E+02  7.142445E-01  9.878762E+02
  1.920000E-01  5.750762E+00  1.840763E+02  1.973058E+01  1.200000E+00  6.692923E+02  7.127713E-01  9.887374E+02
  1.936000E-01  5.918428E+00  1.856589E+02  1.998170E+01  1.210000E+00  6.679184E+02  7.113082E-01  9.896077E+02
  1.952000E-01  6.089256E+00  1.872428E+02  2.023587E+01  1.220000E+00  6.665539E+02  7.098550E-01  9.904870E+02
  1.968000E-01  6.263267E+00  1.888282E+02  2.049309E+01  1.230000E+00  6.651986E+02  7.084117E-01  9.913755E+02
  1.984000E-01  6.440481E+00  1.904151E+02  2.075336E+01  1.240000E+00  6.638525E+02  7.069782E-01  9.922730E+02
  2.000000E-01  6.620919E+00  1.920033E+02  2.101668E+01  1.250000E+00  6.625155E+02  7.055543E-01  9.931794E+02
  2.016000E-01  6.804601E+00  1.935931E+02  2.128303E+01  1.260000E+00  6.611875E+02  7.041400E-01  9.940948E+02
  2.032000E-01  6.991546E+00  1.951843E+02  2.155244E+01  1.270000E+00  6.598684E+02  7.027353E-01  9.950191E+02
  2.048000E-01  7.181774E+00  1.967769E+02  2.182488E+01  1.280000E+00  6.585582E+02  7.013399E-01  9.959522E+02
  2.064000E-01  7.375304E+00  1.983711E+02  2.210036E+01  1.290000E+00  6.572567E+02  6.999539E-01  9.968942E+02
  2.080000E-01  7.572155E+00  1.999668E+02  2.237888E+01  1.300000E+00  6.559639E+02  6.985772E-01  9.978448E+02
  2.096000E-01  7.772345E+00  2.015640E+02  2.266043E+01  1.310000E+00  6.546798E+02  6.972096E-01  9.988042E+02
  2.112000E-01  7.975894E+00  2.031628E+02  2.294501E+01  1.320000E+00  6.534041E+02  6.958511E-01  9.997723E+02
  2.128000E-01  8.182819E+00  2.047631E+02  2.323262E+01  1.330000E+00  6.521370E+02  6.945016E-01  1.000749E+03
  2.144000E-01  8.393138E+00  2.063650E+02  2.352325E+01  1.340000E+00  6.508782E+02  6.931610E-01  1.001734E+03
  2.160000E-01  8.606869E+00  2.079684E+02  2.381691E+01  1.350000E+00  6.496277E+02  6.918292E-01  1.002728E+03
  2.176000E-01  8.824028E+00  2.095735E+02  2.411357E+01  1.360000E+00  6.483854E+02  6.905063E-01  1.003730E+03
  2.192000E-01  9.044634E+00  2.111802E+02  2.441325E+01  1.370000E+00  6.471513E+02  6.891920E-01  1.004741E+03
  2.208000E-01  9.268703E+00  2.127885E+02  2.471594E+01  1.380000E+00  6.459252E+02  6.878863E-01  1.005760E+03
  2.224000E-01  9.496251E+00  2.143984E+02  2.502162E+01  1.390000E+00  6.447072E+02  6.865891E-01  1.006787E+03
  2.240000E-01  9.727295E+00  2.160100E+02  2.533031E+01  1.400000E+00  6.434971E+02  6.853004E-01  1.007823E+03
  2.256000E-01  9.961851E+00  2.176232E+02  2.564199E+01  1.410000E+00  6.422949E+02  6.840201E-01  1.008867E+03
  2.272000E-01  1.019993E+01  2.192381E+02  2.595665E+01  1.420000E+00  6.411005E+02  6.827481E-01  1.009919E+03
  2.288000E-01  1.044156E+01  2.208548E+02  2.627429E+01  1.430000E+00  6.399138E+02  6.814843E-01  1.010980E+03
  2.304000E-01  1.068675E+01  2.224731E+02  2.659492E+01  1.440000E+00  6.387348E+02  6.802287E-01  1.012048E+03
  2.320000E-01  1.093551E+01  2.240931E+02  2.691851E+01  1.450000E+00  6.375634E+02  6.789812E-01  1.013125E+03
  2.336000E-01  1.118786E+01  2.257148E+02  2.724506E+01  1.460000E+00  6.363995E+02  6.777417E-01  1.014209E+03
  2.352000E-01  1.144381E+01  2.273383E+02  2.757458E+01  1.470000E+00  6.352430E+02  6.765101E-01  1.015302E+03
  2.368000E-01  1.170338E+01  2.289636E+02  2.790704E+01  1.480000E+00  6.340940E+02  6.752865E-01  1.016402E+03
  2.384000E-01  1.196658E+01  2.305906E+02  2.824245E+01  1.490000E+00  6.329523E+02  6.740706E-01  1.017510E+03
  2.400000E-01  1.223343E+01  2.322194E+02  2.858080E+01  1.500000E+00  6.318178E+02  6.728624E-01  1.018626E+03
  2.416000E-01  1.250394E+01  2.338500E+02  2.892209E+01  1.510000E+00  6.306906E+02  6.716620E-01  1.019750E+03
  2.432000E-01  1.277812E+01  2.354824E+02  2.926629E+01  1.520000E+00  6.295705E+02  6.704691E-01  1.020882E+03
  2.448000E-01  1.305599E+01  2.371166E+02  2.961342E+01  1.530000E+00  6.284575E+02  6.692838E-01  1.022021E+03
  2.464000E-01  1.333756E+01  2.387526E+02  2.996346E+01  1.540000E+00  6.273515E+02  6.681060E-01  1.023168E+03
  2.480000E-01  1.362285E+01  2.403905E+02  3.031640E+01  1.550000E+00  6.262524E+02  6.669355E-01  1.024323E+03
  2.496000E-01  1.391186E+01  2.420302E+02  3.067224E+01  1.560000E+00  6.251603E+02  6.657724E-01  1.025485E+03
  2.512000E-01  1.420460E+01  2.436718E+02  3.103097E+01  1.570000E+00  6.240750E+02  6.646166E-01  1.026655E+03
  2.528000E-01  1.450110E+01  2.453152E+02  3.139258E+01  1.580000E+00  6.229965E+02  6.634680E-01  1.027832E+03
  2.544000E-01  1.480136E+01  2.469606E+02  3.175707E+01  1.590000E+00  6.219247E+02  6.623266E-01  1.029016E+03
  2.560000E-01  1.510540E+01  2.486078E+02  3.212442E+01  1.600000E+00  6.208595E+02  6.611923E-01  1.030208E+03
  2.576000E-01  1.541322E+01  2.502570E+02  3.249464E+01  1.610000E+00  6.198010E+02  6.600650E-01  1.031407E+03
  2.592000E-01  1.572484E+01  2.519081E+02  3.286770E+01  1.620000E+00  6.187490E+02  6.589446E-01  1.032614E+03
  2.608000E-01  1.604027E+01  2.535611E+02  3.324361E+01  1.630000E+00  6.177035E+02  6.578312E-01  1.033827E+03
  2.624000E-01  1.635953E+01  2.552161E+02  3.362235E+01  1.640000E+00  6.166644E+02  6.567246E-01  1.035048E+03
  2.640000E-01  1.668261E+01  2.568730E+02  3.400392E+01  1.650000E+00  6.156318E+02  6.556249E-01  1.036276E+03
  2.656000E-01  1.700953E+01  2.585319E+02  3.438831E+01  1.660000E+00  6.146054E+02  6.545319E-01  1.037511E+03
  2.672000E-01  1.734031E+01  2.601928E+02  3.477550E+01  1.670000E+00  6.135853E+02  6.534455E-01  1.038753E+03
  2.688000E-01  1.767495E+01  2.618557E+02  3.516551E+01  1.680000E+00  6.125715E+02  6.523658E-01  1.040002E+03
  2.704000E-01  1.801347E+01  2.635206E+02  3.555830E+01  1.690000E+00  6.115638E+02  6.512927E-01  1.041258E+03
  2.720000E-01  1.835587E+01  2.651874E+02  3.595388E+01  1.700000E+00  6.105622E+02  6.502260E-01  1.042521E+03
  2.736000E-01  1.870216E+01  2.668564E+02  3.635224E+01  1.710000E+00  6.095667E+02  6.491659E-01  1.043791E+03
  2.752000E-01  1.905236E+01  2.685273E+02  3.675336E+01  1.720000E+00  6.085772E+02  6.481121E-01  1.045068E+03
  2.768000E-01  1.940647E+01  2.702003E+02  3.715724E+01  1.730000E+00  6.075937E+02  6.470647E-01  1.046351E+03
  2.784000E-01  1.976450E+01  2.718754E+02  3.756388E+01  1.740000E+00  6.066161E+02  6.460235E-01  1.047641E+03
  2.800000E-01  2.012646E+01  2.735525E+02  3.797325E+01  1.750000E+00  6.056444E+02  6.449887E-01  1.048938E+03
  2.816000E-01  2.049237E+01  2.752317E+02  3.838536E+01  1.760000E+00  6.046784E+02  6.439600E-01  1.050242E+03
  2.832000E-01  2.086222E+01  2.769130E+02  3.880020E+01  1.770000E+00  6.037183E+02  6.429374E-01  1.051552E+03
  2.848000E-01  2.123603E+01  2.785964E+02  3.921775E+01  1.780000E+00  6.027638E+02  6.419210E-01  1.052869E+03
  2.864000E-01  2.161381E+01  2.802819E+02  3.963800E+01  1.790000E+00  6.018150E+02  6.409106E-01  1.054192E+03
  2.880000E-01  2.199557E+01  2.819695E+02  4.006095E+01  1.800000E+00  6.008719E+02  6.399061E-01  1.055521E+03
  2.896000E-01  2.238131E+01  2.836593E+02  4.048659E+01  1.810000E+00  5.999343E+02  6.389077E-01  1.056857E+03
  2.912000E-01  2.277104E+01  2.853512E+02  4.091491E+01  1.820000E+00  5.990022E+02  6.379151E-01  1.058200E+03
  2.928000E-01  2.316477E+01  2.870453E+02  4.134590E+01  1.830000E+00  5.980757E+02  6.369283E-01  1.059549E+03
  2.944000E-01  2.356251E+01  2.887415E+02  4.177955E+01  1.840000E+00  5.971546E+02  6.359473E-01  1.060904E+03
  2.960000E-01  2.396427E+01  2.904399E+02  4.221585E+01  1.850000E+00  5.962388E+02  6.349721E-01  1.062265E+03
  2.976000E-01  2.437004E+01  2.921405E+02  4.265479E+01  1.860000E+00  5.953284E+02  6.340026E-01  1.063632E+03
  2.992000E-01  2.477985E+01  2.938432E+02  4.309637E+01  1.870000E+00  5.944234E+02  6.330387E-01  1.065006E+03
  3.008000E-01  2.519370E+01  2.955482E+02  4.354057E+01  1.880000E+00  5.935236E+02  6.320805E-01  1.066386E+03
  3.024000E-01  2.561159E+01  2.972554E+02  4.398738E+01  1.890000E+00  5.926290E+02  6.311278E-01  1.067772E+03
  3.040000E-01  2.603354E+01  2.989648E+02  4.443680E+01  1.900000E+00  5.917396E+02  6.301806E-01  1.069164E+03
  3.056000E-01  2.645954E+01  3.006764E+02  4.488882E+01  1.910000E+00  5.908553E+02  6.292389E-01  1.070562E+03
  3.072000E-01  2.688961E+01  3.023903E+02  4.534342E+01  1.920000E+00  5.899761E+02  6.283026E-01  1.071966E+03
  3.088000E-01  2.732376E+01  3.041064E+02  4.580060E+01  1.930000E+00  5.891020E+02  6.273716E-01  1.073376E+03
  3.104000E-01  2.776198E+01  3.058248E+02  4.626035E+01  1.940000E+00  5.882329E+02  6.264461E-01  1.074791E+03
  3.120000E-01  2.820429E+01  3.075455E+02  4.672265E+01  1.950000E+00  5.873687E+02  6.255258E-01  1.076213E+03
  3.136000E-01  2.865068E+01  3.092684E+02  4.718751E+01  1.960000E+00  5.865095E+02  6.246107E-01  1.077641E+03
  3.152000E-01  2.910118E+01  3.109936E+02  4.765490E+01  1.970000E+00  5.856552E+02  6.237009E-01  1.079074E+03
  3.168000E-01  2.955578E+01  3.127211E+02  4.812482E+01  1.980000E+00  5.848057E+02  6.227963E-01  1.080513E+03
  3.184000E-01  3.001449E+01  3.144510E+02  4.859727E+01  1.990000E+00  5.839610E+02  6.218967E-01  1.081957E+03
  3.200000E-01  3.047732E+01  3.161831E+02  4.907222E+01  2.000000E+00  5.831211E+02  6.210023E-01  1.083407E+03
  3.216000E-01  3.094427E+01  3.179176E+02  4.954968E+01  2.010000E+00  5.822860E+02  6.201129E-01  1.084863E+03
  3.232000E-01  3.141534E+01  3.196544E+02  5.002963E+01  2.020000E+00  5.814555E+02  6.192285E-01  1.086325E+03
  3.248000E-01  3.189055E+01  3.213935E+02  5.051206E+01  2.030000E+00  5.806297E+02  6.183490E-01  1.087792E+03
  3.264000E-01  3.236990E+01  3.231350E+02  5.099697E+01  2.040000E+00  5.798086E+02  6.174745E-01  1.089264E+03
  3.280000E-01  3.285339E+01  3.248789E+02  5.148434E+01  2.050000E+00  5.789920E+02  6.166049E-01  1.090742E+03
  3.296000E-01  3.334102E+01  3.266251E+02  5.197416E+01  2.060000E+00  5.781799E+02  6.157401E-01  1.092225E+03
  3.312000E-01  3.383282E+01  3.283737E+02  5.246643E+01  2.070000E+00  5.773724E+02  6.148801E-01  1.093714E+03
  3.328000E-01  3.432876E+01  3.301247E+02  5.296114E+01  2.080000E+00  5.765694E+02  6.140249E-01  1.095208E+03
  3.344000E-01  3.482888E+01  3.318780E+02  5.345827E+01  2.090000E+00  5.757708E+02  6.131744E-01  1.096708E+03
  3.360000E-01  3.533316E+01  3.336338E+02  5.395782E+01  2.100000E+00  5.749766E+02  6.123286E-01  1.098212E+03
  3.376000E-01  3.584161E+01  3.353920E+02  5.445977E+01  2.110000E+00  5.741868E+02  6.114875E-01  1.099722E+03
  3.392000E-01  3.635424E+01  3.371526E+02  5.496413E+01  2.120000E+00  5.734013E+02  6.106510E-01  1.101237E+03
  3.408000E-01  3.687105E+01  3.389157E+02  5.547087E+01  2.130000E+00  5.726201E+02  6.098191E-01  1.102758E+03
  3.424000E-01  3.739205E+01  3.406811E+02  5.597999E+01  2.140000E+00  5.718432E+02  6.089917E-01  1.104283E+03
  3.440000E-01  3.791723E+01  3.424491E+02  5.649148E+01  2.150000E+00  5.710706E+02  6.081689E-01  1.105814E+03
  3.456000E-01  3.844661E+01  3.442194E+02  5.700533E+01  2.160000E+00  5.703021E+02  6.073505E-01  1.107349E+03
  3.472000E-01  3.898019E+01  3.459923E+02  5.752153E+01  2.170000E+00  5.695378E+02  6.065366E-01  1.108890E+03
  3.488000E-01  3.951797E+01  3.477676E+02  5.804008E+01  2.180000E+00  5.687777E+02  6.057270E-01  1.110435E+03
  3.504000E-01  4.005996E+01  3.495453E+02  5.856095E+01  2.190000E+00  5.680216E+02  6.049219E-01  1.111986E+03
  3.520000E-01  4.060616E+01  3.513256E+02  5.908415E+01  2.200000E+00  5.672697E+02  6.041211E-01  1.113541E+03
  3.536000E-01  4.115657E+01  3.531084E+02  5.960966E+01  2.210000E+00  5.665218E+02  6.033246E-01  1.115102E+03
  3.552000E-01  4.171120E+01  3.548936E+02  6.013748E+01  2.220000E+00  5.657779E+02  6.025323E-01  1.116667E+03
  3.568000E-01  4.227005E+01  3.566814E+02  6.066759E+01  2.230000E+00  5.650379E+02  6.017443E-01  1.118237E+03
  3.584000E-01  4.283313E+01  3.584717E+02  6.119998E+01  2.240000E+00  5.643020E+02  6.009606E-01  1.119812E+03
  3.600000E-01  4.340043E+01  3.602645E+02  6.173466E+01  2.250000E+00  5.635699E+02  6.001810E-01  1.121391E+03
  3.616000E-01  4.397197E+01  3.620598E+02  6.227160E+01  2.260000E+00  5.628418E+02  5.994055E-01  1.122975E+03
  3.632000E-01  4.454773E+01  3.638577E+02  6.281079E+01  2.270000E+00  5.621175E+02  5.986342E-01  1.124564E+03
  3.648000E-01  4.512774E+01  3.656581E+02  6.335224E+01  2.280000E+00  5.613970E+02  5.978669E-01  1.126158E+03
  3.664000E-01  4.571199E+01  3.674611E+02  6.389593E+01  2.290000E+00  5.606804E+02  5.971037E-01  1.127756E+03
  3.680000E-01  4.630048E+01  3.692666E+02  6.444184E+01  2.300000E+00  5.599675E+02  5.963445E-01  1.129359E+03
  3.696000E-01  4.689322E+01  3.710747E+02  6.498998E+01  2.310000E+00  5.592584E+02  5.955893E-01  1.130966E+03
  3.712000E-01  4.749021E+01  3.728854E+02  6.554033E+01  2.320000E+00  5.585529E+02  5.948381E-01  1.132578E+03
  3.728000E-01  4.809145E+01  3.746986E+02  6.609288E+01  2.330000E+00  5.578512E+02  5.940908E-01  1.134195E+03
  3.744000E-01  4.869694E+01  3.765145E+02  6.664763E+01  2.340000E+00  5.571532E+02  5.933473E-01  1.135816E+03
  3.760000E-01  4.930670E+01  3.783329E+02  6.720456E+01  2.350000E+00  5.564587E+02  5.926078E-01  1.137441E+03
  3.776000E-01  4.992071E+01  3.801540E+02  6.776367E+01  2.360000E+00  5.557679E+02  5.918721E-01  1.139071E+03
  3.792000E-01  5.053899E+01  3.819776E+02  6.832494E+01  2.370000E+00  5.550807E+02  5.911402E-01  1.140705E+03
  3.808000E-01  5.116153E+01  3.838039E+02  6.888837E+01  2.380000E+00  5.543970E+02  5.904121E-01  1.142343E+03
  3.824000E-01  5.178834E+01  3.856328E+02  6.945395E+01  2.390000E+00  5.537168E+02  5.896878E-01  1.143986E+03
  3.840000E-01  5.241942E+01  3.874643E+02  7.002167E+01  2.400000E+00  5.530401E+02  5.889671E-01  1.145633E+03
  3.856000E-01  5.305478E+01  3.892985E+02  7.059152E+01  2.410000E+00  5.523670E+02  5.882502E-01  1.147284E+03
  3.872000E-01  5.369441E+01  3.911353E+02  7.116350E+01  2.420000E+00  5.516972E+02  5.875370E-01  1.148940E+03
  3.888000E-01  5.433831E+01  3.929748E+02  7.173758E+01  2.430000E+00  5.510309E+02  5.868274E-01  1.150599E+03
  3.904000E-01  5.498650E+01  3.948169E+02  7.231377E+01  2.440000E+00  5.503680E+02  5.861214E-01  1.152263E+03
  3.920000E-01  5.563897E+01  3.966617E+02  7.289206E+01  2.450000E+00  5.497084E+02  5.854190E-01  1.153931E+03
  3.936000E-01  5.629572E+01  3.985091E+02  7.347243E+01  2.460000E+00  5.490522E+02  5.847202E-01  1.155603E+03
  3.952000E-01  5.695675E+01  4.003593E+02  7.405488E+01  2.470000E+00  5.483994E+02  5.840249E-01  1.157279E+03
  3.968000E-01  5.762208E+01  4.022121E+02  7.463940E+01  2.480000E+00  5.477498E+02  5.833331E-01  1.158960E+03
  3.984000E-01  5.829169E+01  4.040676E+02  7.522599E+01  2.490000E+00  5.471035E+02  5.826448E-01  1.160644E+03
  4.000000E-01  5.896559E+01  4.059258E+02  7.581462E+01  2.500000E+00  5.464604E+02  5.819600E-01  1.162332E+03
  4.016000E-01  5.964379E+01  4.077868E+02  7.640529E+01  2.510000E+00  5.458206E+02  5.812786E-01  1.164024E+03
  4.032000E-01  6.032628E+01  4.096504E+02  7.699801E+01  2.520000E+00  5.451840E+02  5.806006E-01  1.165720E+03
  4.048000E-01  6.101306E+01  4.115167E+02  7.759274E+01  2.530000E+00  5.445505E+02  5.799260E-01  1.167420E+03
  4.064000E-01  6.170415E+01  4.133858E+02  7.818950E+01  2.540000E+00  5.439202E+02  5.792548E-01  1.169124E+03
  4.080000E-01  6.239953E+01  4.152576E+02  7.878826E+01  2.550000E+00  5.432931E+02  5.785869E-01  1.170832E+03
  4.096000E-01  6.309921E+01  4.171321E+02  7.938902E+01  2.560000E+00  5.426690E+02  5.779223E-01  1.172544E+03
  4.112000E-01  6.380320E+01  4.190094E+02  7.999178E+01  2.570000E+00  5.420481E+02  5.772610E-01  1.174259E+03
  4.128000E-01  6.451149E+01  4.208894E+02  8.059652E+01  2.580000E+00  5.414302E+02  5.766030E-01  1.175979E+03
  4.144000E-01  6.522408E+01  4.227722E+02  8.120323E+01  2.590000E+00  5.408154E+02  5.759482E-01  1.177702E+03
  4.160000E-01  6.594098E+01  4.246577E+02  8.181191E+01  2.600000E+00  5.402035E+02  5.752966E-01  1.179428E+03
  4.176000E-01  6.666218E+01  4.265460E+02  8.242255E+01  2.610000E+00  5.395947E+02  5.746483E-01  1.181159E+03
  4.192000E-01  6.738770E+01  4.284371E+02  8.303514E+01  2.620000E+00  5.389889E+02  5.740031E-01  1.182893E+03
  4.208000E-01  6.811752E+01  4.303310E+02  8.364967E+01  2.630000E+00  5.383860E+02  5.733610E-01  1.184631E+03
  4.224000E-01  6.885166E+01  4.322276E+02  8.426614E+01  2.640000E+00  5.377860E+02  5.727221E-01  1.186372E+03
  4.240000E-01  6.959011E+01  4.341270E+02  8.488453E+01  2.650000E+00  5.371890E+02  5.720863E-01  1.188117E+03
  4.256000E-01  7.033287E+01  4.360292E+02  8.550483E+01  2.660000E+00  5.365949E+02  5.714535E-01  1.189866E+03
  4.272000E-01  7.107994E+01  4.379343E+02  8.612705E+01  2.670000E+00  5.360036E+02  5.708239E-01  1.191618E+03
  4.288000E-01  7.183133E+01  4.398421E+02  8.675116E+01  2.680000E+00  5.354152E+02  5.701972E-01  1.193373E+03
  4.304000E-01  7.258703E+01  4.417527E+02  8.737717E+01  2.690000E+00  5.348296E+02  5.695736E-01  1.195132E+03
  4.320000E-01  7.334706E+01  4.436662E+02  8.800507E+01  2.700000E+00  5.342469E+02  5.689530E-01  1.196895E+03
  4.336000E-01  7.411140E+01  4.455825E+02  8.863484E+01  2.710000E+00  5.336669E+02  5.683354E-01  1.198661E+03
  4.352000E-01  7.488005E+01  4.475016E+02  8.926647E+01  2.720000E+00  5.330897E+02  5.677207E-01  1.200431E+03
  4.368000E-01  7.565303E+01  4.494235E+02  8.989997E+01  2.730000E+00  5.325153E+02  5.671089E-01  1.202204E+03
  4.384000E-01  7.643033E+01  4.513483E+02  9.053532E+01  2.740000E+00  5.319436E+02  5.665001E-01  1.203980E+03
  4.400000E-01  7.721195E+01  4.532759E+02  9.117252E+01  2.750000E+00  5.313746E+02  5.658942E-01  1.205760E+03
  4.416000E-01  7.799789E+01  4.552064E+02  9.181155E+01  2.760000E+00  5.308083E+02  5.652911E-01  1.207543E+03
  4.432000E-01  7.878815E+01  4.571397E+02  9.245241E+01  2.770000E+00  5.302447E+02  5.646909E-01  1.209329E+03
  4.448000E-01  7.958273E+01  4.590759E+02  9.309509E+01  2.780000E+00  5.296838E+02  5.640935E-01  1.211119E+03
  4.464000E-01  8.038164E+01  4.610149E+02  9.373959E+01  2.790000E+00  5.291255E+02  5.634989E-01  1.212912E+03
  4.480000E-01  8.118487E+01  4.629569E+02  9.438589E+01  2.800000E+00  5.285698E+02  5.629071E-01  1.214708E+03
  4.496000E-01  8.199243E+01  4.649017E+02  9.503399E+01  2.810000E+00  5.280167E+02  5.623181E-01  1.216507E+03
  4.512000E-01  8.280431E+01  4.668494E+02  9.568388E+01  2.820000E+00  5.274662E+02  5.617319E-01  1.218310E+03
  4.528000E-01  8.362052E+01  4.687999E+02  9.633555E+01  2.830000E+00  5.269183E+02  5.611484E-01  1.220116E+03
  4.544000E-01  8.444105E+01  4.707534E+02  9.698899E+01  2.840000E+00  5.263730E+02  5.605676E-01  1.221925E+03
  4.560000E-01  8.526591E+01  4.727097E+02  9.764421E+01  2.850000E+00  5.258301E+02  5.599895E-01  1.223737E+03
  4.576000E-01  8.609509E+01  4.746690E+02  9.830118E+01  2.860000E+00  5.252898E+02  5.594141E-01  1.225552E+03
  4.592000E-01  8.692861E+01  4.766312E+02  9.895990E+01  2.870000E+00  5.247520E+02  5.588413E-01  1.227370E+03
  4.608000E-01  8.776645E+01  4.785963E+02  9.962037E+01  2.880000E+00  5.242167E+02  5.582712E-01  1.229192E+03
  4.624000E-01  8.860861E+01  4.805643E+02  1.002826E+02  2.890000E+00  5.236838E+02  5.577038E-01  1.231016E+03
  4.640000E-01  8.945511E+01  4.825352E+02  1.009465E+02  2.900000E+00  5.231534E+02  5.571389E-01  1.232844E+03
  4.656000E-01  9.030593E+01  4.845090E+02  1.016122E+02  2.910000E+00  5.226254E+02  5.565766E-01  1.234674E+03
  4.672000E-01  9.116108E+01  4.864858E+02  1.022795E+02  2.920000E+00  5.220999E+02  5.560169E-01  1.236508E+03
  4.688000E-01  9.202056E+01  4.884655E+02  1.029486E+02  2.930000E+00  5.215767E+02  5.554598E-01  1.238344E+03
  4.704000E-01  9.288437E+01  4.904482E+02  1.036194E+02  2.940000E+00  5.210559E+02  5.549051E-01  1.240184E+03
  4.720000E-01  9.375251E+01  4.924338E+02  1.042919E+02  2.950000E+00  5.205375E+02  5.543531E-01  1.242026E+03
  4.736000E-01  9.462498E+01  4.944223E+02  1.049660E+02  2.960000E+00  5.200215E+02  5.538035E-01  1.243871E+03
  4.752000E-01  9.550177E+01  4.964138E+02  1.056419E+02  2.970000E+00  5.195077E+02  5.532564E-01  1.245720E+03
  4.768000E-01  9.638290E+01  4.984083E+02  1.063194E+02  2.980000E+00  5.189963E+02  5.527118E-01  1.247571E+03
  4.784000E-01  9.726835E+01  5.004057E+02  1.069985E+02  2.990000E+00  5.184872E+02  5.521696E-01  1.249425E+03
  4.800000E-01  9.815814E+01  5.024061E+02  1.076794E+02  3.000000E+00  5.179804E+02  5.516298E-01  1.251281E+03
  4.816000E-01  9.905225E+01  5.044095E+02  1.083618E+02  3.010000E+00  5.174759E+02  5.510925E-01  1.253141E+03
  4.832000E-01  9.995069E+01  5.064158E+02  1.090460E+02  3.020000E+00  5.169736E+02  5.505576E-01  1.255004E+03
  4.848000E-01  1.008535E+02  5.084251E+02  1.097317E+02  3.030000E+00  5.164736E+02  5.500251E-01  1.256869E+03
  4.864000E-01  1.017606E+02  5.104374E+02  1.104191E+02  3.040000E+00  5.159758E+02  5.494950E-01  1.258737E+03
  4.880000E-01  1.026720E+02  5.124527E+02  1.111081E+02  3.050000E+00  5.154802E+02  5.489672E-01  1.260608E+03
  4.896000E-01  1.035878E+02  5.144710E+02  1.117987E+02  3.060000E+00  5.149868E+02  5.484417E-01  1.262481E+03
  4.912000E-01  1.045078E+02  5.164923E+02  1.124910E+02  3.070000E+00  5.144956E+02  5.479186E-01  1.264357E+03
  4.928000E-01  1.054323E+02  5.185167E+02  1.131848E+02  3.080000E+00  5.140066E+02  5.473978E-01  1.266236E+03
  4.944000E-01  1.063610E+02  5.205440E+02  1.138802E+02  3.090000E+00  5.135197E+02  5.468793E-01  1.268118E+03
  4.960000E-01  1.072941E+02  5.225743E+02  1.145772E+02  3.100000E+00  5.130350E+02  5.463631E-01  1.270002E+03
  4.976000E-01  1.082315E+02  5.246076E+02  1.152758E+02  3.110000E+00  5.125524E+02  5.458492E-01  1.271889E+03
  4.992000E-01  1.091732E+02  5.266440E+02  1.159760E+02  3.120000E+00  5.120719E+02  5.453374E-01  1.273778E+03
  5.008000E-01  1.101193E+02  5.286834E+02  1.166777E+02  3.130000E+00  5.115935E+02  5.448280E-01  1.275670E+03
  5.024000E-01  1.110697E+02  5.307258E+02  1.173810E+02  3.140000E+00  5.111172E+02  5.443207E-01  1.277565E+03
  5.040000E-01  1.120244E+02  5.327713E+02  1.180859E+02  3.150000E+00  5.106429E+02  5.438157E-01  1.279462E+03
