  1.000000E-02  5.659733E-03  9.410472E+00
  1.200000E-02  6.385329E-03  1.129377E+01
  1.400000E-02  6.980393E-03  1.317718E+01
  1.600000E-02  7.499440E-03  1.506067E+01
  1.800000E-02  8.005602E-03  1.694422E+01
  2.000000E-02  8.568238E-03  1.882783E+01
  2.200000E-02  9.261367E-03  2.071150E+01
  2.400000E-02  1.016257E-02  2.259524E+01
  2.600000E-02  1.135222E-02  2.447907E+01
  2.800000E-02  1.291283E-02  2.636300E+01
  3.000000E-02  1.492861E-02  2.824706E+01
  3.200000E-02  1.748509E-02  3.013127E+01
  3.400000E-02  2.066875E-02  3.201566E+01
  3.600000E-02  2.456683E-02  3.390025E+01
  3.800000E-02  2.926703E-02  3.578508E+01
  4.000000E-02  3.485737E-02  3.767018E+01
  4.200000E-02  4.142599E-02  3.955559E+01
  4.400000E-02  4.906099E-02  4.144132E+01
  4.600000E-02  5.785033E-02  4.332744E+01
  4.800000E-02  6.788169E-02  4.521395E+01
  5.000000E-02  7.924236E-02  4.710092E+01
  5.200000E-02  9.201916E-02  4.898836E+01
  5.400000E-02  1.062983E-01  5.087632E+01
  5.600000E-02  1.221655E-01  5.276484E+01
  5.800000E-02  1.397055E-01  5.465395E+01
  6.000000E-02  1.590025E-01  5.654369E+01
  6.200000E-02  1.801397E-01  5.843411E+01
  6.400000E-02  2.031995E-01  6.032524E+01
  6.600000E-02  2.282634E-01  6.221712E+01
  6.800000E-02  2.554118E-01  6.410978E+01
  7.000000E-02  2.847241E-01  6.600328E+01
  7.200000E-02  3.162788E-01  6.789764E+01
  7.400000E-02  3.501529E-01  6.979291E+01
  7.600000E-02  3.864228E-01  7.168912E+01
  7.800000E-02  4.251634E-01  7.358632E+01
  8.000000E-02  4.664485E-01  7.548454E+01
  8.200000E-02  5.103508E-01  7.738383E+01
  8.400000E-02  5.569416E-01  7.928421E+01
  8.600000E-02  6.062911E-01  8.118574E+01
  8.800000E-02  6.584683E-01  8.308845E+01
  9.000000E-02  7.135408E-01  8.499237E+01
  9.200000E-02  7.715750E-01  8.689754E+01
  9.400000E-02  8.326362E-01  8.880401E+01
  9.600000E-02  8.967880E-01  9.071181E+01
  9.800000E-02  9.640932E-01  9.262097E+01
  1.000000E-01  1.034613E+00  9.453154E+01
  1.020000E-01  1.108407E+00  9.644355E+01
  1.040000E-01  1.185535E+00  9.835703E+01
  1.060000E-01  1.266054E+00  1.002720E+02
  1.080000E-01  1.350019E+00  1.021886E+02
  1.100000E-01  1.437486E+00  1.041067E+02
  1.120000E-01  1.528508E+00  1.060265E+02
  1.140000E-01  1.623138E+00  1.079479E+02
  1.160000E-01  1.721427E+00  1.098710E+02
  1.180000E-01  1.823425E+00  1.117958E+02
  1.200000E-01  1.929180E+00  1.137224E+02
  1.220000E-01  2.038739E+00  1.156507E+02
  1.240000E-01  2.152150E+00  1.175809E+02
  1.260000E-01  2.269456E+00  1.195130E+02
  1.280000E-01  2.390702E+00  1.214469E+02
  1.300000E-01  2.515930E+00  1.233828E+02
  1.320000E-01  2.645183E+00  1.253206E+02
  1.340000E-01  2.778499E+00  1.272605E+02
  1.360000E-01  2.915920E+00  1.292023E+02
  1.380000E-01  3.056969E+00  1.311462E+02
  1.400000E-01  3.200121E+00  1.330921E+02
  1.420000E-01  3.346289E+00  1.350401E+02
  1.440000E-01  3.495771E+00  1.369902E+02
  1.460000E-01  3.648718E+00  1.389423E+02
  1.480000E-01  3.805230E+00  1.408966E+02
  1.500000E-01  3.965380E+00  1.428531E+02
  1.520000E-01  4.129230E+00  1.448117E+02
  1.540000E-01  4.296830E+00  1.467724E+02
  1.560000E-01  4.468224E+00  1.487354E+02
  1.580000E-01  4.643451E+00  1.507006E+02
  1.600000E-01  4.822549E+00  1.526680E+02
  1.620000E-01  5.005549E+00  1.546377E+02
  1.640000E-01  5.192484E+00  1.566097E+02
  1.660000E-01  5.383382E+00  1.585839E+02
  1.680000E-01  5.578271E+00  1.605605E+02
  1.700000E-01  5.777178E+00  1.625395E+02
  1.720000E-01  5.980128E+00  1.645208E+02
  1.740000E-01  6.187145E+00  1.665045E+02
  1.760000E-01  6.398254E+00  1.684905E+02
  1.780000E-01  6.613477E+00  1.704790E+02
  1.800000E-01  6.832836E+00  1.724700E+02
  1.820000E-01  7.056354E+00  1.744634E+02
  1.840000E-01  7.284052E+00  1.764593E+02
  1.860000E-01  7.515951E+00  1.784576E+02
  1.880000E-01  7.752073E+00  1.804585E+02
  1.900000E-01  7.992437E+00  1.824619E+02
  1.920000E-01  8.237065E+00  1.844679E+02
  1.940000E-01  8.485975E+00  1.864765E+02
  1.960000E-01  8.739189E+00  1.884876E+02
  1.980000E-01  8.996727E+00  1.905013E+02
  2.000000E-01  9.258608E+00  1.925177E+02
  2.020000E-01  9.524853E+00  1.945367E+02
  2.040000E-01  9.795480E+00  1.965583E+02
  2.060000E-01  1.007051E+01  1.985826E+02
  2.080000E-01  1.034997E+01  2.006096E+02
  2.100000E-01  1.063386E+01  2.026394E+02
  2.120000E-01  1.092223E+01  2.046718E+02
  2.140000E-01  1.121507E+01  2.067070E+02
  2.160000E-01  1.151242E+01  2.087449E+02
  2.180000E-01  1.181430E+01  2.107856E+02
  2.200000E-01  1.212072E+01  2.128291E+02
  2.220000E-01  1.243171E+01  2.148754E+02
  2.240000E-01  1.274729E+01  2.169246E+02
  2.260000E-01  1.306747E+01  2.189765E+02
  2.280000E-01  1.339229E+01  2.210314E+02
  2.300000E-01  1.372176E+01  2.230890E+02
  2.320000E-01  1.405591E+01  2.251496E+02
  2.340000E-01  1.439476E+01  2.272131E+02
  2.360000E-01  1.473832E+01  2.292795E+02
  2.380000E-01  1.508664E+01  2.313488E+02
  2.400000E-01  1.543971E+01  2.334210E+02
  2.420000E-01  1.579758E+01  2.354962E+02
  2.440000E-01  1.616027E+01  2.375744E+02
  2.460000E-01  1.652779E+01  2.396556E+02
  2.480000E-01  1.690018E+01  2.417398E+02
  2.500000E-01  1.727745E+01  2.438270E+02
  2.520000E-01  1.765964E+01  2.459173E+02
  2.540000E-01  1.804677E+01  2.480106E+02
  2.560000E-01  1.843887E+01  2.501070E+02
  2.580000E-01  1.883595E+01  2.522064E+02
  2.600000E-01  1.923806E+01  2.543090E+02
  2.620000E-01  1.964520E+01  2.564146E+02
  2.640000E-01  2.005742E+01  2.585234E+02
  2.660000E-01  2.047474E+01  2.606353E+02
  2.680000E-01  2.089719E+01  2.627504E+02
  2.700000E-01  2.132479E+01  2.648687E+02
  2.720000E-01  2.175758E+01  2.669901E+02
  2.740000E-01  2.219557E+01  2.691147E+02
  2.760000E-01  2.263881E+01  2.712426E+02
  2.780000E-01  2.308732E+01  2.733737E+02
  2.800000E-01  2.354113E+01  2.755080E+02
  2.820000E-01  2.400027E+01  2.776456E+02
  2.840000E-01  2.446477E+01  2.797864E+02
  2.860000E-01  2.493466E+01  2.819306E+02
  2.880000E-01  2.540997E+01  2.840781E+02
  2.900000E-01  2.589074E+01  2.862288E+02
  2.920000E-01  2.637699E+01  2.883829E+02
  2.940000E-01  2.686876E+01  2.905404E+02
  2.960000E-01  2.736607E+01  2.927012E+02
  2.980000E-01  2.786897E+01  2.948654E+02
  3.000000E-01  2.837748E+01  2.970330E+02
  3.020000E-01  2.889163E+01  2.992040E+02
  3.040000E-01  2.941147E+01  3.013784E+02
  3.060000E-01  2.993701E+01  3.035563E+02
  3.080000E-01  3.046830E+01  3.057376E+02
  3.100000E-01  3.100537E+01  3.079223E+02
  3.120000E-01  3.154825E+01  3.101106E+02
  3.140000E-01  3.209697E+01  3.123024E+02
  3.160000E-01  3.265158E+01  3.144976E+02
  3.180000E-01  3.321210E+01  3.166964E+02
  3.200000E-01  3.377857E+01  3.188988E+02
  3.220000E-01  3.435103E+01  3.211047E+02
  3.240000E-01  3.492950E+01  3.233141E+02
  3.260000E-01  3.551403E+01  3.255272E+02
  3.280000E-01  3.610465E+01  3.277439E+02
  3.300000E-01  3.670139E+01  3.299641E+02
  3.320000E-01  3.730429E+01  3.321881E+02
  3.340000E-01  3.791339E+01  3.344156E+02
  3.360000E-01  3.852871E+01  3.366468E+02
  3.380000E-01  3.915031E+01  3.388818E+02
  3.400000E-01  3.977820E+01  3.411204E+02
  3.420000E-01  4.041244E+01  3.433627E+02
  3.440000E-01  4.105305E+01  3.456087E+02
  3.460000E-01  4.170006E+01  3.478585E+02
  3.480000E-01  4.235353E+01  3.501121E+02
  3.500000E-01  4.301347E+01  3.523694E+02
  3.520000E-01  4.367994E+01  3.546305E+02
  3.540000E-01  4.435296E+01  3.568954E+02
  3.560000E-01  4.503257E+01  3.591641E+02
  3.580000E-01  4.571880E+01  3.614367E+02
  3.600000E-01  4.641170E+01  3.637131E+02
  3.620000E-01  4.711130E+01  3.659934E+02
  3.640000E-01  4.781763E+01  3.682776E+02
  3.660000E-01  4.853073E+01  3.705656E+02
  3.680000E-01  4.925063E+01  3.728576E+02
  3.700000E-01  4.997738E+01  3.751535E+02
  3.720000E-01  5.071101E+01  3.774534E+02
  3.740000E-01  5.145155E+01  3.797572E+02
  3.760000E-01  5.219904E+01  3.820650E+02
  3.780000E-01  5.295351E+01  3.843768E+02
  3.800000E-01  5.371500E+01  3.866926E+02
  3.820000E-01  5.448355E+01  3.890124E+02
  3.840000E-01  5.525919E+01  3.913363E+02
  3.860000E-01  5.604196E+01  3.936642E+02
  3.880000E-01  5.683188E+01  3.959962E+02
  3.900000E-01  5.762900E+01  3.983323E+02
  3.920000E-01  5.843335E+01  4.006725E+02
  3.940000E-01  5.924497E+01  4.030168E+02
  3.960000E-01  6.006388E+01  4.053652E+02
  3.980000E-01  6.089012E+01  4.077178E+02
  4.000000E-01  6.172373E+01  4.100746E+02
  4.020000E-01  6.256475E+01  4.124356E+02
  4.040000E-01  6.341319E+01  4.148007E+02
  4.060000E-01  6.426910E+01  4.171701E+02
  4.080000E-01  6.513251E+01  4.195437E+02
  4.100000E-01  6.600345E+01  4.219216E+02
  4.120000E-01  6.688196E+01  4.243037E+02
  4.140000E-01  6.776806E+01  4.266901E+02
  4.160000E-01  6.866179E+01  4.290808E+02
  4.180000E-01  6.956319E+01  4.314758E+02
  4.200000E-01  7.047227E+01  4.338752E+02
  4.220000E-01  7.138908E+01  4.362789E+02
  4.240000E-01  7.231365E+01  4.386870E+02
  4.260000E-01  7.283014E+01  4.410981E+02
  4.280000E-01  7.342152E+01  4.435123E+02
  4.300000E-01  7.399512E+01  4.459292E+02
  4.320000E-01  7.455803E+01  4.483487E+02
  4.340000E-01  7.511396E+01  4.507708E+02
  4.360000E-01  7.566516E+01  4.531955E+02
  4.380000E-01  7.621314E+01  4.556226E+02
  4.400000E-01  7.675898E+01  4.580523E+02
  4.420000E-01  7.730348E+01  4.604845E+02
  4.440000E-01  7.784724E+01  4.629191E+02
  4.460000E-01  7.839076E+01  4.653562E+02
  4.480000E-01  7.893444E+01  4.677957E+02
  4.500000E-01  7.947858E+01  4.702376E+02
  4.520000E-01  8.002347E+01  4.726820E+02
  4.540000E-01  8.056934E+01  4.751288E+02
  4.560000E-01  8.111638E+01  4.775779E+02
  4.580000E-01  8.166476E+01  4.800295E+02
  4.600000E-01  8.221463E+01  4.824835E+02
  4.620000E-01  8.276613E+01  4.849399E+02
  4.640000E-01  8.331938E+01  4.873987E+02
  4.660000E-01  8.387446E+01  4.898598E+02
  4.680000E-01  8.443149E+01  4.923234E+02
  4.700000E-01  8.499054E+01  4.947893E+02
  4.720000E-01  8.555170E+01  4.972576E+02
  4.740000E-01  8.611503E+01  4.997283E+02
  4.760000E-01  8.668060E+01  5.022014E+02
  4.780000E-01  8.724846E+01  5.046768E+02
  4.800000E-01  8.781868E+01  5.071546E+02
  4.820000E-01  8.839130E+01  5.096349E+02
  4.840000E-01  8.896637E+01  5.121175E+02
  4.860000E-01  8.954393E+01  5.146024E+02
  4.880000E-01  9.012403E+01  5.170898E+02
  4.900000E-01  9.070671E+01  5.195795E+02
  4.920000E-01  9.129200E+01  5.220717E+02
  4.940000E-01  9.187993E+01  5.245662E+02
  4.960000E-01  9.247054E+01  5.270631E+02
  4.980000E-01  9.306387E+01  5.295624E+02
  5.000000E-01  9.365993E+01  5.320640E+02
  5.020000E-01  9.425876E+01  5.345681E+02
  5.040000E-01  9.486038E+01  5.370746E+02
  5.060000E-01  9.546483E+01  5.395834E+02
  5.080000E-01  9.607211E+01  5.420946E+02
  5.100000E-01  9.668227E+01  5.446083E+02
  5.120000E-01  9.729531E+01  5.471243E+02
  5.140000E-01  9.791127E+01  5.496427E+02
  5.160000E-01  9.853016E+01  5.521636E+02
  5.180000E-01  9.915200E+01  5.546868E+02
  5.200000E-01  9.977682E+01  5.572125E+02
  5.220000E-01  1.004046E+02  5.597405E+02
  5.240000E-01  1.010354E+02  5.622710E+02
  5.260000E-01  1.016693E+02  5.648039E+02
  5.280000E-01  1.023062E+02  5.673392E+02
  5.300000E-01  1.029461E+02  5.698769E+02
  5.320000E-01  1.035891E+02  5.724170E+02
  5.340000E-01  1.042353E+02  5.749596E+02
  5.360000E-01  1.048845E+02  5.775046E+02
  5.380000E-01  1.055368E+02  5.800520E+02
  5.400000E-01  1.061923E+02  5.826018E+02
  5.420000E-01  1.068510E+02  5.851541E+02
  5.440000E-01  1.075128E+02  5.877088E+02
  5.460000E-01  1.081778E+02  5.902660E+02
  5.480000E-01  1.088460E+02  5.928256E+02
  5.500000E-01  1.095174E+02  5.953876E+02
  5.520000E-01  1.101920E+02  5.979521E+02
  5.540000E-01  1.108699E+02  6.005190E+02
  5.560000E-01  1.115510E+02  6.030884E+02
  5.580000E-01  1.122353E+02  6.056603E+02
  5.600000E-01  1.129230E+02  6.082346E+02
  5.620000E-01  1.136139E+02  6.108113E+02
  5.640000E-01  1.143081E+02  6.133906E+02
  5.660000E-01  1.150056E+02  6.159723E+02
  5.680000E-01  1.157065E+02  6.185564E+02
  5.700000E-01  1.164107E+02  6.211431E+02
  5.720000E-01  1.171182E+02  6.237322E+02
  5.740000E-01  1.178291E+02  6.263238E+02
  5.760000E-01  1.185433E+02  6.289179E+02
  5.780000E-01  1.192609E+02  6.315144E+02
  5.800000E-01  1.199819E+02  6.341135E+02
  5.820000E-01  1.207063E+02  6.367150E+02
  5.840000E-01  1.214342E+02  6.393191E+02
  5.860000E-01  1.221654E+02  6.419256E+02
  5.880000E-01  1.229001E+02  6.445346E+02
  5.900000E-01  1.236382E+02  6.471462E+02
  5.920000E-01  1.243798E+02  6.497602E+02
  5.940000E-01  1.251248E+02  6.523768E+02
  5.960000E-01  1.258733E+02  6.549959E+02
  5.980000E-01  1.266253E+02  6.576175E+02
  6.000000E-01  1.273808E+02  6.602416E+02
  6.020000E-01  1.281397E+02  6.628682E+02
  6.040000E-01  1.289022E+02  6.654974E+02
  6.060000E-01  1.296683E+02  6.681291E+02
  6.080000E-01  1.304378E+02  6.707633E+02
  6.100000E-01  1.312109E+02  6.734001E+02
  6.120000E-01  1.319876E+02  6.760394E+02
  6.140000E-01  1.327678E+02  6.786813E+02
  6.160000E-01  1.335516E+02  6.813257E+02
  6.180000E-01  1.343390E+02  6.839726E+02
  6.200000E-01  1.351299E+02  6.866221E+02
  6.220000E-01  1.359245E+02  6.892742E+02
  6.240000E-01  1.367227E+02  6.919288E+02
  6.260000E-01  1.375245E+02  6.945860E+02
  6.280000E-01  1.383300E+02  6.972457E+02
  6.300000E-01  1.391390E+02  6.999081E+02
  6.320000E-01  1.399518E+02  7.025730E+02
  6.340000E-01  1.407682E+02  7.052404E+02
  6.360000E-01  1.415883E+02  7.079105E+02
  6.380000E-01  1.424120E+02  7.105831E+02
  6.400000E-01  1.432395E+02  7.132584E+02
  6.420000E-01  1.440706E+02  7.159362E+02
  6.440000E-01  1.449054E+02  7.186166E+02
  6.460000E-01  1.457440E+02  7.212996E+02
  6.480000E-01  1.465863E+02  7.239852E+02
  6.500000E-01  1.474324E+02  7.266734E+02
  6.520000E-01  1.482821E+02  7.293643E+02
  6.540000E-01  1.491357E+02  7.320577E+02
  6.560000E-01  1.499930E+02  7.347538E+02
  6.580000E-01  1.508541E+02  7.374524E+02
  6.600000E-01  1.517190E+02  7.401537E+02
  6.620000E-01  1.525876E+02  7.428577E+02
  6.640000E-01  1.534601E+02  7.455642E+02
  6.660000E-01  1.543364E+02  7.482734E+02
  6.680000E-01  1.552165E+02  7.509852E+02
  6.700000E-01  1.561004E+02  7.536997E+02
  6.720000E-01  1.569882E+02  7.564168E+02
  6.740000E-01  1.578798E+02  7.591366E+02
  6.760000E-01  1.587753E+02  7.618590E+02
  6.780000E-01  1.596747E+02  7.645841E+02
  6.800000E-01  1.605779E+02  7.673118E+02
  6.820000E-01  1.614851E+02  7.700422E+02
  6.840000E-01  1.623961E+02  7.727752E+02
  6.860000E-01  1.633111E+02  7.755109E+02
  6.880000E-01  1.642299E+02  7.782493E+02
  6.900000E-01  1.651527E+02  7.809904E+02
  6.920000E-01  1.660794E+02  7.837342E+02
  6.940000E-01  1.670101E+02  7.864806E+02
  6.960000E-01  1.679447E+02  7.892297E+02
  6.980000E-01  1.688833E+02  7.919815E+02
  7.000000E-01  1.698259E+02  7.947360E+02
  7.020000E-01  1.707725E+02  7.974933E+02
  7.040000E-01  1.717230E+02  8.002532E+02
  7.060000E-01  1.726776E+02  8.030158E+02
  7.080000E-01  1.736361E+02  8.057811E+02
  7.100000E-01  1.745987E+02  8.085491E+02
  7.120000E-01  1.755653E+02  8.113199E+02
  7.140000E-01  1.765360E+02  8.140934E+02
  7.160000E-01  1.775107E+02  8.168696E+02
  7.180000E-01  1.784895E+02  8.196485E+02
  7.200000E-01  1.794723E+02  8.224302E+02
  7.220000E-01  1.804593E+02  8.252146E+02
  7.240000E-01  1.814503E+02  8.280017E+02
  7.260000E-01  1.824454E+02  8.307916E+02
  7.280000E-01  1.834446E+02  8.335842E+02
  7.300000E-01  1.844479E+02  8.363796E+02
  7.320000E-01  1.854554E+02  8.391777E+02
  7.340000E-01  1.864670E+02  8.419786E+02
  7.360000E-01  1.874828E+02  8.447823E+02
  7.380000E-01  1.885027E+02  8.475887E+02
  7.400000E-01  1.895267E+02  8.503979E+02
  7.420000E-01  1.905550E+02  8.532098E+02
  7.440000E-01  1.915874E+02  8.560246E+02
  7.460000E-01  1.926241E+02  8.588421E+02
  7.480000E-01  1.936649E+02  8.616624E+02
  7.500000E-01  1.947099E+02  8.644855E+02
  7.520000E-01  1.957592E+02  8.673114E+02
  7.540000E-01  1.968127E+02  8.701401E+02
  7.560000E-01  1.978705E+02  8.729715E+02
  7.580000E-01  1.989325E+02  8.758058E+02
  7.600000E-01  1.999987E+02  8.786429E+02
  7.620000E-01  2.010693E+02  8.814828E+02
  7.640000E-01  2.021441E+02  8.843255E+02
  7.660000E-01  2.032232E+02  8.871711E+02
  7.680000E-01  2.043066E+02  8.900194E+02
  7.700000E-01  2.053944E+02  8.928706E+02
  7.720000E-01  2.064864E+02  8.957246E+02
  7.740000E-01  2.075828E+02  8.985815E+02
  7.760000E-01  2.086835E+02  9.014412E+02
  7.780000E-01  2.097886E+02  9.043037E+02
  7.800000E-01  2.108980E+02  9.071691E+02
  7.820000E-01  2.120118E+02  9.100373E+02
  7.840000E-01  2.131300E+02  9.129084E+02
  7.860000E-01  2.142526E+02  9.157824E+02
  7.880000E-01  2.153796E+02  9.186592E+02
  7.900000E-01  2.165109E+02  9.215388E+02
  7.920000E-01  2.176467E+02  9.244214E+02
  7.940000E-01  2.187870E+02  9.273068E+02
  7.960000E-01  2.199316E+02  9.301951E+02
  7.980000E-01  2.210807E+02  9.330863E+02
  8.000000E-01  2.222343E+02  9.359803E+02
  8.020000E-01  2.233924E+02  9.388773E+02
  8.040000E-01  2.245549E+02  9.417771E+02
  8.060000E-01  2.257219E+02  9.446799E+02
  8.080000E-01  2.268934E+02  9.475855E+02
  8.100000E-01  2.280694E+02  9.504940E+02
  8.120000E-01  2.292500E+02  9.534055E+02
  8.140000E-01  2.304350E+02  9.563199E+02
  8.160000E-01  2.316246E+02  9.592372E+02
  8.180000E-01  2.328188E+02  9.621574E+02
  8.200000E-01  2.340175E+02  9.650805E+02
  8.220000E-01  2.352208E+02  9.680066E+02
  8.240000E-01  2.364286E+02  9.709356E+02
  8.260000E-01  2.376411E+02  9.738675E+02
  8.280000E-01  2.388581E+02  9.768024E+02
  8.300000E-01  2.400798E+02  9.797402E+02
  8.320000E-01  2.413060E+02  9.826809E+02
  8.340000E-01  2.425369E+02  9.856247E+02
  8.360000E-01  2.437725E+02  9.885713E+02
  8.380000E-01  2.450127E+02  9.915210E+02
  8.400000E-01  2.462575E+02  9.944736E+02
  8.420000E-01  2.475070E+02  9.974292E+02
  8.440000E-01  2.487612E+02  1.000388E+03
  8.460000E-01  2.500201E+02  1.003349E+03
  8.480000E-01  2.512837E+02  1.006314E+03
  8.500000E-01  2.525521E+02  1.009281E+03
  8.520000E-01  2.538251E+02  1.012252E+03
  8.540000E-01  2.551029E+02  1.015225E+03
  8.560000E-01  2.563854E+02  1.018202E+03
  8.580000E-01  2.576727E+02  1.021181E+03
  8.600000E-01  2.589647E+02  1.024164E+03
  8.620000E-01  2.602616E+02  1.027149E+03
  8.640000E-01  2.615632E+02  1.030138E+03
  8.660000E-01  2.628696E+02  1.033129E+03
  8.680000E-01  2.641809E+02  1.036124E+03
  8.700000E-01  2.654969E+02  1.039121E+03
  8.720000E-01  2.668179E+02  1.042122E+03
  8.740000E-01  2.681436E+02  1.045126E+03
  8.760000E-01  2.694743E+02  1.048132E+03
  8.780000E-01  2.708098E+02  1.051142E+03
  8.800000E-01  2.721502E+02  1.054155E+03
  8.820000E-01  2.734955E+02  1.057171E+03
  8.840000E-01  2.748458E+02  1.060189E+03
  8.860000E-01  2.762010E+02  1.063211E+03
  8.880000E-01  2.775612E+02  1.066236E+03
  8.900000E-01  2.784007E+02  1.069263E+03
  8.920000E-01  2.794695E+02  1.072293E+03
  8.940000E-01  2.805098E+02  1.075325E+03
  8.960000E-01  2.815273E+02  1.078359E+03
  8.980000E-01  2.825260E+02  1.081396E+03
  9.000000E-01  2.835088E+02  1.084434E+03
  9.020000E-01  2.844778E+02  1.087475E+03
  9.040000E-01  2.854349E+02  1.090519E+03
  9.060000E-01  2.863816E+02  1.093564E+03
  9.080000E-01  2.873191E+02  1.096611E+03
  9.100000E-01  2.882483E+02  1.099660E+03
  9.120000E-01  2.891702E+02  1.102712E+03
  9.140000E-01  2.900855E+02  1.105765E+03
  9.160000E-01  2.909950E+02  1.108820E+03
  9.180000E-01  2.918991E+02  1.111878E+03
  9.200000E-01  2.927986E+02  1.114937E+03
  9.220000E-01  2.936937E+02  1.117998E+03
  9.240000E-01  2.945850E+02  1.121061E+03
  9.260000E-01  2.954730E+02  1.124127E+03
  9.280000E-01  2.963579E+02  1.127194E+03
  9.300000E-01  2.972403E+02  1.130263E+03
  9.320000E-01  2.981206E+02  1.133333E+03
  9.340000E-01  2.990001E+02  1.136406E+03
  9.360000E-01  2.998774E+02  1.139481E+03
  9.380000E-01  3.007522E+02  1.142557E+03
  9.400000E-01  3.016248E+02  1.145636E+03
  9.420000E-01  3.024952E+02  1.148716E+03
  9.440000E-01  3.033637E+02  1.151798E+03
  9.460000E-01  3.042303E+02  1.154882E+03
  9.480000E-01  3.050953E+02  1.157967E+03
  9.500000E-01  3.059588E+02  1.161055E+03
  9.520000E-01  3.068210E+02  1.164144E+03
  9.540000E-01  3.076818E+02  1.167235E+03
  9.560000E-01  3.085415E+02  1.170328E+03
  9.580000E-01  3.094001E+02  1.173423E+03
  9.600000E-01  3.102577E+02  1.176520E+03
  9.620000E-01  3.111145E+02  1.179618E+03
  9.640000E-01  3.119704E+02  1.182718E+03
  9.660000E-01  3.128257E+02  1.185820E+03
  9.680000E-01  3.136803E+02  1.188924E+03
  9.700000E-01  3.145344E+02  1.192029E+03
  9.720000E-01  3.153880E+02  1.195136E+03
  9.740000E-01  3.162411E+02  1.198245E+03
  9.760000E-01  3.170938E+02  1.201356E+03
  9.780000E-01  3.179463E+02  1.204469E+03
  9.800000E-01  3.187985E+02  1.207583E+03
  9.820000E-01  3.196504E+02  1.210699E+03
  9.840000E-01  3.205022E+02  1.213816E+03
  9.860000E-01  3.213539E+02  1.216936E+03
  9.880000E-01  3.222055E+02  1.220057E+03
  9.900000E-01  3.230571E+02  1.223180E+03
  9.920000E-01  3.239087E+02  1.226304E+03
  9.940000E-01  3.247604E+02  1.229431E+03
  9.960000E-01  3.256122E+02  1.232559E+03
  9.980000E-01  3.264640E+02  1.235688E+03
  1.000000E+00  3.273160E+02  1.238820E+03
  1.002000E+00  3.281683E+02  1.241953E+03
  1.004000E+00  3.290207E+02  1.245088E+03
  1.006000E+00  3.298734E+02  1.248224E+03
  1.008000E+00  3.307263E+02  1.251362E+03
  1.010000E+00  3.315796E+02  1.254502E+03
  1.012000E+00  3.324332E+02  1.257644E+03
  1.014000E+00  3.332871E+02  1.260787E+03
  1.016000E+00  3.341414E+02  1.263932E+03
  1.018000E+00  3.349961E+02  1.267079E+03
  1.020000E+00  3.358513E+02  1.270227E+03
  1.022000E+00  3.367069E+02  1.273377E+03
  1.024000E+00  3.375629E+02  1.276529E+03
  1.026000E+00  3.384194E+02  1.279682E+03
  1.028000E+00  3.392765E+02  1.282837E+03
  1.030000E+00  3.401340E+02  1.285994E+03
  1.032000E+00  3.409921E+02  1.289152E+03
  1.034000E+00  3.418508E+02  1.292312E+03
  1.036000E+00  3.427100E+02  1.295474E+03
  1.038000E+00  3.435698E+02  1.298637E+03
  1.040000E+00  3.444302E+02  1.301802E+03
  1.042000E+00  3.452912E+02  1.304969E+03
  1.044000E+00  3.461528E+02  1.308137E+03
  1.046000E+00  3.470151E+02  1.311307E+03
  1.048000E+00  3.478781E+02  1.314479E+03
  1.050000E+00  3.487417E+02  1.317652E+03
  1.052000E+00  3.496059E+02  1.320827E+03
  1.054000E+00  3.504709E+02  1.324004E+03
  1.056000E+00  3.513366E+02  1.327182E+03
  1.058000E+00  3.522030E+02  1.330362E+03
  1.060000E+00  3.530701E+02  1.333543E+03
  1.062000E+00  3.539380E+02  1.336726E+03
  1.064000E+00  3.548066E+02  1.339911E+03
  1.066000E+00  3.556759E+02  1.343097E+03
  1.068000E+00  3.565460E+02  1.346285E+03
  1.070000E+00  3.574169E+02  1.349475E+03
  1.072000E+00  3.582886E+02  1.352666E+03
  1.074000E+00  3.591610E+02  1.355859E+03
  1.076000E+00  3.600343E+02  1.359054E+03
  1.078000E+00  3.609083E+02  1.362250E+03
  1.080000E+00  3.617832E+02  1.365448E+03
  1.082000E+00  3.626589E+02  1.368647E+03
  1.084000E+00  3.635354E+02  1.371848E+03
  1.086000E+00  3.644127E+02  1.375051E+03
  1.088000E+00  3.652909E+02  1.378255E+03
  1.090000E+00  3.661699E+02  1.381461E+03
  1.092000E+00  3.670498E+02  1.384668E+03
  1.094000E+00  3.679306E+02  1.387877E+03
  1.096000E+00  3.688122E+02  1.391088E+03
  1.098000E+00  3.696946E+02  1.394300E+03
  1.100000E+00  3.705780E+02  1.397514E+03
  1.102000E+00  3.714622E+02  1.400730E+03
  1.104000E+00  3.723473E+02  1.403947E+03
  1.106000E+00  3.732333E+02  1.407166E+03
  1.108000E+00  3.741202E+02  1.410386E+03
  1.110000E+00  3.750080E+02  1.413608E+03
  1.112000E+00  3.758967E+02  1.416832E+03
  1.114000E+00  3.767863E+02  1.420057E+03
  1.116000E+00  3.776768E+02  1.423283E+03
  1.118000E+00  3.785682E+02  1.426512E+03
  1.120000E+00  3.794605E+02  1.429742E+03
  1.122000E+00  3.803538E+02  1.432973E+03
  1.124000E+00  3.812480E+02  1.436206E+03
  1.126000E+00  3.821431E+02  1.439441E+03
  1.128000E+00  3.830392E+02  1.442677E+03
  1.130000E+00  3.839362E+02  1.445915E+03
  1.132000E+00  3.848341E+02  1.449155E+03
  1.134000E+00  3.857330E+02  1.452396E+03
  1.136000E+00  3.866329E+02  1.455638E+03
  1.138000E+00  3.875336E+02  1.458883E+03
  1.140000E+00  3.884354E+02  1.462128E+03
  1.142000E+00  3.893380E+02  1.465376E+03
  1.144000E+00  3.902417E+02  1.468625E+03
  1.146000E+00  3.911463E+02  1.471875E+03
  1.148000E+00  3.920518E+02  1.475128E+03
  1.150000E+00  3.929584E+02  1.478381E+03
  1.152000E+00  3.938659E+02  1.481637E+03
  1.154000E+00  3.947743E+02  1.484893E+03
  1.156000E+00  3.956837E+02  1.488152E+03
  1.158000E+00  3.965941E+02  1.491412E+03
  1.160000E+00  3.975055E+02  1.494673E+03
  1.162000E+00  3.984179E+02  1.497937E+03
  1.164000E+00  3.993312E+02  1.501201E+03
  1.166000E+00  4.002455E+02  1.504468E+03
  1.168000E+00  4.011608E+02  1.507736E+03
  1.170000E+00  4.020771E+02  1.511005E+03
  1.172000E+00  4.029943E+02  1.514276E+03
  1.174000E+00  4.039126E+02  1.517549E+03
  1.176000E+00  4.048318E+02  1.520823E+03
  1.178000E+00  4.057520E+02  1.524099E+03
  1.180000E+00  4.066732E+02  1.527376E+03
  1.182000E+00  4.075954E+02  1.530655E+03
  1.184000E+00  4.085186E+02  1.533935E+03
  1.186000E+00  4.094427E+02  1.537217E+03
  1.188000E+00  4.103679E+02  1.540501E+03
  1.190000E+00  4.112941E+02  1.543786E+03
  1.192000E+00  4.122212E+02  1.547072E+03
  1.194000E+00  4.131109E+02  1.550361E+03
  1.196000E+00  4.140422E+02  1.553651E+03
  1.198000E+00  4.149745E+02  1.556942E+03
  1.200000E+00  4.159077E+02  1.560235E+03
