  1.000000E-02  1.313733E+03
  1.200000E-02  1.312901E+03
  1.400000E-02  1.312077E+03
  1.600000E-02  1.311259E+03
  1.800000E-02  1.310448E+03
  2.000000E-02  1.309644E+03
  2.200000E-02  1.308846E+03
  2.400000E-02  1.308054E+03
  2.600000E-02  1.307269E+03
  2.800000E-02  1.306490E+03
  3.000000E-02  1.305718E+03
  3.200000E-02  1.304951E+03
  3.400000E-02  1.304191E+03
  3.600000E-02  1.303436E+03
  3.800000E-02  1.302687E+03
  4.000000E-02  1.301945E+03
  4.200000E-02  1.301207E+03
  4.400000E-02  1.300476E+03
  4.600000E-02  1.299750E+03
  4.800000E-02  1.299030E+03
  5.000000E-02  1.298315E+03
  5.200000E-02  1.297606E+03
  5.400000E-02  1.296902E+03
  5.600000E-02  1.296203E+03
  5.800000E-02  1.295510E+03
  6.000000E-02  1.294822E+03
  6.200000E-02  1.294139E+03
  6.400000E-02  1.293461E+03
  6.600000E-02  1.292788E+03
  6.800000E-02  1.292120E+03
  7.000000E-02  1.291457E+03
  7.200000E-02  1.290799E+03
  7.400000E-02  1.290146E+03
  7.600000E-02  1.289498E+03
  7.800000E-02  1.288854E+03
  8.000000E-02  1.288215E+03
  8.200000E-02  1.287581E+03
  8.400000E-02  1.286951E+03
  8.600000E-02  1.286326E+03
  8.800000E-02  1.285705E+03
  9.000000E-02  1.285089E+03
  9.200000E-02  1.284477E+03
  9.400000E-02  1.283870E+03
  9.600000E-02  1.283267E+03
  9.800000E-02  1.282668E+03
  1.000000E-01  1.282073E+03
  1.020000E-01  1.281483E+03
  1.040000E-01  1.280897E+03
  1.060000E-01  1.280315E+03
  1.080000E-01  1.279737E+03
  1.100000E-01  1.279163E+03
  1.120000E-01  1.278593E+03
  1.140000E-01  1.278027E+03
  1.160000E-01  1.277466E+03
  1.180000E-01  1.276907E+03
  1.200000E-01  1.276353E+03
  1.220000E-01  1.275803E+03
  1.240000E-01  1.275256E+03
  1.260000E-01  1.274713E+03
  1.280000E-01  1.274174E+03
  1.300000E-01  1.273639E+03
  1.320000E-01  1.273107E+03
  1.340000E-01  1.272579E+03
  1.360000E-01  1.272054E+03
  1.380000E-01  1.271533E+03
  1.400000E-01  1.271015E+03
  1.420000E-01  1.270500E+03
  1.440000E-01  1.269989E+03
  1.460000E-01  1.269481E+03
  1.480000E-01  1.268977E+03
  1.500000E-01  1.268475E+03
  1.520000E-01  1.267977E+03
  1.540000E-01  1.267483E+03
  1.560000E-01  1.266991E+03
  1.580000E-01  1.266503E+03
  1.600000E-01  1.266018E+03
  1.620000E-01  1.265536E+03
  1.640000E-01  1.265057E+03
  1.660000E-01  1.264582E+03
  1.680000E-01  1.264109E+03
  1.700000E-01  1.263639E+03
  1.720000E-01  1.263173E+03
  1.740000E-01  1.262709E+03
  1.760000E-01  1.262248E+03
  1.780000E-01  1.261791E+03
  1.800000E-01  1.261336E+03
  1.820000E-01  1.260884E+03
  1.840000E-01  1.260435E+03
  1.860000E-01  1.259989E+03
  1.880000E-01  1.259545E+03
  1.900000E-01  1.259105E+03
  1.920000E-01  1.258667E+03
  1.940000E-01  1.258232E+03
  1.960000E-01  1.257799E+03
  1.980000E-01  1.257370E+03
  2.000000E-01  1.256943E+03
  2.020000E-01  1.256518E+03
  2.040000E-01  1.256096E+03
  2.060000E-01  1.255677E+03
  2.080000E-01  1.255261E+03
  2.100000E-01  1.254847E+03
  2.120000E-01  1.254435E+03
  2.140000E-01  1.254026E+03
  2.160000E-01  1.253620E+03
  2.180000E-01  1.253216E+03
  2.200000E-01  1.252814E+03
  2.220000E-01  1.252415E+03
  2.240000E-01  1.252019E+03
  2.260000E-01  1.251625E+03
  2.280000E-01  1.251233E+03
  2.300000E-01  1.250843E+03
  2.320000E-01  1.250456E+03
  2.340000E-01  1.250071E+03
  2.360000E-01  1.249689E+03
  2.380000E-01  1.249308E+03
  2.400000E-01  1.248930E+03
  2.420000E-01  1.248555E+03
  2.440000E-01  1.248181E+03
  2.460000E-01  1.247810E+03
  2.480000E-01  1.247441E+03
  2.500000E-01  1.247074E+03
  2.520000E-01  1.246709E+03
  2.540000E-01  1.246346E+03
  2.560000E-01  1.245986E+03
  2.580000E-01  1.245628E+03
  2.600000E-01  1.245271E+03
  2.620000E-01  1.244917E+03
  2.640000E-01  1.244565E+03
  2.660000E-01  1.244215E+03
  2.680000E-01  1.243867E+03
  2.700000E-01  1.243520E+03
  2.720000E-01  1.243176E+03
  2.740000E-01  1.242834E+03
  2.760000E-01  1.242494E+03
  2.780000E-01  1.242156E+03
  2.800000E-01  1.241820E+03
  2.820000E-01  1.241485E+03
  2.840000E-01  1.241153E+03
  2.860000E-01  1.240822E+03
  2.880000E-01  1.240494E+03
  2.900000E-01  1.240167E+03
  2.920000E-01  1.239842E+03
  2.940000E-01  1.239519E+03
  2.960000E-01  1.239197E+03
  2.980000E-01  1.238878E+03
  3.000000E-01  1.238560E+03
  3.020000E-01  1.238244E+03
  3.040000E-01  1.237930E+03
  3.060000E-01  1.237617E+03
  3.080000E-01  1.237307E+03
  3.100000E-01  1.236998E+03
  3.120000E-01  1.236690E+03
  3.140000E-01  1.236385E+03
  3.160000E-01  1.236081E+03
  3.180000E-01  1.235779E+03
  3.200000E-01  1.235478E+03
  3.220000E-01  1.235179E+03
  3.240000E-01  1.234882E+03
  3.260000E-01  1.234586E+03
  3.280000E-01  1.234292E+03
  3.300000E-01  1.234000E+03
  3.320000E-01  1.233709E+03
  3.340000E-01  1.233419E+03
  3.360000E-01  1.233132E+03
  3.380000E-01  1.232845E+03
  3.400000E-01  1.232561E+03
  3.420000E-01  1.232278E+03
  3.440000E-01  1.231996E+03
  3.460000E-01  1.231716E+03
  3.480000E-01  1.231437E+03
  3.500000E-01  1.231160E+03
  3.520000E-01  1.230885E+03
  3.540000E-01  1.230611E+03
  3.560000E-01  1.230338E+03
  3.580000E-01  1.230067E+03
  3.600000E-01  1.229797E+03
  3.620000E-01  1.229528E+03
  3.640000E-01  1.229261E+03
  3.660000E-01  1.228996E+03
  3.680000E-01  1.228731E+03
  3.700000E-01  1.228469E+03
  3.720000E-01  1.228207E+03
  3.740000E-01  1.227947E+03
  3.760000E-01  1.227688E+03
  3.780000E-01  1.227431E+03
  3.800000E-01  1.227175E+03
  3.820000E-01  1.226920E+03
  3.840000E-01  1.226667E+03
  3.860000E-01  1.226415E+03
  3.880000E-01  1.226164E+03
  3.900000E-01  1.225914E+03
  3.920000E-01  1.225666E+03
  3.940000E-01  1.225419E+03
  3.960000E-01  1.225173E+03
  3.980000E-01  1.224929E+03
  4.000000E-01  1.224685E+03
  4.020000E-01  1.224443E+03
  4.040000E-01  1.224203E+03
  4.060000E-01  1.223963E+03
  4.080000E-01  1.223725E+03
  4.100000E-01  1.223487E+03
  4.120000E-01  1.223252E+03
  4.140000E-01  1.223017E+03
  4.160000E-01  1.222783E+03
  4.180000E-01  1.222551E+03
  4.200000E-01  1.222319E+03
  4.220000E-01  1.222089E+03
  4.240000E-01  1.221860E+03
  4.260000E-01  1.221632E+03
  4.280000E-01  1.221406E+03
  4.300000E-01  1.221180E+03
  4.320000E-01  1.220956E+03
  4.340000E-01  1.220732E+03
  4.360000E-01  1.220510E+03
  4.380000E-01  1.220289E+03
  4.400000E-01  1.220069E+03
  4.420000E-01  1.219850E+03
  4.440000E-01  1.219632E+03
  4.460000E-01  1.219415E+03
  4.480000E-01  1.219199E+03
  4.500000E-01  1.218984E+03
  4.520000E-01  1.218770E+03
  4.540000E-01  1.218558E+03
  4.560000E-01  1.218397E+03
  4.580000E-01  1.218212E+03
  4.600000E-01  1.218030E+03
  4.620000E-01  1.217849E+03
  4.640000E-01  1.217670E+03
  4.660000E-01  1.217493E+03
  4.680000E-01  1.217317E+03
  4.700000E-01  1.217142E+03
  4.720000E-01  1.216968E+03
  4.740000E-01  1.216795E+03
  4.760000E-01  1.216623E+03
  4.780000E-01  1.216472E+03
  4.800000E-01  1.216313E+03
  4.820000E-01  1.216156E+03
  4.840000E-01  1.216001E+03
  4.860000E-01  1.215847E+03
  4.880000E-01  1.215695E+03
  4.900000E-01  1.215544E+03
  4.920000E-01  1.215395E+03
  4.940000E-01  1.215247E+03
  4.960000E-01  1.215100E+03
  4.980000E-01  1.214954E+03
  5.000000E-01  1.214810E+03
  5.020000E-01  1.214666E+03
  5.040000E-01  1.214524E+03
  5.060000E-01  1.214382E+03
  5.080000E-01  1.214242E+03
  5.100000E-01  1.214102E+03
  5.120000E-01  1.213964E+03
  5.140000E-01  1.213826E+03
  5.160000E-01  1.213689E+03
  5.180000E-01  1.213553E+03
  5.200000E-01  1.213418E+03
  5.220000E-01  1.213284E+03
  5.240000E-01  1.213150E+03
  5.260000E-01  1.213017E+03
  5.280000E-01  1.212885E+03
  5.300000E-01  1.212754E+03
  5.320000E-01  1.212623E+03
  5.340000E-01  1.212493E+03
  5.360000E-01  1.212364E+03
  5.380000E-01  1.212235E+03
  5.400000E-01  1.212107E+03
  5.420000E-01  1.211979E+03
  5.440000E-01  1.211852E+03
  5.460000E-01  1.211726E+03
  5.480000E-01  1.211600E+03
  5.500000E-01  1.211474E+03
  5.520000E-01  1.211349E+03
  5.540000E-01  1.211225E+03
  5.560000E-01  1.211100E+03
  5.580000E-01  1.210976E+03
  5.600000E-01  1.210853E+03
  5.620000E-01  1.210730E+03
  5.640000E-01  1.210607E+03
  5.660000E-01  1.210484E+03
  5.680000E-01  1.210362E+03
  5.700000E-01  1.210240E+03
  5.720000E-01  1.210118E+03
  5.740000E-01  1.209996E+03
  5.760000E-01  1.209875E+03
  5.780000E-01  1.209754E+03
  5.800000E-01  1.209633E+03
  5.820000E-01  1.209512E+03
  5.840000E-01  1.209392E+03
  5.860000E-01  1.209271E+03
  5.880000E-01  1.209151E+03
  5.900000E-01  1.209032E+03
  5.920000E-01  1.208913E+03
  5.940000E-01  1.208794E+03
  5.960000E-01  1.208675E+03
  5.980000E-01  1.208557E+03
  6.000000E-01  1.208440E+03
  6.020000E-01  1.208323E+03
  6.040000E-01  1.208206E+03
  6.060000E-01  1.208089E+03
  6.080000E-01  1.207973E+03
  6.100000E-01  1.207857E+03
  6.120000E-01  1.207742E+03
  6.140000E-01  1.207627E+03
  6.160000E-01  1.207512E+03
  6.180000E-01  1.207398E+03
  6.200000E-01  1.207284E+03
  6.220000E-01  1.207171E+03
  6.240000E-01  1.207058E+03
  6.260000E-01  1.206945E+03
  6.280000E-01  1.206832E+03
  6.300000E-01  1.206720E+03
  6.320000E-01  1.206608E+03
  6.340000E-01  1.206497E+03
  6.360000E-01  1.206386E+03
  6.380000E-01  1.206275E+03
  6.400000E-01  1.206165E+03
  6.420000E-01  1.206054E+03
  6.440000E-01  1.205945E+03
  6.460000E-01  1.205835E+03
  6.480000E-01  1.205726E+03
  6.500000E-01  1.205617E+03
  6.520000E-01  1.205509E+03
  6.540000E-01  1.205401E+03
  6.560000E-01  1.205293E+03
  6.580000E-01  1.205186E+03
  6.600000E-01  1.205078E+03
  6.620000E-01  1.204972E+03
  6.640000E-01  1.204865E+03
  6.660000E-01  1.204759E+03
  6.680000E-01  1.204653E+03
  6.700000E-01  1.204547E+03
  6.720000E-01  1.204442E+03
  6.740000E-01  1.204337E+03
  6.760000E-01  1.204232E+03
  6.780000E-01  1.204128E+03
  6.800000E-01  1.204024E+03
  6.820000E-01  1.203920E+03
  6.840000E-01  1.203817E+03
  6.860000E-01  1.203714E+03
  6.880000E-01  1.203611E+03
  6.900000E-01  1.203508E+03
  6.920000E-01  1.203406E+03
  6.940000E-01  1.203304E+03
  6.960000E-01  1.203202E+03
  6.980000E-01  1.203101E+03
  7.000000E-01  1.203000E+03
  7.020000E-01  1.202899E+03
  7.040000E-01  1.202798E+03
  7.060000E-01  1.202698E+03
  7.080000E-01  1.202598E+03
  7.100000E-01  1.202498E+03
  7.120000E-01  1.202399E+03
  7.140000E-01  1.202300E+03
  7.160000E-01  1.202201E+03
  7.180000E-01  1.202102E+03
  7.200000E-01  1.202004E+03
  7.220000E-01  1.201903E+03
  7.240000E-01  1.201804E+03
  7.260000E-01  1.201706E+03
  7.280000E-01  1.201607E+03
  7.300000E-01  1.201509E+03
  7.320000E-01  1.201411E+03
  7.340000E-01  1.201313E+03
  7.360000E-01  1.201216E+03
  7.380000E-01  1.201118E+03
  7.400000E-01  1.201021E+03
  7.420000E-01  1.200924E+03
  7.440000E-01  1.200827E+03
  7.460000E-01  1.200730E+03
  7.480000E-01  1.200634E+03
  7.500000E-01  1.200538E+03
  7.520000E-01  1.200442E+03
  7.540000E-01  1.200346E+03
  7.560000E-01  1.200250E+03
  7.580000E-01  1.200155E+03
  7.600000E-01  1.200060E+03
  7.620000E-01  1.199965E+03
  7.640000E-01  1.199870E+03
  7.660000E-01  1.199776E+03
  7.680000E-01  1.199681E+03
  7.700000E-01  1.199587E+03
  7.720000E-01  1.199493E+03
  7.740000E-01  1.199399E+03
  7.760000E-01  1.199306E+03
  7.780000E-01  1.199213E+03
  7.800000E-01  1.199120E+03
  7.820000E-01  1.199027E+03
  7.840000E-01  1.198934E+03
  7.860000E-01  1.198841E+03
  7.880000E-01  1.198749E+03
  7.900000E-01  1.198657E+03
  7.920000E-01  1.198565E+03
  7.940000E-01  1.198474E+03
  7.960000E-01  1.198382E+03
  7.980000E-01  1.198291E+03
  8.000000E-01  1.198200E+03
  8.020000E-01  1.198109E+03
  8.040000E-01  1.198018E+03
  8.060000E-01  1.197928E+03
  8.080000E-01  1.197837E+03
  8.100000E-01  1.197747E+03
  8.120000E-01  1.197658E+03
  8.140000E-01  1.197568E+03
  8.160000E-01  1.197478E+03
  8.180000E-01  1.197389E+03
  8.200000E-01  1.197300E+03
  8.220000E-01  1.197211E+03
  8.240000E-01  1.197123E+03
  8.260000E-01  1.197034E+03
  8.280000E-01  1.196946E+03
  8.300000E-01  1.196858E+03
  8.320000E-01  1.196770E+03
  8.340000E-01  1.196682E+03
  8.360000E-01  1.196595E+03
  8.380000E-01  1.196507E+03
  8.400000E-01  1.196420E+03
  8.420000E-01  1.196333E+03
  8.440000E-01  1.196247E+03
  8.460000E-01  1.196160E+03
  8.480000E-01  1.196074E+03
  8.500000E-01  1.195988E+03
  8.520000E-01  1.195902E+03
  8.540000E-01  1.195816E+03
  8.560000E-01  1.195730E+03
  8.580000E-01  1.195645E+03
  8.600000E-01  1.195560E+03
  8.620000E-01  1.195475E+03
  8.640000E-01  1.195390E+03
  8.660000E-01  1.195305E+03
  8.680000E-01  1.195221E+03
  8.700000E-01  1.195137E+03
  8.720000E-01  1.195053E+03
  8.740000E-01  1.194969E+03
  8.760000E-01  1.194885E+03
  8.780000E-01  1.194802E+03
  8.800000E-01  1.194718E+03
  8.820000E-01  1.194635E+03
  8.840000E-01  1.194552E+03
  8.860000E-01  1.194470E+03
  8.880000E-01  1.194387E+03
  8.900000E-01  1.194305E+03
  8.920000E-01  1.194222E+03
  8.940000E-01  1.194140E+03
  8.960000E-01  1.194058E+03
  8.980000E-01  1.193977E+03
  9.000000E-01  1.193895E+03
  9.020000E-01  1.193814E+03
  9.040000E-01  1.193733E+03
  9.060000E-01  1.193652E+03
  9.080000E-01  1.193571E+03
  9.100000E-01  1.193490E+03
  9.120000E-01  1.193410E+03
  9.140000E-01  1.193330E+03
  9.160000E-01  1.193250E+03
  9.180000E-01  1.193170E+03
  9.200000E-01  1.193090E+03
  9.220000E-01  1.193011E+03
  9.240000E-01  1.192931E+03
  9.260000E-01  1.192852E+03
  9.280000E-01  1.192773E+03
  9.300000E-01  1.192694E+03
  9.320000E-01  1.192615E+03
  9.340000E-01  1.192537E+03
  9.360000E-01  1.192459E+03
  9.380000E-01  1.192380E+03
  9.400000E-01  1.192302E+03
  9.420000E-01  1.192225E+03
  9.440000E-01  1.192147E+03
  9.460000E-01  1.192070E+03
  9.480000E-01  1.191992E+03
  9.500000E-01  1.191915E+03
  9.520000E-01  1.191838E+03
  9.540000E-01  1.191761E+03
  9.560000E-01  1.191685E+03
  9.580000E-01  1.191608E+03
  9.600000E-01  1.191532E+03
  9.620000E-01  1.191456E+03
  9.640000E-01  1.191380E+03
  9.660000E-01  1.191304E+03
  9.680000E-01  1.191228E+03
  9.700000E-01  1.191153E+03
  9.720000E-01  1.191077E+03
  9.740000E-01  1.191015E+03
  9.760000E-01  1.190947E+03
  9.780000E-01  1.190880E+03
  9.800000E-01  1.190814E+03
  9.820000E-01  1.190749E+03
  9.840000E-01  1.190684E+03
  9.860000E-01  1.190620E+03
  9.880000E-01  1.190556E+03
  9.900000E-01  1.190493E+03
  9.920000E-01  1.190430E+03
  9.940000E-01  1.190368E+03
  9.960000E-01  1.190306E+03
  9.980000E-01  1.190245E+03
  1.000000E+00  1.190184E+03
  1.002000E+00  1.190123E+03
  1.004000E+00  1.190063E+03
  1.006000E+00  1.190003E+03
  1.008000E+00  1.189943E+03
  1.010000E+00  1.189884E+03
  1.012000E+00  1.189825E+03
  1.014000E+00  1.189766E+03
  1.016000E+00  1.189707E+03
  1.018000E+00  1.189649E+03
  1.020000E+00  1.189591E+03
  1.022000E+00  1.189533E+03
  1.024000E+00  1.189475E+03
  1.026000E+00  1.189418E+03
  1.028000E+00  1.189361E+03
  1.030000E+00  1.189304E+03
  1.032000E+00  1.189247E+03
  1.034000E+00  1.189191E+03
  1.036000E+00  1.189134E+03
  1.038000E+00  1.189078E+03
  1.040000E+00  1.189022E+03
  1.042000E+00  1.188966E+03
  1.044000E+00  1.188911E+03
  1.046000E+00  1.188855E+03
  1.048000E+00  1.188800E+03
  1.050000E+00  1.188745E+03
  1.052000E+00  1.188690E+03
  1.054000E+00  1.188635E+03
  1.056000E+00  1.188581E+03
  1.058000E+00  1.188526E+03
  1.060000E+00  1.188472E+03
  1.062000E+00  1.188418E+03
  1.064000E+00  1.188364E+03
  1.066000E+00  1.188310E+03
  1.068000E+00  1.188257E+03
  1.070000E+00  1.188203E+03
  1.072000E+00  1.188150E+03
  1.074000E+00  1.188097E+03
  1.076000E+00  1.188044E+03
  1.078000E+00  1.187991E+03
  1.080000E+00  1.187939E+03
  1.082000E+00  1.187886E+03
  1.084000E+00  1.187834E+03
  1.086000E+00  1.187782E+03
  1.088000E+00  1.187730E+03
  1.090000E+00  1.187678E+03
  1.092000E+00  1.187626E+03
  1.094000E+00  1.187575E+03
  1.096000E+00  1.187523E+03
  1.098000E+00  1.187472E+03
  1.100000E+00  1.187421E+03
  1.102000E+00  1.187370E+03
  1.104000E+00  1.187319E+03
  1.106000E+00  1.187268E+03
  1.108000E+00  1.187218E+03
  1.110000E+00  1.187167E+03
  1.112000E+00  1.187117E+03
  1.114000E+00  1.187067E+03
  1.116000E+00  1.187017E+03
  1.118000E+00  1.186967E+03
  1.120000E+00  1.186917E+03
  1.122000E+00  1.186867E+03
  1.124000E+00  1.186818E+03
  1.126000E+00  1.186768E+03
  1.128000E+00  1.186719E+03
  1.130000E+00  1.186670E+03
  1.132000E+00  1.186621E+03
  1.134000E+00  1.186572E+03
  1.136000E+00  1.186523E+03
  1.138000E+00  1.186474E+03
  1.140000E+00  1.186426E+03
  1.142000E+00  1.186377E+03
  1.144000E+00  1.186329E+03
  1.146000E+00  1.186281E+03
  1.148000E+00  1.186233E+03
  1.150000E+00  1.186185E+03
  1.152000E+00  1.186137E+03
  1.154000E+00  1.186089E+03
  1.156000E+00  1.186041E+03
  1.158000E+00  1.185994E+03
  1.160000E+00  1.185946E+03
  1.162000E+00  1.185899E+03
  1.164000E+00  1.185852E+03
  1.166000E+00  1.185805E+03
  1.168000E+00  1.185758E+03
  1.170000E+00  1.185711E+03
  1.172000E+00  1.185664E+03
  1.174000E+00  1.185617E+03
  1.176000E+00  1.185571E+03
  1.178000E+00  1.185524E+03
  1.180000E+00  1.185478E+03
  1.182000E+00  1.185432E+03
  1.184000E+00  1.185386E+03
  1.186000E+00  1.185340E+03
  1.188000E+00  1.185294E+03
  1.190000E+00  1.185248E+03
  1.192000E+00  1.185202E+03
  1.194000E+00  1.185157E+03
  1.196000E+00  1.185111E+03
  1.198000E+00  1.185066E+03
  1.200000E+00  1.185020E+03
