  1.000000E-02  9.264458E+02
  1.200000E-02  9.239984E+02
  1.400000E-02  9.215709E+02
  1.600000E-02  9.191631E+02
  1.800000E-02  9.167746E+02
  2.000000E-02  9.144050E+02
  2.200000E-02  9.120542E+02
  2.400000E-02  9.097219E+02
  2.600000E-02  9.074079E+02
  2.800000E-02  9.051118E+02
  3.000000E-02  9.028335E+02
  3.200000E-02  9.005728E+02
  3.400000E-02  8.983294E+02
  3.600000E-02  8.961032E+02
  3.800000E-02  8.938939E+02
  4.000000E-02  8.917014E+02
  4.200000E-02  8.895254E+02
  4.400000E-02  8.873658E+02
  4.600000E-02  8.852224E+02
  4.800000E-02  8.830950E+02
  5.000000E-02  8.809834E+02
  5.200000E-02  8.788875E+02
  5.400000E-02  8.768071E+02
  5.600000E-02  8.747421E+02
  5.800000E-02  8.726922E+02
  6.000000E-02  8.706573E+02
  6.200000E-02  8.686373E+02
  6.400000E-02  8.666320E+02
  6.600000E-02  8.646413E+02
  6.800000E-02  8.626649E+02
  7.000000E-02  8.607028E+02
  7.200000E-02  8.587548E+02
  7.400000E-02  8.568208E+02
  7.600000E-02  8.549007E+02
  7.800000E-02  8.529942E+02
  8.000000E-02  8.511012E+02
  8.200000E-02  8.492217E+02
  8.400000E-02  8.473555E+02
  8.600000E-02  8.455024E+02
  8.800000E-02  8.436624E+02
  9.000000E-02  8.418352E+02
  9.200000E-02  8.400209E+02
  9.400000E-02  8.382191E+02
  9.600000E-02  8.364299E+02
  9.800000E-02  8.346531E+02
  1.000000E-01  8.328886E+02
  1.020000E-01  8.311363E+02
  1.040000E-01  8.293960E+02
  1.060000E-01  8.276677E+02
  1.080000E-01  8.259512E+02
  1.100000E-01  8.242463E+02
  1.120000E-01  8.225531E+02
  1.140000E-01  8.208714E+02
  1.160000E-01  8.192011E+02
  1.180000E-01  8.175420E+02
  1.200000E-01  8.158942E+02
  1.220000E-01  8.142573E+02
  1.240000E-01  8.126315E+02
  1.260000E-01  8.110165E+02
  1.280000E-01  8.094123E+02
  1.300000E-01  8.078187E+02
  1.320000E-01  8.062358E+02
  1.340000E-01  8.046632E+02
  1.360000E-01  8.031003E+02
  1.380000E-01  8.015474E+02
  1.400000E-01  8.000043E+02
  1.420000E-01  7.984712E+02
  1.440000E-01  7.969478E+02
  1.460000E-01  7.954342E+02
  1.480000E-01  7.939302E+02
  1.500000E-01  7.924359E+02
  1.520000E-01  7.909511E+02
  1.540000E-01  7.894756E+02
  1.560000E-01  7.880096E+02
  1.580000E-01  7.865528E+02
  1.600000E-01  7.851053E+02
  1.620000E-01  7.836668E+02
  1.640000E-01  7.822374E+02
  1.660000E-01  7.808170E+02
  1.680000E-01  7.794055E+02
  1.700000E-01  7.780028E+02
  1.720000E-01  7.766088E+02
  1.740000E-01  7.752235E+02
  1.760000E-01  7.738468E+02
  1.780000E-01  7.724787E+02
  1.800000E-01  7.711190E+02
  1.820000E-01  7.697677E+02
  1.840000E-01  7.684247E+02
  1.860000E-01  7.670899E+02
  1.880000E-01  7.657633E+02
  1.900000E-01  7.644448E+02
  1.920000E-01  7.631344E+02
  1.940000E-01  7.618319E+02
  1.960000E-01  7.605374E+02
  1.980000E-01  7.592506E+02
  2.000000E-01  7.579717E+02
  2.020000E-01  7.567005E+02
  2.040000E-01  7.554369E+02
  2.060000E-01  7.541809E+02
  2.080000E-01  7.529324E+02
  2.100000E-01  7.516914E+02
  2.120000E-01  7.504578E+02
  2.140000E-01  7.492315E+02
  2.160000E-01  7.480125E+02
  2.180000E-01  7.468008E+02
  2.200000E-01  7.455962E+02
  2.220000E-01  7.443987E+02
  2.240000E-01  7.432082E+02
  2.260000E-01  7.420247E+02
  2.280000E-01  7.408482E+02
  2.300000E-01  7.396786E+02
  2.320000E-01  7.385157E+02
  2.340000E-01  7.373597E+02
  2.360000E-01  7.362103E+02
  2.380000E-01  7.350677E+02
  2.400000E-01  7.339316E+02
  2.420000E-01  7.328021E+02
  2.440000E-01  7.316791E+02
  2.460000E-01  7.305625E+02
  2.480000E-01  7.294523E+02
  2.500000E-01  7.283485E+02
  2.520000E-01  7.272510E+02
  2.540000E-01  7.261598E+02
  2.560000E-01  7.250747E+02
  2.580000E-01  7.239959E+02
  2.600000E-01  7.229231E+02
  2.620000E-01  7.218564E+02
  2.640000E-01  7.207956E+02
  2.660000E-01  7.197409E+02
  2.680000E-01  7.186921E+02
  2.700000E-01  7.176491E+02
  2.720000E-01  7.166120E+02
  2.740000E-01  7.155807E+02
  2.760000E-01  7.145551E+02
  2.780000E-01  7.135352E+02
  2.800000E-01  7.125210E+02
  2.820000E-01  7.115124E+02
  2.840000E-01  7.105093E+02
  2.860000E-01  7.095118E+02
  2.880000E-01  7.085197E+02
  2.900000E-01  7.075331E+02
  2.920000E-01  7.065519E+02
  2.940000E-01  7.055760E+02
  2.960000E-01  7.046055E+02
  2.980000E-01  7.036403E+02
  3.000000E-01  7.026803E+02
  3.020000E-01  7.017255E+02
  3.040000E-01  7.007758E+02
  3.060000E-01  6.998313E+02
  3.080000E-01  6.988919E+02
  3.100000E-01  6.979575E+02
  3.120000E-01  6.970281E+02
  3.140000E-01  6.961037E+02
  3.160000E-01  6.951843E+02
  3.180000E-01  6.942697E+02
  3.200000E-01  6.933600E+02
  3.220000E-01  6.924552E+02
  3.240000E-01  6.915551E+02
  3.260000E-01  6.906598E+02
  3.280000E-01  6.897692E+02
  3.300000E-01  6.888833E+02
  3.320000E-01  6.880021E+02
  3.340000E-01  6.871255E+02
  3.360000E-01  6.862534E+02
  3.380000E-01  6.853860E+02
  3.400000E-01  6.845230E+02
  3.420000E-01  6.836646E+02
  3.440000E-01  6.828106E+02
  3.460000E-01  6.819610E+02
  3.480000E-01  6.811158E+02
  3.500000E-01  6.802750E+02
  3.520000E-01  6.794385E+02
  3.540000E-01  6.786063E+02
  3.560000E-01  6.777784E+02
  3.580000E-01  6.769548E+02
  3.600000E-01  6.761353E+02
  3.620000E-01  6.753200E+02
  3.640000E-01  6.745089E+02
  3.660000E-01  6.737019E+02
  3.680000E-01  6.728990E+02
  3.700000E-01  6.721001E+02
  3.720000E-01  6.713053E+02
  3.740000E-01  6.705145E+02
  3.760000E-01  6.697277E+02
  3.780000E-01  6.689448E+02
  3.800000E-01  6.681659E+02
  3.820000E-01  6.673908E+02
  3.840000E-01  6.666196E+02
  3.860000E-01  6.658523E+02
  3.880000E-01  6.650888E+02
  3.900000E-01  6.643290E+02
  3.920000E-01  6.635731E+02
  3.940000E-01  6.628208E+02
  3.960000E-01  6.620723E+02
  3.980000E-01  6.613275E+02
  4.000000E-01  6.605863E+02
  4.020000E-01  6.598488E+02
  4.040000E-01  6.591149E+02
  4.060000E-01  6.583845E+02
  4.080000E-01  6.576578E+02
  4.100000E-01  6.569346E+02
  4.120000E-01  6.562148E+02
  4.140000E-01  6.554986E+02
  4.160000E-01  6.547859E+02
  4.180000E-01  6.540765E+02
  4.200000E-01  6.533707E+02
  4.220000E-01  6.526682E+02
  4.240000E-01  6.519691E+02
  4.260000E-01  6.512733E+02
  4.280000E-01  6.505809E+02
  4.300000E-01  6.498917E+02
  4.320000E-01  6.492059E+02
  4.340000E-01  6.485233E+02
  4.360000E-01  6.478440E+02
  4.380000E-01  6.471679E+02
  4.400000E-01  6.464950E+02
  4.420000E-01  6.458252E+02
  4.440000E-01  6.451587E+02
  4.460000E-01  6.444952E+02
  4.480000E-01  6.438349E+02
  4.500000E-01  6.431777E+02
  4.520000E-01  6.425235E+02
  4.540000E-01  6.418725E+02
  4.560000E-01  6.413823E+02
  4.580000E-01  6.408153E+02
  4.600000E-01  6.402561E+02
  4.620000E-01  6.397031E+02
  4.640000E-01  6.391554E+02
  4.660000E-01  6.386120E+02
  4.680000E-01  6.380726E+02
  4.700000E-01  6.375367E+02
  4.720000E-01  6.370041E+02
  4.740000E-01  6.364745E+02
  4.760000E-01  6.359476E+02
  4.780000E-01  6.354847E+02
  4.800000E-01  6.349967E+02
  4.820000E-01  6.345148E+02
  4.840000E-01  6.340385E+02
  4.860000E-01  6.335671E+02
  4.880000E-01  6.331004E+02
  4.900000E-01  6.326381E+02
  4.920000E-01  6.321798E+02
  4.940000E-01  6.317254E+02
  4.960000E-01  6.312747E+02
  4.980000E-01  6.308275E+02
  5.000000E-01  6.303837E+02
  5.020000E-01  6.299432E+02
  5.040000E-01  6.295058E+02
  5.060000E-01  6.290715E+02
  5.080000E-01  6.286401E+02
  5.100000E-01  6.282116E+02
  5.120000E-01  6.277859E+02
  5.140000E-01  6.273629E+02
  5.160000E-01  6.269425E+02
  5.180000E-01  6.265246E+02
  5.200000E-01  6.261093E+02
  5.220000E-01  6.256963E+02
  5.240000E-01  6.252857E+02
  5.260000E-01  6.248773E+02
  5.280000E-01  6.244712E+02
  5.300000E-01  6.240672E+02
  5.320000E-01  6.236653E+02
  5.340000E-01  6.232654E+02
  5.360000E-01  6.228674E+02
  5.380000E-01  6.224713E+02
  5.400000E-01  6.220769E+02
  5.420000E-01  6.216843E+02
  5.440000E-01  6.212933E+02
  5.460000E-01  6.209039E+02
  5.480000E-01  6.205160E+02
  5.500000E-01  6.201295E+02
  5.520000E-01  6.197442E+02
  5.540000E-01  6.193603E+02
  5.560000E-01  6.189775E+02
  5.580000E-01  6.185958E+02
  5.600000E-01  6.182152E+02
  5.620000E-01  6.178355E+02
  5.640000E-01  6.174567E+02
  5.660000E-01  6.170789E+02
  5.680000E-01  6.167018E+02
  5.700000E-01  6.163256E+02
  5.720000E-01  6.159501E+02
  5.740000E-01  6.155754E+02
  5.760000E-01  6.152013E+02
  5.780000E-01  6.148280E+02
  5.800000E-01  6.144552E+02
  5.820000E-01  6.140831E+02
  5.840000E-01  6.137113E+02
  5.860000E-01  6.133400E+02
  5.880000E-01  6.129699E+02
  5.900000E-01  6.126009E+02
  5.920000E-01  6.122332E+02
  5.940000E-01  6.118666E+02
  5.960000E-01  6.115012E+02
  5.980000E-01  6.111369E+02
  6.000000E-01  6.107738E+02
  6.020000E-01  6.104118E+02
  6.040000E-01  6.100509E+02
  6.060000E-01  6.096912E+02
  6.080000E-01  6.093326E+02
  6.100000E-01  6.089751E+02
  6.120000E-01  6.086187E+02
  6.140000E-01  6.082634E+02
  6.160000E-01  6.079091E+02
  6.180000E-01  6.075560E+02
  6.200000E-01  6.072039E+02
  6.220000E-01  6.068529E+02
  6.240000E-01  6.065030E+02
  6.260000E-01  6.061541E+02
  6.280000E-01  6.058062E+02
  6.300000E-01  6.054594E+02
  6.320000E-01  6.051136E+02
  6.340000E-01  6.047689E+02
  6.360000E-01  6.044252E+02
  6.380000E-01  6.040824E+02
  6.400000E-01  6.037407E+02
  6.420000E-01  6.034000E+02
  6.440000E-01  6.030603E+02
  6.460000E-01  6.027216E+02
  6.480000E-01  6.023839E+02
  6.500000E-01  6.020471E+02
  6.520000E-01  6.017113E+02
  6.540000E-01  6.013765E+02
  6.560000E-01  6.010427E+02
  6.580000E-01  6.007098E+02
  6.600000E-01  6.003778E+02
  6.620000E-01  6.000468E+02
  6.640000E-01  5.997168E+02
  6.660000E-01  5.993877E+02
  6.680000E-01  5.990595E+02
  6.700000E-01  5.987322E+02
  6.720000E-01  5.984059E+02
  6.740000E-01  5.980805E+02
  6.760000E-01  5.977560E+02
  6.780000E-01  5.974324E+02
  6.800000E-01  5.971097E+02
  6.820000E-01  5.967878E+02
  6.840000E-01  5.964669E+02
  6.860000E-01  5.961469E+02
  6.880000E-01  5.958278E+02
  6.900000E-01  5.955095E+02
  6.920000E-01  5.951921E+02
  6.940000E-01  5.948756E+02
  6.960000E-01  5.945599E+02
  6.980000E-01  5.942451E+02
  7.000000E-01  5.939312E+02
  7.020000E-01  5.936181E+02
  7.040000E-01  5.933059E+02
  7.060000E-01  5.929945E+02
  7.080000E-01  5.926840E+02
  7.100000E-01  5.923742E+02
  7.120000E-01  5.920654E+02
  7.140000E-01  5.917573E+02
  7.160000E-01  5.914501E+02
  7.180000E-01  5.911437E+02
  7.200000E-01  5.908381E+02
  7.220000E-01  5.905244E+02
  7.240000E-01  5.902174E+02
  7.260000E-01  5.899109E+02
  7.280000E-01  5.896050E+02
  7.300000E-01  5.892996E+02
  7.320000E-01  5.889947E+02
  7.340000E-01  5.886905E+02
  7.360000E-01  5.883868E+02
  7.380000E-01  5.880837E+02
  7.400000E-01  5.877812E+02
  7.420000E-01  5.874793E+02
  7.440000E-01  5.871780E+02
  7.460000E-01  5.868773E+02
  7.480000E-01  5.865772E+02
  7.500000E-01  5.862777E+02
  7.520000E-01  5.859788E+02
  7.540000E-01  5.856805E+02
  7.560000E-01  5.853828E+02
  7.580000E-01  5.850857E+02
  7.600000E-01  5.847893E+02
  7.620000E-01  5.844934E+02
  7.640000E-01  5.841982E+02
  7.660000E-01  5.839036E+02
  7.680000E-01  5.836096E+02
  7.700000E-01  5.833162E+02
  7.720000E-01  5.830234E+02
  7.740000E-01  5.827312E+02
  7.760000E-01  5.824396E+02
  7.780000E-01  5.821486E+02
  7.800000E-01  5.818583E+02
  7.820000E-01  5.815686E+02
  7.840000E-01  5.812794E+02
  7.860000E-01  5.809909E+02
  7.880000E-01  5.807030E+02
  7.900000E-01  5.804157E+02
  7.920000E-01  5.801289E+02
  7.940000E-01  5.798428E+02
  7.960000E-01  5.795573E+02
  7.980000E-01  5.792724E+02
  8.000000E-01  5.789881E+02
  8.020000E-01  5.787044E+02
  8.040000E-01  5.784213E+02
  8.060000E-01  5.781388E+02
  8.080000E-01  5.778569E+02
  8.100000E-01  5.775756E+02
  8.120000E-01  5.772949E+02
  8.140000E-01  5.770148E+02
  8.160000E-01  5.767352E+02
  8.180000E-01  5.764563E+02
  8.200000E-01  5.761779E+02
  8.220000E-01  5.759002E+02
  8.240000E-01  5.756230E+02
  8.260000E-01  5.753464E+02
  8.280000E-01  5.750704E+02
  8.300000E-01  5.747950E+02
  8.320000E-01  5.745201E+02
  8.340000E-01  5.742459E+02
  8.360000E-01  5.739722E+02
  8.380000E-01  5.736991E+02
  8.400000E-01  5.734266E+02
  8.420000E-01  5.731546E+02
  8.440000E-01  5.728832E+02
  8.460000E-01  5.726124E+02
  8.480000E-01  5.723422E+02
  8.500000E-01  5.720725E+02
  8.520000E-01  5.718035E+02
  8.540000E-01  5.715349E+02
  8.560000E-01  5.712670E+02
  8.580000E-01  5.709996E+02
  8.600000E-01  5.707328E+02
  8.620000E-01  5.704665E+02
  8.640000E-01  5.702008E+02
  8.660000E-01  5.699356E+02
  8.680000E-01  5.696710E+02
  8.700000E-01  5.694070E+02
  8.720000E-01  5.691435E+02
  8.740000E-01  5.688806E+02
  8.760000E-01  5.686182E+02
  8.780000E-01  5.683564E+02
  8.800000E-01  5.680951E+02
  8.820000E-01  5.678344E+02
  8.840000E-01  5.675742E+02
  8.860000E-01  5.673146E+02
  8.880000E-01  5.670555E+02
  8.900000E-01  5.667970E+02
  8.920000E-01  5.665390E+02
  8.940000E-01  5.662815E+02
  8.960000E-01  5.660246E+02
  8.980000E-01  5.657682E+02
  9.000000E-01  5.655124E+02
  9.020000E-01  5.652571E+02
  9.040000E-01  5.650023E+02
  9.060000E-01  5.647480E+02
  9.080000E-01  5.644943E+02
  9.100000E-01  5.642411E+02
  9.120000E-01  5.639885E+02
  9.140000E-01  5.637363E+02
  9.160000E-01  5.634847E+02
  9.180000E-01  5.632336E+02
  9.200000E-01  5.629831E+02
  9.220000E-01  5.627330E+02
  9.240000E-01  5.624835E+02
  9.260000E-01  5.622345E+02
  9.280000E-01  5.619860E+02
  9.300000E-01  5.617380E+02
  9.320000E-01  5.614906E+02
  9.340000E-01  5.612436E+02
  9.360000E-01  5.609972E+02
  9.380000E-01  5.607513E+02
  9.400000E-01  5.605058E+02
  9.420000E-01  5.602609E+02
  9.440000E-01  5.600165E+02
  9.460000E-01  5.597726E+02
  9.480000E-01  5.595292E+02
  9.500000E-01  5.592863E+02
  9.520000E-01  5.590439E+02
  9.540000E-01  5.588021E+02
  9.560000E-01  5.585607E+02
  9.580000E-01  5.583198E+02
  9.600000E-01  5.580793E+02
  9.620000E-01  5.578394E+02
  9.640000E-01  5.576000E+02
  9.660000E-01  5.573611E+02
  9.680000E-01  5.571226E+02
  9.700000E-01  5.568847E+02
  9.720000E-01  5.566472E+02
  9.740000E-01  5.564490E+02
  9.760000E-01  5.562352E+02
  9.780000E-01  5.560244E+02
  9.800000E-01  5.558161E+02
  9.820000E-01  5.556101E+02
  9.840000E-01  5.554061E+02
  9.860000E-01  5.552039E+02
  9.880000E-01  5.550034E+02
  9.900000E-01  5.548043E+02
  9.920000E-01  5.546067E+02
  9.940000E-01  5.544105E+02
  9.960000E-01  5.542155E+02
  9.980000E-01  5.540217E+02
  1.000000E+00  5.538290E+02
  1.002000E+00  5.536374E+02
  1.004000E+00  5.534469E+02
  1.006000E+00  5.532573E+02
  1.008000E+00  5.530687E+02
  1.010000E+00  5.528810E+02
  1.012000E+00  5.526942E+02
  1.014000E+00  5.525082E+02
  1.016000E+00  5.523231E+02
  1.018000E+00  5.521387E+02
  1.020000E+00  5.519551E+02
  1.022000E+00  5.517723E+02
  1.024000E+00  5.515902E+02
  1.026000E+00  5.514088E+02
  1.028000E+00  5.512281E+02
  1.030000E+00  5.510481E+02
  1.032000E+00  5.508687E+02
  1.034000E+00  5.506899E+02
  1.036000E+00  5.505118E+02
  1.038000E+00  5.503343E+02
  1.040000E+00  5.501574E+02
  1.042000E+00  5.499810E+02
  1.044000E+00  5.498052E+02
  1.046000E+00  5.496299E+02
  1.048000E+00  5.494552E+02
  1.050000E+00  5.492809E+02
  1.052000E+00  5.491071E+02
  1.054000E+00  5.489337E+02
  1.056000E+00  5.487608E+02
  1.058000E+00  5.485885E+02
  1.060000E+00  5.484168E+02
  1.062000E+00  5.482456E+02
  1.064000E+00  5.480749E+02
  1.066000E+00  5.479047E+02
  1.068000E+00  5.477351E+02
  1.070000E+00  5.475660E+02
  1.072000E+00  5.473973E+02
  1.074000E+00  5.472292E+02
  1.076000E+00  5.470616E+02
  1.078000E+00  5.468944E+02
  1.080000E+00  5.467278E+02
  1.082000E+00  5.465616E+02
  1.084000E+00  5.463958E+02
  1.086000E+00  5.462306E+02
  1.088000E+00  5.460657E+02
  1.090000E+00  5.459014E+02
  1.092000E+00  5.457375E+02
  1.094000E+00  5.455740E+02
  1.096000E+00  5.454110E+02
  1.098000E+00  5.452484E+02
  1.100000E+00  5.450862E+02
  1.102000E+00  5.449245E+02
  1.104000E+00  5.447632E+02
  1.106000E+00  5.446023E+02
  1.108000E+00  5.444418E+02
  1.110000E+00  5.442817E+02
  1.112000E+00  5.441221E+02
  1.114000E+00  5.439628E+02
  1.116000E+00  5.438040E+02
  1.118000E+00  5.436455E+02
  1.120000E+00  5.434874E+02
  1.122000E+00  5.433298E+02
  1.124000E+00  5.431725E+02
  1.126000E+00  5.430156E+02
  1.128000E+00  5.428591E+02
  1.130000E+00  5.427029E+02
  1.132000E+00  5.425472E+02
  1.134000E+00  5.423918E+02
  1.136000E+00  5.422367E+02
  1.138000E+00  5.420821E+02
  1.140000E+00  5.419278E+02
  1.142000E+00  5.417739E+02
  1.144000E+00  5.416203E+02
  1.146000E+00  5.414671E+02
  1.148000E+00  5.413142E+02
  1.150000E+00  5.411617E+02
  1.152000E+00  5.410095E+02
  1.154000E+00  5.408577E+02
  1.156000E+00  5.407063E+02
  1.158000E+00  5.405552E+02
  1.160000E+00  5.404044E+02
  1.162000E+00  5.402539E+02
  1.164000E+00  5.401038E+02
  1.166000E+00  5.399541E+02
  1.168000E+00  5.398046E+02
  1.170000E+00  5.396555E+02
  1.172000E+00  5.395067E+02
  1.174000E+00  5.393583E+02
  1.176000E+00  5.392102E+02
  1.178000E+00  5.390624E+02
  1.180000E+00  5.389149E+02
  1.182000E+00  5.387677E+02
  1.184000E+00  5.386209E+02
  1.186000E+00  5.384744E+02
  1.188000E+00  5.383281E+02
  1.190000E+00  5.381822E+02
  1.192000E+00  5.380366E+02
  1.194000E+00  5.378914E+02
  1.196000E+00  5.377464E+02
  1.198000E+00  5.376017E+02
  1.200000E+00  5.374574E+02
