  1.000000E-02  1.185666E+03
  1.200000E-02  1.184237E+03
  1.400000E-02  1.182822E+03
  1.600000E-02  1.181418E+03
  1.800000E-02  1.180025E+03
  2.000000E-02  1.178645E+03
  2.200000E-02  1.177276E+03
  2.400000E-02  1.175918E+03
  2.600000E-02  1.174572E+03
  2.800000E-02  1.173236E+03
  3.000000E-02  1.171911E+03
  3.200000E-02  1.170597E+03
  3.400000E-02  1.169294E+03
  3.600000E-02  1.168001E+03
  3.800000E-02  1.166718E+03
  4.000000E-02  1.165446E+03
  4.200000E-02  1.164183E+03
  4.400000E-02  1.162931E+03
  4.600000E-02  1.161688E+03
  4.800000E-02  1.160456E+03
  5.000000E-02  1.159233E+03
  5.200000E-02  1.158019E+03
  5.400000E-02  1.156815E+03
  5.600000E-02  1.155620E+03
  5.800000E-02  1.154435E+03
  6.000000E-02  1.153258E+03
  6.200000E-02  1.152091E+03
  6.400000E-02  1.150933E+03
  6.600000E-02  1.149783E+03
  6.800000E-02  1.148642E+03
  7.000000E-02  1.147510E+03
  7.200000E-02  1.146387E+03
  7.400000E-02  1.145272E+03
  7.600000E-02  1.144165E+03
  7.800000E-02  1.143067E+03
  8.000000E-02  1.141977E+03
  8.200000E-02  1.140895E+03
  8.400000E-02  1.139821E+03
  8.600000E-02  1.138755E+03
  8.800000E-02  1.137697E+03
  9.000000E-02  1.136646E+03
  9.200000E-02  1.135604E+03
  9.400000E-02  1.134569E+03
  9.600000E-02  1.133542E+03
  9.800000E-02  1.132522E+03
  1.000000E-01  1.131510E+03
  1.020000E-01  1.130505E+03
  1.040000E-01  1.129507E+03
  1.060000E-01  1.128517E+03
  1.080000E-01  1.127534E+03
  1.100000E-01  1.126558E+03
  1.120000E-01  1.125588E+03
  1.140000E-01  1.124626E+03
  1.160000E-01  1.123671E+03
  1.180000E-01  1.122722E+03
  1.200000E-01  1.121781E+03
  1.220000E-01  1.120845E+03
  1.240000E-01  1.119917E+03
  1.260000E-01  1.118995E+03
  1.280000E-01  1.118080E+03
  1.300000E-01  1.117171E+03
  1.320000E-01  1.116268E+03
  1.340000E-01  1.115372E+03
  1.360000E-01  1.114481E+03
  1.380000E-01  1.113597E+03
  1.400000E-01  1.112718E+03
  1.420000E-01  1.111845E+03
  1.440000E-01  1.110979E+03
  1.460000E-01  1.110118E+03
  1.480000E-01  1.109263E+03
  1.500000E-01  1.108414E+03
  1.520000E-01  1.107570E+03
  1.540000E-01  1.106732E+03
  1.560000E-01  1.105900E+03
  1.580000E-01  1.105074E+03
  1.600000E-01  1.104252E+03
  1.620000E-01  1.103437E+03
  1.640000E-01  1.102627E+03
  1.660000E-01  1.101822E+03
  1.680000E-01  1.101022E+03
  1.700000E-01  1.100228E+03
  1.720000E-01  1.099439E+03
  1.740000E-01  1.098656E+03
  1.760000E-01  1.097877E+03
  1.780000E-01  1.097104E+03
  1.800000E-01  1.096335E+03
  1.820000E-01  1.095572E+03
  1.840000E-01  1.094814E+03
  1.860000E-01  1.094060E+03
  1.880000E-01  1.093312E+03
  1.900000E-01  1.092568E+03
  1.920000E-01  1.091829E+03
  1.940000E-01  1.091095E+03
  1.960000E-01  1.090366E+03
  1.980000E-01  1.089641E+03
  2.000000E-01  1.088921E+03
  2.020000E-01  1.088205E+03
  2.040000E-01  1.087495E+03
  2.060000E-01  1.086788E+03
  2.080000E-01  1.086086E+03
  2.100000E-01  1.085389E+03
  2.120000E-01  1.084696E+03
  2.140000E-01  1.084007E+03
  2.160000E-01  1.083323E+03
  2.180000E-01  1.082643E+03
  2.200000E-01  1.081968E+03
  2.220000E-01  1.081296E+03
  2.240000E-01  1.080629E+03
  2.260000E-01  1.079966E+03
  2.280000E-01  1.079307E+03
  2.300000E-01  1.078652E+03
  2.320000E-01  1.078001E+03
  2.340000E-01  1.077354E+03
  2.360000E-01  1.076712E+03
  2.380000E-01  1.076073E+03
  2.400000E-01  1.075438E+03
  2.420000E-01  1.074807E+03
  2.440000E-01  1.074180E+03
  2.460000E-01  1.073556E+03
  2.480000E-01  1.072937E+03
  2.500000E-01  1.072321E+03
  2.520000E-01  1.071709E+03
  2.540000E-01  1.071101E+03
  2.560000E-01  1.070496E+03
  2.580000E-01  1.069895E+03
  2.600000E-01  1.069298E+03
  2.620000E-01  1.068704E+03
  2.640000E-01  1.068114E+03
  2.660000E-01  1.067528E+03
  2.680000E-01  1.066944E+03
  2.700000E-01  1.066365E+03
  2.720000E-01  1.065789E+03
  2.740000E-01  1.065216E+03
  2.760000E-01  1.064646E+03
  2.780000E-01  1.064080E+03
  2.800000E-01  1.063518E+03
  2.820000E-01  1.062958E+03
  2.840000E-01  1.062402E+03
  2.860000E-01  1.061850E+03
  2.880000E-01  1.061300E+03
  2.900000E-01  1.060754E+03
  2.920000E-01  1.060211E+03
  2.940000E-01  1.059671E+03
  2.960000E-01  1.059134E+03
  2.980000E-01  1.058600E+03
  3.000000E-01  1.058069E+03
  3.020000E-01  1.057542E+03
  3.040000E-01  1.057017E+03
  3.060000E-01  1.056496E+03
  3.080000E-01  1.055977E+03
  3.100000E-01  1.055462E+03
  3.120000E-01  1.054949E+03
  3.140000E-01  1.054439E+03
  3.160000E-01  1.053933E+03
  3.180000E-01  1.053429E+03
  3.200000E-01  1.052928E+03
  3.220000E-01  1.052430E+03
  3.240000E-01  1.051934E+03
  3.260000E-01  1.051442E+03
  3.280000E-01  1.050952E+03
  3.300000E-01  1.050465E+03
  3.320000E-01  1.049981E+03
  3.340000E-01  1.049499E+03
  3.360000E-01  1.049020E+03
  3.380000E-01  1.048544E+03
  3.400000E-01  1.048070E+03
  3.420000E-01  1.047599E+03
  3.440000E-01  1.047131E+03
  3.460000E-01  1.046665E+03
  3.480000E-01  1.046202E+03
  3.500000E-01  1.045742E+03
  3.520000E-01  1.045284E+03
  3.540000E-01  1.044828E+03
  3.560000E-01  1.044375E+03
  3.580000E-01  1.043925E+03
  3.600000E-01  1.043476E+03
  3.620000E-01  1.043031E+03
  3.640000E-01  1.042588E+03
  3.660000E-01  1.042147E+03
  3.680000E-01  1.041708E+03
  3.700000E-01  1.041272E+03
  3.720000E-01  1.040839E+03
  3.740000E-01  1.040407E+03
  3.760000E-01  1.039978E+03
  3.780000E-01  1.039552E+03
  3.800000E-01  1.039127E+03
  3.820000E-01  1.038705E+03
  3.840000E-01  1.038285E+03
  3.860000E-01  1.037868E+03
  3.880000E-01  1.037452E+03
  3.900000E-01  1.037039E+03
  3.920000E-01  1.036628E+03
  3.940000E-01  1.036219E+03
  3.960000E-01  1.035812E+03
  3.980000E-01  1.035408E+03
  4.000000E-01  1.035005E+03
  4.020000E-01  1.034605E+03
  4.040000E-01  1.034207E+03
  4.060000E-01  1.033811E+03
  4.080000E-01  1.033417E+03
  4.100000E-01  1.033025E+03
  4.120000E-01  1.032635E+03
  4.140000E-01  1.032247E+03
  4.160000E-01  1.031861E+03
  4.180000E-01  1.031477E+03
  4.200000E-01  1.031095E+03
  4.220000E-01  1.030716E+03
  4.240000E-01  1.030338E+03
  4.260000E-01  1.029962E+03
  4.280000E-01  1.029587E+03
  4.300000E-01  1.029215E+03
  4.320000E-01  1.028845E+03
  4.340000E-01  1.028477E+03
  4.360000E-01  1.028110E+03
  4.380000E-01  1.027746E+03
  4.400000E-01  1.027383E+03
  4.420000E-01  1.027022E+03
  4.440000E-01  1.026663E+03
  4.460000E-01  1.026305E+03
  4.480000E-01  1.025950E+03
  4.500000E-01  1.025596E+03
  4.520000E-01  1.025244E+03
  4.540000E-01  1.024894E+03
  4.560000E-01  1.024631E+03
  4.580000E-01  1.024326E+03
  4.600000E-01  1.024026E+03
  4.620000E-01  1.023728E+03
  4.640000E-01  1.023434E+03
  4.660000E-01  1.023143E+03
  4.680000E-01  1.022853E+03
  4.700000E-01  1.022566E+03
  4.720000E-01  1.022280E+03
  4.740000E-01  1.021996E+03
  4.760000E-01  1.021714E+03
  4.780000E-01  1.021466E+03
  4.800000E-01  1.021204E+03
  4.820000E-01  1.020946E+03
  4.840000E-01  1.020691E+03
  4.860000E-01  1.020439E+03
  4.880000E-01  1.020189E+03
  4.900000E-01  1.019942E+03
  4.920000E-01  1.019696E+03
  4.940000E-01  1.019453E+03
  4.960000E-01  1.019213E+03
  4.980000E-01  1.018974E+03
  5.000000E-01  1.018736E+03
  5.020000E-01  1.018501E+03
  5.040000E-01  1.018268E+03
  5.060000E-01  1.018036E+03
  5.080000E-01  1.017805E+03
  5.100000E-01  1.017577E+03
  5.120000E-01  1.017350E+03
  5.140000E-01  1.017124E+03
  5.160000E-01  1.016900E+03
  5.180000E-01  1.016677E+03
  5.200000E-01  1.016456E+03
  5.220000E-01  1.016236E+03
  5.240000E-01  1.016017E+03
  5.260000E-01  1.015799E+03
  5.280000E-01  1.015583E+03
  5.300000E-01  1.015368E+03
  5.320000E-01  1.015154E+03
  5.340000E-01  1.014941E+03
  5.360000E-01  1.014730E+03
  5.380000E-01  1.014519E+03
  5.400000E-01  1.014310E+03
  5.420000E-01  1.014101E+03
  5.440000E-01  1.013893E+03
  5.460000E-01  1.013686E+03
  5.480000E-01  1.013480E+03
  5.500000E-01  1.013275E+03
  5.520000E-01  1.013070E+03
  5.540000E-01  1.012867E+03
  5.560000E-01  1.012663E+03
  5.580000E-01  1.012461E+03
  5.600000E-01  1.012259E+03
  5.620000E-01  1.012058E+03
  5.640000E-01  1.011857E+03
  5.660000E-01  1.011657E+03
  5.680000E-01  1.011457E+03
  5.700000E-01  1.011258E+03
  5.720000E-01  1.011059E+03
  5.740000E-01  1.010860E+03
  5.760000E-01  1.010662E+03
  5.780000E-01  1.010465E+03
  5.800000E-01  1.010268E+03
  5.820000E-01  1.010071E+03
  5.840000E-01  1.009874E+03
  5.860000E-01  1.009678E+03
  5.880000E-01  1.009482E+03
  5.900000E-01  1.009287E+03
  5.920000E-01  1.009093E+03
  5.940000E-01  1.008899E+03
  5.960000E-01  1.008706E+03
  5.980000E-01  1.008514E+03
  6.000000E-01  1.008322E+03
  6.020000E-01  1.008131E+03
  6.040000E-01  1.007941E+03
  6.060000E-01  1.007751E+03
  6.080000E-01  1.007562E+03
  6.100000E-01  1.007374E+03
  6.120000E-01  1.007186E+03
  6.140000E-01  1.006999E+03
  6.160000E-01  1.006812E+03
  6.180000E-01  1.006626E+03
  6.200000E-01  1.006441E+03
  6.220000E-01  1.006256E+03
  6.240000E-01  1.006072E+03
  6.260000E-01  1.005888E+03
  6.280000E-01  1.005705E+03
  6.300000E-01  1.005523E+03
  6.320000E-01  1.005341E+03
  6.340000E-01  1.005160E+03
  6.360000E-01  1.004979E+03
  6.380000E-01  1.004799E+03
  6.400000E-01  1.004619E+03
  6.420000E-01  1.004441E+03
  6.440000E-01  1.004262E+03
  6.460000E-01  1.004084E+03
  6.480000E-01  1.003907E+03
  6.500000E-01  1.003731E+03
  6.520000E-01  1.003554E+03
  6.540000E-01  1.003379E+03
  6.560000E-01  1.003204E+03
  6.580000E-01  1.003029E+03
  6.600000E-01  1.002855E+03
  6.620000E-01  1.002682E+03
  6.640000E-01  1.002509E+03
  6.660000E-01  1.002337E+03
  6.680000E-01  1.002165E+03
  6.700000E-01  1.001994E+03
  6.720000E-01  1.001823E+03
  6.740000E-01  1.001653E+03
  6.760000E-01  1.001483E+03
  6.780000E-01  1.001314E+03
  6.800000E-01  1.001145E+03
  6.820000E-01  1.000977E+03
  6.840000E-01  1.000809E+03
  6.860000E-01  1.000642E+03
  6.880000E-01  1.000475E+03
  6.900000E-01  1.000309E+03
  6.920000E-01  1.000144E+03
  6.940000E-01  9.999784E+02
  6.960000E-01  9.998137E+02
  6.980000E-01  9.996495E+02
  7.000000E-01  9.994858E+02
  7.020000E-01  9.993225E+02
  7.040000E-01  9.991598E+02
  7.060000E-01  9.989975E+02
  7.080000E-01  9.988357E+02
  7.100000E-01  9.986744E+02
  7.120000E-01  9.985135E+02
  7.140000E-01  9.983531E+02
  7.160000E-01  9.981932E+02
  7.180000E-01  9.980338E+02
  7.200000E-01  9.978748E+02
  7.220000E-01  9.977116E+02
  7.240000E-01  9.975520E+02
  7.260000E-01  9.973927E+02
  7.280000E-01  9.972336E+02
  7.300000E-01  9.970750E+02
  7.320000E-01  9.969166E+02
  7.340000E-01  9.967586E+02
  7.360000E-01  9.966009E+02
  7.380000E-01  9.964435E+02
  7.400000E-01  9.962865E+02
  7.420000E-01  9.961299E+02
  7.440000E-01  9.959736E+02
  7.460000E-01  9.958176E+02
  7.480000E-01  9.956620E+02
  7.500000E-01  9.955068E+02
  7.520000E-01  9.953519E+02
  7.540000E-01  9.951973E+02
  7.560000E-01  9.950431E+02
  7.580000E-01  9.948893E+02
  7.600000E-01  9.947358E+02
  7.620000E-01  9.945827E+02
  7.640000E-01  9.944299E+02
  7.660000E-01  9.942775E+02
  7.680000E-01  9.941254E+02
  7.700000E-01  9.939737E+02
  7.720000E-01  9.938223E+02
  7.740000E-01  9.936713E+02
  7.760000E-01  9.935206E+02
  7.780000E-01  9.933703E+02
  7.800000E-01  9.932204E+02
  7.820000E-01  9.930708E+02
  7.840000E-01  9.929215E+02
  7.860000E-01  9.927726E+02
  7.880000E-01  9.926240E+02
  7.900000E-01  9.924758E+02
  7.920000E-01  9.923280E+02
  7.940000E-01  9.921804E+02
  7.960000E-01  9.920333E+02
  7.980000E-01  9.918865E+02
  8.000000E-01  9.917400E+02
  8.020000E-01  9.915939E+02
  8.040000E-01  9.914481E+02
  8.060000E-01  9.913026E+02
  8.080000E-01  9.911575E+02
  8.100000E-01  9.910128E+02
  8.120000E-01  9.908684E+02
  8.140000E-01  9.907243E+02
  8.160000E-01  9.905805E+02
  8.180000E-01  9.904372E+02
  8.200000E-01  9.902941E+02
  8.220000E-01  9.901514E+02
  8.240000E-01  9.900090E+02
  8.260000E-01  9.898669E+02
  8.280000E-01  9.897252E+02
  8.300000E-01  9.895839E+02
  8.320000E-01  9.894428E+02
  8.340000E-01  9.893021E+02
  8.360000E-01  9.891617E+02
  8.380000E-01  9.890217E+02
  8.400000E-01  9.888820E+02
  8.420000E-01  9.887426E+02
  8.440000E-01  9.886035E+02
  8.460000E-01  9.884648E+02
  8.480000E-01  9.883264E+02
  8.500000E-01  9.881883E+02
  8.520000E-01  9.880506E+02
  8.540000E-01  9.879131E+02
  8.560000E-01  9.877760E+02
  8.580000E-01  9.876392E+02
  8.600000E-01  9.875028E+02
  8.620000E-01  9.873666E+02
  8.640000E-01  9.872308E+02
  8.660000E-01  9.870953E+02
  8.680000E-01  9.869602E+02
  8.700000E-01  9.868253E+02
  8.720000E-01  9.866908E+02
  8.740000E-01  9.865565E+02
  8.760000E-01  9.864226E+02
  8.780000E-01  9.862890E+02
  8.800000E-01  9.861557E+02
  8.820000E-01  9.860228E+02
  8.840000E-01  9.858901E+02
  8.860000E-01  9.857578E+02
  8.880000E-01  9.856257E+02
  8.900000E-01  9.854940E+02
  8.920000E-01  9.853626E+02
  8.940000E-01  9.852315E+02
  8.960000E-01  9.851007E+02
  8.980000E-01  9.849702E+02
  9.000000E-01  9.848400E+02
  9.020000E-01  9.847101E+02
  9.040000E-01  9.845805E+02
  9.060000E-01  9.844512E+02
  9.080000E-01  9.843223E+02
  9.100000E-01  9.841936E+02
  9.120000E-01  9.840652E+02
  9.140000E-01  9.839371E+02
  9.160000E-01  9.838093E+02
  9.180000E-01  9.836819E+02
  9.200000E-01  9.835547E+02
  9.220000E-01  9.834278E+02
  9.240000E-01  9.833012E+02
  9.260000E-01  9.831749E+02
  9.280000E-01  9.830489E+02
  9.300000E-01  9.829232E+02
  9.320000E-01  9.827978E+02
  9.340000E-01  9.826727E+02
  9.360000E-01  9.825478E+02
  9.380000E-01  9.824233E+02
  9.400000E-01  9.822990E+02
  9.420000E-01  9.821750E+02
  9.440000E-01  9.820514E+02
  9.460000E-01  9.819280E+02
  9.480000E-01  9.818049E+02
  9.500000E-01  9.816820E+02
  9.520000E-01  9.815595E+02
  9.540000E-01  9.814372E+02
  9.560000E-01  9.813152E+02
  9.580000E-01  9.811936E+02
  9.600000E-01  9.810721E+02
  9.620000E-01  9.809510E+02
  9.640000E-01  9.808301E+02
  9.660000E-01  9.807096E+02
  9.680000E-01  9.805893E+02
  9.700000E-01  9.804692E+02
  9.720000E-01  9.803495E+02
  9.740000E-01  9.802496E+02
  9.760000E-01  9.801418E+02
  9.780000E-01  9.800356E+02
  9.800000E-01  9.799306E+02
  9.820000E-01  9.798269E+02
  9.840000E-01  9.797241E+02
  9.860000E-01  9.796223E+02
  9.880000E-01  9.795214E+02
  9.900000E-01  9.794212E+02
  9.920000E-01  9.793218E+02
  9.940000E-01  9.792231E+02
  9.960000E-01  9.791250E+02
  9.980000E-01  9.790276E+02
  1.000000E+00  9.789307E+02
  1.002000E+00  9.788344E+02
  1.004000E+00  9.787387E+02
  1.006000E+00  9.786434E+02
  1.008000E+00  9.785487E+02
  1.010000E+00  9.784544E+02
  1.012000E+00  9.783606E+02
  1.014000E+00  9.782673E+02
  1.016000E+00  9.781743E+02
  1.018000E+00  9.780818E+02
  1.020000E+00  9.779897E+02
  1.022000E+00  9.778980E+02
  1.024000E+00  9.778067E+02
  1.026000E+00  9.777158E+02
  1.028000E+00  9.776252E+02
  1.030000E+00  9.775350E+02
  1.032000E+00  9.774451E+02
  1.034000E+00  9.773555E+02
  1.036000E+00  9.772663E+02
  1.038000E+00  9.771774E+02
  1.040000E+00  9.770888E+02
  1.042000E+00  9.770006E+02
  1.044000E+00  9.769126E+02
  1.046000E+00  9.768249E+02
  1.048000E+00  9.767375E+02
  1.050000E+00  9.766503E+02
  1.052000E+00  9.765634E+02
  1.054000E+00  9.764767E+02
  1.056000E+00  9.763903E+02
  1.058000E+00  9.763042E+02
  1.060000E+00  9.762184E+02
  1.062000E+00  9.761328E+02
  1.064000E+00  9.760476E+02
  1.066000E+00  9.759626E+02
  1.068000E+00  9.758779E+02
  1.070000E+00  9.757935E+02
  1.072000E+00  9.757093E+02
  1.074000E+00  9.756255E+02
  1.076000E+00  9.755418E+02
  1.078000E+00  9.754585E+02
  1.080000E+00  9.753753E+02
  1.082000E+00  9.752925E+02
  1.084000E+00  9.752099E+02
  1.086000E+00  9.751275E+02
  1.088000E+00  9.750454E+02
  1.090000E+00  9.749635E+02
  1.092000E+00  9.748819E+02
  1.094000E+00  9.748005E+02
  1.096000E+00  9.747193E+02
  1.098000E+00  9.746384E+02
  1.100000E+00  9.745577E+02
  1.102000E+00  9.744772E+02
  1.104000E+00  9.743969E+02
  1.106000E+00  9.743169E+02
  1.108000E+00  9.742371E+02
  1.110000E+00  9.741575E+02
  1.112000E+00  9.740781E+02
  1.114000E+00  9.739990E+02
  1.116000E+00  9.739200E+02
  1.118000E+00  9.738413E+02
  1.120000E+00  9.737628E+02
  1.122000E+00  9.736845E+02
  1.124000E+00  9.736064E+02
  1.126000E+00  9.735285E+02
  1.128000E+00  9.734508E+02
  1.130000E+00  9.733733E+02
  1.132000E+00  9.732961E+02
  1.134000E+00  9.732190E+02
  1.136000E+00  9.731421E+02
  1.138000E+00  9.730654E+02
  1.140000E+00  9.729889E+02
  1.142000E+00  9.729126E+02
  1.144000E+00  9.728365E+02
  1.146000E+00  9.727606E+02
  1.148000E+00  9.726849E+02
  1.150000E+00  9.726093E+02
  1.152000E+00  9.725340E+02
  1.154000E+00  9.724588E+02
  1.156000E+00  9.723838E+02
  1.158000E+00  9.723091E+02
  1.160000E+00  9.722345E+02
  1.162000E+00  9.721600E+02
  1.164000E+00  9.720858E+02
  1.166000E+00  9.720117E+02
  1.168000E+00  9.719378E+02
  1.170000E+00  9.718641E+02
  1.172000E+00  9.717906E+02
  1.174000E+00  9.717172E+02
  1.176000E+00  9.716440E+02
  1.178000E+00  9.715710E+02
  1.180000E+00  9.714982E+02
  1.182000E+00  9.714255E+02
  1.184000E+00  9.713530E+02
  1.186000E+00  9.712807E+02
  1.188000E+00  9.712086E+02
  1.190000E+00  9.711366E+02
  1.192000E+00  9.710648E+02
  1.194000E+00  9.709931E+02
  1.196000E+00  9.709216E+02
  1.198000E+00  9.708503E+02
  1.200000E+00  9.707791E+02
