  1.000000E-02  6.661581E-01  7.771818E-02  0.000000E+00  0.000000E+00  0.000000E+00  0.000000E+00  0.000000E+00  0.000000E+00
  1.200000E-02  7.077926E-01  8.973688E-02  0.000000E+00  0.000000E+00  0.000000E+00  0.000000E+00  0.000000E+00  0.000000E+00
  1.400000E-02  7.449934E-01  1.013409E-01  0.000000E+00  0.000000E+00  0.000000E+00  0.000000E+00  0.000000E+00  0.000000E+00
  1.600000E-02  7.787717E-01  1.125931E-01  0.000000E+00  0.000000E+00  0.000000E+00  0.000000E+00  0.000000E+00  0.000000E+00
  1.800000E-02  8.098131E-01  1.235387E-01  0.000000E+00  0.000000E+00  0.000000E+00  0.000000E+00  0.000000E+00  0.000000E+00
  2.000000E-02  8.386063E-01  1.342114E-01  0.000000E+00  0.000000E+00  0.000000E+00  0.000000E+00  0.000000E+00  0.000000E+00
  2.200000E-02  8.655135E-01  1.446378E-01  0.000000E+00  0.000000E+00  0.000000E+00  0.000000E+00  0.000000E+00  0.000000E+00
  2.400000E-02  8.908116E-01  1.548387E-01  0.000000E+00  0.000000E+00  0.000000E+00  0.000000E+00  0.000000E+00  0.000000E+00
  2.600000E-02  9.147172E-01  1.648316E-01  0.000000E+00  0.000000E+00  0.000000E+00  0.000000E+00  0.000000E+00  0.000000E+00
  2.800000E-02  9.374039E-01  1.746310E-01  0.000000E+00  0.000000E+00  0.000000E+00  0.000000E+00  0.000000E+00  0.000000E+00
  3.000000E-02  9.590129E-01  1.842490E-01  0.000000E+00  0.000000E+00  0.000000E+00  0.000000E+00  0.000000E+00  0.000000E+00
  3.200000E-02  9.796607E-01  1.936963E-01  0.000000E+00  0.000000E+00  0.000000E+00  0.000000E+00  0.000000E+00  0.000000E+00
  3.400000E-02  9.994452E-01  2.029822E-01  0.000000E+00  0.000000E+00  0.000000E+00  0.000000E+00  0.000000E+00  0.000000E+00
  3.600000E-02  1.018449E+00  2.121149E-01  0.000000E+00  0.000000E+00  0.000000E+00  0.000000E+00  0.000000E+00  0.000000E+00
  3.800000E-02  1.036742E+00  2.211016E-01  0.000000E+00  0.000000E+00  0.000000E+00  0.000000E+00  0.000000E+00  0.000000E+00
  4.000000E-02  1.054386E+00  2.299489E-01  0.000000E+00  0.000000E+00  0.000000E+00  0.000000E+00  0.000000E+00  0.000000E+00
  4.200000E-02  1.071434E+00  2.386628E-01  0.000000E+00  0.000000E+00  0.000000E+00  0.000000E+00  0.000000E+00  0.000000E+00
  4.400000E-02  1.087932E+00  2.472487E-01  0.000000E+00  0.000000E+00  0.000000E+00  0.000000E+00  0.000000E+00  0.000000E+00
  4.600000E-02  1.103921E+00  2.557116E-01  0.000000E+00  0.000000E+00  0.000000E+00  0.000000E+00  0.000000E+00  0.000000E+00
  4.800000E-02  1.119437E+00  2.640561E-01  0.000000E+00  0.000000E+00  0.000000E+00  0.000000E+00  0.000000E+00  0.000000E+00
  5.000000E-02  1.134513E+00  2.722864E-01  0.000000E+00  0.000000E+00  0.000000E+00  0.000000E+00  0.000000E+00  0.000000E+00
  5.200000E-02  1.149177E+00  2.804065E-01  0.000000E+00  0.000000E+00  0.000000E+00  0.000000E+00  0.000000E+00  0.000000E+00
  5.400000E-02  1.163455E+00  2.884201E-01  0.000000E+00  0.000000E+00  0.000000E+00  0.000000E+00  0.000000E+00  0.000000E+00
  5.600000E-02  1.177370E+00  2.963307E-01  0.000000E+00  0.000000E+00  0.000000E+00  0.000000E+00  0.000000E+00  0.000000E+00
  5.800000E-02  1.190945E+00  3.041415E-01  0.000000E+00  0.000000E+00  0.000000E+00  0.000000E+00  0.000000E+00  0.000000E+00
  6.000000E-02  1.204198E+00  3.118556E-01  0.000000E+00  0.000000E+00  0.000000E+00  0.000000E+00  0.000000E+00  0.000000E+00
  6.200000E-02  1.217147E+00  3.194759E-01  0.000000E+00  0.000000E+00  0.000000E+00  0.000000E+00  0.000000E+00  0.000000E+00
  6.400000E-02  1.229808E+00  3.270052E-01  0.000000E+00  0.000000E+00  0.000000E+00  0.000000E+00  0.000000E+00  0.000000E+00
  6.600000E-02  1.242196E+00  3.344461E-01  0.000000E+00  0.000000E+00  0.000000E+00  0.000000E+00  0.000000E+00  0.000000E+00
  6.800000E-02  1.254325E+00  3.418010E-01  0.000000E+00  0.000000E+00  0.000000E+00  0.000000E+00  0.000000E+00  0.000000E+00
  7.000000E-02  1.266206E+00  3.490724E-01  0.000000E+00  0.000000E+00  0.000000E+00  0.000000E+00  0.000000E+00  0.000000E+00
  7.200000E-02  1.277853E+00  3.562625E-01  0.000000E+00  0.000000E+00  0.000000E+00  0.000000E+00  0.000000E+00  0.000000E+00
  7.400000E-02  1.289275E+00  3.633734E-01  0.000000E+00  0.000000E+00  0.000000E+00  0.000000E+00  0.000000E+00  0.000000E+00
  7.600000E-02  1.300483E+00  3.704072E-01  0.000000E+00  0.000000E+00  0.000000E+00  0.000000E+00  0.000000E+00  0.000000E+00
  7.800000E-02  1.311486E+00  3.773659E-01  0.000000E+00  0.000000E+00  0.000000E+00  0.000000E+00  0.000000E+00  0.000000E+00
  8.000000E-02  1.322292E+00  3.842514E-01  0.000000E+00  0.000000E+00  0.000000E+00  0.000000E+00  0.000000E+00  0.000000E+00
  8.200000E-02  1.332911E+00  3.910656E-01  0.000000E+00  0.000000E+00  0.000000E+00  0.000000E+00  0.000000E+00  0.000000E+00
  8.400000E-02  1.343348E+00  3.978100E-01  0.000000E+00  0.000000E+00  0.000000E+00  0.000000E+00  0.000000E+00  0.000000E+00
  8.600000E-02  1.353613E+00  4.044865E-01  0.000000E+00  0.000000E+00  0.000000E+00  0.000000E+00  0.000000E+00  0.000000E+00
  8.800000E-02  1.363710E+00  4.110966E-01  0.000000E+00  0.000000E+00  0.000000E+00  0.000000E+00  0.000000E+00  0.000000E+00
  9.000000E-02  1.373648E+00  4.176419E-01  0.000000E+00  0.000000E+00  0.000000E+00  0.000000E+00  0.000000E+00  0.000000E+00
  9.200000E-02  1.383430E+00  4.241239E-01  0.000000E+00  0.000000E+00  0.000000E+00  0.000000E+00  0.000000E+00  0.000000E+00
  9.400000E-02  1.393064E+00  4.305441E-01  0.000000E+00  0.000000E+00  0.000000E+00  0.000000E+00  0.000000E+00  0.000000E+00
  9.600000E-02  1.402554E+00  4.369037E-01  0.000000E+00  0.000000E+00  0.000000E+00  0.000000E+00  0.000000E+00  0.000000E+00
  9.800000E-02  1.411906E+00  4.432043E-01  0.000000E+00  0.000000E+00  0.000000E+00  0.000000E+00  0.000000E+00  0.000000E+00
  1.000000E-01  1.421124E+00  4.494470E-01  0.000000E+00  0.000000E+00  0.000000E+00  0.000000E+00  0.000000E+00  0.000000E+00
  1.020000E-01  1.430212E+00  4.556331E-01  0.000000E+00  0.000000E+00  0.000000E+00  0.000000E+00  0.000000E+00  0.000000E+00
  1.040000E-01  1.439175E+00  4.617639E-01  0.000000E+00  0.000000E+00  0.000000E+00  0.000000E+00  0.000000E+00  0.000000E+00
  1.060000E-01  1.448017E+00  4.678405E-01  0.000000E+00  0.000000E+00  0.000000E+00  0.000000E+00  0.000000E+00  0.000000E+00
  1.080000E-01  1.456742E+00  4.738640E-01  0.000000E+00  0.000000E+00  0.000000E+00  0.000000E+00  0.000000E+00  0.000000E+00
  1.100000E-01  1.465353E+00  4.798356E-01  0.000000E+00  0.000000E+00  0.000000E+00  0.000000E+00  0.000000E+00  0.000000E+00
  1.120000E-01  1.473853E+00  4.857563E-01  0.000000E+00  0.000000E+00  0.000000E+00  0.000000E+00  0.000000E+00  0.000000E+00
  1.140000E-01  1.482247E+00  4.916272E-01  0.000000E+00  0.000000E+00  0.000000E+00  0.000000E+00  0.000000E+00  0.000000E+00
  1.160000E-01  1.490537E+00  4.974491E-01  0.000000E+00  0.000000E+00  0.000000E+00  0.000000E+00  0.000000E+00  0.000000E+00
  1.180000E-01  1.498726E+00  5.032232E-01  0.000000E+00  0.000000E+00  0.000000E+00  0.000000E+00  0.000000E+00  0.000000E+00
  1.200000E-01  1.506817E+00  5.089504E-01  0.000000E+00  0.000000E+00  0.000000E+00  0.000000E+00  0.000000E+00  0.000000E+00
  1.220000E-01  1.514813E+00  5.146315E-01  0.000000E+00  0.000000E+00  0.000000E+00  0.000000E+00  0.000000E+00  0.000000E+00
  1.240000E-01  1.522716E+00  5.202674E-01  0.000000E+00  0.000000E+00  0.000000E+00  0.000000E+00  0.000000E+00  0.000000E+00
  1.260000E-01  1.530529E+00  5.258590E-01  0.000000E+00  0.000000E+00  0.000000E+00  0.000000E+00  0.000000E+00  0.000000E+00
  1.280000E-01  1.538255E+00  5.314072E-01  0.000000E+00  0.000000E+00  0.000000E+00  0.000000E+00  0.000000E+00  0.000000E+00
  1.300000E-01  1.545889E+00  5.369668E-01  0.000000E+00  0.000000E+00  0.000000E+00  0.000000E+00  0.000000E+00  0.000000E+00
  1.320000E-01  1.553387E+00  5.429089E-01  0.000000E+00  0.000000E+00  0.000000E+00  0.000000E+00  0.000000E+00  0.000000E+00
  1.340000E-01  1.560776E+00  5.490290E-01  0.000000E+00  0.000000E+00  0.000000E+00  0.000000E+00  0.000000E+00  0.000000E+00
  1.360000E-01  1.568068E+00  5.552416E-01  0.000000E+00  0.000000E+00  0.000000E+00  0.000000E+00  0.000000E+00  0.000000E+00
  1.380000E-01  1.575268E+00  5.615069E-01  0.000000E+00  0.000000E+00  0.000000E+00  0.000000E+00  0.000000E+00  0.000000E+00
  1.400000E-01  1.582382E+00  5.678009E-01  0.000000E+00  0.000000E+00  0.000000E+00  0.000000E+00  0.000000E+00  0.000000E+00
  1.420000E-01  1.589413E+00  5.741067E-01  0.000000E+00  0.000000E+00  0.000000E+00  0.000000E+00  0.000000E+00  0.000000E+00
  1.440000E-01  1.596364E+00  5.804123E-01  0.000000E+00  0.000000E+00  0.000000E+00  0.000000E+00  0.000000E+00  0.000000E+00
  1.460000E-01  1.603239E+00  5.867087E-01  0.000000E+00  0.000000E+00  0.000000E+00  0.000000E+00  0.000000E+00  0.000000E+00
  1.480000E-01  1.610040E+00  5.929889E-01  0.000000E+00  0.000000E+00  0.000000E+00  0.000000E+00  0.000000E+00  0.000000E+00
  1.500000E-01  1.616768E+00  5.992473E-01  0.000000E+00  0.000000E+00  0.000000E+00  0.000000E+00  0.000000E+00  0.000000E+00
  1.520000E-01  1.623427E+00  6.054797E-01  0.000000E+00  0.000000E+00  0.000000E+00  0.000000E+00  0.000000E+00  0.000000E+00
  1.540000E-01  1.630018E+00  6.116827E-01  0.000000E+00  0.000000E+00  0.000000E+00  0.000000E+00  0.000000E+00  0.000000E+00
  1.560000E-01  1.636544E+00  6.178535E-01  0.000000E+00  0.000000E+00  0.000000E+00  0.000000E+00  0.000000E+00  0.000000E+00
  1.580000E-01  1.643005E+00  6.239899E-01  0.000000E+00  0.000000E+00  0.000000E+00  0.000000E+00  0.000000E+00  0.000000E+00
  1.600000E-01  1.649404E+00  6.300902E-01  0.000000E+00  0.000000E+00  0.000000E+00  0.000000E+00  0.000000E+00  0.000000E+00
  1.620000E-01  1.655742E+00  6.361532E-01  0.000000E+00  0.000000E+00  0.000000E+00  0.000000E+00  0.000000E+00  0.000000E+00
  1.640000E-01  1.662020E+00  6.421777E-01  0.000000E+00  0.000000E+00  0.000000E+00  0.000000E+00  0.000000E+00  0.000000E+00
  1.660000E-01  1.668241E+00  6.481629E-01  0.000000E+00  0.000000E+00  0.000000E+00  0.000000E+00  0.000000E+00  0.000000E+00
  1.680000E-01  1.674405E+00  6.541084E-01  0.000000E+00  0.000000E+00  0.000000E+00  0.000000E+00  0.000000E+00  0.000000E+00
  1.700000E-01  1.680514E+00  6.600136E-01  0.000000E+00  0.000000E+00  0.000000E+00  0.000000E+00  0.000000E+00  0.000000E+00
  1.720000E-01  1.686569E+00  6.658784E-01  0.000000E+00  0.000000E+00  0.000000E+00  0.000000E+00  0.000000E+00  0.000000E+00
  1.740000E-01  1.692571E+00  6.717026E-01  0.000000E+00  0.000000E+00  0.000000E+00  0.000000E+00  0.000000E+00  0.000000E+00
  1.760000E-01  1.698522E+00  6.774861E-01  0.000000E+00  0.000000E+00  0.000000E+00  0.000000E+00  0.000000E+00  0.000000E+00
  1.780000E-01  1.704422E+00  6.832290E-01  0.000000E+00  0.000000E+00  0.000000E+00  0.000000E+00  0.000000E+00  0.000000E+00
  1.800000E-01  1.710272E+00  6.889315E-01  0.000000E+00  0.000000E+00  0.000000E+00  0.000000E+00  0.000000E+00  0.000000E+00
  1.820000E-01  1.716075E+00  6.945937E-01  0.000000E+00  0.000000E+00  0.000000E+00  0.000000E+00  0.000000E+00  0.000000E+00
  1.840000E-01  1.721830E+00  7.002159E-01  0.000000E+00  0.000000E+00  0.000000E+00  0.000000E+00  0.000000E+00  0.000000E+00
  1.860000E-01  1.727538E+00  7.057984E-01  0.000000E+00  0.000000E+00  0.000000E+00  0.000000E+00  0.000000E+00  0.000000E+00
  1.880000E-01  1.733201E+00  7.113414E-01  0.000000E+00  0.000000E+00  0.000000E+00  0.000000E+00  0.000000E+00  0.000000E+00
  1.900000E-01  1.738820E+00  7.168454E-01  0.000000E+00  0.000000E+00  0.000000E+00  0.000000E+00  0.000000E+00  0.000000E+00
  1.920000E-01  1.744394E+00  7.223106E-01  0.000000E+00  0.000000E+00  0.000000E+00  0.000000E+00  0.000000E+00  0.000000E+00
  1.940000E-01  1.749926E+00  7.277376E-01  0.000000E+00  0.000000E+00  0.000000E+00  0.000000E+00  0.000000E+00  0.000000E+00
  1.960000E-01  1.755416E+00  7.331267E-01  0.000000E+00  0.000000E+00  0.000000E+00  0.000000E+00  0.000000E+00  0.000000E+00
  1.980000E-01  1.760865E+00  7.384783E-01  0.000000E+00  0.000000E+00  0.000000E+00  0.000000E+00  0.000000E+00  0.000000E+00
  2.000000E-01  1.766273E+00  7.437928E-01  0.000000E+00  0.000000E+00  0.000000E+00  0.000000E+00  0.000000E+00  0.000000E+00
  2.020000E-01  1.771641E+00  7.490707E-01  0.000000E+00  0.000000E+00  0.000000E+00  0.000000E+00  0.000000E+00  0.000000E+00
  2.040000E-01  1.776970E+00  7.543125E-01  0.000000E+00  0.000000E+00  0.000000E+00  0.000000E+00  0.000000E+00  0.000000E+00
  2.060000E-01  1.782261E+00  7.595186E-01  0.000000E+00  0.000000E+00  0.000000E+00  0.000000E+00  0.000000E+00  0.000000E+00
  2.080000E-01  1.787515E+00  7.646894E-01  0.000000E+00  0.000000E+00  0.000000E+00  0.000000E+00  0.000000E+00  0.000000E+00
  2.100000E-01  1.792731E+00  7.698255E-01  0.000000E+00  0.000000E+00  0.000000E+00  0.000000E+00  0.000000E+00  0.000000E+00
  2.120000E-01  1.797911E+00  7.749271E-01  0.000000E+00  0.000000E+00  0.000000E+00  0.000000E+00  0.000000E+00  0.000000E+00
  2.140000E-01  1.803055E+00  7.799949E-01  0.000000E+00  0.000000E+00  0.000000E+00  0.000000E+00  0.000000E+00  0.000000E+00
  2.160000E-01  1.808164E+00  7.850292E-01  0.000000E+00  0.000000E+00  0.000000E+00  0.000000E+00  0.000000E+00  0.000000E+00
  2.180000E-01  1.813238E+00  7.900305E-01  0.000000E+00  0.000000E+00  0.000000E+00  0.000000E+00  0.000000E+00  0.000000E+00
  2.200000E-01  1.818279E+00  7.949992E-01  0.000000E+00  0.000000E+00  0.000000E+00  0.000000E+00  0.000000E+00  0.000000E+00
  2.220000E-01  1.823286E+00  7.999358E-01  0.000000E+00  0.000000E+00  0.000000E+00  0.000000E+00  0.000000E+00  0.000000E+00
  2.240000E-01  1.828260E+00  8.048407E-01  0.000000E+00  0.000000E+00  0.000000E+00  0.000000E+00  0.000000E+00  0.000000E+00
  2.260000E-01  1.833202E+00  8.097143E-01  0.000000E+00  0.000000E+00  0.000000E+00  0.000000E+00  0.000000E+00  0.000000E+00
  2.280000E-01  1.838112E+00  8.145570E-01  0.000000E+00  0.000000E+00  0.000000E+00  0.000000E+00  0.000000E+00  0.000000E+00
  2.300000E-01  1.842991E+00  8.193693E-01  0.000000E+00  0.000000E+00  0.000000E+00  0.000000E+00  0.000000E+00  0.000000E+00
  2.320000E-01  1.847839E+00  8.241515E-01  0.000000E+00  0.000000E+00  0.000000E+00  0.000000E+00  0.000000E+00  0.000000E+00
  2.340000E-01  1.852656E+00  8.289042E-01  0.000000E+00  0.000000E+00  0.000000E+00  0.000000E+00  0.000000E+00  0.000000E+00
  2.360000E-01  1.857444E+00  8.336276E-01  0.000000E+00  0.000000E+00  0.000000E+00  0.000000E+00  0.000000E+00  0.000000E+00
  2.380000E-01  1.862202E+00  8.383221E-01  0.000000E+00  0.000000E+00  0.000000E+00  0.000000E+00  0.000000E+00  0.000000E+00
  2.400000E-01  1.866931E+00  8.429882E-01  0.000000E+00  0.000000E+00  0.000000E+00  0.000000E+00  0.000000E+00  0.000000E+00
  2.420000E-01  1.871632E+00  8.476263E-01  0.000000E+00  0.000000E+00  0.000000E+00  0.000000E+00  0.000000E+00  0.000000E+00
  2.440000E-01  1.876304E+00  8.522366E-01  0.000000E+00  0.000000E+00  0.000000E+00  0.000000E+00  0.000000E+00  0.000000E+00
  2.460000E-01  1.880949E+00  8.568196E-01  0.000000E+00  0.000000E+00  0.000000E+00  0.000000E+00  0.000000E+00  0.000000E+00
  2.480000E-01  1.885567E+00  8.613756E-01  0.000000E+00  0.000000E+00  0.000000E+00  0.000000E+00  0.000000E+00  0.000000E+00
  2.500000E-01  1.890157E+00  8.659050E-01  0.000000E+00  0.000000E+00  0.000000E+00  0.000000E+00  0.000000E+00  0.000000E+00
  2.520000E-01  1.894721E+00  8.704081E-01  0.000000E+00  0.000000E+00  0.000000E+00  0.000000E+00  0.000000E+00  0.000000E+00
  2.540000E-01  1.899259E+00  8.748854E-01  0.000000E+00  0.000000E+00  0.000000E+00  0.000000E+00  0.000000E+00  0.000000E+00
  2.560000E-01  1.903771E+00  8.793370E-01  0.000000E+00  0.000000E+00  0.000000E+00  0.000000E+00  0.000000E+00  0.000000E+00
  2.580000E-01  1.908258E+00  8.837633E-01  0.000000E+00  0.000000E+00  0.000000E+00  0.000000E+00  0.000000E+00  0.000000E+00
  2.600000E-01  1.912719E+00  8.881647E-01  0.000000E+00  0.000000E+00  0.000000E+00  0.000000E+00  0.000000E+00  0.000000E+00
  2.620000E-01  1.917156E+00  8.925415E-01  0.000000E+00  0.000000E+00  0.000000E+00  0.000000E+00  0.000000E+00  0.000000E+00
  2.640000E-01  1.921568E+00  8.968940E-01  0.000000E+00  0.000000E+00  0.000000E+00  0.000000E+00  0.000000E+00  0.000000E+00
  2.660000E-01  1.925957E+00  9.012225E-01  0.000000E+00  0.000000E+00  0.000000E+00  0.000000E+00  0.000000E+00  0.000000E+00
  2.680000E-01  1.930321E+00  9.055274E-01  0.000000E+00  0.000000E+00  0.000000E+00  0.000000E+00  0.000000E+00  0.000000E+00
  2.700000E-01  1.934662E+00  9.098088E-01  0.000000E+00  0.000000E+00  0.000000E+00  0.000000E+00  0.000000E+00  0.000000E+00
  2.720000E-01  1.938980E+00  9.140671E-01  0.000000E+00  0.000000E+00  0.000000E+00  0.000000E+00  0.000000E+00  0.000000E+00
  2.740000E-01  1.943275E+00  9.183026E-01  0.000000E+00  0.000000E+00  0.000000E+00  0.000000E+00  0.000000E+00  0.000000E+00
  2.760000E-01  1.947548E+00  9.225155E-01  0.000000E+00  0.000000E+00  0.000000E+00  0.000000E+00  0.000000E+00  0.000000E+00
  2.780000E-01  1.951798E+00  9.267062E-01  0.000000E+00  0.000000E+00  0.000000E+00  0.000000E+00  0.000000E+00  0.000000E+00
  2.800000E-01  1.956027E+00  9.308749E-01  0.000000E+00  0.000000E+00  0.000000E+00  0.000000E+00  0.000000E+00  0.000000E+00
  2.820000E-01  1.960234E+00  9.350218E-01  0.000000E+00  0.000000E+00  0.000000E+00  0.000000E+00  0.000000E+00  0.000000E+00
  2.840000E-01  1.964419E+00  9.391473E-01  0.000000E+00  0.000000E+00  0.000000E+00  0.000000E+00  0.000000E+00  0.000000E+00
  2.860000E-01  1.968583E+00  9.432516E-01  0.000000E+00  0.000000E+00  0.000000E+00  0.000000E+00  0.000000E+00  0.000000E+00
  2.880000E-01  1.972726E+00  9.473349E-01  0.000000E+00  0.000000E+00  0.000000E+00  0.000000E+00  0.000000E+00  0.000000E+00
  2.900000E-01  1.976849E+00  9.513975E-01  0.000000E+00  0.000000E+00  0.000000E+00  0.000000E+00  0.000000E+00  0.000000E+00
  2.920000E-01  1.980951E+00  9.554397E-01  0.000000E+00  0.000000E+00  0.000000E+00  0.000000E+00  0.000000E+00  0.000000E+00
  2.940000E-01  1.985034E+00  9.594616E-01  0.000000E+00  0.000000E+00  0.000000E+00  0.000000E+00  0.000000E+00  0.000000E+00
  2.960000E-01  1.989096E+00  9.634635E-01  0.000000E+00  0.000000E+00  0.000000E+00  0.000000E+00  0.000000E+00  0.000000E+00
  2.980000E-01  1.993139E+00  9.674457E-01  0.000000E+00  0.000000E+00  0.000000E+00  0.000000E+00  0.000000E+00  0.000000E+00
  3.000000E-01  1.997162E+00  9.714083E-01  0.000000E+00  0.000000E+00  0.000000E+00  0.000000E+00  0.000000E+00  0.000000E+00
  3.020000E-01  2.001166E+00  9.753516E-01  0.000000E+00  0.000000E+00  0.000000E+00  0.000000E+00  0.000000E+00  0.000000E+00
  3.040000E-01  2.005151E+00  9.792758E-01  0.000000E+00  0.000000E+00  0.000000E+00  0.000000E+00  0.000000E+00  0.000000E+00
  3.060000E-01  2.009117E+00  9.831812E-01  0.000000E+00  0.000000E+00  0.000000E+00  0.000000E+00  0.000000E+00  0.000000E+00
  3.080000E-01  2.013065E+00  9.870678E-01  0.000000E+00  0.000000E+00  0.000000E+00  0.000000E+00  0.000000E+00  0.000000E+00
  3.100000E-01  2.016995E+00  9.909360E-01  0.000000E+00  0.000000E+00  0.000000E+00  0.000000E+00  0.000000E+00  0.000000E+00
  3.120000E-01  2.020907E+00  9.947860E-01  0.000000E+00  0.000000E+00  0.000000E+00  0.000000E+00  0.000000E+00  0.000000E+00
  3.140000E-01  2.024800E+00  9.986178E-01  0.000000E+00  0.000000E+00  0.000000E+00  0.000000E+00  0.000000E+00  0.000000E+00
  3.160000E-01  2.028676E+00  1.002432E+00  0.000000E+00  0.000000E+00  0.000000E+00  0.000000E+00  0.000000E+00  0.000000E+00
  3.180000E-01  2.032535E+00  1.006228E+00  0.000000E+00  0.000000E+00  0.000000E+00  0.000000E+00  0.000000E+00  0.000000E+00
  3.200000E-01  2.036376E+00  1.010007E+00  0.000000E+00  0.000000E+00  0.000000E+00  0.000000E+00  0.000000E+00  0.000000E+00
  3.220000E-01  2.040200E+00  1.013769E+00  0.000000E+00  0.000000E+00  0.000000E+00  0.000000E+00  0.000000E+00  0.000000E+00
  3.240000E-01  2.044007E+00  1.017513E+00  0.000000E+00  0.000000E+00  0.000000E+00  0.000000E+00  0.000000E+00  0.000000E+00
  3.260000E-01  2.047798E+00  1.021241E+00  0.000000E+00  0.000000E+00  0.000000E+00  0.000000E+00  0.000000E+00  0.000000E+00
  3.280000E-01  2.051572E+00  1.024952E+00  0.000000E+00  0.000000E+00  0.000000E+00  0.000000E+00  0.000000E+00  0.000000E+00
  3.300000E-01  2.055329E+00  1.028646E+00  0.000000E+00  0.000000E+00  0.000000E+00  0.000000E+00  0.000000E+00  0.000000E+00
  3.320000E-01  2.059070E+00  1.032324E+00  0.000000E+00  0.000000E+00  0.000000E+00  0.000000E+00  0.000000E+00  0.000000E+00
  3.340000E-01  2.062796E+00  1.035985E+00  0.000000E+00  0.000000E+00  0.000000E+00  0.000000E+00  0.000000E+00  0.000000E+00
  3.360000E-01  2.066505E+00  1.039631E+00  0.000000E+00  0.000000E+00  0.000000E+00  0.000000E+00  0.000000E+00  0.000000E+00
  3.380000E-01  2.070199E+00  1.043260E+00  0.000000E+00  0.000000E+00  0.000000E+00  0.000000E+00  0.000000E+00  0.000000E+00
  3.400000E-01  2.073877E+00  1.046874E+00  0.000000E+00  0.000000E+00  0.000000E+00  0.000000E+00  0.000000E+00  0.000000E+00
  3.420000E-01  2.077540E+00  1.050473E+00  0.000000E+00  0.000000E+00  0.000000E+00  0.000000E+00  0.000000E+00  0.000000E+00
  3.440000E-01  2.081188E+00  1.054055E+00  0.000000E+00  0.000000E+00  0.000000E+00  0.000000E+00  0.000000E+00  0.000000E+00
  3.460000E-01  2.084821E+00  1.057623E+00  0.000000E+00  0.000000E+00  0.000000E+00  0.000000E+00  0.000000E+00  0.000000E+00
  3.480000E-01  2.088439E+00  1.061176E+00  0.000000E+00  0.000000E+00  0.000000E+00  0.000000E+00  0.000000E+00  0.000000E+00
  3.500000E-01  2.092042E+00  1.064713E+00  0.000000E+00  0.000000E+00  0.000000E+00  0.000000E+00  0.000000E+00  0.000000E+00
  3.520000E-01  2.095630E+00  1.068236E+00  0.000000E+00  0.000000E+00  0.000000E+00  0.000000E+00  0.000000E+00  0.000000E+00
  3.540000E-01  2.099204E+00  1.071744E+00  0.000000E+00  0.000000E+00  0.000000E+00  0.000000E+00  0.000000E+00  0.000000E+00
  3.560000E-01  2.102764E+00  1.075237E+00  0.000000E+00  0.000000E+00  0.000000E+00  0.000000E+00  0.000000E+00  0.000000E+00
  3.580000E-01  2.106310E+00  1.078717E+00  0.000000E+00  0.000000E+00  0.000000E+00  0.000000E+00  0.000000E+00  0.000000E+00
  3.600000E-01  2.109841E+00  1.082181E+00  0.000000E+00  0.000000E+00  0.000000E+00  0.000000E+00  0.000000E+00  0.000000E+00
  3.620000E-01  2.113359E+00  1.085632E+00  0.000000E+00  0.000000E+00  0.000000E+00  0.000000E+00  0.000000E+00  0.000000E+00
  3.640000E-01  2.116863E+00  1.089069E+00  0.000000E+00  0.000000E+00  0.000000E+00  0.000000E+00  0.000000E+00  0.000000E+00
  3.660000E-01  2.120353E+00  1.092492E+00  0.000000E+00  0.000000E+00  0.000000E+00  0.000000E+00  0.000000E+00  0.000000E+00
  3.680000E-01  2.123830E+00  1.095901E+00  0.000000E+00  0.000000E+00  0.000000E+00  0.000000E+00  0.000000E+00  0.000000E+00
  3.700000E-01  2.127294E+00  1.099297E+00  0.000000E+00  0.000000E+00  0.000000E+00  0.000000E+00  0.000000E+00  0.000000E+00
  3.720000E-01  2.130744E+00  1.102679E+00  0.000000E+00  0.000000E+00  0.000000E+00  0.000000E+00  0.000000E+00  0.000000E+00
  3.740000E-01  2.134182E+00  1.106047E+00  0.000000E+00  0.000000E+00  0.000000E+00  0.000000E+00  0.000000E+00  0.000000E+00
  3.760000E-01  2.137606E+00  1.109403E+00  0.000000E+00  0.000000E+00  0.000000E+00  0.000000E+00  0.000000E+00  0.000000E+00
  3.780000E-01  2.141017E+00  1.112745E+00  0.000000E+00  0.000000E+00  0.000000E+00  0.000000E+00  0.000000E+00  0.000000E+00
  3.800000E-01  2.144416E+00  1.116075E+00  0.000000E+00  0.000000E+00  0.000000E+00  0.000000E+00  0.000000E+00  0.000000E+00
  3.820000E-01  2.147802E+00  1.119391E+00  0.000000E+00  0.000000E+00  0.000000E+00  0.000000E+00  0.000000E+00  0.000000E+00
  3.840000E-01  2.151176E+00  1.122695E+00  0.000000E+00  0.000000E+00  0.000000E+00  0.000000E+00  0.000000E+00  0.000000E+00
  3.860000E-01  2.154537E+00  1.125986E+00  0.000000E+00  0.000000E+00  0.000000E+00  0.000000E+00  0.000000E+00  0.000000E+00
  3.880000E-01  2.157886E+00  1.129265E+00  0.000000E+00  0.000000E+00  0.000000E+00  0.000000E+00  0.000000E+00  0.000000E+00
  3.900000E-01  2.161223E+00  1.132531E+00  0.000000E+00  0.000000E+00  0.000000E+00  0.000000E+00  0.000000E+00  0.000000E+00
  3.920000E-01  2.164548E+00  1.135785E+00  0.000000E+00  0.000000E+00  0.000000E+00  0.000000E+00  0.000000E+00  0.000000E+00
  3.940000E-01  2.167861E+00  1.139027E+00  0.000000E+00  0.000000E+00  0.000000E+00  0.000000E+00  0.000000E+00  0.000000E+00
  3.960000E-01  2.171162E+00  1.142257E+00  0.000000E+00  0.000000E+00  0.000000E+00  0.000000E+00  0.000000E+00  0.000000E+00
  3.980000E-01  2.174451E+00  1.145474E+00  0.000000E+00  0.000000E+00  0.000000E+00  0.000000E+00  0.000000E+00  0.000000E+00
  4.000000E-01  2.177729E+00  1.148680E+00  0.000000E+00  0.000000E+00  0.000000E+00  0.000000E+00  0.000000E+00  0.000000E+00
  4.020000E-01  2.180995E+00  1.151874E+00  0.000000E+00  0.000000E+00  0.000000E+00  0.000000E+00  0.000000E+00  0.000000E+00
  4.040000E-01  2.184250E+00  1.155056E+00  0.000000E+00  0.000000E+00  0.000000E+00  0.000000E+00  0.000000E+00  0.000000E+00
  4.060000E-01  2.187493E+00  1.158227E+00  0.000000E+00  0.000000E+00  0.000000E+00  0.000000E+00  0.000000E+00  0.000000E+00
  4.080000E-01  2.190725E+00  1.161386E+00  0.000000E+00  0.000000E+00  0.000000E+00  0.000000E+00  0.000000E+00  0.000000E+00
  4.100000E-01  2.193946E+00  1.164534E+00  0.000000E+00  0.000000E+00  0.000000E+00  0.000000E+00  0.000000E+00  0.000000E+00
  4.120000E-01  2.197156E+00  1.167671E+00  0.000000E+00  0.000000E+00  0.000000E+00  0.000000E+00  0.000000E+00  0.000000E+00
  4.140000E-01  2.200356E+00  1.170796E+00  0.000000E+00  0.000000E+00  0.000000E+00  0.000000E+00  0.000000E+00  0.000000E+00
  4.160000E-01  2.203544E+00  1.173910E+00  0.000000E+00  0.000000E+00  0.000000E+00  0.000000E+00  0.000000E+00  0.000000E+00
  4.180000E-01  2.206722E+00  1.177013E+00  0.000000E+00  0.000000E+00  0.000000E+00  0.000000E+00  0.000000E+00  0.000000E+00
  4.200000E-01  2.209889E+00  1.180106E+00  0.000000E+00  0.000000E+00  0.000000E+00  0.000000E+00  0.000000E+00  0.000000E+00
  4.220000E-01  2.213045E+00  1.183187E+00  0.000000E+00  0.000000E+00  0.000000E+00  0.000000E+00  0.000000E+00  0.000000E+00
  4.240000E-01  2.216191E+00  1.186258E+00  0.000000E+00  0.000000E+00  0.000000E+00  0.000000E+00  0.000000E+00  0.000000E+00
  4.260000E-01  2.219326E+00  1.189318E+00  0.000000E+00  0.000000E+00  0.000000E+00  0.000000E+00  0.000000E+00  0.000000E+00
  4.280000E-01  2.222452E+00  1.192367E+00  0.000000E+00  0.000000E+00  0.000000E+00  0.000000E+00  0.000000E+00  0.000000E+00
  4.300000E-01  2.225567E+00  1.195406E+00  0.000000E+00  0.000000E+00  0.000000E+00  0.000000E+00  0.000000E+00  0.000000E+00
  4.320000E-01  2.228672E+00  1.198435E+00  0.000000E+00  0.000000E+00  0.000000E+00  0.000000E+00  0.000000E+00  0.000000E+00
  4.340000E-01  2.231766E+00  1.201453E+00  0.000000E+00  0.000000E+00  0.000000E+00  0.000000E+00  0.000000E+00  0.000000E+00
  4.360000E-01  2.234851E+00  1.204461E+00  0.000000E+00  0.000000E+00  0.000000E+00  0.000000E+00  0.000000E+00  0.000000E+00
  4.380000E-01  2.237926E+00  1.207459E+00  0.000000E+00  0.000000E+00  0.000000E+00  0.000000E+00  0.000000E+00  0.000000E+00
  4.400000E-01  2.240991E+00  1.210447E+00  0.000000E+00  0.000000E+00  0.000000E+00  0.000000E+00  0.000000E+00  0.000000E+00
  4.420000E-01  2.244047E+00  1.213424E+00  0.000000E+00  0.000000E+00  0.000000E+00  0.000000E+00  0.000000E+00  0.000000E+00
  4.440000E-01  2.247093E+00  1.216392E+00  0.000000E+00  0.000000E+00  0.000000E+00  0.000000E+00  0.000000E+00  0.000000E+00
  4.460000E-01  2.250129E+00  1.219350E+00  0.000000E+00  0.000000E+00  0.000000E+00  0.000000E+00  0.000000E+00  0.000000E+00
  4.480000E-01  2.253156E+00  1.222298E+00  0.000000E+00  0.000000E+00  0.000000E+00  0.000000E+00  0.000000E+00  0.000000E+00
  4.500000E-01  2.256173E+00  1.225237E+00  0.000000E+00  0.000000E+00  0.000000E+00  0.000000E+00  0.000000E+00  0.000000E+00
  4.520000E-01  2.259181E+00  1.228166E+00  0.000000E+00  0.000000E+00  0.000000E+00  0.000000E+00  0.000000E+00  0.000000E+00
  4.540000E-01  2.262180E+00  1.231085E+00  0.000000E+00  0.000000E+00  0.000000E+00  0.000000E+00  0.000000E+00  0.000000E+00
  4.560000E-01  2.265169E+00  1.233995E+00  0.000000E+00  0.000000E+00  0.000000E+00  0.000000E+00  0.000000E+00  0.000000E+00
  4.580000E-01  2.268149E+00  1.236895E+00  0.000000E+00  0.000000E+00  0.000000E+00  0.000000E+00  0.000000E+00  0.000000E+00
  4.600000E-01  2.271121E+00  1.239786E+00  0.000000E+00  0.000000E+00  0.000000E+00  0.000000E+00  0.000000E+00  0.000000E+00
  4.620000E-01  2.274083E+00  1.242668E+00  0.000000E+00  0.000000E+00  0.000000E+00  0.000000E+00  0.000000E+00  0.000000E+00
  4.640000E-01  2.277036E+00  1.245541E+00  0.000000E+00  0.000000E+00  0.000000E+00  0.000000E+00  0.000000E+00  0.000000E+00
  4.660000E-01  2.279981E+00  1.248404E+00  0.000000E+00  0.000000E+00  0.000000E+00  0.000000E+00  0.000000E+00  0.000000E+00
  4.680000E-01  2.282917E+00  1.251258E+00  0.000000E+00  0.000000E+00  0.000000E+00  0.000000E+00  0.000000E+00  0.000000E+00
  4.700000E-01  2.285844E+00  1.254104E+00  0.000000E+00  0.000000E+00  0.000000E+00  0.000000E+00  0.000000E+00  0.000000E+00
  4.720000E-01  2.286520E+00  1.258378E+00  0.000000E+00  0.000000E+00  0.000000E+00  0.000000E+00  3.050081E-01  0.000000E+00
  4.740000E-01  2.287864E+00  1.262200E+00  0.000000E+00  0.000000E+00  0.000000E+00  0.000000E+00  3.641514E-01  0.000000E+00
  4.760000E-01  2.289108E+00  1.266063E+00  0.000000E+00  0.000000E+00  0.000000E+00  0.000000E+00  4.110236E-01  0.000000E+00
  4.780000E-01  2.290281E+00  1.269949E+00  0.000000E+00  0.000000E+00  0.000000E+00  0.000000E+00  4.505505E-01  0.000000E+00
  4.800000E-01  2.291400E+00  1.273848E+00  0.000000E+00  0.000000E+00  0.000000E+00  0.000000E+00  4.850910E-01  0.000000E+00
  4.820000E-01  2.292474E+00  1.277752E+00  0.000000E+00  0.000000E+00  0.000000E+00  0.000000E+00  5.159823E-01  0.000000E+00
  4.840000E-01  2.293511E+00  1.281658E+00  0.000000E+00  0.000000E+00  0.000000E+00  0.000000E+00  5.440650E-01  0.000000E+00
  4.860000E-01  2.294516E+00  1.285562E+00  0.000000E+00  0.000000E+00  0.000000E+00  0.000000E+00  5.699065E-01  0.000000E+00
  4.880000E-01  2.295493E+00  1.289462E+00  0.000000E+00  0.000000E+00  0.000000E+00  0.000000E+00  5.939100E-01  0.000000E+00
  4.900000E-01  2.296445E+00  1.293356E+00  0.000000E+00  0.000000E+00  0.000000E+00  0.000000E+00  6.163736E-01  0.000000E+00
  4.920000E-01  2.297374E+00  1.297242E+00  0.000000E+00  0.000000E+00  0.000000E+00  0.000000E+00  6.375247E-01  0.000000E+00
  4.940000E-01  2.298283E+00  1.301121E+00  0.000000E+00  0.000000E+00  0.000000E+00  0.000000E+00  6.575412E-01  0.000000E+00
  4.960000E-01  2.299173E+00  1.304990E+00  0.000000E+00  0.000000E+00  0.000000E+00  0.000000E+00  6.765653E-01  0.000000E+00
  4.980000E-01  2.300046E+00  1.308849E+00  0.000000E+00  0.000000E+00  0.000000E+00  0.000000E+00  6.947125E-01  0.000000E+00
  5.000000E-01  2.300903E+00  1.312698E+00  0.000000E+00  0.000000E+00  0.000000E+00  0.000000E+00  7.120783E-01  0.000000E+00
  5.020000E-01  2.301745E+00  1.316535E+00  0.000000E+00  0.000000E+00  0.000000E+00  0.000000E+00  7.287423E-01  0.000000E+00
  5.040000E-01  2.302572E+00  1.320362E+00  0.000000E+00  0.000000E+00  0.000000E+00  0.000000E+00  7.447721E-01  0.000000E+00
  5.060000E-01  2.303387E+00  1.324177E+00  0.000000E+00  0.000000E+00  0.000000E+00  0.000000E+00  7.602252E-01  0.000000E+00
  5.080000E-01  2.304188E+00  1.327979E+00  0.000000E+00  0.000000E+00  0.000000E+00  0.000000E+00  7.751514E-01  0.000000E+00
  5.100000E-01  2.304978E+00  1.331770E+00  0.000000E+00  0.000000E+00  0.000000E+00  0.000000E+00  7.895938E-01  0.000000E+00
  5.120000E-01  2.305756E+00  1.335549E+00  0.000000E+00  0.000000E+00  0.000000E+00  0.000000E+00  8.035902E-01  0.000000E+00
  5.140000E-01  2.306524E+00  1.339315E+00  0.000000E+00  0.000000E+00  0.000000E+00  0.000000E+00  8.171736E-01  0.000000E+00
  5.160000E-01  2.307281E+00  1.343069E+00  0.000000E+00  0.000000E+00  0.000000E+00  0.000000E+00  8.303737E-01  0.000000E+00
  5.180000E-01  2.308028E+00  1.346810E+00  0.000000E+00  0.000000E+00  0.000000E+00  0.000000E+00  8.432165E-01  0.000000E+00
  5.200000E-01  2.308765E+00  1.350539E+00  0.000000E+00  0.000000E+00  0.000000E+00  0.000000E+00  8.557256E-01  0.000000E+00
  5.220000E-01  2.309494E+00  1.354256E+00  0.000000E+00  0.000000E+00  0.000000E+00  0.000000E+00  8.679220E-01  0.000000E+00
  5.240000E-01  2.310213E+00  1.357959E+00  0.000000E+00  0.000000E+00  0.000000E+00  0.000000E+00  8.798247E-01  0.000000E+00
  5.260000E-01  2.310924E+00  1.361650E+00  0.000000E+00  0.000000E+00  0.000000E+00  0.000000E+00  8.914509E-01  0.000000E+00
  5.280000E-01  2.311627E+00  1.365329E+00  0.000000E+00  0.000000E+00  0.000000E+00  0.000000E+00  9.028162E-01  0.000000E+00
  5.300000E-01  2.312321E+00  1.368995E+00  0.000000E+00  0.000000E+00  0.000000E+00  0.000000E+00  9.139351E-01  0.000000E+00
  5.320000E-01  2.313008E+00  1.372648E+00  0.000000E+00  0.000000E+00  0.000000E+00  0.000000E+00  9.248204E-01  0.000000E+00
  5.340000E-01  2.313687E+00  1.376289E+00  0.000000E+00  0.000000E+00  0.000000E+00  0.000000E+00  9.354843E-01  0.000000E+00
  5.360000E-01  2.314359E+00  1.379918E+00  0.000000E+00  0.000000E+00  0.000000E+00  0.000000E+00  9.459377E-01  0.000000E+00
  5.380000E-01  2.315023E+00  1.383534E+00  0.000000E+00  0.000000E+00  0.000000E+00  0.000000E+00  9.561908E-01  0.000000E+00
  5.400000E-01  2.315681E+00  1.387138E+00  0.000000E+00  0.000000E+00  0.000000E+00  0.000000E+00  9.662530E-01  0.000000E+00
  5.420000E-01  2.316332E+00  1.390729E+00  0.000000E+00  0.000000E+00  0.000000E+00  0.000000E+00  9.761331E-01  0.000000E+00
  5.440000E-01  2.316976E+00  1.394309E+00  0.000000E+00  0.000000E+00  0.000000E+00  0.000000E+00  9.858390E-01  0.000000E+00
  5.460000E-01  2.317614E+00  1.397876E+00  0.000000E+00  0.000000E+00  0.000000E+00  0.000000E+00  9.953784E-01  0.000000E+00
  5.480000E-01  2.318246E+00  1.401431E+00  0.000000E+00  0.000000E+00  0.000000E+00  0.000000E+00  1.004758E+00  0.000000E+00
  5.500000E-01  2.318871E+00  1.404974E+00  0.000000E+00  0.000000E+00  0.000000E+00  0.000000E+00  1.013985E+00  0.000000E+00
  5.520000E-01  2.319491E+00  1.408505E+00  0.000000E+00  0.000000E+00  0.000000E+00  0.000000E+00  1.023065E+00  0.000000E+00
  5.540000E-01  2.319811E+00  1.411339E+00  2.349125E-01  0.000000E+00  0.000000E+00  0.000000E+00  1.030709E+00  0.000000E+00
  5.560000E-01  2.320312E+00  1.414598E+00  2.607701E-01  0.000000E+00  0.000000E+00  0.000000E+00  1.039062E+00  0.000000E+00
  5.580000E-01  2.320798E+00  1.417823E+00  2.841785E-01  0.000000E+00  0.000000E+00  0.000000E+00  1.047254E+00  0.000000E+00
  5.600000E-01  2.321270E+00  1.421018E+00  3.057059E-01  0.000000E+00  0.000000E+00  0.000000E+00  1.055294E+00  0.000000E+00
  5.620000E-01  2.321729E+00  1.424185E+00  3.257292E-01  0.000000E+00  0.000000E+00  0.000000E+00  1.063192E+00  0.000000E+00
  5.640000E-01  2.322176E+00  1.427325E+00  3.445141E-01  0.000000E+00  0.000000E+00  0.000000E+00  1.070954E+00  0.000000E+00
  5.660000E-01  2.322610E+00  1.430439E+00  3.622558E-01  0.000000E+00  0.000000E+00  0.000000E+00  1.078589E+00  0.000000E+00
  5.680000E-01  2.323034E+00  1.433530E+00  3.791030E-01  0.000000E+00  0.000000E+00  0.000000E+00  1.086100E+00  0.000000E+00
  5.700000E-01  2.323448E+00  1.436597E+00  3.951722E-01  0.000000E+00  0.000000E+00  0.000000E+00  1.093495E+00  0.000000E+00
  5.720000E-01  2.323851E+00  1.439643E+00  4.105563E-01  0.000000E+00  0.000000E+00  0.000000E+00  1.100778E+00  0.000000E+00
  5.740000E-01  2.324244E+00  1.442667E+00  4.253312E-01  0.000000E+00  0.000000E+00  0.000000E+00  1.107954E+00  0.000000E+00
  5.760000E-01  2.324628E+00  1.445671E+00  4.395597E-01  0.000000E+00  0.000000E+00  0.000000E+00  1.115026E+00  0.000000E+00
  5.780000E-01  2.325003E+00  1.448656E+00  4.532945E-01  0.000000E+00  0.000000E+00  0.000000E+00  1.122000E+00  0.000000E+00
  5.800000E-01  2.325370E+00  1.451621E+00  4.665803E-01  0.000000E+00  0.000000E+00  0.000000E+00  1.128878E+00  0.000000E+00
  5.820000E-01  2.325727E+00  1.454569E+00  4.794555E-01  0.000000E+00  0.000000E+00  0.000000E+00  1.135664E+00  0.000000E+00
  5.840000E-01  2.326077E+00  1.457498E+00  4.919532E-01  0.000000E+00  0.000000E+00  0.000000E+00  1.142361E+00  0.000000E+00
  5.860000E-01  2.326419E+00  1.460410E+00  5.041024E-01  0.000000E+00  0.000000E+00  0.000000E+00  1.148972E+00  0.000000E+00
  5.880000E-01  2.326753E+00  1.463306E+00  5.159285E-01  0.000000E+00  0.000000E+00  0.000000E+00  1.155500E+00  0.000000E+00
  5.900000E-01  2.327079E+00  1.466185E+00  5.274540E-01  0.000000E+00  0.000000E+00  0.000000E+00  1.161948E+00  0.000000E+00
  5.920000E-01  2.327399E+00  1.469049E+00  5.386989E-01  0.000000E+00  0.000000E+00  0.000000E+00  1.168317E+00  0.000000E+00
  5.940000E-01  2.327711E+00  1.471897E+00  5.496810E-01  0.000000E+00  0.000000E+00  0.000000E+00  1.174612E+00  0.000000E+00
  5.960000E-01  2.328016E+00  1.474729E+00  5.604166E-01  0.000000E+00  0.000000E+00  0.000000E+00  1.180833E+00  0.000000E+00
  5.980000E-01  2.328314E+00  1.477548E+00  5.709199E-01  0.000000E+00  0.000000E+00  0.000000E+00  1.186984E+00  0.000000E+00
  6.000000E-01  2.328606E+00  1.480351E+00  5.812043E-01  0.000000E+00  0.000000E+00  0.000000E+00  1.193065E+00  0.000000E+00
  6.020000E-01  2.328891E+00  1.483141E+00  5.912816E-01  0.000000E+00  0.000000E+00  0.000000E+00  1.199079E+00  0.000000E+00
  6.040000E-01  2.329170E+00  1.485917E+00  6.011627E-01  0.000000E+00  0.000000E+00  0.000000E+00  1.205028E+00  0.000000E+00
  6.060000E-01  2.329443E+00  1.488680E+00  6.108577E-01  0.000000E+00  0.000000E+00  0.000000E+00  1.210914E+00  0.000000E+00
  6.080000E-01  2.329709E+00  1.491429E+00  6.203757E-01  0.000000E+00  0.000000E+00  0.000000E+00  1.216738E+00  0.000000E+00
  6.100000E-01  2.329970E+00  1.494165E+00  6.297252E-01  0.000000E+00  0.000000E+00  0.000000E+00  1.222502E+00  0.000000E+00
  6.120000E-01  2.330225E+00  1.496889E+00  6.389139E-01  0.000000E+00  0.000000E+00  0.000000E+00  1.228207E+00  0.000000E+00
  6.140000E-01  2.330474E+00  1.499600E+00  6.479491E-01  0.000000E+00  0.000000E+00  0.000000E+00  1.233855E+00  0.000000E+00
  6.160000E-01  2.330717E+00  1.502300E+00  6.568375E-01  0.000000E+00  0.000000E+00  0.000000E+00  1.239447E+00  0.000000E+00
  6.180000E-01  2.330955E+00  1.504987E+00  6.655854E-01  0.000000E+00  0.000000E+00  0.000000E+00  1.244985E+00  0.000000E+00
  6.200000E-01  2.331188E+00  1.507662E+00  6.741985E-01  0.000000E+00  0.000000E+00  0.000000E+00  1.250470E+00  0.000000E+00
  6.220000E-01  2.331415E+00  1.510326E+00  6.826823E-01  0.000000E+00  0.000000E+00  0.000000E+00  1.255904E+00  0.000000E+00
  6.240000E-01  2.331637E+00  1.512979E+00  6.910419E-01  0.000000E+00  0.000000E+00  0.000000E+00  1.261286E+00  0.000000E+00
  6.260000E-01  2.331854E+00  1.515621E+00  6.992820E-01  0.000000E+00  0.000000E+00  0.000000E+00  1.266619E+00  0.000000E+00
  6.280000E-01  2.332066E+00  1.518251E+00  7.074070E-01  0.000000E+00  0.000000E+00  0.000000E+00  1.271904E+00  0.000000E+00
  6.300000E-01  2.332273E+00  1.520871E+00  7.154213E-01  0.000000E+00  0.000000E+00  0.000000E+00  1.277142E+00  0.000000E+00
  6.320000E-01  2.332475E+00  1.523481E+00  7.233286E-01  0.000000E+00  0.000000E+00  0.000000E+00  1.282333E+00  0.000000E+00
  6.340000E-01  2.332673E+00  1.526080E+00  7.311328E-01  0.000000E+00  0.000000E+00  0.000000E+00  1.287479E+00  0.000000E+00
  6.360000E-01  2.332865E+00  1.528668E+00  7.388374E-01  0.000000E+00  0.000000E+00  0.000000E+00  1.292581E+00  0.000000E+00
  6.380000E-01  2.333053E+00  1.531247E+00  7.464457E-01  0.000000E+00  0.000000E+00  0.000000E+00  1.297639E+00  0.000000E+00
  6.400000E-01  2.333236E+00  1.533816E+00  7.539609E-01  0.000000E+00  0.000000E+00  0.000000E+00  1.302655E+00  0.000000E+00
  6.420000E-01  2.333415E+00  1.536374E+00  7.613858E-01  0.000000E+00  0.000000E+00  0.000000E+00  1.307629E+00  0.000000E+00
  6.440000E-01  2.333589E+00  1.538924E+00  7.687235E-01  0.000000E+00  0.000000E+00  0.000000E+00  1.312563E+00  0.000000E+00
  6.460000E-01  2.333759E+00  1.541463E+00  7.759765E-01  0.000000E+00  0.000000E+00  0.000000E+00  1.317456E+00  0.000000E+00
  6.480000E-01  2.333925E+00  1.543994E+00  7.831473E-01  0.000000E+00  0.000000E+00  0.000000E+00  1.322311E+00  0.000000E+00
  6.500000E-01  2.334086E+00  1.546515E+00  7.902386E-01  0.000000E+00  0.000000E+00  0.000000E+00  1.327127E+00  0.000000E+00
  6.520000E-01  2.334244E+00  1.549027E+00  7.972524E-01  0.000000E+00  0.000000E+00  0.000000E+00  1.331905E+00  0.000000E+00
  6.540000E-01  2.334397E+00  1.551530E+00  8.041912E-01  0.000000E+00  0.000000E+00  0.000000E+00  1.336646E+00  0.000000E+00
  6.560000E-01  2.334545E+00  1.554025E+00  8.110569E-01  0.000000E+00  0.000000E+00  0.000000E+00  1.341351E+00  0.000000E+00
  6.580000E-01  2.334690E+00  1.556510E+00  8.178516E-01  0.000000E+00  0.000000E+00  0.000000E+00  1.346020E+00  0.000000E+00
  6.600000E-01  2.334831E+00  1.558987E+00  8.245772E-01  0.000000E+00  0.000000E+00  0.000000E+00  1.350654E+00  0.000000E+00
  6.620000E-01  2.334968E+00  1.561456E+00  8.312355E-01  0.000000E+00  0.000000E+00  0.000000E+00  1.355254E+00  0.000000E+00
  6.640000E-01  2.335101E+00  1.563916E+00  8.378283E-01  0.000000E+00  0.000000E+00  0.000000E+00  1.359820E+00  0.000000E+00
  6.660000E-01  2.335230E+00  1.566367E+00  8.443574E-01  0.000000E+00  0.000000E+00  0.000000E+00  1.364353E+00  0.000000E+00
  6.680000E-01  2.335356E+00  1.568811E+00  8.508242E-01  0.000000E+00  0.000000E+00  0.000000E+00  1.368853E+00  0.000000E+00
  6.700000E-01  2.335477E+00  1.571247E+00  8.572305E-01  0.000000E+00  0.000000E+00  0.000000E+00  1.373321E+00  0.000000E+00
  6.720000E-01  2.335595E+00  1.573674E+00  8.635776E-01  0.000000E+00  0.000000E+00  0.000000E+00  1.377758E+00  0.000000E+00
  6.740000E-01  2.335710E+00  1.576094E+00  8.698669E-01  0.000000E+00  0.000000E+00  0.000000E+00  1.382163E+00  0.000000E+00
  6.760000E-01  2.335820E+00  1.578506E+00  8.761000E-01  0.000000E+00  0.000000E+00  0.000000E+00  1.386538E+00  0.000000E+00
  6.780000E-01  2.335928E+00  1.580910E+00  8.822780E-01  0.000000E+00  0.000000E+00  0.000000E+00  1.390884E+00  0.000000E+00
  6.800000E-01  2.336031E+00  1.583307E+00  8.884023E-01  0.000000E+00  0.000000E+00  0.000000E+00  1.395199E+00  0.000000E+00
  6.820000E-01  2.336131E+00  1.585696E+00  8.944741E-01  0.000000E+00  0.000000E+00  0.000000E+00  1.399486E+00  0.000000E+00
  6.840000E-01  2.336228E+00  1.588077E+00  9.004946E-01  0.000000E+00  0.000000E+00  0.000000E+00  1.403744E+00  0.000000E+00
  6.860000E-01  2.336321E+00  1.590452E+00  9.064649E-01  0.000000E+00  0.000000E+00  0.000000E+00  1.407974E+00  0.000000E+00
  6.880000E-01  2.336411E+00  1.592819E+00  9.123862E-01  0.000000E+00  0.000000E+00  0.000000E+00  1.412176E+00  0.000000E+00
  6.900000E-01  2.336497E+00  1.595179E+00  9.182594E-01  0.000000E+00  0.000000E+00  0.000000E+00  1.416351E+00  0.000000E+00
  6.920000E-01  2.336580E+00  1.597531E+00  9.240856E-01  0.000000E+00  0.000000E+00  0.000000E+00  1.420499E+00  0.000000E+00
  6.940000E-01  2.336660E+00  1.599877E+00  9.298657E-01  0.000000E+00  0.000000E+00  0.000000E+00  1.424620E+00  0.000000E+00
  6.960000E-01  2.336737E+00  1.602216E+00  9.356009E-01  0.000000E+00  0.000000E+00  0.000000E+00  1.428716E+00  0.000000E+00
  6.980000E-01  2.336810E+00  1.604548E+00  9.412919E-01  0.000000E+00  0.000000E+00  0.000000E+00  1.432785E+00  0.000000E+00
  7.000000E-01  2.336881E+00  1.606873E+00  9.469397E-01  0.000000E+00  0.000000E+00  0.000000E+00  1.436830E+00  0.000000E+00
  7.020000E-01  2.336948E+00  1.609192E+00  9.525451E-01  0.000000E+00  0.000000E+00  0.000000E+00  1.440849E+00  0.000000E+00
  7.040000E-01  2.337012E+00  1.611504E+00  9.581090E-01  0.000000E+00  0.000000E+00  0.000000E+00  1.444844E+00  0.000000E+00
  7.060000E-01  2.337073E+00  1.613809E+00  9.636322E-01  0.000000E+00  0.000000E+00  0.000000E+00  1.448815E+00  0.000000E+00
  7.080000E-01  2.337131E+00  1.616108E+00  9.691154E-01  0.000000E+00  0.000000E+00  0.000000E+00  1.452762E+00  0.000000E+00
  7.100000E-01  2.337185E+00  1.618400E+00  9.745595E-01  0.000000E+00  0.000000E+00  0.000000E+00  1.456685E+00  0.000000E+00
  7.120000E-01  2.337237E+00  1.620686E+00  9.799651E-01  0.000000E+00  0.000000E+00  0.000000E+00  1.460585E+00  0.000000E+00
  7.140000E-01  2.337286E+00  1.622966E+00  9.853330E-01  0.000000E+00  0.000000E+00  0.000000E+00  1.464462E+00  0.000000E+00
  7.160000E-01  2.337332E+00  1.625239E+00  9.906639E-01  0.000000E+00  0.000000E+00  0.000000E+00  1.468317E+00  0.000000E+00
  7.180000E-01  2.337375E+00  1.627506E+00  9.959584E-01  0.000000E+00  0.000000E+00  0.000000E+00  1.472149E+00  0.000000E+00
  7.200000E-01  2.337415E+00  1.629767E+00  1.001217E+00  0.000000E+00  0.000000E+00  0.000000E+00  1.475959E+00  0.000000E+00
  7.220000E-01  2.337452E+00  1.632022E+00  1.006441E+00  0.000000E+00  0.000000E+00  0.000000E+00  1.479747E+00  0.000000E+00
  7.240000E-01  2.337487E+00  1.634271E+00  1.011630E+00  0.000000E+00  0.000000E+00  0.000000E+00  1.483514E+00  0.000000E+00
  7.260000E-01  2.337518E+00  1.636514E+00  1.016786E+00  0.000000E+00  0.000000E+00  0.000000E+00  1.487260E+00  0.000000E+00
  7.280000E-01  2.337547E+00  1.638751E+00  1.021908E+00  0.000000E+00  0.000000E+00  0.000000E+00  1.490984E+00  0.000000E+00
  7.300000E-01  2.337573E+00  1.640983E+00  1.026998E+00  0.000000E+00  0.000000E+00  0.000000E+00  1.494688E+00  0.000000E+00
  7.320000E-01  2.337597E+00  1.643208E+00  1.032055E+00  0.000000E+00  0.000000E+00  0.000000E+00  1.498372E+00  0.000000E+00
  7.340000E-01  2.337617E+00  1.645428E+00  1.037081E+00  0.000000E+00  0.000000E+00  0.000000E+00  1.502036E+00  0.000000E+00
  7.360000E-01  2.337635E+00  1.647642E+00  1.042076E+00  0.000000E+00  0.000000E+00  0.000000E+00  1.505680E+00  0.000000E+00
  7.380000E-01  2.337651E+00  1.649850E+00  1.047040E+00  0.000000E+00  0.000000E+00  0.000000E+00  1.509304E+00  0.000000E+00
  7.400000E-01  2.337663E+00  1.652053E+00  1.051974E+00  0.000000E+00  0.000000E+00  0.000000E+00  1.512908E+00  0.000000E+00
  7.420000E-01  2.337673E+00  1.654251E+00  1.056879E+00  0.000000E+00  0.000000E+00  0.000000E+00  1.516494E+00  0.000000E+00
  7.440000E-01  2.337681E+00  1.656442E+00  1.061754E+00  0.000000E+00  0.000000E+00  0.000000E+00  1.520061E+00  0.000000E+00
  7.460000E-01  2.337685E+00  1.658629E+00  1.066601E+00  0.000000E+00  0.000000E+00  0.000000E+00  1.523609E+00  0.000000E+00
  7.480000E-01  2.337688E+00  1.660810E+00  1.071419E+00  0.000000E+00  0.000000E+00  0.000000E+00  1.527138E+00  0.000000E+00
  7.500000E-01  2.337687E+00  1.662986E+00  1.076210E+00  0.000000E+00  0.000000E+00  0.000000E+00  1.530649E+00  0.000000E+00
  7.520000E-01  2.337685E+00  1.665156E+00  1.080974E+00  0.000000E+00  0.000000E+00  0.000000E+00  1.534142E+00  0.000000E+00
  7.540000E-01  2.337679E+00  1.667321E+00  1.085710E+00  0.000000E+00  0.000000E+00  0.000000E+00  1.537618E+00  0.000000E+00
  7.560000E-01  2.337672E+00  1.669481E+00  1.090420E+00  0.000000E+00  0.000000E+00  0.000000E+00  1.541075E+00  0.000000E+00
  7.580000E-01  2.337661E+00  1.671636E+00  1.095104E+00  0.000000E+00  0.000000E+00  0.000000E+00  1.544515E+00  0.000000E+00
  7.600000E-01  2.337649E+00  1.673786E+00  1.099762E+00  0.000000E+00  0.000000E+00  0.000000E+00  1.547938E+00  0.000000E+00
  7.620000E-01  2.337634E+00  1.675930E+00  1.104394E+00  0.000000E+00  0.000000E+00  0.000000E+00  1.551344E+00  0.000000E+00
  7.640000E-01  2.337616E+00  1.678070E+00  1.109002E+00  0.000000E+00  0.000000E+00  0.000000E+00  1.554733E+00  0.000000E+00
  7.660000E-01  2.337596E+00  1.680205E+00  1.113585E+00  0.000000E+00  0.000000E+00  0.000000E+00  1.558105E+00  0.000000E+00
  7.680000E-01  2.337574E+00  1.682334E+00  1.118144E+00  0.000000E+00  0.000000E+00  0.000000E+00  1.561461E+00  0.000000E+00
  7.700000E-01  2.337549E+00  1.684459E+00  1.122679E+00  0.000000E+00  0.000000E+00  0.000000E+00  1.564801E+00  0.000000E+00
  7.720000E-01  2.337522E+00  1.686579E+00  1.127190E+00  0.000000E+00  0.000000E+00  0.000000E+00  1.568124E+00  0.000000E+00
  7.740000E-01  2.337493E+00  1.688694E+00  1.131678E+00  0.000000E+00  0.000000E+00  0.000000E+00  1.571431E+00  0.000000E+00
  7.760000E-01  2.337462E+00  1.690805E+00  1.136143E+00  0.000000E+00  0.000000E+00  0.000000E+00  1.574723E+00  0.000000E+00
  7.780000E-01  2.337428E+00  1.692910E+00  1.140585E+00  0.000000E+00  0.000000E+00  0.000000E+00  1.577999E+00  0.000000E+00
  7.800000E-01  2.337392E+00  1.695011E+00  1.145005E+00  0.000000E+00  0.000000E+00  0.000000E+00  1.581259E+00  0.000000E+00
  7.820000E-01  2.337353E+00  1.697107E+00  1.149402E+00  0.000000E+00  0.000000E+00  0.000000E+00  1.584505E+00  0.000000E+00
  7.840000E-01  2.337313E+00  1.699199E+00  1.153779E+00  0.000000E+00  0.000000E+00  0.000000E+00  1.587734E+00  0.000000E+00
  7.860000E-01  2.337270E+00  1.701286E+00  1.158133E+00  0.000000E+00  0.000000E+00  0.000000E+00  1.590949E+00  0.000000E+00
  7.880000E-01  2.337225E+00  1.703368E+00  1.162467E+00  0.000000E+00  0.000000E+00  0.000000E+00  1.594150E+00  0.000000E+00
  7.900000E-01  2.337178E+00  1.705446E+00  1.166779E+00  0.000000E+00  0.000000E+00  0.000000E+00  1.597335E+00  0.000000E+00
  7.920000E-01  2.337129E+00  1.707520E+00  1.171071E+00  0.000000E+00  0.000000E+00  0.000000E+00  1.600506E+00  0.000000E+00
  7.940000E-01  2.337077E+00  1.709589E+00  1.175342E+00  0.000000E+00  0.000000E+00  0.000000E+00  1.603662E+00  0.000000E+00
  7.960000E-01  2.337023E+00  1.711653E+00  1.179594E+00  0.000000E+00  0.000000E+00  0.000000E+00  1.606805E+00  0.000000E+00
  7.980000E-01  2.336968E+00  1.713713E+00  1.183825E+00  0.000000E+00  0.000000E+00  0.000000E+00  1.609933E+00  0.000000E+00
  8.000000E-01  2.336910E+00  1.715769E+00  1.188037E+00  0.000000E+00  0.000000E+00  0.000000E+00  1.613047E+00  0.000000E+00
  8.020000E-01  2.336850E+00  1.717821E+00  1.192229E+00  0.000000E+00  0.000000E+00  0.000000E+00  1.616147E+00  0.000000E+00
  8.040000E-01  2.336788E+00  1.719868E+00  1.196403E+00  0.000000E+00  0.000000E+00  0.000000E+00  1.619233E+00  0.000000E+00
  8.060000E-01  2.336724E+00  1.721911E+00  1.200557E+00  0.000000E+00  0.000000E+00  0.000000E+00  1.622306E+00  0.000000E+00
  8.080000E-01  2.336657E+00  1.723950E+00  1.204693E+00  0.000000E+00  0.000000E+00  0.000000E+00  1.625366E+00  0.000000E+00
  8.100000E-01  2.336589E+00  1.725984E+00  1.208810E+00  0.000000E+00  0.000000E+00  0.000000E+00  1.628412E+00  0.000000E+00
  8.120000E-01  2.336519E+00  1.728014E+00  1.212909E+00  0.000000E+00  0.000000E+00  0.000000E+00  1.631445E+00  0.000000E+00
  8.140000E-01  2.336447E+00  1.730040E+00  1.216990E+00  0.000000E+00  0.000000E+00  0.000000E+00  1.634465E+00  0.000000E+00
  8.160000E-01  2.336372E+00  1.732063E+00  1.221053E+00  0.000000E+00  0.000000E+00  0.000000E+00  1.637472E+00  0.000000E+00
  8.180000E-01  2.336296E+00  1.734081E+00  1.225099E+00  0.000000E+00  0.000000E+00  0.000000E+00  1.640466E+00  0.000000E+00
  8.200000E-01  2.336218E+00  1.736095E+00  1.229127E+00  0.000000E+00  0.000000E+00  0.000000E+00  1.643447E+00  0.000000E+00
  8.220000E-01  2.336137E+00  1.738104E+00  1.233138E+00  0.000000E+00  0.000000E+00  0.000000E+00  1.646416E+00  0.000000E+00
  8.240000E-01  2.336055E+00  1.740110E+00  1.237132E+00  0.000000E+00  0.000000E+00  0.000000E+00  1.649372E+00  0.000000E+00
  8.260000E-01  2.335971E+00  1.742112E+00  1.241109E+00  0.000000E+00  0.000000E+00  0.000000E+00  1.652316E+00  0.000000E+00
  8.280000E-01  2.335885E+00  1.744110E+00  1.245070E+00  0.000000E+00  0.000000E+00  0.000000E+00  1.655248E+00  0.000000E+00
  8.300000E-01  2.335797E+00  1.746104E+00  1.249014E+00  0.000000E+00  0.000000E+00  0.000000E+00  1.658167E+00  0.000000E+00
  8.320000E-01  2.335707E+00  1.748095E+00  1.252942E+00  0.000000E+00  0.000000E+00  0.000000E+00  1.661075E+00  0.000000E+00
  8.340000E-01  2.335615E+00  1.750081E+00  1.256853E+00  0.000000E+00  0.000000E+00  0.000000E+00  1.663970E+00  0.000000E+00
  8.360000E-01  2.335521E+00  1.752064E+00  1.260749E+00  0.000000E+00  0.000000E+00  0.000000E+00  1.666854E+00  0.000000E+00
  8.380000E-01  2.335426E+00  1.754042E+00  1.264629E+00  0.000000E+00  0.000000E+00  0.000000E+00  1.669726E+00  0.000000E+00
  8.400000E-01  2.335328E+00  1.756017E+00  1.268494E+00  0.000000E+00  0.000000E+00  0.000000E+00  1.672586E+00  0.000000E+00
  8.420000E-01  2.335229E+00  1.757989E+00  1.272343E+00  0.000000E+00  0.000000E+00  0.000000E+00  1.675435E+00  0.000000E+00
  8.440000E-01  2.335128E+00  1.759956E+00  1.276177E+00  0.000000E+00  0.000000E+00  0.000000E+00  1.678272E+00  0.000000E+00
  8.460000E-01  2.335025E+00  1.761920E+00  1.279996E+00  0.000000E+00  0.000000E+00  0.000000E+00  1.681098E+00  0.000000E+00
  8.480000E-01  2.334920E+00  1.763880E+00  1.283800E+00  0.000000E+00  0.000000E+00  0.000000E+00  1.683912E+00  0.000000E+00
  8.500000E-01  2.334814E+00  1.765836E+00  1.287590E+00  0.000000E+00  0.000000E+00  0.000000E+00  1.686716E+00  0.000000E+00
  8.520000E-01  2.334705E+00  1.767789E+00  1.291364E+00  0.000000E+00  0.000000E+00  0.000000E+00  1.689508E+00  0.000000E+00
  8.540000E-01  2.334595E+00  1.769738E+00  1.295125E+00  0.000000E+00  0.000000E+00  0.000000E+00  1.692290E+00  0.000000E+00
  8.560000E-01  2.334483E+00  1.771684E+00  1.298871E+00  0.000000E+00  0.000000E+00  0.000000E+00  1.695061E+00  0.000000E+00
  8.580000E-01  2.334369E+00  1.773626E+00  1.302603E+00  0.000000E+00  0.000000E+00  0.000000E+00  1.697820E+00  0.000000E+00
  8.600000E-01  2.334254E+00  1.775565E+00  1.306320E+00  0.000000E+00  0.000000E+00  0.000000E+00  1.700570E+00  0.000000E+00
  8.620000E-01  2.334136E+00  1.777500E+00  1.310024E+00  0.000000E+00  0.000000E+00  0.000000E+00  1.703308E+00  0.000000E+00
  8.640000E-01  2.334017E+00  1.779431E+00  1.313715E+00  0.000000E+00  0.000000E+00  0.000000E+00  1.706036E+00  0.000000E+00
  8.660000E-01  2.333897E+00  1.781359E+00  1.317391E+00  0.000000E+00  0.000000E+00  0.000000E+00  1.708754E+00  0.000000E+00
  8.680000E-01  2.333774E+00  1.783284E+00  1.321054E+00  0.000000E+00  0.000000E+00  0.000000E+00  1.711461E+00  0.000000E+00
  8.700000E-01  2.333650E+00  1.785205E+00  1.324704E+00  0.000000E+00  0.000000E+00  0.000000E+00  1.714158E+00  0.000000E+00
  8.720000E-01  2.333524E+00  1.787123E+00  1.328341E+00  0.000000E+00  0.000000E+00  0.000000E+00  1.716845E+00  0.000000E+00
  8.740000E-01  2.333396E+00  1.789037E+00  1.331964E+00  0.000000E+00  0.000000E+00  0.000000E+00  1.719521E+00  0.000000E+00
  8.760000E-01  2.333267E+00  1.790948E+00  1.335575E+00  0.000000E+00  0.000000E+00  0.000000E+00  1.722188E+00  0.000000E+00
  8.780000E-01  2.333136E+00  1.792856E+00  1.339173E+00  0.000000E+00  0.000000E+00  0.000000E+00  1.724845E+00  0.000000E+00
  8.800000E-01  2.333004E+00  1.794760E+00  1.342758E+00  0.000000E+00  0.000000E+00  0.000000E+00  1.727491E+00  0.000000E+00
  8.820000E-01  2.332869E+00  1.796661E+00  1.346331E+00  0.000000E+00  0.000000E+00  0.000000E+00  1.730128E+00  0.000000E+00
  8.840000E-01  2.332733E+00  1.798559E+00  1.349891E+00  0.000000E+00  0.000000E+00  0.000000E+00  1.732756E+00  0.000000E+00
  8.860000E-01  2.332596E+00  1.800454E+00  1.353439E+00  0.000000E+00  0.000000E+00  0.000000E+00  1.735373E+00  0.000000E+00
  8.880000E-01  2.332457E+00  1.802345E+00  1.356974E+00  0.000000E+00  0.000000E+00  0.000000E+00  1.737981E+00  0.000000E+00
  8.900000E-01  2.332316E+00  1.804233E+00  1.360497E+00  0.000000E+00  0.000000E+00  0.000000E+00  1.740580E+00  0.000000E+00
  8.920000E-01  2.332173E+00  1.806118E+00  1.364009E+00  0.000000E+00  0.000000E+00  0.000000E+00  1.743169E+00  0.000000E+00
  8.940000E-01  2.332029E+00  1.808000E+00  1.367508E+00  0.000000E+00  0.000000E+00  0.000000E+00  1.745749E+00  0.000000E+00
  8.960000E-01  2.331884E+00  1.809878E+00  1.370996E+00  0.000000E+00  0.000000E+00  0.000000E+00  1.748319E+00  0.000000E+00
  8.980000E-01  2.331736E+00  1.811753E+00  1.374472E+00  0.000000E+00  0.000000E+00  0.000000E+00  1.750880E+00  0.000000E+00
  9.000000E-01  2.331588E+00  1.813626E+00  1.377937E+00  0.000000E+00  0.000000E+00  0.000000E+00  1.753432E+00  0.000000E+00
  9.020000E-01  2.331437E+00  1.815495E+00  1.381390E+00  0.000000E+00  0.000000E+00  0.000000E+00  1.755975E+00  0.000000E+00
  9.040000E-01  2.331285E+00  1.817361E+00  1.384831E+00  0.000000E+00  0.000000E+00  0.000000E+00  1.758509E+00  0.000000E+00
  9.060000E-01  2.331132E+00  1.819224E+00  1.388262E+00  0.000000E+00  0.000000E+00  0.000000E+00  1.761034E+00  0.000000E+00
  9.080000E-01  2.330977E+00  1.821084E+00  1.391681E+00  0.000000E+00  0.000000E+00  0.000000E+00  1.763550E+00  0.000000E+00
  9.100000E-01  2.330820E+00  1.822941E+00  1.395089E+00  0.000000E+00  0.000000E+00  0.000000E+00  1.766057E+00  0.000000E+00
  9.120000E-01  2.330662E+00  1.824795E+00  1.398486E+00  0.000000E+00  0.000000E+00  0.000000E+00  1.768556E+00  0.000000E+00
  9.140000E-01  2.330502E+00  1.826646E+00  1.401872E+00  0.000000E+00  0.000000E+00  0.000000E+00  1.771046E+00  0.000000E+00
  9.160000E-01  2.330341E+00  1.828493E+00  1.405248E+00  0.000000E+00  0.000000E+00  0.000000E+00  1.773527E+00  0.000000E+00
  9.180000E-01  2.330178E+00  1.830338E+00  1.408613E+00  0.000000E+00  0.000000E+00  0.000000E+00  1.775999E+00  0.000000E+00
  9.200000E-01  2.330014E+00  1.832180E+00  1.411967E+00  0.000000E+00  0.000000E+00  0.000000E+00  1.778463E+00  0.000000E+00
  9.220000E-01  2.329848E+00  1.834019E+00  1.415311E+00  0.000000E+00  0.000000E+00  0.000000E+00  1.780919E+00  0.000000E+00
  9.240000E-01  2.329681E+00  1.835856E+00  1.418644E+00  0.000000E+00  0.000000E+00  0.000000E+00  1.783366E+00  0.000000E+00
  9.260000E-01  2.329512E+00  1.837689E+00  1.421967E+00  0.000000E+00  0.000000E+00  0.000000E+00  1.785805E+00  0.000000E+00
  9.280000E-01  2.329342E+00  1.839519E+00  1.425279E+00  0.000000E+00  0.000000E+00  0.000000E+00  1.788235E+00  0.000000E+00
  9.300000E-01  2.329170E+00  1.841347E+00  1.428582E+00  0.000000E+00  0.000000E+00  0.000000E+00  1.790657E+00  0.000000E+00
  9.320000E-01  2.328997E+00  1.843171E+00  1.431874E+00  0.000000E+00  0.000000E+00  0.000000E+00  1.793072E+00  0.000000E+00
  9.340000E-01  2.328822E+00  1.844993E+00  1.435157E+00  0.000000E+00  0.000000E+00  0.000000E+00  1.795478E+00  0.000000E+00
  9.360000E-01  2.328646E+00  1.846812E+00  1.438429E+00  0.000000E+00  0.000000E+00  0.000000E+00  1.797875E+00  0.000000E+00
  9.380000E-01  2.328469E+00  1.848628E+00  1.441692E+00  0.000000E+00  0.000000E+00  0.000000E+00  1.800265E+00  0.000000E+00
  9.400000E-01  2.328290E+00  1.850442E+00  1.444944E+00  0.000000E+00  0.000000E+00  0.000000E+00  1.802647E+00  0.000000E+00
  9.420000E-01  2.328109E+00  1.852252E+00  1.448188E+00  0.000000E+00  0.000000E+00  0.000000E+00  1.805021E+00  0.000000E+00
  9.440000E-01  2.327928E+00  1.854060E+00  1.451421E+00  0.000000E+00  0.000000E+00  0.000000E+00  1.807388E+00  0.000000E+00
  9.460000E-01  2.327744E+00  1.855865E+00  1.454645E+00  0.000000E+00  0.000000E+00  0.000000E+00  1.809746E+00  0.000000E+00
  9.480000E-01  2.327560E+00  1.857668E+00  1.457860E+00  0.000000E+00  0.000000E+00  0.000000E+00  1.812097E+00  0.000000E+00
  9.500000E-01  2.327374E+00  1.859468E+00  1.461065E+00  0.000000E+00  0.000000E+00  0.000000E+00  1.814440E+00  0.000000E+00
  9.520000E-01  2.327186E+00  1.861265E+00  1.464261E+00  0.000000E+00  0.000000E+00  0.000000E+00  1.816775E+00  0.000000E+00
  9.540000E-01  2.326997E+00  1.863059E+00  1.467447E+00  0.000000E+00  0.000000E+00  0.000000E+00  1.819103E+00  0.000000E+00
  9.560000E-01  2.326807E+00  1.864851E+00  1.470625E+00  0.000000E+00  0.000000E+00  0.000000E+00  1.821423E+00  0.000000E+00
  9.580000E-01  2.326615E+00  1.866640E+00  1.473793E+00  0.000000E+00  0.000000E+00  0.000000E+00  1.823735E+00  0.000000E+00
  9.600000E-01  2.326422E+00  1.868426E+00  1.476952E+00  0.000000E+00  0.000000E+00  0.000000E+00  1.826041E+00  0.000000E+00
  9.620000E-01  2.326228E+00  1.870210E+00  1.480103E+00  0.000000E+00  0.000000E+00  0.000000E+00  1.828339E+00  0.000000E+00
  9.640000E-01  2.326032E+00  1.871991E+00  1.483244E+00  0.000000E+00  0.000000E+00  0.000000E+00  1.830629E+00  0.000000E+00
  9.660000E-01  2.325835E+00  1.873769E+00  1.486377E+00  0.000000E+00  0.000000E+00  0.000000E+00  1.832912E+00  0.000000E+00
  9.680000E-01  2.325636E+00  1.875545E+00  1.489500E+00  0.000000E+00  0.000000E+00  0.000000E+00  1.835188E+00  0.000000E+00
  9.700000E-01  2.325437E+00  1.877319E+00  1.492616E+00  0.000000E+00  0.000000E+00  0.000000E+00  1.837457E+00  0.000000E+00
  9.720000E-01  2.325235E+00  1.879090E+00  1.495722E+00  0.000000E+00  0.000000E+00  0.000000E+00  1.839718E+00  0.000000E+00
  9.740000E-01  2.325033E+00  1.880858E+00  1.498820E+00  0.000000E+00  0.000000E+00  0.000000E+00  1.841973E+00  0.000000E+00
  9.760000E-01  2.324829E+00  1.882624E+00  1.501910E+00  0.000000E+00  0.000000E+00  0.000000E+00  1.844220E+00  0.000000E+00
  9.780000E-01  2.324624E+00  1.884387E+00  1.504991E+00  0.000000E+00  0.000000E+00  0.000000E+00  1.846460E+00  0.000000E+00
  9.800000E-01  2.324417E+00  1.886148E+00  1.508063E+00  0.000000E+00  0.000000E+00  0.000000E+00  1.848693E+00  0.000000E+00
  9.820000E-01  2.324209E+00  1.887906E+00  1.511128E+00  0.000000E+00  0.000000E+00  0.000000E+00  1.850920E+00  0.000000E+00
  9.840000E-01  2.324000E+00  1.889662E+00  1.514184E+00  0.000000E+00  0.000000E+00  0.000000E+00  1.853139E+00  0.000000E+00
  9.860000E-01  2.323790E+00  1.891415E+00  1.517232E+00  0.000000E+00  0.000000E+00  0.000000E+00  1.855351E+00  0.000000E+00
  9.880000E-01  2.323578E+00  1.893166E+00  1.520271E+00  0.000000E+00  0.000000E+00  0.000000E+00  1.857557E+00  0.000000E+00
  9.900000E-01  2.323365E+00  1.894914E+00  1.523303E+00  0.000000E+00  0.000000E+00  0.000000E+00  1.859756E+00  0.000000E+00
  9.920000E-01  2.323151E+00  1.896660E+00  1.526327E+00  0.000000E+00  0.000000E+00  0.000000E+00  1.861948E+00  0.000000E+00
  9.940000E-01  2.322935E+00  1.898404E+00  1.529342E+00  0.000000E+00  0.000000E+00  0.000000E+00  1.864134E+00  0.000000E+00
  9.960000E-01  2.322718E+00  1.900145E+00  1.532350E+00  0.000000E+00  0.000000E+00  0.000000E+00  1.866312E+00  0.000000E+00
  9.980000E-01  2.322500E+00  1.901884E+00  1.535350E+00  0.000000E+00  0.000000E+00  0.000000E+00  1.868484E+00  0.000000E+00
  1.000000E+00  2.322281E+00  1.903620E+00  1.538342E+00  0.000000E+00  0.000000E+00  0.000000E+00  1.870650E+00  0.000000E+00
  1.002000E+00  2.322060E+00  1.905354E+00  1.541326E+00  0.000000E+00  0.000000E+00  0.000000E+00  1.872809E+00  0.000000E+00
  1.004000E+00  2.321838E+00  1.907086E+00  1.544303E+00  0.000000E+00  0.000000E+00  0.000000E+00  1.874961E+00  0.000000E+00
  1.006000E+00  2.321615E+00  1.908815E+00  1.547272E+00  0.000000E+00  0.000000E+00  0.000000E+00  1.877107E+00  0.000000E+00
  1.008000E+00  2.321390E+00  1.910542E+00  1.550233E+00  0.000000E+00  0.000000E+00  0.000000E+00  1.879247E+00  0.000000E+00
  1.010000E+00  2.321164E+00  1.912267E+00  1.553187E+00  0.000000E+00  0.000000E+00  0.000000E+00  1.881380E+00  0.000000E+00
  1.012000E+00  2.320937E+00  1.913989E+00  1.556134E+00  0.000000E+00  0.000000E+00  0.000000E+00  1.883507E+00  0.000000E+00
  1.014000E+00  2.320709E+00  1.915710E+00  1.559073E+00  0.000000E+00  0.000000E+00  0.000000E+00  1.885627E+00  0.000000E+00
  1.016000E+00  2.320480E+00  1.917427E+00  1.562004E+00  0.000000E+00  0.000000E+00  0.000000E+00  1.887741E+00  0.000000E+00
  1.018000E+00  2.320249E+00  1.919143E+00  1.564928E+00  0.000000E+00  0.000000E+00  0.000000E+00  1.889849E+00  0.000000E+00
  1.020000E+00  2.320017E+00  1.920856E+00  1.567845E+00  0.000000E+00  0.000000E+00  0.000000E+00  1.891951E+00  0.000000E+00
  1.022000E+00  2.319784E+00  1.922567E+00  1.570755E+00  0.000000E+00  0.000000E+00  0.000000E+00  1.894046E+00  0.000000E+00
  1.024000E+00  2.319550E+00  1.924276E+00  1.573657E+00  0.000000E+00  0.000000E+00  0.000000E+00  1.896136E+00  0.000000E+00
  1.026000E+00  2.319314E+00  1.925983E+00  1.576553E+00  0.000000E+00  0.000000E+00  0.000000E+00  1.898219E+00  0.000000E+00
  1.028000E+00  2.319078E+00  1.927687E+00  1.579441E+00  0.000000E+00  0.000000E+00  0.000000E+00  1.900296E+00  0.000000E+00
  1.030000E+00  2.318840E+00  1.929390E+00  1.582322E+00  0.000000E+00  0.000000E+00  0.000000E+00  1.902367E+00  0.000000E+00
  1.032000E+00  2.318601E+00  1.931090E+00  1.585196E+00  0.000000E+00  0.000000E+00  0.000000E+00  1.904432E+00  0.000000E+00
  1.034000E+00  2.318360E+00  1.932788E+00  1.588063E+00  0.000000E+00  0.000000E+00  0.000000E+00  1.906491E+00  0.000000E+00
  1.036000E+00  2.318119E+00  1.934483E+00  1.590924E+00  0.000000E+00  0.000000E+00  0.000000E+00  1.908544E+00  0.000000E+00
  1.038000E+00  2.317876E+00  1.936177E+00  1.593777E+00  0.000000E+00  0.000000E+00  0.000000E+00  1.910591E+00  0.000000E+00
  1.040000E+00  2.317632E+00  1.937868E+00  1.596624E+00  0.000000E+00  0.000000E+00  0.000000E+00  1.912632E+00  0.000000E+00
  1.042000E+00  2.317387E+00  1.939557E+00  1.599464E+00  0.000000E+00  0.000000E+00  0.000000E+00  1.914668E+00  0.000000E+00
  1.044000E+00  2.317141E+00  1.941245E+00  1.602297E+00  0.000000E+00  0.000000E+00  0.000000E+00  1.916697E+00  0.000000E+00
  1.046000E+00  2.316894E+00  1.942930E+00  1.605123E+00  0.000000E+00  0.000000E+00  0.000000E+00  1.918721E+00  0.000000E+00
  1.048000E+00  2.316646E+00  1.944613E+00  1.607943E+00  0.000000E+00  0.000000E+00  0.000000E+00  1.920739E+00  0.000000E+00
  1.050000E+00  2.316396E+00  1.946294E+00  1.610756E+00  0.000000E+00  0.000000E+00  0.000000E+00  1.922751E+00  0.000000E+00
  1.052000E+00  2.316145E+00  1.947972E+00  1.613562E+00  0.000000E+00  0.000000E+00  0.000000E+00  1.924757E+00  0.000000E+00
  1.054000E+00  2.315893E+00  1.949649E+00  1.616362E+00  0.000000E+00  0.000000E+00  0.000000E+00  1.926758E+00  0.000000E+00
  1.056000E+00  2.315640E+00  1.951324E+00  1.619156E+00  0.000000E+00  0.000000E+00  0.000000E+00  1.928753E+00  0.000000E+00
  1.058000E+00  2.315386E+00  1.952997E+00  1.621943E+00  0.000000E+00  0.000000E+00  0.000000E+00  1.930743E+00  0.000000E+00
  1.060000E+00  2.315131E+00  1.954667E+00  1.624724E+00  0.000000E+00  0.000000E+00  0.000000E+00  1.932726E+00  0.000000E+00
  1.062000E+00  2.314874E+00  1.956336E+00  1.627498E+00  0.000000E+00  0.000000E+00  0.000000E+00  1.934705E+00  0.000000E+00
  1.064000E+00  2.314616E+00  1.958003E+00  1.630266E+00  0.000000E+00  0.000000E+00  0.000000E+00  1.936677E+00  0.000000E+00
  1.066000E+00  2.314358E+00  1.959667E+00  1.633027E+00  0.000000E+00  0.000000E+00  0.000000E+00  1.938644E+00  0.000000E+00
  1.068000E+00  2.314098E+00  1.961330E+00  1.635783E+00  0.000000E+00  0.000000E+00  0.000000E+00  1.940606E+00  0.000000E+00
  1.070000E+00  2.313837E+00  1.962991E+00  1.638532E+00  0.000000E+00  0.000000E+00  0.000000E+00  1.942562E+00  0.000000E+00
  1.072000E+00  2.313575E+00  1.964649E+00  1.641275E+00  0.000000E+00  0.000000E+00  0.000000E+00  1.944513E+00  0.000000E+00
  1.074000E+00  2.313312E+00  1.966306E+00  1.644012E+00  0.000000E+00  0.000000E+00  0.000000E+00  1.946458E+00  0.000000E+00
  1.076000E+00  2.313048E+00  1.967961E+00  1.646742E+00  0.000000E+00  0.000000E+00  0.000000E+00  1.948398E+00  0.000000E+00
  1.078000E+00  2.312782E+00  1.969614E+00  1.649467E+00  0.000000E+00  0.000000E+00  0.000000E+00  1.950332E+00  0.000000E+00
  1.080000E+00  2.312516E+00  1.971265E+00  1.652186E+00  0.000000E+00  0.000000E+00  0.000000E+00  1.952261E+00  0.000000E+00
  1.082000E+00  2.312248E+00  1.972915E+00  1.654898E+00  0.000000E+00  0.000000E+00  0.000000E+00  1.954185E+00  0.000000E+00
  1.084000E+00  2.311980E+00  1.974562E+00  1.657605E+00  0.000000E+00  0.000000E+00  0.000000E+00  1.956103E+00  0.000000E+00
  1.086000E+00  2.311710E+00  1.976207E+00  1.660306E+00  0.000000E+00  0.000000E+00  0.000000E+00  1.958016E+00  0.000000E+00
  1.088000E+00  2.311439E+00  1.977851E+00  1.663001E+00  0.000000E+00  0.000000E+00  0.000000E+00  1.959923E+00  0.000000E+00
  1.090000E+00  2.311168E+00  1.979493E+00  1.665690E+00  0.000000E+00  0.000000E+00  0.000000E+00  1.961826E+00  0.000000E+00
  1.092000E+00  2.310895E+00  1.981133E+00  1.668373E+00  0.000000E+00  0.000000E+00  0.000000E+00  1.963723E+00  0.000000E+00
  1.094000E+00  2.310621E+00  1.982771E+00  1.671050E+00  0.000000E+00  0.000000E+00  0.000000E+00  1.965615E+00  0.000000E+00
  1.096000E+00  2.310346E+00  1.984407E+00  1.673722E+00  0.000000E+00  0.000000E+00  0.000000E+00  1.967501E+00  0.000000E+00
  1.098000E+00  2.310070E+00  1.986042E+00  1.676388E+00  0.000000E+00  0.000000E+00  0.000000E+00  1.969383E+00  0.000000E+00
  1.100000E+00  2.309793E+00  1.987675E+00  1.679048E+00  0.000000E+00  0.000000E+00  0.000000E+00  1.971259E+00  0.000000E+00
  1.102000E+00  2.309526E+00  1.989010E+00  1.681210E+00  0.000000E+00  0.000000E+00  0.000000E+00  1.972820E+00  2.233004E-01
  1.104000E+00  2.309257E+00  1.990390E+00  1.683445E+00  0.000000E+00  0.000000E+00  0.000000E+00  1.974426E+00  2.737507E-01
  1.106000E+00  2.308989E+00  1.991730E+00  1.685612E+00  0.000000E+00  0.000000E+00  0.000000E+00  1.975986E+00  3.154083E-01
  1.108000E+00  2.308721E+00  1.993037E+00  1.687722E+00  0.000000E+00  0.000000E+00  0.000000E+00  1.977509E+00  3.515457E-01
  1.110000E+00  2.308454E+00  1.994317E+00  1.689784E+00  0.000000E+00  0.000000E+00  0.000000E+00  1.979000E+00  3.838048E-01
  1.112000E+00  2.308187E+00  1.995572E+00  1.691803E+00  0.000000E+00  0.000000E+00  0.000000E+00  1.980462E+00  4.131485E-01
  1.114000E+00  2.307921E+00  1.996805E+00  1.693785E+00  0.000000E+00  0.000000E+00  0.000000E+00  1.981899E+00  4.401982E-01
  1.116000E+00  2.307655E+00  1.998019E+00  1.695733E+00  0.000000E+00  0.000000E+00  0.000000E+00  1.983312E+00  4.653829E-01
  1.118000E+00  2.307389E+00  1.999215E+00  1.697650E+00  0.000000E+00  0.000000E+00  0.000000E+00  1.984703E+00  4.890131E-01
  1.120000E+00  2.307123E+00  2.000394E+00  1.699538E+00  0.000000E+00  0.000000E+00  0.000000E+00  1.986075E+00  5.113223E-01
  1.122000E+00  2.306858E+00  2.001559E+00  1.701399E+00  0.000000E+00  0.000000E+00  0.000000E+00  1.987428E+00  5.324912E-01
  1.124000E+00  2.306592E+00  2.002710E+00  1.703236E+00  0.000000E+00  0.000000E+00  0.000000E+00  1.988763E+00  5.526630E-01
  1.126000E+00  2.306327E+00  2.003848E+00  1.705049E+00  0.000000E+00  0.000000E+00  0.000000E+00  1.990081E+00  5.719537E-01
  1.128000E+00  2.306062E+00  2.004973E+00  1.706841E+00  0.000000E+00  0.000000E+00  0.000000E+00  1.991383E+00  5.904585E-01
  1.130000E+00  2.305797E+00  2.006088E+00  1.708612E+00  0.000000E+00  0.000000E+00  0.000000E+00  1.992670E+00  6.082568E-01
  1.132000E+00  2.305533E+00  2.007192E+00  1.710364E+00  0.000000E+00  0.000000E+00  0.000000E+00  1.993941E+00  6.254158E-01
  1.134000E+00  2.305268E+00  2.008286E+00  1.712097E+00  0.000000E+00  0.000000E+00  0.000000E+00  1.995199E+00  6.419928E-01
  1.136000E+00  2.305004E+00  2.009370E+00  1.713812E+00  0.000000E+00  0.000000E+00  0.000000E+00  1.996442E+00  6.580373E-01
  1.138000E+00  2.304740E+00  2.010447E+00  1.715511E+00  0.000000E+00  0.000000E+00  0.000000E+00  1.997671E+00  6.735927E-01
  1.140000E+00  2.304477E+00  2.011517E+00  1.717195E+00  0.000000E+00  0.000000E+00  0.000000E+00  1.998884E+00  6.886981E-01
  1.142000E+00  2.304213E+00  2.012578E+00  1.718862E+00  0.000000E+00  0.000000E+00  0.000000E+00  2.000086E+00  7.033824E-01
  1.144000E+00  2.303950E+00  2.013631E+00  1.720515E+00  0.000000E+00  0.000000E+00  0.000000E+00  2.001278E+00  7.176745E-01
  1.146000E+00  2.303686E+00  2.014675E+00  1.722153E+00  0.000000E+00  0.000000E+00  0.000000E+00  2.002460E+00  7.316005E-01
  1.148000E+00  2.303422E+00  2.015710E+00  1.723778E+00  0.000000E+00  0.000000E+00  0.000000E+00  2.003632E+00  7.451838E-01
  1.150000E+00  2.303159E+00  2.016738E+00  1.725389E+00  0.000000E+00  0.000000E+00  0.000000E+00  2.004795E+00  7.584456E-01
  1.152000E+00  2.302895E+00  2.017758E+00  1.726988E+00  0.000000E+00  0.000000E+00  0.000000E+00  2.005949E+00  7.714047E-01
  1.154000E+00  2.302631E+00  2.018771E+00  1.728574E+00  0.000000E+00  0.000000E+00  0.000000E+00  2.007095E+00  7.840785E-01
  1.156000E+00  2.302366E+00  2.019777E+00  1.730148E+00  0.000000E+00  0.000000E+00  0.000000E+00  2.008232E+00  7.964827E-01
  1.158000E+00  2.302102E+00  2.020776E+00  1.731710E+00  0.000000E+00  0.000000E+00  0.000000E+00  2.009362E+00  8.086316E-01
  1.160000E+00  2.301838E+00  2.021769E+00  1.733261E+00  0.000000E+00  0.000000E+00  0.000000E+00  2.010483E+00  8.205383E-01
  1.162000E+00  2.301573E+00  2.022755E+00  1.734801E+00  0.000000E+00  0.000000E+00  0.000000E+00  2.011597E+00  8.322150E-01
  1.164000E+00  2.301308E+00  2.023734E+00  1.736331E+00  0.000000E+00  0.000000E+00  0.000000E+00  2.012703E+00  8.436727E-01
  1.166000E+00  2.301043E+00  2.024708E+00  1.737850E+00  0.000000E+00  0.000000E+00  0.000000E+00  2.013802E+00  8.549218E-01
  1.168000E+00  2.300778E+00  2.025676E+00  1.739359E+00  0.000000E+00  0.000000E+00  0.000000E+00  2.014894E+00  8.659717E-01
  1.170000E+00  2.300513E+00  2.026638E+00  1.740858E+00  0.000000E+00  0.000000E+00  0.000000E+00  2.015978E+00  8.768313E-01
  1.172000E+00  2.300248E+00  2.027594E+00  1.742348E+00  0.000000E+00  0.000000E+00  0.000000E+00  2.017057E+00  8.875087E-01
  1.174000E+00  2.299983E+00  2.028545E+00  1.743829E+00  0.000000E+00  0.000000E+00  0.000000E+00  2.018128E+00  8.980118E-01
  1.176000E+00  2.299717E+00  2.029490E+00  1.745301E+00  0.000000E+00  0.000000E+00  0.000000E+00  2.019193E+00  9.083475E-01
  1.178000E+00  2.299451E+00  2.030431E+00  1.746764E+00  0.000000E+00  0.000000E+00  0.000000E+00  2.020252E+00  9.185226E-01
  1.180000E+00  2.299186E+00  2.031366E+00  1.748218E+00  0.000000E+00  0.000000E+00  0.000000E+00  2.021305E+00  9.285434E-01
  1.182000E+00  2.298920E+00  2.032296E+00  1.749664E+00  0.000000E+00  0.000000E+00  0.000000E+00  2.022352E+00  9.384157E-01
  1.184000E+00  2.298653E+00  2.033222E+00  1.751101E+00  0.000000E+00  0.000000E+00  0.000000E+00  2.023392E+00  9.481450E-01
  1.186000E+00  2.298387E+00  2.034143E+00  1.752531E+00  0.000000E+00  0.000000E+00  0.000000E+00  2.024427E+00  9.577366E-01
  1.188000E+00  2.298121E+00  2.035059E+00  1.753953E+00  0.000000E+00  0.000000E+00  0.000000E+00  2.025457E+00  9.671953E-01
  1.190000E+00  2.297854E+00  2.035971E+00  1.755367E+00  0.000000E+00  0.000000E+00  0.000000E+00  2.026480E+00  9.765257E-01
  1.192000E+00  2.297588E+00  2.036878E+00  1.756774E+00  0.000000E+00  0.000000E+00  0.000000E+00  2.027499E+00  9.857323E-01
  1.194000E+00  2.297321E+00  2.037781E+00  1.758174E+00  0.000000E+00  0.000000E+00  0.000000E+00  2.028512E+00  9.948191E-01
  1.196000E+00  2.297054E+00  2.038680E+00  1.759566E+00  0.000000E+00  0.000000E+00  0.000000E+00  2.029519E+00  1.003790E+00
  1.198000E+00  2.296787E+00  2.039574E+00  1.760951E+00  0.000000E+00  0.000000E+00  0.000000E+00  2.030522E+00  1.012649E+00
  1.200000E+00  2.296520E+00  2.040465E+00  1.762329E+00  0.000000E+00  0.000000E+00  0.000000E+00  2.031519E+00  1.021399E+00
