  1.000000E-02  2.415199E-02 -2.200999E-02 -1.284532E-02 -4.380133E-03
  1.200000E-02  3.425991E-02 -3.115472E-02 -1.821932E-02 -5.951531E-03
  1.400000E-02  4.595275E-02 -4.172705E-02 -2.445529E-02 -7.694385E-03
  1.600000E-02  5.916416E-02 -5.367533E-02 -3.153072E-02 -9.595213E-03
  1.800000E-02  7.383093E-02 -6.695218E-02 -3.942570E-02 -1.164308E-02
  2.000000E-02  8.989262E-02 -8.151381E-02 -4.812248E-02 -1.382892E-02
  2.200000E-02  1.072914E-01 -9.731945E-02 -5.760511E-02 -1.614510E-02
  2.400000E-02  1.259719E-01 -1.143310E-01 -6.785913E-02 -1.858507E-02
  2.600000E-02  1.458808E-01 -1.325128E-01 -7.887143E-02 -2.114318E-02
  2.800000E-02  1.669672E-01 -1.518310E-01 -9.062998E-02 -2.381447E-02
  3.000000E-02  1.891819E-01 -1.722539E-01 -1.031238E-01 -2.659458E-02
  3.200000E-02  2.124779E-01 -1.937514E-01 -1.163426E-01 -2.947961E-02
  3.400000E-02  2.368097E-01 -2.162948E-01 -1.302770E-01 -3.246607E-02
  3.600000E-02  2.621337E-01 -2.398571E-01 -1.449183E-01 -3.555081E-02
  3.800000E-02  2.884080E-01 -2.644123E-01 -1.602583E-01 -3.873096E-02
  4.000000E-02  3.155921E-01 -2.899359E-01 -1.762893E-01 -4.200390E-02
  4.200000E-02  3.436471E-01 -3.164041E-01 -1.930041E-01 -4.536723E-02
  4.400000E-02  3.725357E-01 -3.437946E-01 -2.103960E-01 -4.881873E-02
  4.600000E-02  4.022215E-01 -3.720858E-01 -2.284586E-01 -5.235634E-02
  4.800000E-02  4.326701E-01 -4.012569E-01 -2.471858E-01 -5.597813E-02
  5.000000E-02  4.638477E-01 -4.312882E-01 -2.665717E-01 -5.968232E-02
  5.200000E-02  4.957222E-01 -4.621607E-01 -2.866111E-01 -6.346722E-02
  5.400000E-02  5.282625E-01 -4.938561E-01 -3.072985E-01 -6.733125E-02
  5.600000E-02  5.614386E-01 -5.263569E-01 -3.286289E-01 -7.127291E-02
  5.800000E-02  5.952215E-01 -5.596460E-01 -3.505976E-01 -7.529078E-02
  6.000000E-02  6.295835E-01 -5.937073E-01 -3.731999E-01 -7.938351E-02
  6.200000E-02  6.644978E-01 -6.285250E-01 -3.964313E-01 -8.354981E-02
  6.400000E-02  6.999383E-01 -6.640840E-01 -4.202875E-01 -8.778847E-02
  6.600000E-02  7.358801E-01 -7.003697E-01 -4.447643E-01 -9.209831E-02
  6.800000E-02  7.722993E-01 -7.373680E-01 -4.698576E-01 -9.647819E-02
  7.000000E-02  8.091724E-01 -7.750652E-01 -4.955635E-01 -1.009270E-01
  7.200000E-02  8.464771E-01 -8.134483E-01 -5.218782E-01 -1.054438E-01
  7.400000E-02  8.841919E-01 -8.525044E-01 -5.487979E-01 -1.100275E-01
  7.600000E-02  9.222958E-01 -8.922212E-01 -5.763189E-01 -1.146772E-01
  7.800000E-02  9.607688E-01 -9.325869E-01 -6.044378E-01 -1.193919E-01
  8.000000E-02  9.995914E-01 -9.735898E-01 -6.331510E-01 -1.241707E-01
  8.200000E-02  1.038745E+00 -1.015219E+00 -6.624551E-01 -1.290128E-01
  8.400000E-02  1.078211E+00 -1.057463E+00 -6.923467E-01 -1.339172E-01
  8.600000E-02  1.117973E+00 -1.100312E+00 -7.228226E-01 -1.388832E-01
  8.800000E-02  1.158013E+00 -1.143755E+00 -7.538795E-01 -1.439099E-01
  9.000000E-02  1.198316E+00 -1.187782E+00 -7.855142E-01 -1.489966E-01
  9.200000E-02  1.238865E+00 -1.232385E+00 -8.177236E-01 -1.541425E-01
  9.400000E-02  1.279646E+00 -1.277553E+00 -8.505047E-01 -1.593468E-01
  9.600000E-02  1.320644E+00 -1.323277E+00 -8.838543E-01 -1.646089E-01
  9.800000E-02  1.361845E+00 -1.369548E+00 -9.177695E-01 -1.699279E-01
  1.000000E-01  1.403234E+00 -1.416359E+00 -9.522474E-01 -1.753034E-01
  1.020000E-01  1.444800E+00 -1.463700E+00 -9.872849E-01 -1.807344E-01
  1.040000E-01  1.486530E+00 -1.511563E+00 -1.022879E+00 -1.862205E-01
  1.060000E-01  1.528410E+00 -1.559941E+00 -1.059028E+00 -1.917609E-01
  1.080000E-01  1.570430E+00 -1.608825E+00 -1.095727E+00 -1.973549E-01
  1.100000E-01  1.612578E+00 -1.658209E+00 -1.132975E+00 -2.030021E-01
  1.120000E-01  1.654843E+00 -1.708084E+00 -1.170768E+00 -2.087018E-01
  1.140000E-01  1.697214E+00 -1.758443E+00 -1.209104E+00 -2.144533E-01
  1.160000E-01  1.739681E+00 -1.809280E+00 -1.247980E+00 -2.202561E-01
  1.180000E-01  1.782234E+00 -1.860588E+00 -1.287394E+00 -2.261096E-01
  1.200000E-01  1.824864E+00 -1.912359E+00 -1.327342E+00 -2.320133E-01
  1.220000E-01  1.867562E+00 -1.964589E+00 -1.367823E+00 -2.379666E-01
  1.240000E-01  1.910317E+00 -2.017269E+00 -1.408833E+00 -2.439690E-01
  1.260000E-01  1.953123E+00 -2.070394E+00 -1.450370E+00 -2.500199E-01
  1.280000E-01  1.995970E+00 -2.123958E+00 -1.492431E+00 -2.561188E-01
  1.300000E-01  2.038806E+00 -2.177914E+00 -1.535068E+00 -2.622771E-01
  1.320000E-01  2.081300E+00 -2.231964E+00 -1.578663E+00 -2.685793E-01
  1.340000E-01  2.123598E+00 -2.286241E+00 -1.623040E+00 -2.749850E-01
  1.360000E-01  2.165756E+00 -2.340794E+00 -1.668126E+00 -2.814776E-01
  1.380000E-01  2.207794E+00 -2.395643E+00 -1.713888E+00 -2.880493E-01
  1.400000E-01  2.249724E+00 -2.450797E+00 -1.760307E+00 -2.946954E-01
  1.420000E-01  2.291550E+00 -2.506261E+00 -1.807369E+00 -3.014124E-01
  1.440000E-01  2.333276E+00 -2.562039E+00 -1.855061E+00 -3.081977E-01
  1.460000E-01  2.374902E+00 -2.618131E+00 -1.903376E+00 -3.150492E-01
  1.480000E-01  2.416429E+00 -2.674538E+00 -1.952306E+00 -3.219651E-01
  1.500000E-01  2.457855E+00 -2.731258E+00 -2.001844E+00 -3.289437E-01
  1.520000E-01  2.499181E+00 -2.788291E+00 -2.051984E+00 -3.359836E-01
  1.540000E-01  2.540404E+00 -2.845636E+00 -2.102721E+00 -3.430836E-01
  1.560000E-01  2.581523E+00 -2.903290E+00 -2.154050E+00 -3.502424E-01
  1.580000E-01  2.622536E+00 -2.961251E+00 -2.205966E+00 -3.574590E-01
  1.600000E-01  2.663442E+00 -3.019519E+00 -2.258465E+00 -3.647324E-01
  1.620000E-01  2.704237E+00 -3.078090E+00 -2.311543E+00 -3.720616E-01
  1.640000E-01  2.744922E+00 -3.136963E+00 -2.365195E+00 -3.794458E-01
  1.660000E-01  2.785493E+00 -3.196135E+00 -2.419418E+00 -3.868840E-01
  1.680000E-01  2.825948E+00 -3.255604E+00 -2.474208E+00 -3.943755E-01
  1.700000E-01  2.866287E+00 -3.315368E+00 -2.529561E+00 -4.019194E-01
  1.720000E-01  2.906506E+00 -3.375424E+00 -2.585474E+00 -4.095150E-01
  1.740000E-01  2.946605E+00 -3.435770E+00 -2.641943E+00 -4.171616E-01
  1.760000E-01  2.986581E+00 -3.496404E+00 -2.698965E+00 -4.248585E-01
  1.780000E-01  3.026433E+00 -3.557323E+00 -2.756537E+00 -4.326050E-01
  1.800000E-01  3.066159E+00 -3.618525E+00 -2.814655E+00 -4.404004E-01
  1.820000E-01  3.105757E+00 -3.680008E+00 -2.873317E+00 -4.482442E-01
  1.840000E-01  3.145227E+00 -3.741770E+00 -2.932518E+00 -4.561356E-01
  1.860000E-01  3.184566E+00 -3.803807E+00 -2.992256E+00 -4.640740E-01
  1.880000E-01  3.223773E+00 -3.866119E+00 -3.052529E+00 -4.720590E-01
  1.900000E-01  3.262847E+00 -3.928702E+00 -3.113331E+00 -4.800898E-01
  1.920000E-01  3.301787E+00 -3.991555E+00 -3.174662E+00 -4.881660E-01
  1.940000E-01  3.340591E+00 -4.054675E+00 -3.236518E+00 -4.962870E-01
  1.960000E-01  3.379258E+00 -4.118060E+00 -3.298895E+00 -5.044522E-01
  1.980000E-01  3.417788E+00 -4.181708E+00 -3.361792E+00 -5.126611E-01
  2.000000E-01  3.456178E+00 -4.245618E+00 -3.425204E+00 -5.209132E-01
  2.020000E-01  3.494429E+00 -4.309785E+00 -3.489130E+00 -5.292080E-01
  2.040000E-01  3.532539E+00 -4.374210E+00 -3.553566E+00 -5.375449E-01
  2.060000E-01  3.570507E+00 -4.438889E+00 -3.618510E+00 -5.459236E-01
  2.080000E-01  3.608332E+00 -4.503821E+00 -3.683959E+00 -5.543435E-01
  2.100000E-01  3.646014E+00 -4.569004E+00 -3.749909E+00 -5.628042E-01
  2.120000E-01  3.683552E+00 -4.634435E+00 -3.816359E+00 -5.713051E-01
  2.140000E-01  3.720945E+00 -4.700113E+00 -3.883306E+00 -5.798458E-01
  2.160000E-01  3.758193E+00 -4.766035E+00 -3.950746E+00 -5.884260E-01
  2.180000E-01  3.795295E+00 -4.832201E+00 -4.018678E+00 -5.970451E-01
  2.200000E-01  3.832250E+00 -4.898607E+00 -4.087098E+00 -6.057027E-01
  2.220000E-01  3.869058E+00 -4.965253E+00 -4.156004E+00 -6.143983E-01
  2.240000E-01  3.905719E+00 -5.032136E+00 -4.225393E+00 -6.231317E-01
  2.260000E-01  3.942232E+00 -5.099254E+00 -4.295263E+00 -6.319023E-01
  2.280000E-01  3.978597E+00 -5.166606E+00 -4.365611E+00 -6.407097E-01
  2.300000E-01  4.014813E+00 -5.234190E+00 -4.436434E+00 -6.495536E-01
  2.320000E-01  4.050880E+00 -5.302004E+00 -4.507730E+00 -6.584336E-01
  2.340000E-01  4.086797E+00 -5.370046E+00 -4.579497E+00 -6.673492E-01
  2.360000E-01  4.122566E+00 -5.438316E+00 -4.651731E+00 -6.763001E-01
  2.380000E-01  4.158184E+00 -5.506810E+00 -4.724430E+00 -6.852859E-01
  2.400000E-01  4.193653E+00 -5.575527E+00 -4.797592E+00 -6.943063E-01
  2.420000E-01  4.228972E+00 -5.644467E+00 -4.871215E+00 -7.033608E-01
  2.440000E-01  4.264141E+00 -5.713626E+00 -4.945295E+00 -7.124491E-01
  2.460000E-01  4.299160E+00 -5.783004E+00 -5.019831E+00 -7.215709E-01
  2.480000E-01  4.334029E+00 -5.852599E+00 -5.094819E+00 -7.307258E-01
  2.500000E-01  4.368747E+00 -5.922409E+00 -5.170258E+00 -7.399135E-01
  2.520000E-01  4.403315E+00 -5.992432E+00 -5.246145E+00 -7.491335E-01
  2.540000E-01  4.437733E+00 -6.062668E+00 -5.322478E+00 -7.583857E-01
  2.560000E-01  4.472001E+00 -6.133115E+00 -5.399254E+00 -7.676696E-01
  2.580000E-01  4.506119E+00 -6.203771E+00 -5.476470E+00 -7.769849E-01
  2.600000E-01  4.540086E+00 -6.274634E+00 -5.554125E+00 -7.863314E-01
  2.620000E-01  4.573905E+00 -6.345704E+00 -5.632217E+00 -7.957086E-01
  2.640000E-01  4.607573E+00 -6.416978E+00 -5.710742E+00 -8.051163E-01
  2.660000E-01  4.641092E+00 -6.488456E+00 -5.789698E+00 -8.145541E-01
  2.680000E-01  4.674461E+00 -6.560136E+00 -5.869084E+00 -8.240218E-01
  2.700000E-01  4.707682E+00 -6.632016E+00 -5.948896E+00 -8.335190E-01
  2.720000E-01  4.740753E+00 -6.704096E+00 -6.029133E+00 -8.430454E-01
  2.740000E-01  4.773676E+00 -6.776373E+00 -6.109793E+00 -8.526008E-01
  2.760000E-01  4.806450E+00 -6.848846E+00 -6.190872E+00 -8.621849E-01
  2.780000E-01  4.839077E+00 -6.921515E+00 -6.272369E+00 -8.717973E-01
  2.800000E-01  4.871555E+00 -6.994377E+00 -6.354282E+00 -8.814379E-01
  2.820000E-01  4.903886E+00 -7.067432E+00 -6.436608E+00 -8.911062E-01
  2.840000E-01  4.936070E+00 -7.140678E+00 -6.519345E+00 -9.008020E-01
  2.860000E-01  4.968107E+00 -7.214113E+00 -6.602491E+00 -9.105251E-01
  2.880000E-01  4.999997E+00 -7.287737E+00 -6.686044E+00 -9.202752E-01
  2.900000E-01  5.031741E+00 -7.361548E+00 -6.770001E+00 -9.300520E-01
  2.920000E-01  5.063340E+00 -7.435546E+00 -6.854360E+00 -9.398552E-01
  2.940000E-01  5.094793E+00 -7.509728E+00 -6.939120E+00 -9.496846E-01
  2.960000E-01  5.126101E+00 -7.584093E+00 -7.024278E+00 -9.595400E-01
  2.980000E-01  5.157264E+00 -7.658641E+00 -7.109832E+00 -9.694210E-01
  3.000000E-01  5.188284E+00 -7.733370E+00 -7.195779E+00 -9.793274E-01
  3.020000E-01  5.219159E+00 -7.808279E+00 -7.282119E+00 -9.892590E-01
  3.040000E-01  5.249891E+00 -7.883367E+00 -7.368847E+00 -9.992155E-01
  3.060000E-01  5.280481E+00 -7.958633E+00 -7.455964E+00 -1.009197E+00
  3.080000E-01  5.310927E+00 -8.034074E+00 -7.543466E+00 -1.019202E+00
  3.100000E-01  5.341232E+00 -8.109692E+00 -7.631351E+00 -1.029232E+00
  3.120000E-01  5.371396E+00 -8.185483E+00 -7.719618E+00 -1.039286E+00
  3.140000E-01  5.401419E+00 -8.261447E+00 -7.808264E+00 -1.049363E+00
  3.160000E-01  5.431301E+00 -8.337583E+00 -7.897287E+00 -1.059464E+00
  3.180000E-01  5.461043E+00 -8.413891E+00 -7.986685E+00 -1.069589E+00
  3.200000E-01  5.490645E+00 -8.490367E+00 -8.076457E+00 -1.079736E+00
  3.220000E-01  5.520109E+00 -8.567013E+00 -8.166600E+00 -1.089906E+00
  3.240000E-01  5.549434E+00 -8.643826E+00 -8.257112E+00 -1.100099E+00
  3.260000E-01  5.578621E+00 -8.720806E+00 -8.347992E+00 -1.110314E+00
  3.280000E-01  5.607671E+00 -8.797951E+00 -8.439237E+00 -1.120551E+00
  3.300000E-01  5.636584E+00 -8.875260E+00 -8.530845E+00 -1.130811E+00
  3.320000E-01  5.665361E+00 -8.952733E+00 -8.622814E+00 -1.141092E+00
  3.340000E-01  5.694002E+00 -9.030369E+00 -8.715144E+00 -1.151394E+00
  3.360000E-01  5.722507E+00 -9.108166E+00 -8.807830E+00 -1.161718E+00
  3.380000E-01  5.750878E+00 -9.186123E+00 -8.900873E+00 -1.172063E+00
  3.400000E-01  5.779115E+00 -9.264239E+00 -8.994269E+00 -1.182429E+00
  3.420000E-01  5.807218E+00 -9.342514E+00 -9.088017E+00 -1.192815E+00
  3.440000E-01  5.835188E+00 -9.420947E+00 -9.182115E+00 -1.203222E+00
  3.460000E-01  5.863025E+00 -9.499536E+00 -9.276562E+00 -1.213650E+00
  3.480000E-01  5.890731E+00 -9.578280E+00 -9.371354E+00 -1.224097E+00
  3.500000E-01  5.918306E+00 -9.657179E+00 -9.466491E+00 -1.234565E+00
  3.520000E-01  5.945749E+00 -9.736232E+00 -9.561971E+00 -1.245052E+00
  3.540000E-01  5.973063E+00 -9.815437E+00 -9.657791E+00 -1.255559E+00
  3.560000E-01  6.000247E+00 -9.894794E+00 -9.753950E+00 -1.266085E+00
  3.580000E-01  6.027301E+00 -9.974301E+00 -9.850447E+00 -1.276631E+00
  3.600000E-01  6.054228E+00 -1.005396E+01 -9.947278E+00 -1.287195E+00
  3.620000E-01  6.081026E+00 -1.013377E+01 -1.004444E+01 -1.297778E+00
  3.640000E-01  6.107698E+00 -1.021372E+01 -1.014194E+01 -1.308380E+00
  3.660000E-01  6.134242E+00 -1.029382E+01 -1.023977E+01 -1.319001E+00
  3.680000E-01  6.160661E+00 -1.037407E+01 -1.033792E+01 -1.329639E+00
  3.700000E-01  6.186954E+00 -1.045447E+01 -1.043641E+01 -1.340296E+00
  3.720000E-01  6.213122E+00 -1.053500E+01 -1.053521E+01 -1.350971E+00
  3.740000E-01  6.239166E+00 -1.061569E+01 -1.063434E+01 -1.361664E+00
  3.760000E-01  6.265086E+00 -1.069651E+01 -1.073379E+01 -1.372374E+00
  3.780000E-01  6.290883E+00 -1.077748E+01 -1.083356E+01 -1.383102E+00
  3.800000E-01  6.316557E+00 -1.085859E+01 -1.093365E+01 -1.393847E+00
  3.820000E-01  6.342109E+00 -1.093984E+01 -1.103406E+01 -1.404609E+00
  3.840000E-01  6.367540E+00 -1.102122E+01 -1.113478E+01 -1.415388E+00
  3.860000E-01  6.392850E+00 -1.110275E+01 -1.123581E+01 -1.426184E+00
  3.880000E-01  6.418040E+00 -1.118442E+01 -1.133715E+01 -1.436996E+00
  3.900000E-01  6.443111E+00 -1.126622E+01 -1.143880E+01 -1.447825E+00
  3.920000E-01  6.468062E+00 -1.134816E+01 -1.154076E+01 -1.458671E+00
  3.940000E-01  6.492895E+00 -1.143023E+01 -1.164303E+01 -1.469532E+00
  3.960000E-01  6.517610E+00 -1.151244E+01 -1.174560E+01 -1.480410E+00
  3.980000E-01  6.542208E+00 -1.159478E+01 -1.184848E+01 -1.491303E+00
  4.000000E-01  6.566689E+00 -1.167726E+01 -1.195165E+01 -1.502213E+00
  4.020000E-01  6.591054E+00 -1.175986E+01 -1.205513E+01 -1.513138E+00
  4.040000E-01  6.615304E+00 -1.184260E+01 -1.215890E+01 -1.524078E+00
  4.060000E-01  6.639439E+00 -1.192548E+01 -1.226298E+01 -1.535033E+00
  4.080000E-01  6.663459E+00 -1.200848E+01 -1.236734E+01 -1.546004E+00
  4.100000E-01  6.687366E+00 -1.209161E+01 -1.247200E+01 -1.556990E+00
  4.120000E-01  6.711160E+00 -1.217486E+01 -1.257695E+01 -1.567991E+00
  4.140000E-01  6.734841E+00 -1.225825E+01 -1.268219E+01 -1.579006E+00
  4.160000E-01  6.758410E+00 -1.234177E+01 -1.278772E+01 -1.590036E+00
  4.180000E-01  6.781867E+00 -1.242541E+01 -1.289354E+01 -1.601081E+00
  4.200000E-01  6.805214E+00 -1.250917E+01 -1.299965E+01 -1.612140E+00
  4.220000E-01  6.828451E+00 -1.259306E+01 -1.310603E+01 -1.623213E+00
  4.240000E-01  6.851578E+00 -1.267708E+01 -1.321270E+01 -1.634300E+00
  4.260000E-01  6.874595E+00 -1.276122E+01 -1.331966E+01 -1.645401E+00
  4.280000E-01  6.897505E+00 -1.284548E+01 -1.342689E+01 -1.656516E+00
  4.300000E-01  6.920306E+00 -1.292986E+01 -1.353440E+01 -1.667644E+00
  4.320000E-01  6.943000E+00 -1.301437E+01 -1.364219E+01 -1.678786E+00
  4.340000E-01  6.965587E+00 -1.309900E+01 -1.375025E+01 -1.689942E+00
  4.360000E-01  6.988068E+00 -1.318374E+01 -1.385858E+01 -1.701111E+00
  4.380000E-01  7.010443E+00 -1.326861E+01 -1.396719E+01 -1.712293E+00
  4.400000E-01  7.032713E+00 -1.335359E+01 -1.407607E+01 -1.723488E+00
  4.420000E-01  7.054878E+00 -1.343870E+01 -1.418522E+01 -1.734696E+00
  4.440000E-01  7.076939E+00 -1.352392E+01 -1.429464E+01 -1.745917E+00
  4.460000E-01  7.098897E+00 -1.360925E+01 -1.440433E+01 -1.757150E+00
  4.480000E-01  7.120752E+00 -1.369471E+01 -1.451428E+01 -1.768397E+00
  4.500000E-01  7.142504E+00 -1.378028E+01 -1.462449E+01 -1.779655E+00
  4.520000E-01  7.164155E+00 -1.386596E+01 -1.473497E+01 -1.790926E+00
  4.540000E-01  7.185704E+00 -1.395176E+01 -1.484570E+01 -1.802209E+00
  4.560000E-01  7.207153E+00 -1.403767E+01 -1.495670E+01 -1.813505E+00
  4.580000E-01  7.228501E+00 -1.412369E+01 -1.506796E+01 -1.824812E+00
  4.600000E-01  7.249750E+00 -1.420983E+01 -1.517947E+01 -1.836131E+00
  4.620000E-01  7.270899E+00 -1.429608E+01 -1.529124E+01 -1.847463E+00
  4.640000E-01  7.291950E+00 -1.438244E+01 -1.540326E+01 -1.858805E+00
  4.660000E-01  7.312903E+00 -1.446891E+01 -1.551554E+01 -1.870160E+00
  4.680000E-01  7.333758E+00 -1.455549E+01 -1.562807E+01 -1.881525E+00
  4.700000E-01  7.354517E+00 -1.464218E+01 -1.574085E+01 -1.892902E+00
  4.720000E-01  7.349033E+00 -1.467634E+01 -1.583296E+01 -1.903426E+00
  4.740000E-01  7.351388E+00 -1.472630E+01 -1.593142E+01 -1.914211E+00
  4.760000E-01  7.352628E+00 -1.477407E+01 -1.602910E+01 -1.924963E+00
  4.780000E-01  7.353095E+00 -1.482033E+01 -1.612627E+01 -1.935693E+00
  4.800000E-01  7.352982E+00 -1.486545E+01 -1.622307E+01 -1.946405E+00
  4.820000E-01  7.352413E+00 -1.490968E+01 -1.631959E+01 -1.957105E+00
  4.840000E-01  7.351472E+00 -1.495318E+01 -1.641589E+01 -1.967795E+00
  4.860000E-01  7.350223E+00 -1.499607E+01 -1.651203E+01 -1.978476E+00
  4.880000E-01  7.348711E+00 -1.503845E+01 -1.660804E+01 -1.989149E+00
  4.900000E-01  7.346974E+00 -1.508039E+01 -1.670394E+01 -1.999816E+00
  4.920000E-01  7.345043E+00 -1.512194E+01 -1.679975E+01 -2.010478E+00
  4.940000E-01  7.342940E+00 -1.516316E+01 -1.689549E+01 -2.021135E+00
  4.960000E-01  7.340688E+00 -1.520407E+01 -1.699117E+01 -2.031787E+00
  4.980000E-01  7.338302E+00 -1.524471E+01 -1.708681E+01 -2.042435E+00
  5.000000E-01  7.335797E+00 -1.528512E+01 -1.718242E+01 -2.053080E+00
  5.020000E-01  7.333187E+00 -1.532531E+01 -1.727800E+01 -2.063721E+00
  5.040000E-01  7.330482E+00 -1.536531E+01 -1.737356E+01 -2.074359E+00
  5.060000E-01  7.327692E+00 -1.540513E+01 -1.746910E+01 -2.084994E+00
  5.080000E-01  7.324825E+00 -1.544480E+01 -1.756464E+01 -2.095627E+00
  5.100000E-01  7.321890E+00 -1.548431E+01 -1.766017E+01 -2.106256E+00
  5.120000E-01  7.318893E+00 -1.552370E+01 -1.775571E+01 -2.116883E+00
  5.140000E-01  7.315840E+00 -1.556297E+01 -1.785125E+01 -2.127507E+00
  5.160000E-01  7.312737E+00 -1.560213E+01 -1.794680E+01 -2.138129E+00
  5.180000E-01  7.309588E+00 -1.564118E+01 -1.804235E+01 -2.148749E+00
  5.200000E-01  7.306400E+00 -1.568015E+01 -1.813792E+01 -2.159366E+00
  5.220000E-01  7.303174E+00 -1.571903E+01 -1.823351E+01 -2.169981E+00
  5.240000E-01  7.299917E+00 -1.575784E+01 -1.832911E+01 -2.180594E+00
  5.260000E-01  7.296630E+00 -1.579657E+01 -1.842473E+01 -2.191205E+00
  5.280000E-01  7.293318E+00 -1.583524E+01 -1.852037E+01 -2.201813E+00
  5.300000E-01  7.289983E+00 -1.587386E+01 -1.861603E+01 -2.212420E+00
  5.320000E-01  7.286628E+00 -1.591242E+01 -1.871171E+01 -2.223024E+00
  5.340000E-01  7.283256E+00 -1.595094E+01 -1.880742E+01 -2.233626E+00
  5.360000E-01  7.279869E+00 -1.598941E+01 -1.890315E+01 -2.244225E+00
  5.380000E-01  7.276470E+00 -1.602784E+01 -1.899890E+01 -2.254823E+00
  5.400000E-01  7.273060E+00 -1.606624E+01 -1.909469E+01 -2.265418E+00
  5.420000E-01  7.269642E+00 -1.610461E+01 -1.919050E+01 -2.276012E+00
  5.440000E-01  7.266216E+00 -1.614295E+01 -1.928633E+01 -2.286603E+00
  5.460000E-01  7.262786E+00 -1.618126E+01 -1.938220E+01 -2.297192E+00
  5.480000E-01  7.259353E+00 -1.621955E+01 -1.947809E+01 -2.307778E+00
  5.500000E-01  7.255918E+00 -1.625783E+01 -1.957402E+01 -2.318363E+00
  5.520000E-01  7.252482E+00 -1.629609E+01 -1.966997E+01 -2.328945E+00
  5.540000E-01  7.242845E+00 -1.632288E+01 -1.974374E+01 -2.337053E+00
  5.560000E-01  7.237151E+00 -1.635690E+01 -1.983156E+01 -2.346722E+00
  5.580000E-01  7.231258E+00 -1.639051E+01 -1.991864E+01 -2.356303E+00
  5.600000E-01  7.225190E+00 -1.642377E+01 -2.000505E+01 -2.365805E+00
  5.620000E-01  7.218965E+00 -1.645669E+01 -2.009085E+01 -2.375235E+00
  5.640000E-01  7.212600E+00 -1.648931E+01 -2.017608E+01 -2.384598E+00
  5.660000E-01  7.206108E+00 -1.652165E+01 -2.026079E+01 -2.393899E+00
  5.680000E-01  7.199499E+00 -1.655373E+01 -2.034500E+01 -2.403141E+00
  5.700000E-01  7.192786E+00 -1.658557E+01 -2.042876E+01 -2.412327E+00
  5.720000E-01  7.185975E+00 -1.661718E+01 -2.051207E+01 -2.421461E+00
  5.740000E-01  7.179075E+00 -1.664858E+01 -2.059497E+01 -2.430545E+00
  5.760000E-01  7.172094E+00 -1.667977E+01 -2.067748E+01 -2.439582E+00
  5.780000E-01  7.165037E+00 -1.671077E+01 -2.075961E+01 -2.448572E+00
  5.800000E-01  7.157912E+00 -1.674160E+01 -2.084139E+01 -2.457519E+00
  5.820000E-01  7.150723E+00 -1.677225E+01 -2.092281E+01 -2.466424E+00
  5.840000E-01  7.143475E+00 -1.680273E+01 -2.100391E+01 -2.475288E+00
  5.860000E-01  7.136173E+00 -1.683306E+01 -2.108468E+01 -2.484113E+00
  5.880000E-01  7.128822E+00 -1.686325E+01 -2.116515E+01 -2.492900E+00
  5.900000E-01  7.121426E+00 -1.689329E+01 -2.124532E+01 -2.501651E+00
  5.920000E-01  7.113988E+00 -1.692320E+01 -2.132520E+01 -2.510366E+00
  5.940000E-01  7.106512E+00 -1.695298E+01 -2.140481E+01 -2.519046E+00
  5.960000E-01  7.099001E+00 -1.698263E+01 -2.148414E+01 -2.527693E+00
  5.980000E-01  7.091459E+00 -1.701217E+01 -2.156321E+01 -2.536308E+00
  6.000000E-01  7.083889E+00 -1.704160E+01 -2.164203E+01 -2.544890E+00
  6.020000E-01  7.076293E+00 -1.707092E+01 -2.172060E+01 -2.553442E+00
  6.040000E-01  7.068674E+00 -1.710013E+01 -2.179893E+01 -2.561964E+00
  6.060000E-01  7.061034E+00 -1.712925E+01 -2.187703E+01 -2.570456E+00
  6.080000E-01  7.053377E+00 -1.715827E+01 -2.195490E+01 -2.578920E+00
  6.100000E-01  7.045704E+00 -1.718720E+01 -2.203254E+01 -2.587355E+00
  6.120000E-01  7.038017E+00 -1.721604E+01 -2.210997E+01 -2.595763E+00
  6.140000E-01  7.030319E+00 -1.724480E+01 -2.218718E+01 -2.604144E+00
  6.160000E-01  7.022612E+00 -1.727348E+01 -2.226419E+01 -2.612499E+00
  6.180000E-01  7.014896E+00 -1.730208E+01 -2.234099E+01 -2.620828E+00
  6.200000E-01  7.007175E+00 -1.733061E+01 -2.241760E+01 -2.629131E+00
  6.220000E-01  6.999450E+00 -1.735907E+01 -2.249401E+01 -2.637410E+00
  6.240000E-01  6.991723E+00 -1.738746E+01 -2.257023E+01 -2.645665E+00
  6.260000E-01  6.983994E+00 -1.741578E+01 -2.264626E+01 -2.653895E+00
  6.280000E-01  6.976267E+00 -1.744404E+01 -2.272211E+01 -2.662102E+00
  6.300000E-01  6.968541E+00 -1.747224E+01 -2.279778E+01 -2.670286E+00
  6.320000E-01  6.960818E+00 -1.750039E+01 -2.287327E+01 -2.678447E+00
  6.340000E-01  6.953101E+00 -1.752847E+01 -2.294859E+01 -2.686586E+00
  6.360000E-01  6.945389E+00 -1.755651E+01 -2.302374E+01 -2.694703E+00
  6.380000E-01  6.937685E+00 -1.758449E+01 -2.309872E+01 -2.702798E+00
  6.400000E-01  6.929989E+00 -1.761243E+01 -2.317354E+01 -2.710871E+00
  6.420000E-01  6.922303E+00 -1.764031E+01 -2.324819E+01 -2.718924E+00
  6.440000E-01  6.914627E+00 -1.766816E+01 -2.332268E+01 -2.726956E+00
  6.460000E-01  6.906963E+00 -1.769596E+01 -2.339702E+01 -2.734968E+00
  6.480000E-01  6.899312E+00 -1.772371E+01 -2.347121E+01 -2.742959E+00
  6.500000E-01  6.891674E+00 -1.775143E+01 -2.354524E+01 -2.750931E+00
  6.520000E-01  6.884051E+00 -1.777912E+01 -2.361912E+01 -2.758883E+00
  6.540000E-01  6.876443E+00 -1.780676E+01 -2.369285E+01 -2.766815E+00
  6.560000E-01  6.868852E+00 -1.783437E+01 -2.376644E+01 -2.774729E+00
  6.580000E-01  6.861278E+00 -1.786195E+01 -2.383988E+01 -2.782624E+00
  6.600000E-01  6.853721E+00 -1.788950E+01 -2.391319E+01 -2.790500E+00
  6.620000E-01  6.846183E+00 -1.791702E+01 -2.398635E+01 -2.798357E+00
  6.640000E-01  6.838665E+00 -1.794451E+01 -2.405937E+01 -2.806197E+00
  6.660000E-01  6.831167E+00 -1.797197E+01 -2.413226E+01 -2.814018E+00
  6.680000E-01  6.823689E+00 -1.799941E+01 -2.420502E+01 -2.821822E+00
  6.700000E-01  6.816233E+00 -1.802682E+01 -2.427764E+01 -2.829608E+00
  6.720000E-01  6.808799E+00 -1.805421E+01 -2.435013E+01 -2.837376E+00
  6.740000E-01  6.801388E+00 -1.808157E+01 -2.442249E+01 -2.845128E+00
  6.760000E-01  6.794000E+00 -1.810892E+01 -2.449472E+01 -2.852862E+00
  6.780000E-01  6.786636E+00 -1.813625E+01 -2.456682E+01 -2.860579E+00
  6.800000E-01  6.779296E+00 -1.816356E+01 -2.463880E+01 -2.868280E+00
  6.820000E-01  6.771981E+00 -1.819085E+01 -2.471065E+01 -2.875964E+00
  6.840000E-01  6.764692E+00 -1.821813E+01 -2.478239E+01 -2.883632E+00
  6.860000E-01  6.757428E+00 -1.824539E+01 -2.485400E+01 -2.891284E+00
  6.880000E-01  6.750191E+00 -1.827263E+01 -2.492549E+01 -2.898919E+00
  6.900000E-01  6.742981E+00 -1.829987E+01 -2.499686E+01 -2.906539E+00
  6.920000E-01  6.735798E+00 -1.832709E+01 -2.506811E+01 -2.914142E+00
  6.940000E-01  6.728642E+00 -1.835430E+01 -2.513925E+01 -2.921730E+00
  6.960000E-01  6.721515E+00 -1.838150E+01 -2.521027E+01 -2.929303E+00
  6.980000E-01  6.714416E+00 -1.840869E+01 -2.528117E+01 -2.936860E+00
  7.000000E-01  6.707347E+00 -1.843587E+01 -2.535197E+01 -2.944402E+00
  7.020000E-01  6.700306E+00 -1.846305E+01 -2.542265E+01 -2.951928E+00
  7.040000E-01  6.693295E+00 -1.849022E+01 -2.549322E+01 -2.959440E+00
  7.060000E-01  6.686314E+00 -1.851738E+01 -2.556367E+01 -2.966937E+00
  7.080000E-01  6.679363E+00 -1.854454E+01 -2.563402E+01 -2.974419E+00
  7.100000E-01  6.672443E+00 -1.857169E+01 -2.570426E+01 -2.981886E+00
  7.120000E-01  6.665553E+00 -1.859884E+01 -2.577440E+01 -2.989338E+00
  7.140000E-01  6.658695E+00 -1.862599E+01 -2.584442E+01 -2.996776E+00
  7.160000E-01  6.651868E+00 -1.865313E+01 -2.591434E+01 -3.004200E+00
  7.180000E-01  6.645073E+00 -1.868028E+01 -2.598415E+01 -3.011610E+00
  7.200000E-01  6.638310E+00 -1.870742E+01 -2.605386E+01 -3.019005E+00
  7.220000E-01  6.631579E+00 -1.873456E+01 -2.612347E+01 -3.026386E+00
  7.240000E-01  6.624881E+00 -1.876170E+01 -2.619297E+01 -3.033753E+00
  7.260000E-01  6.618215E+00 -1.878885E+01 -2.626238E+01 -3.041106E+00
  7.280000E-01  6.611582E+00 -1.881600E+01 -2.633168E+01 -3.048446E+00
  7.300000E-01  6.604982E+00 -1.884314E+01 -2.640087E+01 -3.055771E+00
  7.320000E-01  6.598415E+00 -1.887030E+01 -2.646997E+01 -3.063084E+00
  7.340000E-01  6.591882E+00 -1.889745E+01 -2.653897E+01 -3.070382E+00
  7.360000E-01  6.585383E+00 -1.892461E+01 -2.660788E+01 -3.077667E+00
  7.380000E-01  6.578917E+00 -1.895178E+01 -2.667668E+01 -3.084939E+00
  7.400000E-01  6.572486E+00 -1.897895E+01 -2.674539E+01 -3.092197E+00
  7.420000E-01  6.566088E+00 -1.900613E+01 -2.681400E+01 -3.099442E+00
  7.440000E-01  6.559725E+00 -1.903331E+01 -2.688251E+01 -3.106674E+00
  7.460000E-01  6.553397E+00 -1.906050E+01 -2.695093E+01 -3.113892E+00
  7.480000E-01  6.547103E+00 -1.908770E+01 -2.701925E+01 -3.121098E+00
  7.500000E-01  6.540844E+00 -1.911491E+01 -2.708748E+01 -3.128291E+00
  7.520000E-01  6.534620E+00 -1.914212E+01 -2.715561E+01 -3.135470E+00
  7.540000E-01  6.528430E+00 -1.916934E+01 -2.722365E+01 -3.142637E+00
  7.560000E-01  6.522276E+00 -1.919658E+01 -2.729160E+01 -3.149791E+00
  7.580000E-01  6.516157E+00 -1.922382E+01 -2.735946E+01 -3.156933E+00
  7.600000E-01  6.510074E+00 -1.925108E+01 -2.742722E+01 -3.164061E+00
  7.620000E-01  6.504026E+00 -1.927834E+01 -2.749490E+01 -3.171178E+00
  7.640000E-01  6.498013E+00 -1.930562E+01 -2.756248E+01 -3.178281E+00
  7.660000E-01  6.492036E+00 -1.933291E+01 -2.762997E+01 -3.185372E+00
  7.680000E-01  6.486095E+00 -1.936021E+01 -2.769737E+01 -3.192451E+00
  7.700000E-01  6.480190E+00 -1.938752E+01 -2.776469E+01 -3.199517E+00
  7.720000E-01  6.474320E+00 -1.941485E+01 -2.783191E+01 -3.206571E+00
  7.740000E-01  6.468487E+00 -1.944218E+01 -2.789905E+01 -3.213613E+00
  7.760000E-01  6.462689E+00 -1.946954E+01 -2.796609E+01 -3.220642E+00
  7.780000E-01  6.456927E+00 -1.949691E+01 -2.803305E+01 -3.227660E+00
  7.800000E-01  6.451202E+00 -1.952429E+01 -2.809993E+01 -3.234665E+00
  7.820000E-01  6.445513E+00 -1.955168E+01 -2.816671E+01 -3.241658E+00
  7.840000E-01  6.439859E+00 -1.957910E+01 -2.823341E+01 -3.248639E+00
  7.860000E-01  6.434243E+00 -1.960653E+01 -2.830002E+01 -3.255608E+00
  7.880000E-01  6.428662E+00 -1.963397E+01 -2.836655E+01 -3.262566E+00
  7.900000E-01  6.423118E+00 -1.966143E+01 -2.843299E+01 -3.269511E+00
  7.920000E-01  6.417610E+00 -1.968891E+01 -2.849935E+01 -3.276444E+00
  7.940000E-01  6.412138E+00 -1.971640E+01 -2.856562E+01 -3.283366E+00
  7.960000E-01  6.406703E+00 -1.974391E+01 -2.863181E+01 -3.290276E+00
  7.980000E-01  6.401304E+00 -1.977144E+01 -2.869791E+01 -3.297174E+00
  8.000000E-01  6.395942E+00 -1.979899E+01 -2.876393E+01 -3.304061E+00
  8.020000E-01  6.390616E+00 -1.982655E+01 -2.882987E+01 -3.310936E+00
  8.040000E-01  6.385327E+00 -1.985414E+01 -2.889572E+01 -3.317799E+00
  8.060000E-01  6.380074E+00 -1.988174E+01 -2.896149E+01 -3.324651E+00
  8.080000E-01  6.374857E+00 -1.990936E+01 -2.902718E+01 -3.331491E+00
  8.100000E-01  6.369677E+00 -1.993700E+01 -2.909278E+01 -3.338320E+00
  8.120000E-01  6.364534E+00 -1.996466E+01 -2.915831E+01 -3.345137E+00
  8.140000E-01  6.359427E+00 -1.999235E+01 -2.922375E+01 -3.351943E+00
  8.160000E-01  6.354356E+00 -2.002005E+01 -2.928911E+01 -3.358737E+00
  8.180000E-01  6.349322E+00 -2.004777E+01 -2.935439E+01 -3.365520E+00
  8.200000E-01  6.344324E+00 -2.007551E+01 -2.941959E+01 -3.372292E+00
  8.220000E-01  6.339363E+00 -2.010327E+01 -2.948471E+01 -3.379052E+00
  8.240000E-01  6.334438E+00 -2.013106E+01 -2.954975E+01 -3.385801E+00
  8.260000E-01  6.329550E+00 -2.015887E+01 -2.961471E+01 -3.392539E+00
  8.280000E-01  6.324698E+00 -2.018669E+01 -2.967959E+01 -3.399266E+00
  8.300000E-01  6.319882E+00 -2.021455E+01 -2.974439E+01 -3.405982E+00
  8.320000E-01  6.315102E+00 -2.024242E+01 -2.980911E+01 -3.412686E+00
  8.340000E-01  6.310359E+00 -2.027031E+01 -2.987375E+01 -3.419380E+00
  8.360000E-01  6.305652E+00 -2.029823E+01 -2.993831E+01 -3.426062E+00
  8.380000E-01  6.300982E+00 -2.032617E+01 -3.000280E+01 -3.432733E+00
  8.400000E-01  6.296347E+00 -2.035414E+01 -3.006720E+01 -3.439393E+00
  8.420000E-01  6.291749E+00 -2.038212E+01 -3.013153E+01 -3.446042E+00
  8.440000E-01  6.287187E+00 -2.041013E+01 -3.019578E+01 -3.452681E+00
  8.460000E-01  6.282661E+00 -2.043817E+01 -3.025995E+01 -3.459308E+00
  8.480000E-01  6.278171E+00 -2.046623E+01 -3.032405E+01 -3.465924E+00
  8.500000E-01  6.273717E+00 -2.049431E+01 -3.038807E+01 -3.472529E+00
  8.520000E-01  6.269299E+00 -2.052242E+01 -3.045201E+01 -3.479124E+00
  8.540000E-01  6.264916E+00 -2.055055E+01 -3.051587E+01 -3.485708E+00
  8.560000E-01  6.260570E+00 -2.057871E+01 -3.057966E+01 -3.492280E+00
  8.580000E-01  6.256260E+00 -2.060689E+01 -3.064337E+01 -3.498842E+00
  8.600000E-01  6.251985E+00 -2.063509E+01 -3.070700E+01 -3.505394E+00
  8.620000E-01  6.247746E+00 -2.066333E+01 -3.077056E+01 -3.511934E+00
  8.640000E-01  6.243542E+00 -2.069158E+01 -3.083404E+01 -3.518464E+00
  8.660000E-01  6.239375E+00 -2.071987E+01 -3.089745E+01 -3.524983E+00
  8.680000E-01  6.235242E+00 -2.074818E+01 -3.096078E+01 -3.531491E+00
  8.700000E-01  6.231146E+00 -2.077651E+01 -3.102403E+01 -3.537989E+00
  8.720000E-01  6.227084E+00 -2.080487E+01 -3.108721E+01 -3.544476E+00
  8.740000E-01  6.223058E+00 -2.083326E+01 -3.115032E+01 -3.550952E+00
  8.760000E-01  6.219068E+00 -2.086168E+01 -3.121335E+01 -3.557417E+00
  8.780000E-01  6.215112E+00 -2.089012E+01 -3.127630E+01 -3.563872E+00
  8.800000E-01  6.211192E+00 -2.091859E+01 -3.133918E+01 -3.570317E+00
  8.820000E-01  6.207307E+00 -2.094708E+01 -3.140199E+01 -3.576751E+00
  8.840000E-01  6.203457E+00 -2.097560E+01 -3.146472E+01 -3.583174E+00
  8.860000E-01  6.199642E+00 -2.100415E+01 -3.152738E+01 -3.589587E+00
  8.880000E-01  6.195861E+00 -2.103273E+01 -3.158996E+01 -3.595989E+00
  8.900000E-01  6.192116E+00 -2.106134E+01 -3.165247E+01 -3.602381E+00
  8.920000E-01  6.188405E+00 -2.108997E+01 -3.171491E+01 -3.608762E+00
  8.940000E-01  6.184729E+00 -2.111863E+01 -3.177727E+01 -3.615132E+00
  8.960000E-01  6.181088E+00 -2.114732E+01 -3.183956E+01 -3.621493E+00
  8.980000E-01  6.177481E+00 -2.117603E+01 -3.190178E+01 -3.627843E+00
  9.000000E-01  6.173909E+00 -2.120478E+01 -3.196392E+01 -3.634182E+00
  9.020000E-01  6.170371E+00 -2.123355E+01 -3.202599E+01 -3.640511E+00
  9.040000E-01  6.166867E+00 -2.126235E+01 -3.208798E+01 -3.646829E+00
  9.060000E-01  6.163398E+00 -2.129118E+01 -3.214991E+01 -3.653138E+00
  9.080000E-01  6.159963E+00 -2.132004E+01 -3.221176E+01 -3.659435E+00
  9.100000E-01  6.156562E+00 -2.134893E+01 -3.227354E+01 -3.665723E+00
  9.120000E-01  6.153195E+00 -2.137785E+01 -3.233524E+01 -3.672000E+00
  9.140000E-01  6.149861E+00 -2.140680E+01 -3.239688E+01 -3.678267E+00
  9.160000E-01  6.146562E+00 -2.143577E+01 -3.245844E+01 -3.684523E+00
  9.180000E-01  6.143297E+00 -2.146478E+01 -3.251993E+01 -3.690769E+00
  9.200000E-01  6.140065E+00 -2.149381E+01 -3.258134E+01 -3.697005E+00
  9.220000E-01  6.136867E+00 -2.152288E+01 -3.264269E+01 -3.703230E+00
  9.240000E-01  6.133702E+00 -2.155197E+01 -3.270396E+01 -3.709446E+00
  9.260000E-01  6.130571E+00 -2.158110E+01 -3.276516E+01 -3.715651E+00
  9.280000E-01  6.127473E+00 -2.161025E+01 -3.282629E+01 -3.721845E+00
  9.300000E-01  6.124408E+00 -2.163943E+01 -3.288735E+01 -3.728030E+00
  9.320000E-01  6.121376E+00 -2.166865E+01 -3.294834E+01 -3.734204E+00
  9.340000E-01  6.118378E+00 -2.169789E+01 -3.300925E+01 -3.740368E+00
  9.360000E-01  6.115413E+00 -2.172717E+01 -3.307010E+01 -3.746522E+00
  9.380000E-01  6.112480E+00 -2.175647E+01 -3.313087E+01 -3.752665E+00
  9.400000E-01  6.109581E+00 -2.178581E+01 -3.319157E+01 -3.758799E+00
  9.420000E-01  6.106714E+00 -2.181518E+01 -3.325220E+01 -3.764922E+00
  9.440000E-01  6.103880E+00 -2.184458E+01 -3.331276E+01 -3.771035E+00
  9.460000E-01  6.101078E+00 -2.187400E+01 -3.337325E+01 -3.777138E+00
  9.480000E-01  6.098309E+00 -2.190346E+01 -3.343367E+01 -3.783231E+00
  9.500000E-01  6.095572E+00 -2.193295E+01 -3.349402E+01 -3.789313E+00
  9.520000E-01  6.092868E+00 -2.196248E+01 -3.355430E+01 -3.795386E+00
  9.540000E-01  6.090195E+00 -2.199203E+01 -3.361450E+01 -3.801448E+00
  9.560000E-01  6.087555E+00 -2.202161E+01 -3.367464E+01 -3.807500E+00
  9.580000E-01  6.084947E+00 -2.205123E+01 -3.373471E+01 -3.813543E+00
  9.600000E-01  6.082371E+00 -2.208088E+01 -3.379470E+01 -3.819575E+00
  9.620000E-01  6.079827E+00 -2.211056E+01 -3.385463E+01 -3.825596E+00
  9.640000E-01  6.077314E+00 -2.214027E+01 -3.391449E+01 -3.831608E+00
  9.660000E-01  6.074833E+00 -2.217001E+01 -3.397427E+01 -3.837610E+00
  9.680000E-01  6.072384E+00 -2.219978E+01 -3.403399E+01 -3.843602E+00
  9.700000E-01  6.069966E+00 -2.222959E+01 -3.409364E+01 -3.849583E+00
  9.720000E-01  6.067580E+00 -2.225943E+01 -3.415322E+01 -3.855555E+00
  9.740000E-01  6.065225E+00 -2.228930E+01 -3.421272E+01 -3.861517E+00
  9.760000E-01  6.062901E+00 -2.231920E+01 -3.427216E+01 -3.867468E+00
  9.780000E-01  6.060608E+00 -2.234914E+01 -3.433153E+01 -3.873409E+00
  9.800000E-01  6.058346E+00 -2.237910E+01 -3.439083E+01 -3.879341E+00
  9.820000E-01  6.056116E+00 -2.240910E+01 -3.445006E+01 -3.885262E+00
  9.840000E-01  6.053916E+00 -2.243913E+01 -3.450922E+01 -3.891174E+00
  9.860000E-01  6.051746E+00 -2.246920E+01 -3.456831E+01 -3.897075E+00
  9.880000E-01  6.049608E+00 -2.249929E+01 -3.462734E+01 -3.902967E+00
  9.900000E-01  6.047500E+00 -2.252942E+01 -3.468629E+01 -3.908848E+00
  9.920000E-01  6.045422E+00 -2.255959E+01 -3.474517E+01 -3.914720E+00
  9.940000E-01  6.043375E+00 -2.258978E+01 -3.480399E+01 -3.920581E+00
  9.960000E-01  6.041358E+00 -2.262001E+01 -3.486274E+01 -3.926433E+00
  9.980000E-01  6.039371E+00 -2.265027E+01 -3.492142E+01 -3.932274E+00
  1.000000E+00  6.037414E+00 -2.268056E+01 -3.498003E+01 -3.938106E+00
  1.002000E+00  6.035487E+00 -2.271089E+01 -3.503857E+01 -3.943927E+00
  1.004000E+00  6.033591E+00 -2.274125E+01 -3.509704E+01 -3.949739E+00
  1.006000E+00  6.031723E+00 -2.277165E+01 -3.515544E+01 -3.955541E+00
  1.008000E+00  6.029886E+00 -2.280207E+01 -3.521378E+01 -3.961333E+00
  1.010000E+00  6.028078E+00 -2.283253E+01 -3.527205E+01 -3.967115E+00
  1.012000E+00  6.026300E+00 -2.286303E+01 -3.533025E+01 -3.972887E+00
  1.014000E+00  6.024551E+00 -2.289355E+01 -3.538838E+01 -3.978649E+00
  1.016000E+00  6.022832E+00 -2.292411E+01 -3.544644E+01 -3.984401E+00
  1.018000E+00  6.021141E+00 -2.295471E+01 -3.550444E+01 -3.990143E+00
  1.020000E+00  6.019480E+00 -2.298533E+01 -3.556236E+01 -3.995876E+00
  1.022000E+00  6.017848E+00 -2.301600E+01 -3.562022E+01 -4.001598E+00
  1.024000E+00  6.016245E+00 -2.304669E+01 -3.567802E+01 -4.007311E+00
  1.026000E+00  6.014670E+00 -2.307742E+01 -3.573574E+01 -4.013014E+00
  1.028000E+00  6.013125E+00 -2.310818E+01 -3.579340E+01 -4.018707E+00
  1.030000E+00  6.011608E+00 -2.313898E+01 -3.585099E+01 -4.024390E+00
  1.032000E+00  6.010119E+00 -2.316981E+01 -3.590851E+01 -4.030063E+00
  1.034000E+00  6.008659E+00 -2.320068E+01 -3.596596E+01 -4.035727E+00
  1.036000E+00  6.007228E+00 -2.323158E+01 -3.602335E+01 -4.041380E+00
  1.038000E+00  6.005824E+00 -2.326251E+01 -3.608067E+01 -4.047024E+00
  1.040000E+00  6.004449E+00 -2.329348E+01 -3.613792E+01 -4.052658E+00
  1.042000E+00  6.003102E+00 -2.332448E+01 -3.619511E+01 -4.058282E+00
  1.044000E+00  6.001783E+00 -2.335552E+01 -3.625223E+01 -4.063897E+00
  1.046000E+00  6.000492E+00 -2.338659E+01 -3.630928E+01 -4.069501E+00
  1.048000E+00  5.999229E+00 -2.341770E+01 -3.636627E+01 -4.075096E+00
  1.050000E+00  5.997993E+00 -2.344884E+01 -3.642318E+01 -4.080681E+00
  1.052000E+00  5.996786E+00 -2.348002E+01 -3.648004E+01 -4.086256E+00
  1.054000E+00  5.995605E+00 -2.351123E+01 -3.653682E+01 -4.091822E+00
  1.056000E+00  5.994452E+00 -2.354247E+01 -3.659354E+01 -4.097378E+00
  1.058000E+00  5.993327E+00 -2.357375E+01 -3.665020E+01 -4.102924E+00
  1.060000E+00  5.992228E+00 -2.360507E+01 -3.670679E+01 -4.108460E+00
  1.062000E+00  5.991157E+00 -2.363642E+01 -3.676331E+01 -4.113987E+00
  1.064000E+00  5.990113E+00 -2.366781E+01 -3.681977E+01 -4.119504E+00
  1.066000E+00  5.989096E+00 -2.369923E+01 -3.687616E+01 -4.125011E+00
  1.068000E+00  5.988106E+00 -2.373069E+01 -3.693249E+01 -4.130509E+00
  1.070000E+00  5.987143E+00 -2.376218E+01 -3.698875E+01 -4.135997E+00
  1.072000E+00  5.986206E+00 -2.379371E+01 -3.704494E+01 -4.141475E+00
  1.074000E+00  5.985296E+00 -2.382528E+01 -3.710107E+01 -4.146944E+00
  1.076000E+00  5.984413E+00 -2.385688E+01 -3.715714E+01 -4.152404E+00
  1.078000E+00  5.983556E+00 -2.388851E+01 -3.721314E+01 -4.157853E+00
  1.080000E+00  5.982726E+00 -2.392019E+01 -3.726908E+01 -4.163293E+00
  1.082000E+00  5.981922E+00 -2.395190E+01 -3.732496E+01 -4.168724E+00
  1.084000E+00  5.981144E+00 -2.398364E+01 -3.738077E+01 -4.174145E+00
  1.086000E+00  5.980392E+00 -2.401543E+01 -3.743651E+01 -4.179557E+00
  1.088000E+00  5.979666E+00 -2.404725E+01 -3.749220E+01 -4.184959E+00
  1.090000E+00  5.978967E+00 -2.407910E+01 -3.754782E+01 -4.190351E+00
  1.092000E+00  5.978293E+00 -2.411100E+01 -3.760338E+01 -4.195735E+00
  1.094000E+00  5.977645E+00 -2.414293E+01 -3.765888E+01 -4.201109E+00
  1.096000E+00  5.977023E+00 -2.417490E+01 -3.771431E+01 -4.206473E+00
  1.098000E+00  5.976426E+00 -2.420690E+01 -3.776969E+01 -4.211829E+00
  1.100000E+00  5.975855E+00 -2.423895E+01 -3.782500E+01 -4.217175E+00
  1.102000E+00  5.974089E+00 -2.426431E+01 -3.787172E+01 -4.221610E+00
  1.104000E+00  5.972538E+00 -2.429077E+01 -3.791974E+01 -4.226182E+00
  1.106000E+00  5.970847E+00 -2.431638E+01 -3.796660E+01 -4.230629E+00
  1.108000E+00  5.969048E+00 -2.434129E+01 -3.801250E+01 -4.234973E+00
  1.110000E+00  5.967160E+00 -2.436562E+01 -3.805759E+01 -4.239230E+00
  1.112000E+00  5.965197E+00 -2.438945E+01 -3.810198E+01 -4.243411E+00
  1.114000E+00  5.963170E+00 -2.441284E+01 -3.814573E+01 -4.247525E+00
  1.116000E+00  5.961088E+00 -2.443583E+01 -3.818892E+01 -4.251577E+00
  1.118000E+00  5.958957E+00 -2.445848E+01 -3.823160E+01 -4.255574E+00
  1.120000E+00  5.956784E+00 -2.448080E+01 -3.827381E+01 -4.259520E+00
  1.122000E+00  5.954574E+00 -2.450283E+01 -3.831558E+01 -4.263419E+00
  1.124000E+00  5.952330E+00 -2.452459E+01 -3.835695E+01 -4.267274E+00
  1.126000E+00  5.950057E+00 -2.454610E+01 -3.839795E+01 -4.271088E+00
  1.128000E+00  5.947757E+00 -2.456739E+01 -3.843860E+01 -4.274865E+00
  1.130000E+00  5.945435E+00 -2.458846E+01 -3.847893E+01 -4.278606E+00
  1.132000E+00  5.943093E+00 -2.460934E+01 -3.851896E+01 -4.282315E+00
  1.134000E+00  5.940732E+00 -2.463004E+01 -3.855872E+01 -4.285992E+00
  1.136000E+00  5.938357E+00 -2.465058E+01 -3.859822E+01 -4.289642E+00
  1.138000E+00  5.935969E+00 -2.467098E+01 -3.863750E+01 -4.293267E+00
  1.140000E+00  5.933574E+00 -2.469127E+01 -3.867664E+01 -4.296875E+00
  1.142000E+00  5.931167E+00 -2.471141E+01 -3.871552E+01 -4.300453E+00
  1.144000E+00  5.928747E+00 -2.473139E+01 -3.875413E+01 -4.304003E+00
  1.146000E+00  5.926317E+00 -2.475123E+01 -3.879249E+01 -4.307525E+00
  1.148000E+00  5.923878E+00 -2.477092E+01 -3.883061E+01 -4.311020E+00
  1.150000E+00  5.921431E+00 -2.479047E+01 -3.886849E+01 -4.314489E+00
  1.152000E+00  5.918977E+00 -2.480990E+01 -3.890614E+01 -4.317933E+00
  1.154000E+00  5.916516E+00 -2.482920E+01 -3.894357E+01 -4.321353E+00
  1.156000E+00  5.914051E+00 -2.484839E+01 -3.898079E+01 -4.324748E+00
  1.158000E+00  5.911581E+00 -2.486746E+01 -3.901780E+01 -4.328121E+00
  1.160000E+00  5.909108E+00 -2.488642E+01 -3.905461E+01 -4.331472E+00
  1.162000E+00  5.906631E+00 -2.490527E+01 -3.909123E+01 -4.334800E+00
  1.164000E+00  5.904153E+00 -2.492403E+01 -3.912765E+01 -4.338108E+00
  1.166000E+00  5.901673E+00 -2.494268E+01 -3.916390E+01 -4.341395E+00
  1.168000E+00  5.899193E+00 -2.496125E+01 -3.919996E+01 -4.344662E+00
  1.170000E+00  5.896712E+00 -2.497972E+01 -3.923585E+01 -4.347910E+00
  1.172000E+00  5.894232E+00 -2.499811E+01 -3.927157E+01 -4.351138E+00
  1.174000E+00  5.891752E+00 -2.501641E+01 -3.930713E+01 -4.354348E+00
  1.176000E+00  5.889274E+00 -2.503464E+01 -3.934252E+01 -4.357539E+00
  1.178000E+00  5.886797E+00 -2.505278E+01 -3.937775E+01 -4.360713E+00
  1.180000E+00  5.884323E+00 -2.507085E+01 -3.941284E+01 -4.363869E+00
  1.182000E+00  5.881852E+00 -2.508884E+01 -3.944777E+01 -4.367008E+00
  1.184000E+00  5.879383E+00 -2.510677E+01 -3.948255E+01 -4.370130E+00
  1.186000E+00  5.876918E+00 -2.512462E+01 -3.951719E+01 -4.373236E+00
  1.188000E+00  5.874457E+00 -2.514241E+01 -3.955169E+01 -4.376326E+00
  1.190000E+00  5.871999E+00 -2.516013E+01 -3.958605E+01 -4.379400E+00
  1.192000E+00  5.869547E+00 -2.517780E+01 -3.962027E+01 -4.382459E+00
  1.194000E+00  5.867099E+00 -2.519540E+01 -3.965437E+01 -4.385502E+00
  1.196000E+00  5.864656E+00 -2.521294E+01 -3.968833E+01 -4.388530E+00
  1.198000E+00  5.862218E+00 -2.523043E+01 -3.972216E+01 -4.391544E+00
  1.200000E+00  5.859786E+00 -2.524786E+01 -3.975587E+01 -4.394543E+00
