  1.000000E-02  1.315442E+03
  1.200000E-02  1.314563E+03
  1.400000E-02  1.313694E+03
  1.600000E-02  1.312835E+03
  1.800000E-02  1.311985E+03
  2.000000E-02  1.311146E+03
  2.200000E-02  1.310316E+03
  2.400000E-02  1.309495E+03
  2.600000E-02  1.308683E+03
  2.800000E-02  1.307880E+03
  3.000000E-02  1.307086E+03
  3.200000E-02  1.306300E+03
  3.400000E-02  1.305523E+03
  3.600000E-02  1.304755E+03
  3.800000E-02  1.303995E+03
  4.000000E-02  1.303243E+03
  4.200000E-02  1.302498E+03
  4.400000E-02  1.301762E+03
  4.600000E-02  1.301034E+03
  4.800000E-02  1.300313E+03
  5.000000E-02  1.299600E+03
  5.200000E-02  1.298894E+03
  5.400000E-02  1.298196E+03
  5.600000E-02  1.297505E+03
  5.800000E-02  1.296820E+03
  6.000000E-02  1.296143E+03
  6.200000E-02  1.295473E+03
  6.400000E-02  1.294810E+03
  6.600000E-02  1.294153E+03
  6.800000E-02  1.293503E+03
  7.000000E-02  1.292860E+03
  7.200000E-02  1.292223E+03
  7.400000E-02  1.291592E+03
  7.600000E-02  1.290968E+03
  7.800000E-02  1.290350E+03
  8.000000E-02  1.289738E+03
  8.200000E-02  1.289132E+03
  8.400000E-02  1.288532E+03
  8.600000E-02  1.287937E+03
  8.800000E-02  1.287349E+03
  9.000000E-02  1.286766E+03
  9.200000E-02  1.286189E+03
  9.400000E-02  1.285618E+03
  9.600000E-02  1.285051E+03
  9.800000E-02  1.284491E+03
  1.000000E-01  1.283935E+03
  1.020000E-01  1.283385E+03
  1.040000E-01  1.282840E+03
  1.060000E-01  1.282301E+03
  1.080000E-01  1.281766E+03
  1.100000E-01  1.281236E+03
  1.120000E-01  1.280712E+03
  1.140000E-01  1.280192E+03
  1.160000E-01  1.279677E+03
  1.180000E-01  1.279166E+03
  1.200000E-01  1.278661E+03
  1.220000E-01  1.278160E+03
  1.240000E-01  1.277663E+03
  1.260000E-01  1.277171E+03
  1.280000E-01  1.276684E+03
  1.300000E-01  1.276201E+03
  1.320000E-01  1.275722E+03
  1.340000E-01  1.275248E+03
  1.360000E-01  1.274777E+03
  1.380000E-01  1.274311E+03
  1.400000E-01  1.273848E+03
  1.420000E-01  1.273390E+03
  1.440000E-01  1.272936E+03
  1.460000E-01  1.272486E+03
  1.480000E-01  1.272040E+03
  1.500000E-01  1.271597E+03
  1.520000E-01  1.271159E+03
  1.540000E-01  1.270724E+03
  1.560000E-01  1.270293E+03
  1.580000E-01  1.269865E+03
  1.600000E-01  1.269442E+03
  1.620000E-01  1.269021E+03
  1.640000E-01  1.268605E+03
  1.660000E-01  1.268192E+03
  1.680000E-01  1.267782E+03
  1.700000E-01  1.267376E+03
  1.720000E-01  1.266974E+03
  1.740000E-01  1.266575E+03
  1.760000E-01  1.266179E+03
  1.780000E-01  1.265786E+03
  1.800000E-01  1.265397E+03
  1.820000E-01  1.265010E+03
  1.840000E-01  1.264627E+03
  1.860000E-01  1.264248E+03
  1.880000E-01  1.263871E+03
  1.900000E-01  1.263497E+03
  1.920000E-01  1.263127E+03
  1.940000E-01  1.262759E+03
  1.960000E-01  1.262395E+03
  1.980000E-01  1.262033E+03
  2.000000E-01  1.261674E+03
  2.020000E-01  1.261319E+03
  2.040000E-01  1.260966E+03
  2.060000E-01  1.260616E+03
  2.080000E-01  1.260268E+03
  2.100000E-01  1.259924E+03
  2.120000E-01  1.259582E+03
  2.140000E-01  1.259243E+03
  2.160000E-01  1.258906E+03
  2.180000E-01  1.258573E+03
  2.200000E-01  1.258241E+03
  2.220000E-01  1.257913E+03
  2.240000E-01  1.257587E+03
  2.260000E-01  1.257263E+03
  2.280000E-01  1.256942E+03
  2.300000E-01  1.256624E+03
  2.320000E-01  1.256308E+03
  2.340000E-01  1.255994E+03
  2.360000E-01  1.255683E+03
  2.380000E-01  1.255374E+03
  2.400000E-01  1.255067E+03
  2.420000E-01  1.254763E+03
  2.440000E-01  1.254461E+03
  2.460000E-01  1.254162E+03
  2.480000E-01  1.253865E+03
  2.500000E-01  1.253570E+03
  2.520000E-01  1.253277E+03
  2.540000E-01  1.252986E+03
  2.560000E-01  1.252698E+03
  2.580000E-01  1.252411E+03
  2.600000E-01  1.252127E+03
  2.620000E-01  1.251845E+03
  2.640000E-01  1.251565E+03
  2.660000E-01  1.251287E+03
  2.680000E-01  1.251011E+03
  2.700000E-01  1.250737E+03
  2.720000E-01  1.250465E+03
  2.740000E-01  1.250195E+03
  2.760000E-01  1.249927E+03
  2.780000E-01  1.249661E+03
  2.800000E-01  1.249397E+03
  2.820000E-01  1.249135E+03
  2.840000E-01  1.248875E+03
  2.860000E-01  1.248616E+03
  2.880000E-01  1.248360E+03
  2.900000E-01  1.248105E+03
  2.920000E-01  1.247852E+03
  2.940000E-01  1.247601E+03
  2.960000E-01  1.247351E+03
  2.980000E-01  1.247104E+03
  3.000000E-01  1.246858E+03
  3.020000E-01  1.246614E+03
  3.040000E-01  1.246371E+03
  3.060000E-01  1.246131E+03
  3.080000E-01  1.245892E+03
  3.100000E-01  1.245654E+03
  3.120000E-01  1.245419E+03
  3.140000E-01  1.245184E+03
  3.160000E-01  1.244952E+03
  3.180000E-01  1.244721E+03
  3.200000E-01  1.244492E+03
  3.220000E-01  1.244264E+03
  3.240000E-01  1.244038E+03
  3.260000E-01  1.243813E+03
  3.280000E-01  1.243590E+03
  3.300000E-01  1.243369E+03
  3.320000E-01  1.243149E+03
  3.340000E-01  1.242930E+03
  3.360000E-01  1.242713E+03
  3.380000E-01  1.242497E+03
  3.400000E-01  1.242283E+03
  3.420000E-01  1.242070E+03
  3.440000E-01  1.241859E+03
  3.460000E-01  1.241649E+03
  3.480000E-01  1.241440E+03
  3.500000E-01  1.241233E+03
  3.520000E-01  1.241027E+03
  3.540000E-01  1.240823E+03
  3.560000E-01  1.240620E+03
  3.580000E-01  1.240418E+03
  3.600000E-01  1.240217E+03
  3.620000E-01  1.240018E+03
  3.640000E-01  1.239820E+03
  3.660000E-01  1.239624E+03
  3.680000E-01  1.239429E+03
  3.700000E-01  1.239234E+03
  3.720000E-01  1.239042E+03
  3.740000E-01  1.238850E+03
  3.760000E-01  1.238660E+03
  3.780000E-01  1.238471E+03
  3.800000E-01  1.238283E+03
  3.820000E-01  1.238096E+03
  3.840000E-01  1.237911E+03
  3.860000E-01  1.237726E+03
  3.880000E-01  1.237543E+03
  3.900000E-01  1.237361E+03
  3.920000E-01  1.237180E+03
  3.940000E-01  1.237001E+03
  3.960000E-01  1.236822E+03
  3.980000E-01  1.236645E+03
  4.000000E-01  1.236468E+03
  4.020000E-01  1.236293E+03
  4.040000E-01  1.236119E+03
  4.060000E-01  1.235946E+03
  4.080000E-01  1.235774E+03
  4.100000E-01  1.235603E+03
  4.120000E-01  1.235433E+03
  4.140000E-01  1.235264E+03
  4.160000E-01  1.235096E+03
  4.180000E-01  1.234930E+03
  4.200000E-01  1.234764E+03
  4.220000E-01  1.234599E+03
  4.240000E-01  1.234435E+03
  4.260000E-01  1.234273E+03
  4.280000E-01  1.234111E+03
  4.300000E-01  1.233950E+03
  4.320000E-01  1.233790E+03
  4.340000E-01  1.233631E+03
  4.360000E-01  1.233473E+03
  4.380000E-01  1.233317E+03
  4.400000E-01  1.233161E+03
  4.420000E-01  1.233005E+03
  4.440000E-01  1.232851E+03
  4.460000E-01  1.232698E+03
  4.480000E-01  1.232546E+03
  4.500000E-01  1.232394E+03
  4.520000E-01  1.232244E+03
  4.540000E-01  1.232094E+03
  4.560000E-01  1.231945E+03
  4.580000E-01  1.231797E+03
  4.600000E-01  1.231650E+03
  4.620000E-01  1.231504E+03
  4.640000E-01  1.231359E+03
  4.660000E-01  1.231214E+03
  4.680000E-01  1.231071E+03
  4.700000E-01  1.230928E+03
  4.720000E-01  1.230822E+03
  4.740000E-01  1.230706E+03
  4.760000E-01  1.230592E+03
  4.780000E-01  1.230479E+03
  4.800000E-01  1.230368E+03
  4.820000E-01  1.230258E+03
  4.840000E-01  1.230150E+03
  4.860000E-01  1.230042E+03
  4.880000E-01  1.229935E+03
  4.900000E-01  1.229829E+03
  4.920000E-01  1.229723E+03
  4.940000E-01  1.229619E+03
  4.960000E-01  1.229515E+03
  4.980000E-01  1.229412E+03
  5.000000E-01  1.229309E+03
  5.020000E-01  1.229207E+03
  5.040000E-01  1.229106E+03
  5.060000E-01  1.229005E+03
  5.080000E-01  1.228905E+03
  5.100000E-01  1.228806E+03
  5.120000E-01  1.228707E+03
  5.140000E-01  1.228609E+03
  5.160000E-01  1.228511E+03
  5.180000E-01  1.228414E+03
  5.200000E-01  1.228317E+03
  5.220000E-01  1.228221E+03
  5.240000E-01  1.228125E+03
  5.260000E-01  1.228030E+03
  5.280000E-01  1.227935E+03
  5.300000E-01  1.227841E+03
  5.320000E-01  1.227747E+03
  5.340000E-01  1.227654E+03
  5.360000E-01  1.227561E+03
  5.380000E-01  1.227469E+03
  5.400000E-01  1.227377E+03
  5.420000E-01  1.227286E+03
  5.440000E-01  1.227195E+03
  5.460000E-01  1.227104E+03
  5.480000E-01  1.227014E+03
  5.500000E-01  1.226924E+03
  5.520000E-01  1.226835E+03
  5.540000E-01  1.226744E+03
  5.560000E-01  1.226655E+03
  5.580000E-01  1.226566E+03
  5.600000E-01  1.226477E+03
  5.620000E-01  1.226389E+03
  5.640000E-01  1.226301E+03
  5.660000E-01  1.226214E+03
  5.680000E-01  1.226127E+03
  5.700000E-01  1.226040E+03
  5.720000E-01  1.225953E+03
  5.740000E-01  1.225867E+03
  5.760000E-01  1.225781E+03
  5.780000E-01  1.225696E+03
  5.800000E-01  1.225611E+03
  5.820000E-01  1.225526E+03
  5.840000E-01  1.225441E+03
  5.860000E-01  1.225357E+03
  5.880000E-01  1.225273E+03
  5.900000E-01  1.225190E+03
  5.920000E-01  1.225107E+03
  5.940000E-01  1.225024E+03
  5.960000E-01  1.224941E+03
  5.980000E-01  1.224859E+03
  6.000000E-01  1.224777E+03
  6.020000E-01  1.224695E+03
  6.040000E-01  1.224614E+03
  6.060000E-01  1.224533E+03
  6.080000E-01  1.224453E+03
  6.100000E-01  1.224372E+03
  6.120000E-01  1.224292E+03
  6.140000E-01  1.224213E+03
  6.160000E-01  1.224133E+03
  6.180000E-01  1.224054E+03
  6.200000E-01  1.223975E+03
  6.220000E-01  1.223897E+03
  6.240000E-01  1.223819E+03
  6.260000E-01  1.223741E+03
  6.280000E-01  1.223663E+03
  6.300000E-01  1.223586E+03
  6.320000E-01  1.223509E+03
  6.340000E-01  1.223432E+03
  6.360000E-01  1.223356E+03
  6.380000E-01  1.223280E+03
  6.400000E-01  1.223204E+03
  6.420000E-01  1.223128E+03
  6.440000E-01  1.223053E+03
  6.460000E-01  1.222978E+03
  6.480000E-01  1.222903E+03
  6.500000E-01  1.222829E+03
  6.520000E-01  1.222755E+03
  6.540000E-01  1.222681E+03
  6.560000E-01  1.222607E+03
  6.580000E-01  1.222534E+03
  6.600000E-01  1.222461E+03
  6.620000E-01  1.222388E+03
  6.640000E-01  1.222316E+03
  6.660000E-01  1.222243E+03
  6.680000E-01  1.222171E+03
  6.700000E-01  1.222100E+03
  6.720000E-01  1.222028E+03
  6.740000E-01  1.221957E+03
  6.760000E-01  1.221886E+03
  6.780000E-01  1.221815E+03
  6.800000E-01  1.221745E+03
  6.820000E-01  1.221675E+03
  6.840000E-01  1.221605E+03
  6.860000E-01  1.221535E+03
  6.880000E-01  1.221466E+03
  6.900000E-01  1.221397E+03
  6.920000E-01  1.221328E+03
  6.940000E-01  1.221259E+03
  6.960000E-01  1.221191E+03
  6.980000E-01  1.221123E+03
  7.000000E-01  1.221055E+03
  7.020000E-01  1.220987E+03
  7.040000E-01  1.220920E+03
  7.060000E-01  1.220853E+03
  7.080000E-01  1.220786E+03
  7.100000E-01  1.220719E+03
  7.120000E-01  1.220652E+03
  7.140000E-01  1.220586E+03
  7.160000E-01  1.220520E+03
  7.180000E-01  1.220455E+03
  7.200000E-01  1.220389E+03
  7.220000E-01  1.220324E+03
  7.240000E-01  1.220259E+03
  7.260000E-01  1.220194E+03
  7.280000E-01  1.220129E+03
  7.300000E-01  1.220065E+03
  7.320000E-01  1.220001E+03
  7.340000E-01  1.219937E+03
  7.360000E-01  1.219873E+03
  7.380000E-01  1.219810E+03
  7.400000E-01  1.219746E+03
  7.420000E-01  1.219683E+03
  7.440000E-01  1.219621E+03
  7.460000E-01  1.219558E+03
  7.480000E-01  1.219496E+03
  7.500000E-01  1.219434E+03
  7.520000E-01  1.219372E+03
  7.540000E-01  1.219310E+03
  7.560000E-01  1.219248E+03
  7.580000E-01  1.219187E+03
  7.600000E-01  1.219126E+03
  7.620000E-01  1.219065E+03
  7.640000E-01  1.219004E+03
  7.660000E-01  1.218944E+03
  7.680000E-01  1.218884E+03
  7.700000E-01  1.218824E+03
  7.720000E-01  1.218764E+03
  7.740000E-01  1.218704E+03
  7.760000E-01  1.218645E+03
  7.780000E-01  1.218586E+03
  7.800000E-01  1.218527E+03
  7.820000E-01  1.218468E+03
  7.840000E-01  1.218409E+03
  7.860000E-01  1.218351E+03
  7.880000E-01  1.218292E+03
  7.900000E-01  1.218234E+03
  7.920000E-01  1.218177E+03
  7.940000E-01  1.218119E+03
  7.960000E-01  1.218061E+03
  7.980000E-01  1.218004E+03
  8.000000E-01  1.217947E+03
  8.020000E-01  1.217890E+03
  8.040000E-01  1.217834E+03
  8.060000E-01  1.217777E+03
  8.080000E-01  1.217721E+03
  8.100000E-01  1.217665E+03
  8.120000E-01  1.217609E+03
  8.140000E-01  1.217553E+03
  8.160000E-01  1.217497E+03
  8.180000E-01  1.217442E+03
  8.200000E-01  1.217387E+03
  8.220000E-01  1.217332E+03
  8.240000E-01  1.217277E+03
  8.260000E-01  1.217222E+03
  8.280000E-01  1.217168E+03
  8.300000E-01  1.217114E+03
  8.320000E-01  1.217059E+03
  8.340000E-01  1.217006E+03
  8.360000E-01  1.216952E+03
  8.380000E-01  1.216898E+03
  8.400000E-01  1.216845E+03
  8.420000E-01  1.216792E+03
  8.440000E-01  1.216738E+03
  8.460000E-01  1.216686E+03
  8.480000E-01  1.216633E+03
  8.500000E-01  1.216580E+03
  8.520000E-01  1.216528E+03
  8.540000E-01  1.216476E+03
  8.560000E-01  1.216424E+03
  8.580000E-01  1.216372E+03
  8.600000E-01  1.216320E+03
  8.620000E-01  1.216269E+03
  8.640000E-01  1.216217E+03
  8.660000E-01  1.216166E+03
  8.680000E-01  1.216115E+03
  8.700000E-01  1.216064E+03
  8.720000E-01  1.216013E+03
  8.740000E-01  1.215963E+03
  8.760000E-01  1.215913E+03
  8.780000E-01  1.215862E+03
  8.800000E-01  1.215812E+03
  8.820000E-01  1.215762E+03
  8.840000E-01  1.215713E+03
  8.860000E-01  1.215663E+03
  8.880000E-01  1.215614E+03
  8.900000E-01  1.215564E+03
  8.920000E-01  1.215515E+03
  8.940000E-01  1.215466E+03
  8.960000E-01  1.215417E+03
  8.980000E-01  1.215369E+03
  9.000000E-01  1.215320E+03
  9.020000E-01  1.215272E+03
  9.040000E-01  1.215224E+03
  9.060000E-01  1.215176E+03
  9.080000E-01  1.215128E+03
  9.100000E-01  1.215080E+03
  9.120000E-01  1.215033E+03
  9.140000E-01  1.214985E+03
  9.160000E-01  1.214938E+03
  9.180000E-01  1.214891E+03
  9.200000E-01  1.214844E+03
  9.220000E-01  1.214797E+03
  9.240000E-01  1.214750E+03
  9.260000E-01  1.214704E+03
  9.280000E-01  1.214657E+03
  9.300000E-01  1.214611E+03
  9.320000E-01  1.214565E+03
  9.340000E-01  1.214519E+03
  9.360000E-01  1.214473E+03
  9.380000E-01  1.214427E+03
  9.400000E-01  1.214382E+03
  9.420000E-01  1.214336E+03
  9.440000E-01  1.214291E+03
  9.460000E-01  1.214246E+03
  9.480000E-01  1.214201E+03
  9.500000E-01  1.214156E+03
  9.520000E-01  1.214111E+03
  9.540000E-01  1.214067E+03
  9.560000E-01  1.214022E+03
  9.580000E-01  1.213978E+03
  9.600000E-01  1.213934E+03
  9.620000E-01  1.213890E+03
  9.640000E-01  1.213846E+03
  9.660000E-01  1.213802E+03
  9.680000E-01  1.213758E+03
  9.700000E-01  1.213715E+03
  9.720000E-01  1.213672E+03
  9.740000E-01  1.213628E+03
  9.760000E-01  1.213585E+03
  9.780000E-01  1.213542E+03
  9.800000E-01  1.213499E+03
  9.820000E-01  1.213457E+03
  9.840000E-01  1.213414E+03
  9.860000E-01  1.213372E+03
  9.880000E-01  1.213329E+03
  9.900000E-01  1.213287E+03
  9.920000E-01  1.213245E+03
  9.940000E-01  1.213203E+03
  9.960000E-01  1.213161E+03
  9.980000E-01  1.213119E+03
  1.000000E+00  1.213078E+03
  1.002000E+00  1.213036E+03
  1.004000E+00  1.212995E+03
  1.006000E+00  1.212954E+03
  1.008000E+00  1.212913E+03
  1.010000E+00  1.212872E+03
  1.012000E+00  1.212831E+03
  1.014000E+00  1.212790E+03
  1.016000E+00  1.212750E+03
  1.018000E+00  1.212709E+03
  1.020000E+00  1.212669E+03
  1.022000E+00  1.212629E+03
  1.024000E+00  1.212588E+03
  1.026000E+00  1.212548E+03
  1.028000E+00  1.212508E+03
  1.030000E+00  1.212469E+03
  1.032000E+00  1.212429E+03
  1.034000E+00  1.212390E+03
  1.036000E+00  1.212350E+03
  1.038000E+00  1.212311E+03
  1.040000E+00  1.212272E+03
  1.042000E+00  1.212233E+03
  1.044000E+00  1.212194E+03
  1.046000E+00  1.212155E+03
  1.048000E+00  1.212116E+03
  1.050000E+00  1.212077E+03
  1.052000E+00  1.212039E+03
  1.054000E+00  1.212000E+03
  1.056000E+00  1.211962E+03
  1.058000E+00  1.211924E+03
  1.060000E+00  1.211886E+03
  1.062000E+00  1.211848E+03
  1.064000E+00  1.211810E+03
  1.066000E+00  1.211772E+03
  1.068000E+00  1.211735E+03
  1.070000E+00  1.211697E+03
  1.072000E+00  1.211660E+03
  1.074000E+00  1.211623E+03
  1.076000E+00  1.211585E+03
  1.078000E+00  1.211548E+03
  1.080000E+00  1.211511E+03
  1.082000E+00  1.211474E+03
  1.084000E+00  1.211438E+03
  1.086000E+00  1.211401E+03
  1.088000E+00  1.211364E+03
  1.090000E+00  1.211328E+03
  1.092000E+00  1.211292E+03
  1.094000E+00  1.211255E+03
  1.096000E+00  1.211219E+03
  1.098000E+00  1.211183E+03
  1.100000E+00  1.211147E+03
  1.102000E+00  1.211115E+03
  1.104000E+00  1.211082E+03
  1.106000E+00  1.211049E+03
  1.108000E+00  1.211017E+03
  1.110000E+00  1.210986E+03
  1.112000E+00  1.210954E+03
  1.114000E+00  1.210923E+03
  1.116000E+00  1.210893E+03
  1.118000E+00  1.210862E+03
  1.120000E+00  1.210832E+03
  1.122000E+00  1.210802E+03
  1.124000E+00  1.210773E+03
  1.126000E+00  1.210743E+03
  1.128000E+00  1.210714E+03
  1.130000E+00  1.210685E+03
  1.132000E+00  1.210656E+03
  1.134000E+00  1.210627E+03
  1.136000E+00  1.210598E+03
  1.138000E+00  1.210570E+03
  1.140000E+00  1.210541E+03
  1.142000E+00  1.210513E+03
  1.144000E+00  1.210485E+03
  1.146000E+00  1.210457E+03
  1.148000E+00  1.210430E+03
  1.150000E+00  1.210402E+03
  1.152000E+00  1.210375E+03
  1.154000E+00  1.210348E+03
  1.156000E+00  1.210320E+03
  1.158000E+00  1.210293E+03
  1.160000E+00  1.210266E+03
  1.162000E+00  1.210240E+03
  1.164000E+00  1.210213E+03
  1.166000E+00  1.210187E+03
  1.168000E+00  1.210160E+03
  1.170000E+00  1.210134E+03
  1.172000E+00  1.210108E+03
  1.174000E+00  1.210082E+03
  1.176000E+00  1.210056E+03
  1.178000E+00  1.210030E+03
  1.180000E+00  1.210004E+03
  1.182000E+00  1.209978E+03
  1.184000E+00  1.209953E+03
  1.186000E+00  1.209928E+03
  1.188000E+00  1.209902E+03
  1.190000E+00  1.209877E+03
  1.192000E+00  1.209852E+03
  1.194000E+00  1.209827E+03
  1.196000E+00  1.209802E+03
  1.198000E+00  1.209777E+03
  1.200000E+00  1.209752E+03
