  1.000000E-02  8.046957E+00
  2.000000E-02  1.414493E+01
  3.000000E-02  1.973053E+01
  4.000000E-02  2.506353E+01
  5.000000E-02  3.019783E+01
  6.000000E-02  3.523039E+01
  7.000000E-02  4.018150E+01
  8.000000E-02  4.508378E+01
  9.000000E-02  4.995623E+01
  1.000000E-01  5.479788E+01
  1.100000E-01  5.962295E+01
  1.200000E-01  6.443523E+01
  1.300000E-01  6.923203E+01
  1.400000E-01  7.401365E+01
  1.500000E-01  7.878124E+01
  1.600000E-01  8.353373E+01
  1.700000E-01  8.826970E+01
  1.800000E-01  9.298351E+01
  1.900000E-01  9.767539E+01
  2.000000E-01  1.023404E+02
  2.100000E-01  1.069757E+02
  2.200000E-01  1.115804E+02
  2.300000E-01  1.161486E+02
  2.400000E-01  1.206788E+02
  2.500000E-01  1.251686E+02
  2.600000E-01  1.296133E+02
  2.700000E-01  1.340133E+02
  2.800000E-01  1.383645E+02
  2.900000E-01  1.426653E+02
  3.000000E-01  1.469143E+02
  3.100000E-01  1.511082E+02
  3.200000E-01  1.552467E+02
  3.300000E-01  1.593289E+02
  3.400000E-01  1.633515E+02
  3.500000E-01  1.673153E+02
  3.600000E-01  1.712188E+02
  3.700000E-01  1.750615E+02
  3.800000E-01  1.788428E+02
  3.900000E-01  1.825622E+02
  4.000000E-01  1.862190E+02
  4.100000E-01  1.898136E+02
  4.200000E-01  1.933463E+02
  4.300000E-01  1.968166E+02
  4.400000E-01  2.002252E+02
  4.500000E-01  2.035720E+02
  4.600000E-01  2.068564E+02
  4.700000E-01  2.100812E+02
  4.800000E-01  2.132449E+02
  4.900000E-01  2.163494E+02
  5.000000E-01  2.193947E+02
  5.100000E-01  2.223817E+02
  5.200000E-01  2.253111E+02
  5.300000E-01  2.281837E+02
  5.400000E-01  2.310007E+02
  5.500000E-01  2.337618E+02
  5.600000E-01  2.364701E+02
  5.700000E-01  2.391250E+02
  5.800000E-01  2.417282E+02
  5.900000E-01  2.442800E+02
  6.000000E-01  2.467813E+02
  6.100000E-01  2.492342E+02
  6.200000E-01  2.516389E+02
  6.300000E-01  2.539966E+02
  6.400000E-01  2.563087E+02
  6.500000E-01  2.585752E+02
  6.600000E-01  2.607988E+02
  6.700000E-01  2.629791E+02
  6.800000E-01  2.651174E+02
  6.900000E-01  2.672157E+02
  7.000000E-01  2.692734E+02
  7.100000E-01  2.712933E+02
  7.200000E-01  2.732747E+02
  7.300000E-01  2.752203E+02
  7.400000E-01  2.771289E+02
  7.500000E-01  2.790039E+02
  7.600000E-01  2.808440E+02
  7.700000E-01  2.826517E+02
  7.800000E-01  2.844274E+02
  7.900000E-01  2.861715E+02
  8.000000E-01  2.878862E+02
  8.100000E-01  2.895705E+02
  8.200000E-01  2.912270E+02
  8.300000E-01  2.928555E+02
  8.400000E-01  2.944572E+02
  8.500000E-01  2.960325E+02
  8.600000E-01  2.975824E+02
  8.700000E-01  2.991079E+02
  8.800000E-01  3.006097E+02
  8.900000E-01  3.020883E+02
  9.000000E-01  3.035445E+02
  9.100000E-01  3.049789E+02
  9.200000E-01  3.063918E+02
  9.300000E-01  3.077846E+02
  9.400000E-01  3.091581E+02
  9.500000E-01  3.105122E+02
  9.600000E-01  3.118474E+02
  9.700000E-01  3.131652E+02
  9.800000E-01  3.144650E+02
  9.900000E-01  3.157487E+02
  1.000000E+00  3.170158E+02
  1.010000E+00  3.182676E+02
  1.020000E+00  3.195033E+02
  1.030000E+00  3.207251E+02
  1.040000E+00  3.219326E+02
  1.050000E+00  3.231261E+02
  1.060000E+00  3.243060E+02
  1.070000E+00  3.254742E+02
  1.080000E+00  3.266292E+02
  1.090000E+00  3.277721E+02
  1.100000E+00  3.289037E+02
  1.110000E+00  3.300248E+02
  1.120000E+00  3.311344E+02
  1.130000E+00  3.322337E+02
  1.140000E+00  3.333224E+02
  1.150000E+00  3.344023E+02
  1.160000E+00  3.354729E+02
  1.170000E+00  3.365343E+02
  1.180000E+00  3.375872E+02
  1.190000E+00  3.386317E+02
  1.200000E+00  3.396678E+02
