  1.000000E-02  1.106867E+03
  1.200000E-02  1.105087E+03
  1.400000E-02  1.103322E+03
  1.600000E-02  1.101571E+03
  1.800000E-02  1.099835E+03
  2.000000E-02  1.098112E+03
  2.200000E-02  1.096403E+03
  2.400000E-02  1.094708E+03
  2.600000E-02  1.093026E+03
  2.800000E-02  1.091357E+03
  3.000000E-02  1.089701E+03
  3.200000E-02  1.088058E+03
  3.400000E-02  1.086428E+03
  3.600000E-02  1.084811E+03
  3.800000E-02  1.083206E+03
  4.000000E-02  1.081613E+03
  4.200000E-02  1.080032E+03
  4.400000E-02  1.078464E+03
  4.600000E-02  1.076907E+03
  4.800000E-02  1.075362E+03
  5.000000E-02  1.073829E+03
  5.200000E-02  1.072307E+03
  5.400000E-02  1.070796E+03
  5.600000E-02  1.069297E+03
  5.800000E-02  1.067809E+03
  6.000000E-02  1.066332E+03
  6.200000E-02  1.064865E+03
  6.400000E-02  1.063410E+03
  6.600000E-02  1.061965E+03
  6.800000E-02  1.060531E+03
  7.000000E-02  1.059107E+03
  7.200000E-02  1.057693E+03
  7.400000E-02  1.056290E+03
  7.600000E-02  1.054897E+03
  7.800000E-02  1.053514E+03
  8.000000E-02  1.052140E+03
  8.200000E-02  1.050777E+03
  8.400000E-02  1.049423E+03
  8.600000E-02  1.048079E+03
  8.800000E-02  1.046744E+03
  9.000000E-02  1.045419E+03
  9.200000E-02  1.044103E+03
  9.400000E-02  1.042797E+03
  9.600000E-02  1.041499E+03
  9.800000E-02  1.040211E+03
  1.000000E-01  1.038932E+03
  1.020000E-01  1.037661E+03
  1.040000E-01  1.036399E+03
  1.060000E-01  1.035146E+03
  1.080000E-01  1.033902E+03
  1.100000E-01  1.032666E+03
  1.120000E-01  1.031439E+03
  1.140000E-01  1.030220E+03
  1.160000E-01  1.029009E+03
  1.180000E-01  1.027807E+03
  1.200000E-01  1.026613E+03
  1.220000E-01  1.025427E+03
  1.240000E-01  1.024248E+03
  1.260000E-01  1.023078E+03
  1.280000E-01  1.021916E+03
  1.300000E-01  1.020761E+03
  1.320000E-01  1.019614E+03
  1.340000E-01  1.018474E+03
  1.360000E-01  1.017341E+03
  1.380000E-01  1.016216E+03
  1.400000E-01  1.015098E+03
  1.420000E-01  1.013987E+03
  1.440000E-01  1.012883E+03
  1.460000E-01  1.011786E+03
  1.480000E-01  1.010697E+03
  1.500000E-01  1.009614E+03
  1.520000E-01  1.008538E+03
  1.540000E-01  1.007470E+03
  1.560000E-01  1.006408E+03
  1.580000E-01  1.005352E+03
  1.600000E-01  1.004304E+03
  1.620000E-01  1.003262E+03
  1.640000E-01  1.002227E+03
  1.660000E-01  1.001198E+03
  1.680000E-01  1.000175E+03
  1.700000E-01  9.991596E+02
  1.720000E-01  9.981500E+02
  1.740000E-01  9.971468E+02
  1.760000E-01  9.961498E+02
  1.780000E-01  9.951590E+02
  1.800000E-01  9.941743E+02
  1.820000E-01  9.931958E+02
  1.840000E-01  9.922233E+02
  1.860000E-01  9.912568E+02
  1.880000E-01  9.902962E+02
  1.900000E-01  9.893415E+02
  1.920000E-01  9.883927E+02
  1.940000E-01  9.874496E+02
  1.960000E-01  9.865123E+02
  1.980000E-01  9.855807E+02
  2.000000E-01  9.846548E+02
  2.020000E-01  9.837344E+02
  2.040000E-01  9.828196E+02
  2.060000E-01  9.819103E+02
  2.080000E-01  9.810065E+02
  2.100000E-01  9.801081E+02
  2.120000E-01  9.792150E+02
  2.140000E-01  9.783273E+02
  2.160000E-01  9.774449E+02
  2.180000E-01  9.765677E+02
  2.200000E-01  9.756958E+02
  2.220000E-01  9.748289E+02
  2.240000E-01  9.739672E+02
  2.260000E-01  9.731106E+02
  2.280000E-01  9.722590E+02
  2.300000E-01  9.714124E+02
  2.320000E-01  9.705707E+02
  2.340000E-01  9.697340E+02
  2.360000E-01  9.689021E+02
  2.380000E-01  9.680751E+02
  2.400000E-01  9.672528E+02
  2.420000E-01  9.664354E+02
  2.440000E-01  9.656226E+02
  2.460000E-01  9.648145E+02
  2.480000E-01  9.640111E+02
  2.500000E-01  9.632122E+02
  2.520000E-01  9.624180E+02
  2.540000E-01  9.616282E+02
  2.560000E-01  9.608430E+02
  2.580000E-01  9.600622E+02
  2.600000E-01  9.592859E+02
  2.620000E-01  9.585140E+02
  2.640000E-01  9.577464E+02
  2.660000E-01  9.569831E+02
  2.680000E-01  9.562242E+02
  2.700000E-01  9.554695E+02
  2.720000E-01  9.547190E+02
  2.740000E-01  9.539727E+02
  2.760000E-01  9.532306E+02
  2.780000E-01  9.524926E+02
  2.800000E-01  9.517587E+02
  2.820000E-01  9.510289E+02
  2.840000E-01  9.503031E+02
  2.860000E-01  9.495813E+02
  2.880000E-01  9.488635E+02
  2.900000E-01  9.481497E+02
  2.920000E-01  9.474397E+02
  2.940000E-01  9.467337E+02
  2.960000E-01  9.460314E+02
  2.980000E-01  9.453331E+02
  3.000000E-01  9.446385E+02
  3.020000E-01  9.439477E+02
  3.040000E-01  9.432606E+02
  3.060000E-01  9.425772E+02
  3.080000E-01  9.418976E+02
  3.100000E-01  9.412215E+02
  3.120000E-01  9.405492E+02
  3.140000E-01  9.398804E+02
  3.160000E-01  9.392152E+02
  3.180000E-01  9.385535E+02
  3.200000E-01  9.378954E+02
  3.220000E-01  9.372408E+02
  3.240000E-01  9.365896E+02
  3.260000E-01  9.359419E+02
  3.280000E-01  9.352976E+02
  3.300000E-01  9.346567E+02
  3.320000E-01  9.340192E+02
  3.340000E-01  9.333850E+02
  3.360000E-01  9.327542E+02
  3.380000E-01  9.321267E+02
  3.400000E-01  9.315024E+02
  3.420000E-01  9.308814E+02
  3.440000E-01  9.302636E+02
  3.460000E-01  9.296490E+02
  3.480000E-01  9.290376E+02
  3.500000E-01  9.284294E+02
  3.520000E-01  9.278243E+02
  3.540000E-01  9.272223E+02
  3.560000E-01  9.266234E+02
  3.580000E-01  9.260276E+02
  3.600000E-01  9.254348E+02
  3.620000E-01  9.248450E+02
  3.640000E-01  9.242583E+02
  3.660000E-01  9.236745E+02
  3.680000E-01  9.230937E+02
  3.700000E-01  9.225159E+02
  3.720000E-01  9.219410E+02
  3.740000E-01  9.213689E+02
  3.760000E-01  9.207998E+02
  3.780000E-01  9.202335E+02
  3.800000E-01  9.196700E+02
  3.820000E-01  9.191094E+02
  3.840000E-01  9.185516E+02
  3.860000E-01  9.179966E+02
  3.880000E-01  9.174443E+02
  3.900000E-01  9.168947E+02
  3.920000E-01  9.163479E+02
  3.940000E-01  9.158038E+02
  3.960000E-01  9.152624E+02
  3.980000E-01  9.147237E+02
  4.000000E-01  9.141876E+02
  4.020000E-01  9.136541E+02
  4.040000E-01  9.131232E+02
  4.060000E-01  9.125950E+02
  4.080000E-01  9.120693E+02
  4.100000E-01  9.115462E+02
  4.120000E-01  9.110256E+02
  4.140000E-01  9.105076E+02
  4.160000E-01  9.099921E+02
  4.180000E-01  9.094790E+02
  4.200000E-01  9.089685E+02
  4.220000E-01  9.084603E+02
  4.240000E-01  9.079547E+02
  4.260000E-01  9.074514E+02
  4.280000E-01  9.069506E+02
  4.300000E-01  9.064522E+02
  4.320000E-01  9.059561E+02
  4.340000E-01  9.054624E+02
  4.360000E-01  9.049711E+02
  4.380000E-01  9.044821E+02
  4.400000E-01  9.039954E+02
  4.420000E-01  9.035110E+02
  4.440000E-01  9.030289E+02
  4.460000E-01  9.025490E+02
  4.480000E-01  9.020714E+02
  4.500000E-01  9.015961E+02
  4.520000E-01  9.011229E+02
  4.540000E-01  9.006520E+02
  4.560000E-01  9.001833E+02
  4.580000E-01  8.997168E+02
  4.600000E-01  8.992524E+02
  4.620000E-01  8.987902E+02
  4.640000E-01  8.983301E+02
  4.660000E-01  8.980015E+02
  4.680000E-01  8.976446E+02
  4.700000E-01  8.972953E+02
  4.720000E-01  8.969514E+02
  4.740000E-01  8.966119E+02
  4.760000E-01  8.962762E+02
  4.780000E-01  8.959436E+02
  4.800000E-01  8.956139E+02
  4.820000E-01  8.952869E+02
  4.840000E-01  8.949622E+02
  4.860000E-01  8.946397E+02
  4.880000E-01  8.943194E+02
  4.900000E-01  8.940010E+02
  4.920000E-01  8.936845E+02
  4.940000E-01  8.933698E+02
  4.960000E-01  8.930568E+02
  4.980000E-01  8.927454E+02
  5.000000E-01  8.924357E+02
  5.020000E-01  8.921275E+02
  5.040000E-01  8.918208E+02
  5.060000E-01  8.915155E+02
  5.080000E-01  8.912117E+02
  5.100000E-01  8.909093E+02
  5.120000E-01  8.906082E+02
  5.140000E-01  8.903084E+02
  5.160000E-01  8.900099E+02
  5.180000E-01  8.897127E+02
  5.200000E-01  8.894167E+02
  5.220000E-01  8.891219E+02
  5.240000E-01  8.888284E+02
  5.260000E-01  8.885360E+02
  5.280000E-01  8.882447E+02
  5.300000E-01  8.879546E+02
  5.320000E-01  8.876657E+02
  5.340000E-01  8.873778E+02
  5.360000E-01  8.870910E+02
  5.380000E-01  8.868053E+02
  5.400000E-01  8.865207E+02
  5.420000E-01  8.862371E+02
  5.440000E-01  8.859546E+02
  5.460000E-01  8.856730E+02
  5.480000E-01  8.853925E+02
  5.500000E-01  8.851130E+02
  5.520000E-01  8.848344E+02
  5.540000E-01  8.845569E+02
  5.560000E-01  8.842803E+02
  5.580000E-01  8.840047E+02
  5.600000E-01  8.837300E+02
  5.620000E-01  8.834562E+02
  5.640000E-01  8.831834E+02
  5.660000E-01  8.829115E+02
  5.680000E-01  8.826405E+02
  5.700000E-01  8.823704E+02
  5.720000E-01  8.821012E+02
  5.740000E-01  8.818329E+02
  5.760000E-01  8.815654E+02
  5.780000E-01  8.812989E+02
  5.800000E-01  8.810332E+02
  5.820000E-01  8.807683E+02
  5.840000E-01  8.805043E+02
  5.860000E-01  8.802412E+02
  5.880000E-01  8.799788E+02
  5.900000E-01  8.797173E+02
  5.920000E-01  8.794566E+02
  5.940000E-01  8.791968E+02
  5.960000E-01  8.789377E+02
  5.980000E-01  8.786795E+02
  6.000000E-01  8.784220E+02
  6.020000E-01  8.781654E+02
  6.040000E-01  8.779095E+02
  6.060000E-01  8.776544E+02
  6.080000E-01  8.774000E+02
  6.100000E-01  8.771465E+02
  6.120000E-01  8.768937E+02
  6.140000E-01  8.766416E+02
  6.160000E-01  8.763904E+02
  6.180000E-01  8.761398E+02
  6.200000E-01  8.758900E+02
  6.220000E-01  8.756410E+02
  6.240000E-01  8.753926E+02
  6.260000E-01  8.751450E+02
  6.280000E-01  8.748982E+02
  6.300000E-01  8.746520E+02
  6.320000E-01  8.744065E+02
  6.340000E-01  8.741618E+02
  6.360000E-01  8.739178E+02
  6.380000E-01  8.736744E+02
  6.400000E-01  8.734318E+02
  6.420000E-01  8.731899E+02
  6.440000E-01  8.729486E+02
  6.460000E-01  8.727080E+02
  6.480000E-01  8.724681E+02
  6.500000E-01  8.722289E+02
  6.520000E-01  8.719904E+02
  6.540000E-01  8.717525E+02
  6.560000E-01  8.715153E+02
  6.580000E-01  8.712787E+02
  6.600000E-01  8.710428E+02
  6.620000E-01  8.708076E+02
  6.640000E-01  8.705730E+02
  6.660000E-01  8.703390E+02
  6.680000E-01  8.701057E+02
  6.700000E-01  8.698730E+02
  6.720000E-01  8.696410E+02
  6.740000E-01  8.694096E+02
  6.760000E-01  8.691788E+02
  6.780000E-01  8.689486E+02
  6.800000E-01  8.687191E+02
  6.820000E-01  8.684902E+02
  6.840000E-01  8.682619E+02
  6.860000E-01  8.680342E+02
  6.880000E-01  8.678071E+02
  6.900000E-01  8.675806E+02
  6.920000E-01  8.673547E+02
  6.940000E-01  8.671294E+02
  6.960000E-01  8.669047E+02
  6.980000E-01  8.666806E+02
  7.000000E-01  8.664571E+02
  7.020000E-01  8.662342E+02
  7.040000E-01  8.660118E+02
  7.060000E-01  8.657901E+02
  7.080000E-01  8.655689E+02
  7.100000E-01  8.653483E+02
  7.120000E-01  8.651282E+02
  7.140000E-01  8.649087E+02
  7.160000E-01  8.646898E+02
  7.180000E-01  8.644715E+02
  7.200000E-01  8.642537E+02
  7.220000E-01  8.640365E+02
  7.240000E-01  8.638198E+02
  7.260000E-01  8.636037E+02
  7.280000E-01  8.633881E+02
  7.300000E-01  8.631731E+02
  7.320000E-01  8.629586E+02
  7.340000E-01  8.627447E+02
  7.360000E-01  8.625313E+02
  7.380000E-01  8.623184E+02
  7.400000E-01  8.621061E+02
  7.420000E-01  8.618943E+02
  7.440000E-01  8.616830E+02
  7.460000E-01  8.614722E+02
  7.480000E-01  8.612620E+02
  7.500000E-01  8.610523E+02
  7.520000E-01  8.608431E+02
  7.540000E-01  8.606345E+02
  7.560000E-01  8.604263E+02
  7.580000E-01  8.602187E+02
  7.600000E-01  8.600116E+02
  7.620000E-01  8.598050E+02
  7.640000E-01  8.595988E+02
  7.660000E-01  8.593932E+02
  7.680000E-01  8.591881E+02
  7.700000E-01  8.589835E+02
  7.720000E-01  8.587794E+02
  7.740000E-01  8.585758E+02
  7.760000E-01  8.583727E+02
  7.780000E-01  8.581700E+02
  7.800000E-01  8.579679E+02
  7.820000E-01  8.577662E+02
  7.840000E-01  8.575651E+02
  7.860000E-01  8.573644E+02
  7.880000E-01  8.571642E+02
  7.900000E-01  8.569644E+02
  7.920000E-01  8.567652E+02
  7.940000E-01  8.565664E+02
  7.960000E-01  8.563681E+02
  7.980000E-01  8.561702E+02
  8.000000E-01  8.559729E+02
  8.020000E-01  8.557759E+02
  8.040000E-01  8.555795E+02
  8.060000E-01  8.553835E+02
  8.080000E-01  8.551880E+02
  8.100000E-01  8.549929E+02
  8.120000E-01  8.547983E+02
  8.140000E-01  8.546042E+02
  8.160000E-01  8.544105E+02
  8.180000E-01  8.542172E+02
  8.200000E-01  8.540244E+02
  8.220000E-01  8.538321E+02
  8.240000E-01  8.536402E+02
  8.260000E-01  8.534487E+02
  8.280000E-01  8.532577E+02
  8.300000E-01  8.530671E+02
  8.320000E-01  8.528770E+02
  8.340000E-01  8.526873E+02
  8.360000E-01  8.524980E+02
  8.380000E-01  8.523092E+02
  8.400000E-01  8.521208E+02
  8.420000E-01  8.519328E+02
  8.440000E-01  8.517453E+02
  8.460000E-01  8.515582E+02
  8.480000E-01  8.513715E+02
  8.500000E-01  8.511852E+02
  8.520000E-01  8.509994E+02
  8.540000E-01  8.508140E+02
  8.560000E-01  8.506290E+02
  8.580000E-01  8.504444E+02
  8.600000E-01  8.502602E+02
  8.620000E-01  8.500764E+02
  8.640000E-01  8.498931E+02
  8.660000E-01  8.497102E+02
  8.680000E-01  8.495277E+02
  8.700000E-01  8.493455E+02
  8.720000E-01  8.491638E+02
  8.740000E-01  8.489825E+02
  8.760000E-01  8.488016E+02
  8.780000E-01  8.486212E+02
  8.800000E-01  8.484411E+02
  8.820000E-01  8.482614E+02
  8.840000E-01  8.480821E+02
  8.860000E-01  8.479032E+02
  8.880000E-01  8.477247E+02
  8.900000E-01  8.475466E+02
  8.920000E-01  8.473688E+02
  8.940000E-01  8.471915E+02
  8.960000E-01  8.470146E+02
  8.980000E-01  8.468380E+02
  9.000000E-01  8.466619E+02
  9.020000E-01  8.464861E+02
  9.040000E-01  8.463107E+02
  9.060000E-01  8.461357E+02
  9.080000E-01  8.459610E+02
  9.100000E-01  8.457868E+02
  9.120000E-01  8.456129E+02
  9.140000E-01  8.454394E+02
  9.160000E-01  8.452663E+02
  9.180000E-01  8.450936E+02
  9.200000E-01  8.449212E+02
  9.220000E-01  8.447492E+02
  9.240000E-01  8.445775E+02
  9.260000E-01  8.444063E+02
  9.280000E-01  8.442626E+02
  9.300000E-01  8.441109E+02
  9.320000E-01  8.439617E+02
  9.340000E-01  8.438147E+02
  9.360000E-01  8.436695E+02
  9.380000E-01  8.435259E+02
  9.400000E-01  8.433837E+02
  9.420000E-01  8.432427E+02
  9.440000E-01  8.431030E+02
  9.460000E-01  8.429643E+02
  9.480000E-01  8.428267E+02
  9.500000E-01  8.426899E+02
  9.520000E-01  8.425541E+02
  9.540000E-01  8.424191E+02
  9.560000E-01  8.422849E+02
  9.580000E-01  8.421514E+02
  9.600000E-01  8.420186E+02
  9.620000E-01  8.418866E+02
  9.640000E-01  8.417552E+02
  9.660000E-01  8.416244E+02
  9.680000E-01  8.414942E+02
  9.700000E-01  8.413646E+02
  9.720000E-01  8.412355E+02
  9.740000E-01  8.411070E+02
  9.760000E-01  8.409790E+02
  9.780000E-01  8.408516E+02
  9.800000E-01  8.407246E+02
  9.820000E-01  8.405981E+02
  9.840000E-01  8.404721E+02
  9.860000E-01  8.403465E+02
  9.880000E-01  8.402213E+02
  9.900000E-01  8.400966E+02
  9.920000E-01  8.399724E+02
  9.940000E-01  8.398485E+02
  9.960000E-01  8.397250E+02
  9.980000E-01  8.396019E+02
  1.000000E+00  8.394793E+02
  1.002000E+00  8.393569E+02
  1.004000E+00  8.392350E+02
  1.006000E+00  8.391134E+02
  1.008000E+00  8.389921E+02
  1.010000E+00  8.388713E+02
  1.012000E+00  8.387507E+02
  1.014000E+00  8.386305E+02
  1.016000E+00  8.385106E+02
  1.018000E+00  8.383910E+02
  1.020000E+00  8.382717E+02
  1.022000E+00  8.381527E+02
  1.024000E+00  8.380340E+02
  1.026000E+00  8.379156E+02
  1.028000E+00  8.377975E+02
  1.030000E+00  8.376797E+02
  1.032000E+00  8.375621E+02
  1.034000E+00  8.374447E+02
  1.036000E+00  8.373168E+02
  1.038000E+00  8.371985E+02
  1.040000E+00  8.370805E+02
  1.042000E+00  8.369628E+02
  1.044000E+00  8.368453E+02
  1.046000E+00  8.367281E+02
  1.048000E+00  8.366112E+02
  1.050000E+00  8.364945E+02
  1.052000E+00  8.363781E+02
  1.054000E+00  8.362619E+02
  1.056000E+00  8.361460E+02
  1.058000E+00  8.360304E+02
  1.060000E+00  8.359150E+02
  1.062000E+00  8.357998E+02
  1.064000E+00  8.356849E+02
  1.066000E+00  8.355703E+02
  1.068000E+00  8.354559E+02
  1.070000E+00  8.353417E+02
  1.072000E+00  8.352278E+02
  1.074000E+00  8.351141E+02
  1.076000E+00  8.350007E+02
  1.078000E+00  8.348875E+02
  1.080000E+00  8.347745E+02
  1.082000E+00  8.346618E+02
  1.084000E+00  8.345493E+02
  1.086000E+00  8.344370E+02
  1.088000E+00  8.343250E+02
  1.090000E+00  8.342132E+02
  1.092000E+00  8.341016E+02
  1.094000E+00  8.339903E+02
  1.096000E+00  8.338791E+02
  1.098000E+00  8.337682E+02
  1.100000E+00  8.336575E+02
  1.102000E+00  8.335471E+02
  1.104000E+00  8.334368E+02
  1.106000E+00  8.333268E+02
  1.108000E+00  8.332170E+02
  1.110000E+00  8.331074E+02
  1.112000E+00  8.329980E+02
  1.114000E+00  8.328888E+02
  1.116000E+00  8.327799E+02
  1.118000E+00  8.326711E+02
  1.120000E+00  8.325626E+02
  1.122000E+00  8.324543E+02
  1.124000E+00  8.323461E+02
  1.126000E+00  8.322382E+02
  1.128000E+00  8.321305E+02
  1.130000E+00  8.320230E+02
  1.132000E+00  8.319157E+02
  1.134000E+00  8.318086E+02
  1.136000E+00  8.317018E+02
  1.138000E+00  8.315951E+02
  1.140000E+00  8.314886E+02
  1.142000E+00  8.313823E+02
  1.144000E+00  8.312762E+02
  1.146000E+00  8.311703E+02
  1.148000E+00  8.310646E+02
  1.150000E+00  8.309591E+02
  1.152000E+00  8.308538E+02
  1.154000E+00  8.307487E+02
  1.156000E+00  8.306438E+02
  1.158000E+00  8.305390E+02
  1.160000E+00  8.304345E+02
  1.162000E+00  8.303301E+02
  1.164000E+00  8.302260E+02
  1.166000E+00  8.301220E+02
  1.168000E+00  8.300182E+02
  1.170000E+00  8.299147E+02
  1.172000E+00  8.298113E+02
  1.174000E+00  8.297080E+02
  1.176000E+00  8.296050E+02
  1.178000E+00  8.295022E+02
  1.180000E+00  8.293995E+02
  1.182000E+00  8.292970E+02
  1.184000E+00  8.291947E+02
  1.186000E+00  8.290926E+02
  1.188000E+00  8.289907E+02
  1.190000E+00  8.288889E+02
  1.192000E+00  8.287873E+02
  1.194000E+00  8.286859E+02
  1.196000E+00  8.285847E+02
  1.198000E+00  8.284837E+02
  1.200000E+00  8.283828E+02
