  1.600000E-03  9.244422E-04  1.505783E+00  1.114218E+00  1.000000E-02  9.376775E+02  9.975293E-01  9.416918E+02
  3.200000E-03  2.334799E-03  3.013019E+00  1.568492E+00  2.000000E-02  9.353823E+02  9.950875E-01  9.422978E+02
  4.800000E-03  3.833419E-03  4.521020E+00  1.879152E+00  3.000000E-02  9.331128E+02  9.926731E-01  9.426774E+02
  6.400000E-03  5.306878E-03  6.029528E+00  2.113738E+00  4.000000E-02  9.308682E+02  9.902853E-01  9.429425E+02
  8.000000E-03  6.715775E-03  7.538401E+00  2.300143E+00  5.000000E-02  9.286480E+02  9.879234E-01  9.431392E+02
  9.600000E-03  8.054378E-03  9.047551E+00  2.453268E+00  6.000000E-02  9.264516E+02  9.855868E-01  9.432918E+02
  1.120000E-02  9.335417E-03  1.055692E+01  2.582225E+00  7.000000E-02  9.242785E+02  9.832750E-01  9.434154E+02
  1.280000E-02  1.058281E-02  1.206647E+01  2.693084E+00  8.000000E-02  9.221283E+02  9.809876E-01  9.435195E+02
  1.440000E-02  1.182767E-02  1.357618E+01  2.790129E+00  9.000000E-02  9.200006E+02  9.787241E-01  9.436112E+02
  1.600000E-02  1.310589E-02  1.508602E+01  2.876518E+00  1.000000E-01  9.178951E+02  9.764842E-01  9.436955E+02
  1.760000E-02  1.445660E-02  1.659600E+01  2.954655E+00  1.100000E-01  9.158114E+02  9.742674E-01  9.437760E+02
  1.920000E-02  1.592115E-02  1.810611E+01  3.026418E+00  1.200000E-01  9.137491E+02  9.720735E-01  9.438557E+02
  2.080000E-02  1.754239E-02  1.961634E+01  3.093306E+00  1.300000E-01  9.117079E+02  9.699020E-01  9.439369E+02
  2.240000E-02  1.936412E-02  2.112671E+01  3.156535E+00  1.400000E-01  9.096874E+02  9.677526E-01  9.440214E+02
  2.400000E-02  2.143072E-02  2.263721E+01  3.217105E+00  1.500000E-01  9.076875E+02  9.656250E-01  9.441106E+02
  2.560000E-02  2.378688E-02  2.414786E+01  3.275848E+00  1.600000E-01  9.057077E+02  9.635188E-01  9.442058E+02
  2.720000E-02  2.647737E-02  2.565867E+01  3.333466E+00  1.700000E-01  9.037478E+02  9.614338E-01  9.443078E+02
  2.880000E-02  2.954687E-02  2.716965E+01  3.390552E+00  1.800000E-01  9.018075E+02  9.593696E-01  9.444176E+02
  3.040000E-02  3.303984E-02  2.868081E+01  3.447615E+00  1.900000E-01  8.998864E+02  9.573260E-01  9.445358E+02
  3.200000E-02  3.700042E-02  3.019216E+01  3.505091E+00  2.000000E-01  8.979845E+02  9.553026E-01  9.446629E+02
  3.360000E-02  4.147235E-02  3.170373E+01  3.563359E+00  2.100000E-01  8.961013E+02  9.532992E-01  9.447995E+02
  3.520000E-02  4.649891E-02  3.321552E+01  3.622745E+00  2.200000E-01  8.942366E+02  9.513155E-01  9.449458E+02
  3.680000E-02  5.212284E-02  3.472755E+01  3.683538E+00  2.300000E-01  8.923902E+02  9.493512E-01  9.451022E+02
  3.840000E-02  5.838638E-02  3.623985E+01  3.745987E+00  2.400000E-01  8.905617E+02  9.474061E-01  9.452690E+02
  4.000000E-02  6.533113E-02  3.775241E+01  3.810313E+00  2.500000E-01  8.887511E+02  9.454799E-01  9.454464E+02
  4.160000E-02  7.299813E-02  3.926527E+01  3.876710E+00  2.600000E-01  8.869579E+02  9.435723E-01  9.456345E+02
  4.320000E-02  8.142778E-02  4.077844E+01  3.945349E+00  2.700000E-01  8.851821E+02  9.416831E-01  9.458336E+02
  4.480000E-02  9.065982E-02  4.229193E+01  4.016380E+00  2.800000E-01  8.834233E+02  9.398120E-01  9.460437E+02
  4.640000E-02  1.007334E-01  4.380577E+01  4.089937E+00  2.900000E-01  8.816813E+02  9.379589E-01  9.462648E+02
  4.800000E-02  1.116869E-01  4.531997E+01  4.166139E+00  3.000000E-01  8.799560E+02  9.361234E-01  9.464971E+02
  4.960000E-02  1.235582E-01  4.683456E+01  4.245091E+00  3.100000E-01  8.782470E+02  9.343053E-01  9.467407E+02
  5.120000E-02  1.363845E-01  4.834954E+01  4.326884E+00  3.200000E-01  8.765542E+02  9.325045E-01  9.469954E+02
  5.280000E-02  1.502022E-01  4.986493E+01  4.411602E+00  3.300000E-01  8.748774E+02  9.307206E-01  9.472614E+02
  5.440000E-02  1.650472E-01  5.138076E+01  4.499315E+00  3.400000E-01  8.732163E+02  9.289535E-01  9.475387E+02
  5.600000E-02  1.809547E-01  5.289704E+01  4.590090E+00  3.500000E-01  8.715708E+02  9.272030E-01  9.478271E+02
  5.760000E-02  1.979592E-01  5.441380E+01  4.683981E+00  3.600000E-01  8.699407E+02  9.254688E-01  9.481268E+02
  5.920000E-02  2.160946E-01  5.593104E+01  4.781038E+00  3.700000E-01  8.683256E+02  9.237507E-01  9.484376E+02
  6.080000E-02  2.353942E-01  5.744878E+01  4.881305E+00  3.800000E-01  8.667256E+02  9.220485E-01  9.487596E+02
  6.240000E-02  2.558906E-01  5.896705E+01  4.984819E+00  3.900000E-01  8.651403E+02  9.203621E-01  9.490926E+02
  6.400000E-02  2.776160E-01  6.048586E+01  5.091613E+00  4.000000E-01  8.635697E+02  9.186911E-01  9.494367E+02
  6.560000E-02  3.006016E-01  6.200523E+01  5.201715E+00  4.100000E-01  8.620134E+02  9.170355E-01  9.497917E+02
  6.720000E-02  3.248784E-01  6.352518E+01  5.315149E+00  4.200000E-01  8.604713E+02  9.153950E-01  9.501576E+02
  6.880000E-02  3.504765E-01  6.504572E+01  5.431935E+00  4.300000E-01  8.589433E+02  9.137695E-01  9.505344E+02
  7.040000E-02  3.774255E-01  6.656687E+01  5.552091E+00  4.400000E-01  8.574292E+02  9.121587E-01  9.509219E+02
  7.200000E-02  4.057546E-01  6.808864E+01  5.675628E+00  4.500000E-01  8.559287E+02  9.105625E-01  9.513201E+02
  7.360000E-02  4.354921E-01  6.961107E+01  5.802559E+00  4.600000E-01  8.544418E+02  9.089807E-01  9.517288E+02
  7.520000E-02  4.666660E-01  7.113415E+01  5.932892E+00  4.700000E-01  8.529683E+02  9.074131E-01  9.521482E+02
  7.680000E-02  4.993037E-01  7.265792E+01  6.066632E+00  4.800000E-01  8.515079E+02  9.058595E-01  9.525779E+02
  7.840000E-02  5.334321E-01  7.418237E+01  6.203782E+00  4.900000E-01  8.500606E+02  9.043198E-01  9.530180E+02
  8.000000E-02  5.690773E-01  7.570755E+01  6.344346E+00  5.000000E-01  8.486262E+02  9.027938E-01  9.534684E+02
  8.160000E-02  6.062652E-01  7.723345E+01  6.488321E+00  5.100000E-01  8.472044E+02  9.012813E-01  9.539290E+02
  8.320000E-02  6.450211E-01  7.876009E+01  6.635706E+00  5.200000E-01  8.457953E+02  8.997822E-01  9.543996E+02
  8.480000E-02  6.853696E-01  8.028749E+01  6.786498E+00  5.300000E-01  8.443986E+02  8.982963E-01  9.548803E+02
  8.640000E-02  7.273350E-01  8.181567E+01  6.940693E+00  5.400000E-01  8.430141E+02  8.968235E-01  9.553709E+02
  8.800000E-02  7.709412E-01  8.334465E+01  7.098283E+00  5.500000E-01  8.416417E+02  8.953635E-01  9.558712E+02
  8.960000E-02  8.162113E-01  8.487443E+01  7.259261E+00  5.600000E-01  8.402813E+02  8.939163E-01  9.563814E+02
  9.120000E-02  8.631682E-01  8.640503E+01  7.423619E+00  5.700000E-01  8.389328E+02  8.924817E-01  9.569011E+02
  9.280000E-02  9.118342E-01  8.793648E+01  7.591347E+00  5.800000E-01  8.375959E+02  8.910595E-01  9.574304E+02
  9.440000E-02  9.622313E-01  8.946877E+01  7.762436E+00  5.900000E-01  8.362706E+02  8.896496E-01  9.579691E+02
  9.600000E-02  1.014381E+00  9.100194E+01  7.936873E+00  6.000000E-01  8.349567E+02  8.882518E-01  9.585172E+02
  9.760000E-02  1.068304E+00  9.253599E+01  8.114647E+00  6.100000E-01  8.336541E+02  8.868661E-01  9.590746E+02
  9.920000E-02  1.124021E+00  9.407094E+01  8.295746E+00  6.200000E-01  8.323626E+02  8.854922E-01  9.596411E+02
  1.008000E-01  1.181552E+00  9.560680E+01  8.480154E+00  6.300000E-01  8.310822E+02  8.841300E-01  9.602168E+02
  1.024000E-01  1.240918E+00  9.714359E+01  8.667860E+00  6.400000E-01  8.298126E+02  8.827794E-01  9.608014E+02
  1.040000E-01  1.302136E+00  9.868132E+01  8.858847E+00  6.500000E-01  8.285538E+02  8.814403E-01  9.613949E+02
  1.056000E-01  1.365227E+00  1.002200E+02  9.053102E+00  6.600000E-01  8.273057E+02  8.801124E-01  9.619972E+02
  1.072000E-01  1.430209E+00  1.017597E+02  9.250608E+00  6.700000E-01  8.260680E+02  8.787958E-01  9.626082E+02
  1.088000E-01  1.497099E+00  1.033003E+02  9.451350E+00  6.800000E-01  8.248408E+02  8.774902E-01  9.632279E+02
  1.104000E-01  1.565917E+00  1.048419E+02  9.655312E+00  6.900000E-01  8.236238E+02  8.761955E-01  9.638561E+02
  1.120000E-01  1.636678E+00  1.063846E+02  9.862476E+00  7.000000E-01  8.224170E+02  8.749117E-01  9.644927E+02
  1.136000E-01  1.709401E+00  1.079283E+02  1.007283E+01  7.100000E-01  8.212202E+02  8.736385E-01  9.651377E+02
  1.152000E-01  1.784102E+00  1.094730E+02  1.028634E+01  7.200000E-01  8.200334E+02  8.723759E-01  9.657910E+02
  1.168000E-01  1.860797E+00  1.110187E+02  1.050301E+01  7.300000E-01  8.188563E+02  8.711237E-01  9.664525E+02
  1.184000E-01  1.939502E+00  1.125656E+02  1.072282E+01  7.400000E-01  8.176890E+02  8.698819E-01  9.671220E+02
  1.200000E-01  2.020234E+00  1.141135E+02  1.094574E+01  7.500000E-01  8.165312E+02  8.686502E-01  9.677996E+02
  1.216000E-01  2.103006E+00  1.156625E+02  1.117175E+01  7.600000E-01  8.153830E+02  8.674287E-01  9.684851E+02
  1.232000E-01  2.187835E+00  1.172126E+02  1.140085E+01  7.700000E-01  8.142441E+02  8.662171E-01  9.691784E+02
  1.248000E-01  2.274736E+00  1.187638E+02  1.163300E+01  7.800000E-01  8.131145E+02  8.650154E-01  9.698795E+02
  1.264000E-01  2.363721E+00  1.203161E+02  1.186820E+01  7.900000E-01  8.119940E+02  8.638234E-01  9.705883E+02
  1.280000E-01  2.454807E+00  1.218696E+02  1.210642E+01  8.000000E-01  8.108827E+02  8.626411E-01  9.713046E+02
  1.296000E-01  2.548006E+00  1.234243E+02  1.234765E+01  8.100000E-01  8.097802E+02  8.614683E-01  9.720285E+02
  1.312000E-01  2.643331E+00  1.249800E+02  1.259186E+01  8.200000E-01  8.086867E+02  8.603050E-01  9.727598E+02
  1.328000E-01  2.740797E+00  1.265370E+02  1.283904E+01  8.300000E-01  8.076019E+02  8.591510E-01  9.734985E+02
  1.344000E-01  2.840416E+00  1.280952E+02  1.308917E+01  8.400000E-01  8.065258E+02  8.580062E-01  9.742444E+02
  1.360000E-01  2.942201E+00  1.296545E+02  1.334223E+01  8.500000E-01  8.054583E+02  8.568705E-01  9.749975E+02
  1.376000E-01  3.046164E+00  1.312151E+02  1.359820E+01  8.600000E-01  8.043993E+02  8.557439E-01  9.757577E+02
  1.392000E-01  3.152317E+00  1.327769E+02  1.385705E+01  8.700000E-01  8.033486E+02  8.546262E-01  9.765250E+02
  1.408000E-01  3.260673E+00  1.343399E+02  1.411879E+01  8.800000E-01  8.023063E+02  8.535173E-01  9.772992E+02
  1.424000E-01  3.371242E+00  1.359042E+02  1.438337E+01  8.900000E-01  8.012722E+02  8.524172E-01  9.780803E+02
  1.440000E-01  3.484037E+00  1.374697E+02  1.465079E+01  9.000000E-01  8.002461E+02  8.513257E-01  9.788682E+02
  1.456000E-01  3.599068E+00  1.390365E+02  1.492102E+01  9.100000E-01  7.992282E+02  8.502427E-01  9.796629E+02
  1.472000E-01  3.716346E+00  1.406046E+02  1.519405E+01  9.200000E-01  7.982181E+02  8.491682E-01  9.804642E+02
  1.488000E-01  3.835882E+00  1.421739E+02  1.546986E+01  9.300000E-01  7.972160E+02  8.481021E-01  9.812722E+02
  1.504000E-01  3.957686E+00  1.437446E+02  1.574843E+01  9.400000E-01  7.962216E+02  8.470442E-01  9.820866E+02
  1.520000E-01  4.081769E+00  1.453165E+02  1.602974E+01  9.500000E-01  7.952349E+02  8.459945E-01  9.829075E+02
  1.536000E-01  4.208140E+00  1.468898E+02  1.631377E+01  9.600000E-01  7.942558E+02  8.449529E-01  9.837348E+02
  1.552000E-01  4.336809E+00  1.484644E+02  1.660050E+01  9.700000E-01  7.932842E+02  8.439194E-01  9.845683E+02
  1.568000E-01  4.467786E+00  1.500403E+02  1.688991E+01  9.800000E-01  7.923201E+02  8.428937E-01  9.854082E+02
  1.584000E-01  4.601081E+00  1.516176E+02  1.718199E+01  9.900000E-01  7.913634E+02  8.418759E-01  9.862542E+02
  1.600000E-01  4.736701E+00  1.531963E+02  1.747672E+01  1.000000E+00  7.904139E+02  8.408659E-01  9.871063E+02
  1.616000E-01  4.874657E+00  1.547763E+02  1.777407E+01  1.010000E+00  7.894717E+02  8.398635E-01  9.879645E+02
  1.632000E-01  5.014956E+00  1.563577E+02  1.807404E+01  1.020000E+00  7.885366E+02  8.388688E-01  9.888286E+02
  1.648000E-01  5.157608E+00  1.579405E+02  1.837659E+01  1.030000E+00  7.876086E+02  8.378815E-01  9.896986E+02
  1.664000E-01  5.302621E+00  1.595246E+02  1.868172E+01  1.040000E+00  7.866876E+02  8.369017E-01  9.905745E+02
  1.680000E-01  5.450003E+00  1.611102E+02  1.898941E+01  1.050000E+00  7.857735E+02  8.359293E-01  9.914562E+02
  1.696000E-01  5.599762E+00  1.626972E+02  1.929963E+01  1.060000E+00  7.848663E+02  8.349641E-01  9.923436E+02
  1.712000E-01  5.751905E+00  1.642856E+02  1.961238E+01  1.070000E+00  7.839658E+02  8.340062E-01  9.932367E+02
  1.728000E-01  5.906441E+00  1.658755E+02  1.992762E+01  1.080000E+00  7.830721E+02  8.330554E-01  9.941354E+02
  1.744000E-01  6.063377E+00  1.674668E+02  2.024535E+01  1.090000E+00  7.821849E+02  8.321116E-01  9.950396E+02
  1.760000E-01  6.222720E+00  1.690595E+02  2.056554E+01  1.100000E+00  7.813044E+02  8.311749E-01  9.959493E+02
  1.776000E-01  6.384477E+00  1.706537E+02  2.088818E+01  1.110000E+00  7.804304E+02  8.302451E-01  9.968644E+02
  1.792000E-01  6.548656E+00  1.722494E+02  2.121326E+01  1.120000E+00  7.795628E+02  8.293221E-01  9.977849E+02
  1.808000E-01  6.715262E+00  1.738466E+02  2.154075E+01  1.130000E+00  7.787016E+02  8.284059E-01  9.987106E+02
  1.824000E-01  6.884303E+00  1.754452E+02  2.187063E+01  1.140000E+00  7.778466E+02  8.274964E-01  9.996417E+02
  1.840000E-01  7.055786E+00  1.770453E+02  2.220290E+01  1.150000E+00  7.769980E+02  8.265936E-01  1.000578E+03
  1.856000E-01  7.229716E+00  1.786470E+02  2.253753E+01  1.160000E+00  7.761555E+02  8.256973E-01  1.001519E+03
  1.872000E-01  7.406099E+00  1.802501E+02  2.287450E+01  1.170000E+00  7.753191E+02  8.248076E-01  1.002466E+03
  1.888000E-01  7.584943E+00  1.818548E+02  2.321380E+01  1.180000E+00  7.744888E+02  8.239243E-01  1.003417E+03
  1.904000E-01  7.766252E+00  1.834609E+02  2.355542E+01  1.190000E+00  7.736645E+02  8.230473E-01  1.004374E+03
  1.920000E-01  7.950033E+00  1.850687E+02  2.389933E+01  1.200000E+00  7.728461E+02  8.221767E-01  1.005335E+03
  1.936000E-01  8.136291E+00  1.866779E+02  2.424552E+01  1.210000E+00  7.720336E+02  8.213123E-01  1.006301E+03
  1.952000E-01  8.325031E+00  1.882887E+02  2.459397E+01  1.220000E+00  7.712269E+02  8.204542E-01  1.007272E+03
  1.968000E-01  8.516260E+00  1.899011E+02  2.494467E+01  1.230000E+00  7.704260E+02  8.196021E-01  1.008248E+03
  1.984000E-01  8.709982E+00  1.915150E+02  2.529760E+01  1.240000E+00  7.696308E+02  8.187562E-01  1.009229E+03
  2.000000E-01  8.906202E+00  1.931305E+02  2.565275E+01  1.250000E+00  7.688412E+02  8.179162E-01  1.010214E+03
  2.016000E-01  9.104926E+00  1.947476E+02  2.601009E+01  1.260000E+00  7.680573E+02  8.170822E-01  1.011204E+03
  2.032000E-01  9.306158E+00  1.963663E+02  2.636962E+01  1.270000E+00  7.672788E+02  8.162541E-01  1.012198E+03
  2.048000E-01  9.509903E+00  1.979866E+02  2.673132E+01  1.280000E+00  7.665059E+02  8.154318E-01  1.013197E+03
  2.064000E-01  9.716167E+00  1.996084E+02  2.709517E+01  1.290000E+00  7.657384E+02  8.146153E-01  1.014200E+03
  2.080000E-01  9.924952E+00  2.012319E+02  2.746115E+01  1.300000E+00  7.649762E+02  8.138045E-01  1.015208E+03
  2.096000E-01  1.013626E+01  2.028570E+02  2.782925E+01  1.310000E+00  7.642194E+02  8.129994E-01  1.016220E+03
  2.112000E-01  1.035011E+01  2.044837E+02  2.819947E+01  1.320000E+00  7.634679E+02  8.121998E-01  1.017237E+03
  2.128000E-01  1.056649E+01  2.061121E+02  2.857177E+01  1.330000E+00  7.627215E+02  8.114059E-01  1.018258E+03
  2.144000E-01  1.078540E+01  2.077420E+02  2.894615E+01  1.340000E+00  7.619804E+02  8.106174E-01  1.019283E+03
  2.160000E-01  1.100686E+01  2.093737E+02  2.932258E+01  1.350000E+00  7.612444E+02  8.098344E-01  1.020312E+03
  2.176000E-01  1.123087E+01  2.110069E+02  2.970107E+01  1.360000E+00  7.605134E+02  8.090568E-01  1.021345E+03
  2.192000E-01  1.145743E+01  2.126419E+02  3.008159E+01  1.370000E+00  7.597875E+02  8.082846E-01  1.022383E+03
  2.208000E-01  1.168655E+01  2.142785E+02  3.046412E+01  1.380000E+00  7.590665E+02  8.075176E-01  1.023424E+03
  2.224000E-01  1.191822E+01  2.159167E+02  3.084866E+01  1.390000E+00  7.583505E+02  8.067559E-01  1.024470E+03
  2.240000E-01  1.215245E+01  2.175567E+02  3.123518E+01  1.400000E+00  7.576394E+02  8.059993E-01  1.025519E+03
  2.256000E-01  1.238925E+01  2.191983E+02  3.162368E+01  1.410000E+00  7.569331E+02  8.052479E-01  1.026573E+03
  2.272000E-01  1.262862E+01  2.208416E+02  3.201414E+01  1.420000E+00  7.562316E+02  8.045016E-01  1.027630E+03
  2.288000E-01  1.287056E+01  2.224866E+02  3.240655E+01  1.430000E+00  7.555348E+02  8.037604E-01  1.028692E+03
  2.304000E-01  1.311508E+01  2.241333E+02  3.280088E+01  1.440000E+00  7.548427E+02  8.030242E-01  1.029757E+03
  2.320000E-01  1.336217E+01  2.257817E+02  3.319714E+01  1.450000E+00  7.541553E+02  8.022929E-01  1.030826E+03
  2.336000E-01  1.361185E+01  2.274319E+02  3.359530E+01  1.460000E+00  7.534725E+02  8.015665E-01  1.031898E+03
  2.352000E-01  1.386411E+01  2.290837E+02  3.399535E+01  1.470000E+00  7.527943E+02  8.008450E-01  1.032974E+03
  2.368000E-01  1.411896E+01  2.307373E+02  3.439728E+01  1.480000E+00  7.521206E+02  8.001283E-01  1.034054E+03
  2.384000E-01  1.437639E+01  2.323926E+02  3.480108E+01  1.490000E+00  7.514514E+02  7.994164E-01  1.035138E+03
  2.400000E-01  1.463642E+01  2.340496E+02  3.520672E+01  1.500000E+00  7.507866E+02  7.987092E-01  1.036225E+03
  2.416000E-01  1.489904E+01  2.357084E+02  3.561421E+01  1.510000E+00  7.501262E+02  7.980066E-01  1.037316E+03
  2.432000E-01  1.516427E+01  2.373689E+02  3.602352E+01  1.520000E+00  7.494702E+02  7.973088E-01  1.038410E+03
  2.448000E-01  1.543209E+01  2.390312E+02  3.643464E+01  1.530000E+00  7.488186E+02  7.966155E-01  1.039508E+03
  2.464000E-01  1.570251E+01  2.406952E+02  3.684756E+01  1.540000E+00  7.481712E+02  7.959268E-01  1.040609E+03
  2.480000E-01  1.597554E+01  2.423610E+02  3.726227E+01  1.550000E+00  7.475280E+02  7.952426E-01  1.041714E+03
  2.496000E-01  1.625117E+01  2.440286E+02  3.767875E+01  1.560000E+00  7.468891E+02  7.945628E-01  1.042822E+03
  2.512000E-01  1.652942E+01  2.456980E+02  3.809699E+01  1.570000E+00  7.462543E+02  7.938875E-01  1.043933E+03
  2.528000E-01  1.681028E+01  2.473691E+02  3.851699E+01  1.580000E+00  7.456236E+02  7.932166E-01  1.045047E+03
  2.544000E-01  1.709375E+01  2.490420E+02  3.893871E+01  1.590000E+00  7.449970E+02  7.925501E-01  1.046165E+03
  2.560000E-01  1.737983E+01  2.507167E+02  3.936217E+01  1.600000E+00  7.443745E+02  7.918878E-01  1.047286E+03
  2.576000E-01  1.766853E+01  2.523932E+02  3.978734E+01  1.610000E+00  7.437560E+02  7.912298E-01  1.048411E+03
  2.592000E-01  1.795985E+01  2.540715E+02  4.021420E+01  1.620000E+00  7.431415E+02  7.905761E-01  1.049538E+03
  2.608000E-01  1.825380E+01  2.557516E+02  4.064276E+01  1.630000E+00  7.425310E+02  7.899266E-01  1.050669E+03
  2.624000E-01  1.855036E+01  2.574335E+02  4.107299E+01  1.640000E+00  7.419243E+02  7.892812E-01  1.051802E+03
  2.640000E-01  1.884955E+01  2.591173E+02  4.150489E+01  1.650000E+00  7.413215E+02  7.886399E-01  1.052939E+03
  2.656000E-01  1.915137E+01  2.608028E+02  4.193844E+01  1.660000E+00  7.407226E+02  7.880028E-01  1.054079E+03
  2.672000E-01  1.945581E+01  2.624902E+02  4.237363E+01  1.670000E+00  7.401275E+02  7.873696E-01  1.055222E+03
  2.688000E-01  1.976288E+01  2.641794E+02  4.281045E+01  1.680000E+00  7.395361E+02  7.867405E-01  1.056368E+03
  2.704000E-01  2.007259E+01  2.658705E+02  4.324890E+01  1.690000E+00  7.389485E+02  7.861154E-01  1.057517E+03
  2.720000E-01  2.038492E+01  2.675634E+02  4.368895E+01  1.700000E+00  7.383646E+02  7.854942E-01  1.058668E+03
  2.736000E-01  2.069989E+01  2.692581E+02  4.413059E+01  1.710000E+00  7.377843E+02  7.848769E-01  1.059823E+03
  2.752000E-01  2.101750E+01  2.709547E+02  4.457383E+01  1.720000E+00  7.372077E+02  7.842635E-01  1.060981E+03
  2.768000E-01  2.133774E+01  2.726532E+02  4.501863E+01  1.730000E+00  7.366347E+02  7.836540E-01  1.062141E+03
  2.784000E-01  2.166062E+01  2.743535E+02  4.546500E+01  1.740000E+00  7.360653E+02  7.830482E-01  1.063304E+03
  2.800000E-01  2.198613E+01  2.760556E+02  4.591293E+01  1.750000E+00  7.354995E+02  7.824462E-01  1.064470E+03
  2.816000E-01  2.231429E+01  2.777596E+02  4.636239E+01  1.760000E+00  7.349371E+02  7.818480E-01  1.065639E+03
  2.832000E-01  2.264509E+01  2.794655E+02  4.681339E+01  1.770000E+00  7.343783E+02  7.812535E-01  1.066810E+03
  2.848000E-01  2.297852E+01  2.811733E+02  4.726591E+01  1.780000E+00  7.338228E+02  7.806626E-01  1.067984E+03
  2.864000E-01  2.331461E+01  2.828830E+02  4.771994E+01  1.790000E+00  7.332709E+02  7.800754E-01  1.069161E+03
  2.880000E-01  2.365333E+01  2.845945E+02  4.817547E+01  1.800000E+00  7.327223E+02  7.794918E-01  1.070341E+03
  2.896000E-01  2.399470E+01  2.863080E+02  4.863249E+01  1.810000E+00  7.321771E+02  7.789118E-01  1.071523E+03
  2.912000E-01  2.433872E+01  2.880233E+02  4.909099E+01  1.820000E+00  7.316352E+02  7.783353E-01  1.072707E+03
  2.928000E-01  2.468538E+01  2.897405E+02  4.955095E+01  1.830000E+00  7.310966E+02  7.777623E-01  1.073895E+03
  2.944000E-01  2.503469E+01  2.914596E+02  5.001238E+01  1.840000E+00  7.305613E+02  7.771929E-01  1.075084E+03
  2.960000E-01  2.538665E+01  2.931807E+02  5.047526E+01  1.850000E+00  7.300293E+02  7.766269E-01  1.076277E+03
  2.976000E-01  2.574126E+01  2.949036E+02  5.093958E+01  1.860000E+00  7.295005E+02  7.760643E-01  1.077471E+03
  2.992000E-01  2.609852E+01  2.966285E+02  5.140532E+01  1.870000E+00  7.289749E+02  7.755052E-01  1.078669E+03
  3.008000E-01  2.645842E+01  2.983552E+02  5.187249E+01  1.880000E+00  7.284524E+02  7.749494E-01  1.079868E+03
  3.024000E-01  2.682098E+01  3.000839E+02  5.234106E+01  1.890000E+00  7.279331E+02  7.743969E-01  1.081071E+03
  3.040000E-01  2.718619E+01  3.018146E+02  5.281104E+01  1.900000E+00  7.274169E+02  7.738478E-01  1.082275E+03
  3.056000E-01  2.755405E+01  3.035471E+02  5.328241E+01  1.910000E+00  7.269038E+02  7.733020E-01  1.083482E+03
  3.072000E-01  2.792457E+01  3.052816E+02  5.375516E+01  1.920000E+00  7.263938E+02  7.727594E-01  1.084691E+03
  3.088000E-01  2.829774E+01  3.070180E+02  5.422929E+01  1.930000E+00  7.258868E+02  7.722200E-01  1.085903E+03
  3.104000E-01  2.867356E+01  3.087564E+02  5.470477E+01  1.940000E+00  7.253829E+02  7.716839E-01  1.087117E+03
  3.120000E-01  2.905203E+01  3.104967E+02  5.518162E+01  1.950000E+00  7.248819E+02  7.711509E-01  1.088333E+03
  3.136000E-01  2.943316E+01  3.122389E+02  5.565980E+01  1.960000E+00  7.243839E+02  7.706211E-01  1.089551E+03
  3.152000E-01  2.981694E+01  3.139831E+02  5.613932E+01  1.970000E+00  7.238888E+02  7.700945E-01  1.090772E+03
  3.168000E-01  3.020338E+01  3.157293E+02  5.662017E+01  1.980000E+00  7.233966E+02  7.695709E-01  1.091995E+03
  3.184000E-01  3.059248E+01  3.174774E+02  5.710234E+01  1.990000E+00  7.229074E+02  7.690504E-01  1.093220E+03
  3.200000E-01  3.098423E+01  3.192275E+02  5.758582E+01  2.000000E+00  7.224210E+02  7.685329E-01  1.094448E+03
  3.216000E-01  3.137863E+01  3.209795E+02  5.807060E+01  2.010000E+00  7.219374E+02  7.680185E-01  1.095677E+03
  3.232000E-01  3.177570E+01  3.227335E+02  5.855666E+01  2.020000E+00  7.214567E+02  7.675071E-01  1.096909E+03
  3.248000E-01  3.217542E+01  3.244895E+02  5.904402E+01  2.030000E+00  7.209787E+02  7.669987E-01  1.098142E+03
  3.264000E-01  3.257779E+01  3.262474E+02  5.953264E+01  2.040000E+00  7.205036E+02  7.664932E-01  1.099378E+03
  3.280000E-01  3.298282E+01  3.280074E+02  6.002254E+01  2.050000E+00  7.200312E+02  7.659906E-01  1.100616E+03
  3.296000E-01  3.339051E+01  3.297693E+02  6.051369E+01  2.060000E+00  7.195615E+02  7.654910E-01  1.101856E+03
  3.312000E-01  3.380086E+01  3.315332E+02  6.100609E+01  2.070000E+00  7.190945E+02  7.649942E-01  1.103098E+03
  3.328000E-01  3.421386E+01  3.332991E+02  6.149973E+01  2.080000E+00  7.186302E+02  7.645003E-01  1.104342E+03
  3.344000E-01  3.462952E+01  3.350670E+02  6.199461E+01  2.090000E+00  7.181686E+02  7.640092E-01  1.105588E+03
  3.360000E-01  3.504784E+01  3.368369E+02  6.249071E+01  2.100000E+00  7.177097E+02  7.635209E-01  1.106836E+03
  3.376000E-01  3.546881E+01  3.386087E+02  6.298802E+01  2.110000E+00  7.172533E+02  7.630354E-01  1.108086E+03
  3.392000E-01  3.589244E+01  3.403826E+02  6.348655E+01  2.120000E+00  7.167995E+02  7.625527E-01  1.109338E+03
  3.408000E-01  3.631873E+01  3.421585E+02  6.398628E+01  2.130000E+00  7.163484E+02  7.620727E-01  1.110591E+03
  3.424000E-01  3.674767E+01  3.439364E+02  6.448720E+01  2.140000E+00  7.158998E+02  7.615955E-01  1.111847E+03
  3.440000E-01  3.717927E+01  3.457163E+02  6.498930E+01  2.150000E+00  7.154537E+02  7.611209E-01  1.113105E+03
  3.456000E-01  3.761353E+01  3.474982E+02  6.549258E+01  2.160000E+00  7.150101E+02  7.606491E-01  1.114364E+03
  3.472000E-01  3.805045E+01  3.492822E+02  6.599703E+01  2.170000E+00  7.145691E+02  7.601799E-01  1.115625E+03
  3.488000E-01  3.849002E+01  3.510681E+02  6.650265E+01  2.180000E+00  7.141305E+02  7.597133E-01  1.116888E+03
  3.504000E-01  3.893225E+01  3.528561E+02  6.700941E+01  2.190000E+00  7.136944E+02  7.592493E-01  1.118153E+03
  3.520000E-01  3.937713E+01  3.546461E+02  6.751733E+01  2.200000E+00  7.132607E+02  7.587880E-01  1.119420E+03
  3.536000E-01  3.982467E+01  3.564381E+02  6.802638E+01  2.210000E+00  7.128294E+02  7.583292E-01  1.120689E+03
  3.552000E-01  4.027487E+01  3.582322E+02  6.853657E+01  2.220000E+00  7.124006E+02  7.578730E-01  1.121959E+03
  3.568000E-01  4.072772E+01  3.600283E+02  6.904788E+01  2.230000E+00  7.119741E+02  7.574193E-01  1.123231E+03
  3.584000E-01  4.118323E+01  3.618264E+02  6.956031E+01  2.240000E+00  7.115500E+02  7.569681E-01  1.124505E+03
  3.600000E-01  4.164139E+01  3.636266E+02  7.007385E+01  2.250000E+00  7.111283E+02  7.565194E-01  1.125780E+03
  3.616000E-01  4.210221E+01  3.654288E+02  7.058849E+01  2.260000E+00  7.107088E+02  7.560732E-01  1.127057E+03
  3.632000E-01  4.256568E+01  3.672330E+02  7.110423E+01  2.270000E+00  7.102917E+02  7.556295E-01  1.128336E+03
  3.648000E-01  4.303181E+01  3.690394E+02  7.162105E+01  2.280000E+00  7.098769E+02  7.551882E-01  1.129617E+03
  3.664000E-01  4.350059E+01  3.708477E+02  7.213896E+01  2.290000E+00  7.094643E+02  7.547493E-01  1.130899E+03
  3.680000E-01  4.397202E+01  3.726581E+02  7.265794E+01  2.300000E+00  7.090540E+02  7.543128E-01  1.132183E+03
  3.696000E-01  4.444611E+01  3.744706E+02  7.317799E+01  2.310000E+00  7.086460E+02  7.538787E-01  1.133468E+03
  3.712000E-01  4.492285E+01  3.762851E+02  7.369911E+01  2.320000E+00  7.082401E+02  7.534469E-01  1.134755E+03
  3.728000E-01  4.540224E+01  3.781017E+02  7.422127E+01  2.330000E+00  7.078365E+02  7.530176E-01  1.136044E+03
  3.744000E-01  4.588428E+01  3.799203E+02  7.474449E+01  2.340000E+00  7.074351E+02  7.525905E-01  1.137334E+03
  3.760000E-01  4.636898E+01  3.817410E+02  7.526874E+01  2.350000E+00  7.070358E+02  7.521657E-01  1.138626E+03
  3.776000E-01  4.685632E+01  3.835638E+02  7.579403E+01  2.360000E+00  7.066387E+02  7.517433E-01  1.139920E+03
  3.792000E-01  4.734632E+01  3.853887E+02  7.632035E+01  2.370000E+00  7.062437E+02  7.513231E-01  1.141214E+03
  3.808000E-01  4.783897E+01  3.872156E+02  7.684769E+01  2.380000E+00  7.058509E+02  7.509052E-01  1.142511E+03
  3.824000E-01  4.833427E+01  3.890446E+02  7.737604E+01  2.390000E+00  7.054601E+02  7.504895E-01  1.143809E+03
  3.840000E-01  4.883222E+01  3.908757E+02  7.790540E+01  2.400000E+00  7.050715E+02  7.500760E-01  1.145108E+03
  3.856000E-01  4.933281E+01  3.927088E+02  7.843577E+01  2.410000E+00  7.046849E+02  7.496648E-01  1.146409E+03
  3.872000E-01  4.983606E+01  3.945441E+02  7.896712E+01  2.420000E+00  7.043004E+02  7.492557E-01  1.147711E+03
  3.888000E-01  5.034195E+01  3.963814E+02  7.949947E+01  2.430000E+00  7.039179E+02  7.488488E-01  1.149015E+03
  3.904000E-01  5.085049E+01  3.982208E+02  8.003280E+01  2.440000E+00  7.035374E+02  7.484441E-01  1.150321E+03
  3.920000E-01  5.136168E+01  4.000623E+02  8.056711E+01  2.450000E+00  7.031590E+02  7.480415E-01  1.151627E+03
  3.936000E-01  5.187551E+01  4.019059E+02  8.110239E+01  2.460000E+00  7.027826E+02  7.476410E-01  1.152935E+03
  3.952000E-01  5.239199E+01  4.037516E+02  8.163864E+01  2.470000E+00  7.024081E+02  7.472427E-01  1.154245E+03
  3.968000E-01  5.291111E+01  4.055994E+02  8.217584E+01  2.480000E+00  7.020356E+02  7.468464E-01  1.155556E+03
  3.984000E-01  5.343288E+01  4.074492E+02  8.271399E+01  2.490000E+00  7.016651E+02  7.464523E-01  1.156868E+03
  4.000000E-01  5.395729E+01  4.093012E+02  8.325309E+01  2.500000E+00  7.012965E+02  7.460601E-01  1.158182E+03
  4.016000E-01  5.448435E+01  4.111553E+02  8.379314E+01  2.510000E+00  7.009299E+02  7.456701E-01  1.159497E+03
  4.032000E-01  5.501405E+01  4.130115E+02  8.433411E+01  2.520000E+00  7.005651E+02  7.452820E-01  1.160813E+03
  4.048000E-01  5.554639E+01  4.148698E+02  8.487602E+01  2.530000E+00  7.002023E+02  7.448960E-01  1.162130E+03
  4.064000E-01  5.608138E+01  4.167302E+02  8.541885E+01  2.540000E+00  6.998413E+02  7.445120E-01  1.163449E+03
  4.080000E-01  5.661900E+01  4.185927E+02  8.596260E+01  2.550000E+00  6.994822E+02  7.441300E-01  1.164770E+03
  4.096000E-01  5.715927E+01  4.204574E+02  8.650726E+01  2.560000E+00  6.991250E+02  7.437500E-01  1.166091E+03
  4.112000E-01  5.770217E+01  4.223241E+02  8.705282E+01  2.570000E+00  6.987696E+02  7.433719E-01  1.167414E+03
  4.128000E-01  5.824771E+01  4.241930E+02  8.759929E+01  2.580000E+00  6.984160E+02  7.429958E-01  1.168738E+03
  4.144000E-01  5.879590E+01  4.260640E+02  8.814665E+01  2.590000E+00  6.980643E+02  7.426216E-01  1.170063E+03
  4.160000E-01  5.934672E+01  4.279371E+02  8.869490E+01  2.600000E+00  6.977143E+02  7.422493E-01  1.171390E+03
  4.176000E-01  5.990017E+01  4.298123E+02  8.924403E+01  2.610000E+00  6.973662E+02  7.418789E-01  1.172718E+03
  4.192000E-01  6.045627E+01  4.316897E+02  8.979405E+01  2.620000E+00  6.970198E+02  7.415104E-01  1.174047E+03
  4.208000E-01  6.101500E+01  4.335691E+02  9.034494E+01  2.630000E+00  6.966752E+02  7.411438E-01  1.175377E+03
  4.224000E-01  6.157636E+01  4.354508E+02  9.089669E+01  2.640000E+00  6.963323E+02  7.407790E-01  1.176709E+03
  4.240000E-01  6.214036E+01  4.373345E+02  9.144931E+01  2.650000E+00  6.959912E+02  7.404161E-01  1.178041E+03
  4.256000E-01  6.270699E+01  4.392204E+02  9.200278E+01  2.660000E+00  6.956518E+02  7.400551E-01  1.179375E+03
  4.272000E-01  6.327626E+01  4.411084E+02  9.255711E+01  2.670000E+00  6.953141E+02  7.396958E-01  1.180710E+03
  4.288000E-01  6.384816E+01  4.429985E+02  9.311228E+01  2.680000E+00  6.949781E+02  7.393384E-01  1.182046E+03
  4.304000E-01  6.442269E+01  4.448908E+02  9.366830E+01  2.690000E+00  6.946438E+02  7.389828E-01  1.183384E+03
  4.320000E-01  6.499985E+01  4.467853E+02  9.422515E+01  2.700000E+00  6.943112E+02  7.386289E-01  1.184722E+03
  4.336000E-01  6.557964E+01  4.486818E+02  9.478284E+01  2.710000E+00  6.939803E+02  7.382769E-01  1.186062E+03
  4.352000E-01  6.616206E+01  4.505805E+02  9.534135E+01  2.720000E+00  6.936510E+02  7.379266E-01  1.187402E+03
  4.368000E-01  6.674711E+01  4.524814E+02  9.590068E+01  2.730000E+00  6.933233E+02  7.375780E-01  1.188744E+03
  4.384000E-01  6.733478E+01  4.543844E+02  9.646083E+01  2.740000E+00  6.929973E+02  7.372312E-01  1.190087E+03
  4.400000E-01  6.792509E+01  4.562896E+02  9.702179E+01  2.750000E+00  6.926729E+02  7.368861E-01  1.191431E+03
  4.416000E-01  6.851802E+01  4.581969E+02  9.758355E+01  2.760000E+00  6.923501E+02  7.365427E-01  1.192776E+03
  4.432000E-01  6.911357E+01  4.601064E+02  9.814612E+01  2.770000E+00  6.920289E+02  7.362010E-01  1.194122E+03
  4.448000E-01  6.971175E+01  4.620180E+02  9.870949E+01  2.780000E+00  6.917093E+02  7.358610E-01  1.195469E+03
  4.464000E-01  7.031256E+01  4.639317E+02  9.927365E+01  2.790000E+00  6.913913E+02  7.355227E-01  1.196818E+03
  4.480000E-01  7.091598E+01  4.658477E+02  9.983859E+01  2.800000E+00  6.910748E+02  7.351860E-01  1.198167E+03
  4.496000E-01  7.152203E+01  4.677658E+02  1.004043E+02  2.810000E+00  6.907599E+02  7.348510E-01  1.199517E+03
  4.512000E-01  7.213071E+01  4.696860E+02  1.009708E+02  2.820000E+00  6.904466E+02  7.345176E-01  1.200869E+03
  4.528000E-01  7.274200E+01  4.716084E+02  1.015381E+02  2.830000E+00  6.901347E+02  7.341859E-01  1.202221E+03
  4.544000E-01  7.335591E+01  4.735330E+02  1.021062E+02  2.840000E+00  6.898244E+02  7.338558E-01  1.203574E+03
  4.560000E-01  7.397244E+01  4.754598E+02  1.026750E+02  2.850000E+00  6.895156E+02  7.335272E-01  1.204929E+03
  4.576000E-01  7.459159E+01  4.773887E+02  1.032445E+02  2.860000E+00  6.892083E+02  7.332003E-01  1.206284E+03
  4.592000E-01  7.521336E+01  4.793198E+02  1.038149E+02  2.870000E+00  6.889025E+02  7.328750E-01  1.207640E+03
  4.608000E-01  7.583775E+01  4.812530E+02  1.043859E+02  2.880000E+00  6.885982E+02  7.325512E-01  1.208998E+03
  4.624000E-01  7.646475E+01  4.831885E+02  1.049578E+02  2.890000E+00  6.882953E+02  7.322290E-01  1.210356E+03
  4.640000E-01  7.709437E+01  4.851261E+02  1.055303E+02  2.900000E+00  6.879939E+02  7.319084E-01  1.211715E+03
  4.656000E-01  7.772660E+01  4.870658E+02  1.061036E+02  2.910000E+00  6.876939E+02  7.315893E-01  1.213075E+03
  4.672000E-01  7.836144E+01  4.890078E+02  1.066777E+02  2.920000E+00  6.873954E+02  7.312717E-01  1.214436E+03
  4.688000E-01  7.899890E+01  4.909519E+02  1.072525E+02  2.930000E+00  6.870984E+02  7.309557E-01  1.215798E+03
  4.704000E-01  7.963897E+01  4.928983E+02  1.078279E+02  2.940000E+00  6.868027E+02  7.306412E-01  1.217161E+03
  4.720000E-01  8.028165E+01  4.948467E+02  1.084042E+02  2.950000E+00  6.865084E+02  7.303281E-01  1.218525E+03
  4.736000E-01  8.092694E+01  4.967974E+02  1.089811E+02  2.960000E+00  6.862156E+02  7.300166E-01  1.219890E+03
  4.752000E-01  8.157484E+01  4.987503E+02  1.095587E+02  2.970000E+00  6.859241E+02  7.297065E-01  1.221256E+03
  4.768000E-01  8.222535E+01  5.007053E+02  1.101371E+02  2.980000E+00  6.856341E+02  7.293979E-01  1.222622E+03
  4.784000E-01  8.287847E+01  5.026626E+02  1.107161E+02  2.990000E+00  6.853454E+02  7.290908E-01  1.223990E+03
  4.800000E-01  8.353419E+01  5.046220E+02  1.112959E+02  3.000000E+00  6.850580E+02  7.287852E-01  1.225358E+03
  4.816000E-01  8.419252E+01  5.065836E+02  1.118763E+02  3.010000E+00  6.847721E+02  7.284809E-01  1.226727E+03
  4.832000E-01  8.485346E+01  5.085474E+02  1.124575E+02  3.020000E+00  6.844874E+02  7.281781E-01  1.228097E+03
  4.848000E-01  8.551700E+01  5.105134E+02  1.130393E+02  3.030000E+00  6.842041E+02  7.278767E-01  1.229468E+03
  4.864000E-01  8.618314E+01  5.124816E+02  1.136218E+02  3.040000E+00  6.839222E+02  7.275768E-01  1.230840E+03
  4.880000E-01  8.685189E+01  5.144520E+02  1.142050E+02  3.050000E+00  6.836415E+02  7.272782E-01  1.232212E+03
  4.896000E-01  8.752323E+01  5.164246E+02  1.147888E+02  3.060000E+00  6.833622E+02  7.269811E-01  1.233586E+03
  4.912000E-01  8.819718E+01  5.183994E+02  1.153734E+02  3.070000E+00  6.830842E+02  7.266853E-01  1.234960E+03
  4.928000E-01  8.887373E+01  5.203764E+02  1.159586E+02  3.080000E+00  6.828074E+02  7.263909E-01  1.236335E+03
  4.944000E-01  8.955288E+01  5.223556E+02  1.165444E+02  3.090000E+00  6.825320E+02  7.260979E-01  1.237711E+03
  4.960000E-01  9.023463E+01  5.243369E+02  1.171310E+02  3.100000E+00  6.822578E+02  7.258062E-01  1.239087E+03
  4.976000E-01  9.091897E+01  5.263205E+02  1.177181E+02  3.110000E+00  6.819849E+02  7.255159E-01  1.240465E+03
  4.992000E-01  9.160592E+01  5.283063E+02  1.183060E+02  3.120000E+00  6.817133E+02  7.252269E-01  1.241843E+03
  5.008000E-01  9.229545E+01  5.302943E+02  1.188945E+02  3.130000E+00  6.814429E+02  7.249392E-01  1.243222E+03
  5.024000E-01  9.298759E+01  5.322845E+02  1.194836E+02  3.140000E+00  6.811737E+02  7.246529E-01  1.244602E+03
  5.040000E-01  9.368231E+01  5.342770E+02  1.200734E+02  3.150000E+00  6.809058E+02  7.243679E-01  1.245982E+03
