  1.000000E-02  9.423144E+02
  1.200000E-02  9.425244E+02
  1.400000E-02  9.427126E+02
  1.600000E-02  9.428874E+02
  1.800000E-02  9.430544E+02
  2.000000E-02  9.432176E+02
  2.200000E-02  9.433801E+02
  2.400000E-02  9.435440E+02
  2.600000E-02  9.437113E+02
  2.800000E-02  9.438832E+02
  3.000000E-02  9.440609E+02
  3.200000E-02  9.442453E+02
  3.400000E-02  9.444372E+02
  3.600000E-02  9.446371E+02
  3.800000E-02  9.448457E+02
  4.000000E-02  9.450634E+02
  4.200000E-02  9.452904E+02
  4.400000E-02  9.455273E+02
  4.600000E-02  9.457741E+02
  4.800000E-02  9.460313E+02
  5.000000E-02  9.462988E+02
  5.200000E-02  9.465770E+02
  5.400000E-02  9.468660E+02
  5.600000E-02  9.471658E+02
  5.800000E-02  9.474767E+02
  6.000000E-02  9.477986E+02
  6.200000E-02  9.481317E+02
  6.400000E-02  9.484760E+02
  6.600000E-02  9.488316E+02
  6.800000E-02  9.491985E+02
  7.000000E-02  9.495768E+02
  7.200000E-02  9.499664E+02
  7.400000E-02  9.503674E+02
  7.600000E-02  9.507798E+02
  7.800000E-02  9.512036E+02
  8.000000E-02  9.516388E+02
  8.200000E-02  9.520854E+02
  8.400000E-02  9.525434E+02
  8.600000E-02  9.530127E+02
  8.800000E-02  9.534934E+02
  9.000000E-02  9.539855E+02
  9.200000E-02  9.544888E+02
  9.400000E-02  9.550034E+02
  9.600000E-02  9.555293E+02
  9.800000E-02  9.560664E+02
  1.000000E-01  9.566146E+02
  1.020000E-01  9.571741E+02
  1.040000E-01  9.577446E+02
  1.060000E-01  9.583262E+02
  1.080000E-01  9.589188E+02
  1.100000E-01  9.595224E+02
  1.120000E-01  9.601370E+02
  1.140000E-01  9.607625E+02
  1.160000E-01  9.613988E+02
  1.180000E-01  9.620459E+02
  1.200000E-01  9.627037E+02
  1.220000E-01  9.633723E+02
  1.240000E-01  9.640515E+02
  1.260000E-01  9.647413E+02
  1.280000E-01  9.654417E+02
  1.300000E-01  9.661503E+02
  1.320000E-01  9.668593E+02
  1.340000E-01  9.675734E+02
  1.360000E-01  9.682940E+02
  1.380000E-01  9.690219E+02
  1.400000E-01  9.697575E+02
  1.420000E-01  9.705010E+02
  1.440000E-01  9.712527E+02
  1.460000E-01  9.720127E+02
  1.480000E-01  9.727812E+02
  1.500000E-01  9.735581E+02
  1.520000E-01  9.743435E+02
  1.540000E-01  9.751375E+02
  1.560000E-01  9.759401E+02
  1.580000E-01  9.767514E+02
  1.600000E-01  9.775713E+02
  1.620000E-01  9.783998E+02
  1.640000E-01  9.792370E+02
  1.660000E-01  9.800829E+02
  1.680000E-01  9.809374E+02
  1.700000E-01  9.818005E+02
  1.720000E-01  9.826721E+02
  1.740000E-01  9.835524E+02
  1.760000E-01  9.844412E+02
  1.780000E-01  9.853386E+02
  1.800000E-01  9.862445E+02
  1.820000E-01  9.871588E+02
  1.840000E-01  9.880817E+02
  1.860000E-01  9.890129E+02
  1.880000E-01  9.899525E+02
  1.900000E-01  9.909005E+02
  1.920000E-01  9.918568E+02
  1.940000E-01  9.928214E+02
  1.960000E-01  9.937942E+02
  1.980000E-01  9.947753E+02
  2.000000E-01  9.957645E+02
  2.020000E-01  9.967619E+02
  2.040000E-01  9.977674E+02
  2.060000E-01  9.987809E+02
  2.080000E-01  9.998025E+02
  2.100000E-01  1.000832E+03
  2.120000E-01  1.001870E+03
  2.140000E-01  1.002915E+03
  2.160000E-01  1.003968E+03
  2.180000E-01  1.005029E+03
  2.200000E-01  1.006098E+03
  2.220000E-01  1.007175E+03
  2.240000E-01  1.008259E+03
  2.260000E-01  1.009351E+03
  2.280000E-01  1.010451E+03
  2.300000E-01  1.011558E+03
  2.320000E-01  1.012673E+03
  2.340000E-01  1.013795E+03
  2.360000E-01  1.014925E+03
  2.380000E-01  1.016062E+03
  2.400000E-01  1.017207E+03
  2.420000E-01  1.018359E+03
  2.440000E-01  1.019518E+03
  2.460000E-01  1.020684E+03
  2.480000E-01  1.021858E+03
  2.500000E-01  1.023039E+03
  2.520000E-01  1.024227E+03
  2.540000E-01  1.025422E+03
  2.560000E-01  1.026624E+03
  2.580000E-01  1.027833E+03
  2.600000E-01  1.029049E+03
  2.620000E-01  1.030272E+03
  2.640000E-01  1.031502E+03
  2.660000E-01  1.032739E+03
  2.680000E-01  1.033983E+03
  2.700000E-01  1.035233E+03
  2.720000E-01  1.036490E+03
  2.740000E-01  1.037754E+03
  2.760000E-01  1.039024E+03
  2.780000E-01  1.040301E+03
  2.800000E-01  1.041585E+03
  2.820000E-01  1.042875E+03
  2.840000E-01  1.044172E+03
  2.860000E-01  1.045475E+03
  2.880000E-01  1.046785E+03
  2.900000E-01  1.048101E+03
  2.920000E-01  1.049423E+03
  2.940000E-01  1.050752E+03
  2.960000E-01  1.052087E+03
  2.980000E-01  1.053428E+03
  3.000000E-01  1.054776E+03
  3.020000E-01  1.056129E+03
  3.040000E-01  1.057489E+03
  3.060000E-01  1.058855E+03
  3.080000E-01  1.060227E+03
  3.100000E-01  1.061604E+03
  3.120000E-01  1.062988E+03
  3.140000E-01  1.064378E+03
  3.160000E-01  1.065774E+03
  3.180000E-01  1.067175E+03
  3.200000E-01  1.068583E+03
  3.220000E-01  1.069996E+03
  3.240000E-01  1.071415E+03
  3.260000E-01  1.072840E+03
  3.280000E-01  1.074270E+03
  3.300000E-01  1.075707E+03
  3.320000E-01  1.077148E+03
  3.340000E-01  1.078596E+03
  3.360000E-01  1.080049E+03
  3.380000E-01  1.081507E+03
  3.400000E-01  1.082971E+03
  3.420000E-01  1.084441E+03
  3.440000E-01  1.085915E+03
  3.460000E-01  1.087396E+03
  3.480000E-01  1.088881E+03
  3.500000E-01  1.090372E+03
  3.520000E-01  1.091869E+03
  3.540000E-01  1.093370E+03
  3.560000E-01  1.094877E+03
  3.580000E-01  1.096389E+03
  3.600000E-01  1.097906E+03
  3.620000E-01  1.099429E+03
  3.640000E-01  1.100956E+03
  3.660000E-01  1.102489E+03
  3.680000E-01  1.104026E+03
  3.700000E-01  1.105569E+03
  3.720000E-01  1.107117E+03
  3.740000E-01  1.108669E+03
  3.760000E-01  1.110227E+03
  3.780000E-01  1.111789E+03
  3.800000E-01  1.113356E+03
  3.820000E-01  1.114929E+03
  3.840000E-01  1.116506E+03
  3.860000E-01  1.118087E+03
  3.880000E-01  1.119674E+03
  3.900000E-01  1.121265E+03
  3.920000E-01  1.122861E+03
  3.940000E-01  1.124462E+03
  3.960000E-01  1.126067E+03
  3.980000E-01  1.127677E+03
  4.000000E-01  1.129291E+03
  4.020000E-01  1.130910E+03
  4.040000E-01  1.132534E+03
  4.060000E-01  1.134162E+03
  4.080000E-01  1.135794E+03
  4.100000E-01  1.137431E+03
  4.120000E-01  1.139073E+03
  4.140000E-01  1.140718E+03
  4.160000E-01  1.142369E+03
  4.180000E-01  1.144023E+03
  4.200000E-01  1.145682E+03
  4.220000E-01  1.147345E+03
  4.240000E-01  1.149012E+03
  4.260000E-01  1.150684E+03
  4.280000E-01  1.152360E+03
  4.300000E-01  1.154040E+03
  4.320000E-01  1.155724E+03
  4.340000E-01  1.157412E+03
  4.360000E-01  1.159105E+03
  4.380000E-01  1.160801E+03
  4.400000E-01  1.161636E+03
  4.420000E-01  1.162938E+03
  4.440000E-01  1.164219E+03
  4.460000E-01  1.165483E+03
  4.480000E-01  1.166737E+03
  4.500000E-01  1.167982E+03
  4.520000E-01  1.169222E+03
  4.540000E-01  1.170456E+03
  4.560000E-01  1.171688E+03
  4.580000E-01  1.172918E+03
  4.600000E-01  1.174146E+03
  4.620000E-01  1.175374E+03
  4.640000E-01  1.176601E+03
  4.660000E-01  1.177829E+03
  4.680000E-01  1.179057E+03
  4.700000E-01  1.180286E+03
  4.720000E-01  1.181515E+03
  4.740000E-01  1.182746E+03
  4.760000E-01  1.183978E+03
  4.780000E-01  1.185212E+03
  4.800000E-01  1.186447E+03
  4.820000E-01  1.187684E+03
  4.840000E-01  1.188922E+03
  4.860000E-01  1.190163E+03
  4.880000E-01  1.191405E+03
  4.900000E-01  1.192649E+03
  4.920000E-01  1.193895E+03
  4.940000E-01  1.195143E+03
  4.960000E-01  1.196393E+03
  4.980000E-01  1.197645E+03
  5.000000E-01  1.198899E+03
  5.020000E-01  1.200155E+03
  5.040000E-01  1.201413E+03
  5.060000E-01  1.202673E+03
  5.080000E-01  1.203936E+03
  5.100000E-01  1.205200E+03
  5.120000E-01  1.206466E+03
  5.140000E-01  1.207735E+03
  5.160000E-01  1.209006E+03
  5.180000E-01  1.210115E+03
  5.200000E-01  1.211264E+03
  5.220000E-01  1.212394E+03
  5.240000E-01  1.213507E+03
  5.260000E-01  1.214607E+03
  5.280000E-01  1.215694E+03
  5.300000E-01  1.216770E+03
  5.320000E-01  1.217836E+03
  5.340000E-01  1.218892E+03
  5.360000E-01  1.219940E+03
  5.380000E-01  1.220980E+03
  5.400000E-01  1.222012E+03
  5.420000E-01  1.223037E+03
  5.440000E-01  1.224056E+03
  5.460000E-01  1.225068E+03
  5.480000E-01  1.226075E+03
  5.500000E-01  1.227076E+03
  5.520000E-01  1.228071E+03
  5.540000E-01  1.229062E+03
  5.560000E-01  1.230047E+03
  5.580000E-01  1.231028E+03
  5.600000E-01  1.232005E+03
  5.620000E-01  1.232977E+03
  5.640000E-01  1.233945E+03
  5.660000E-01  1.234909E+03
  5.680000E-01  1.235870E+03
  5.700000E-01  1.236826E+03
  5.720000E-01  1.237779E+03
  5.740000E-01  1.238729E+03
  5.760000E-01  1.239675E+03
  5.780000E-01  1.240618E+03
  5.800000E-01  1.241557E+03
  5.820000E-01  1.242494E+03
  5.840000E-01  1.243427E+03
  5.860000E-01  1.244358E+03
  5.880000E-01  1.245285E+03
  5.900000E-01  1.246210E+03
  5.920000E-01  1.247132E+03
  5.940000E-01  1.248051E+03
  5.960000E-01  1.248967E+03
  5.980000E-01  1.249881E+03
  6.000000E-01  1.250792E+03
  6.020000E-01  1.251701E+03
  6.040000E-01  1.252607E+03
  6.060000E-01  1.253510E+03
  6.080000E-01  1.254411E+03
  6.100000E-01  1.255310E+03
  6.120000E-01  1.256207E+03
  6.140000E-01  1.257101E+03
  6.160000E-01  1.257992E+03
  6.180000E-01  1.258882E+03
  6.200000E-01  1.259769E+03
  6.220000E-01  1.260654E+03
  6.240000E-01  1.261537E+03
  6.260000E-01  1.262419E+03
  6.280000E-01  1.263298E+03
  6.300000E-01  1.264176E+03
  6.320000E-01  1.265052E+03
  6.340000E-01  1.265927E+03
  6.360000E-01  1.266801E+03
  6.380000E-01  1.267675E+03
  6.400000E-01  1.268547E+03
  6.420000E-01  1.269420E+03
  6.440000E-01  1.270293E+03
  6.460000E-01  1.271167E+03
  6.480000E-01  1.272042E+03
  6.500000E-01  1.272920E+03
  6.520000E-01  1.273799E+03
  6.540000E-01  1.274682E+03
  6.560000E-01  1.275569E+03
  6.580000E-01  1.276459E+03
  6.600000E-01  1.277354E+03
  6.620000E-01  1.278255E+03
  6.640000E-01  1.279160E+03
  6.660000E-01  1.280070E+03
  6.680000E-01  1.280986E+03
  6.700000E-01  1.281908E+03
  6.720000E-01  1.282834E+03
  6.740000E-01  1.283766E+03
  6.760000E-01  1.284702E+03
  6.780000E-01  1.285644E+03
  6.800000E-01  1.286591E+03
  6.820000E-01  1.287542E+03
  6.840000E-01  1.288499E+03
  6.860000E-01  1.289462E+03
  6.880000E-01  1.290425E+03
  6.900000E-01  1.291389E+03
  6.920000E-01  1.292353E+03
  6.940000E-01  1.293318E+03
  6.960000E-01  1.294283E+03
  6.980000E-01  1.295249E+03
  7.000000E-01  1.296215E+03
  7.020000E-01  1.297182E+03
  7.040000E-01  1.298149E+03
  7.060000E-01  1.299117E+03
  7.080000E-01  1.300085E+03
  7.100000E-01  1.301054E+03
  7.120000E-01  1.302023E+03
  7.140000E-01  1.302993E+03
  7.160000E-01  1.303964E+03
  7.180000E-01  1.304935E+03
  7.200000E-01  1.305906E+03
  7.220000E-01  1.306878E+03
  7.240000E-01  1.307851E+03
  7.260000E-01  1.308824E+03
  7.280000E-01  1.309797E+03
  7.300000E-01  1.310772E+03
  7.320000E-01  1.311746E+03
  7.340000E-01  1.312721E+03
  7.360000E-01  1.313697E+03
  7.380000E-01  1.314674E+03
  7.400000E-01  1.315650E+03
  7.420000E-01  1.316628E+03
  7.440000E-01  1.317606E+03
  7.460000E-01  1.318584E+03
  7.480000E-01  1.319563E+03
  7.500000E-01  1.320543E+03
  7.520000E-01  1.321523E+03
  7.540000E-01  1.322504E+03
  7.560000E-01  1.323485E+03
  7.580000E-01  1.324467E+03
  7.600000E-01  1.325450E+03
  7.620000E-01  1.326433E+03
  7.640000E-01  1.327416E+03
  7.660000E-01  1.328400E+03
  7.680000E-01  1.329385E+03
  7.700000E-01  1.330370E+03
  7.720000E-01  1.331356E+03
  7.740000E-01  1.332342E+03
  7.760000E-01  1.333329E+03
  7.780000E-01  1.334317E+03
  7.800000E-01  1.335305E+03
  7.820000E-01  1.336293E+03
  7.840000E-01  1.337283E+03
  7.860000E-01  1.338272E+03
  7.880000E-01  1.339263E+03
  7.900000E-01  1.340254E+03
  7.920000E-01  1.341245E+03
  7.940000E-01  1.342237E+03
  7.960000E-01  1.343230E+03
  7.980000E-01  1.344223E+03
  8.000000E-01  1.345217E+03
  8.020000E-01  1.346147E+03
  8.040000E-01  1.347121E+03
  8.060000E-01  1.348094E+03
  8.080000E-01  1.349065E+03
  8.100000E-01  1.350036E+03
  8.120000E-01  1.351006E+03
  8.140000E-01  1.351974E+03
  8.160000E-01  1.352943E+03
  8.180000E-01  1.353910E+03
  8.200000E-01  1.354877E+03
  8.220000E-01  1.355843E+03
  8.240000E-01  1.356809E+03
  8.260000E-01  1.357774E+03
  8.280000E-01  1.358739E+03
  8.300000E-01  1.359703E+03
  8.320000E-01  1.360667E+03
  8.340000E-01  1.361630E+03
  8.360000E-01  1.362594E+03
  8.380000E-01  1.363557E+03
  8.400000E-01  1.364519E+03
  8.420000E-01  1.365482E+03
  8.440000E-01  1.366444E+03
  8.460000E-01  1.367406E+03
  8.480000E-01  1.368367E+03
  8.500000E-01  1.369329E+03
  8.520000E-01  1.370290E+03
  8.540000E-01  1.371252E+03
  8.560000E-01  1.372213E+03
  8.580000E-01  1.373174E+03
  8.600000E-01  1.374134E+03
  8.620000E-01  1.375095E+03
  8.640000E-01  1.376056E+03
  8.660000E-01  1.377017E+03
  8.680000E-01  1.377977E+03
  8.700000E-01  1.378938E+03
  8.720000E-01  1.379898E+03
  8.740000E-01  1.380858E+03
  8.760000E-01  1.381819E+03
  8.780000E-01  1.382779E+03
  8.800000E-01  1.383740E+03
  8.820000E-01  1.384700E+03
  8.840000E-01  1.385660E+03
  8.860000E-01  1.386621E+03
  8.880000E-01  1.387581E+03
  8.900000E-01  1.388542E+03
  8.920000E-01  1.389502E+03
  8.940000E-01  1.390463E+03
  8.960000E-01  1.391424E+03
  8.980000E-01  1.392384E+03
  9.000000E-01  1.393345E+03
  9.020000E-01  1.394306E+03
  9.040000E-01  1.395267E+03
  9.060000E-01  1.396228E+03
  9.080000E-01  1.397189E+03
  9.100000E-01  1.398151E+03
  9.120000E-01  1.399112E+03
  9.140000E-01  1.400073E+03
  9.160000E-01  1.401035E+03
  9.180000E-01  1.401997E+03
  9.200000E-01  1.402959E+03
  9.220000E-01  1.403921E+03
  9.240000E-01  1.404883E+03
  9.260000E-01  1.405845E+03
  9.280000E-01  1.406808E+03
  9.300000E-01  1.407771E+03
  9.320000E-01  1.408733E+03
  9.340000E-01  1.409696E+03
  9.360000E-01  1.410659E+03
  9.380000E-01  1.411623E+03
  9.400000E-01  1.412586E+03
  9.420000E-01  1.413550E+03
  9.440000E-01  1.414514E+03
  9.460000E-01  1.415478E+03
  9.480000E-01  1.416442E+03
  9.500000E-01  1.417407E+03
  9.520000E-01  1.418371E+03
  9.540000E-01  1.419336E+03
  9.560000E-01  1.420302E+03
  9.580000E-01  1.421267E+03
  9.600000E-01  1.422232E+03
  9.620000E-01  1.423198E+03
  9.640000E-01  1.424164E+03
  9.660000E-01  1.425130E+03
  9.680000E-01  1.426097E+03
  9.700000E-01  1.427064E+03
  9.720000E-01  1.428031E+03
  9.740000E-01  1.428998E+03
  9.760000E-01  1.429965E+03
  9.780000E-01  1.430933E+03
  9.800000E-01  1.431901E+03
  9.820000E-01  1.432869E+03
  9.840000E-01  1.433838E+03
  9.860000E-01  1.434807E+03
  9.880000E-01  1.435776E+03
  9.900000E-01  1.436745E+03
  9.920000E-01  1.437715E+03
  9.940000E-01  1.438685E+03
  9.960000E-01  1.439655E+03
  9.980000E-01  1.440625E+03
  1.000000E+00  1.441596E+03
  1.002000E+00  1.442567E+03
  1.004000E+00  1.443539E+03
  1.006000E+00  1.444511E+03
  1.008000E+00  1.445483E+03
  1.010000E+00  1.446455E+03
  1.012000E+00  1.447428E+03
  1.014000E+00  1.448401E+03
  1.016000E+00  1.449375E+03
  1.018000E+00  1.450349E+03
  1.020000E+00  1.451323E+03
  1.022000E+00  1.452298E+03
  1.024000E+00  1.453273E+03
  1.026000E+00  1.454249E+03
  1.028000E+00  1.455225E+03
  1.030000E+00  1.456202E+03
  1.032000E+00  1.457179E+03
  1.034000E+00  1.458157E+03
  1.036000E+00  1.459137E+03
  1.038000E+00  1.460117E+03
  1.040000E+00  1.460934E+03
  1.042000E+00  1.461786E+03
  1.044000E+00  1.462620E+03
  1.046000E+00  1.463438E+03
  1.048000E+00  1.464243E+03
  1.050000E+00  1.465037E+03
  1.052000E+00  1.465821E+03
  1.054000E+00  1.466597E+03
  1.056000E+00  1.467365E+03
  1.058000E+00  1.468125E+03
  1.060000E+00  1.468879E+03
  1.062000E+00  1.469627E+03
  1.064000E+00  1.470368E+03
  1.066000E+00  1.471105E+03
  1.068000E+00  1.471836E+03
  1.070000E+00  1.472563E+03
  1.072000E+00  1.473285E+03
  1.074000E+00  1.474003E+03
  1.076000E+00  1.474717E+03
  1.078000E+00  1.475428E+03
  1.080000E+00  1.476134E+03
  1.082000E+00  1.476837E+03
  1.084000E+00  1.477537E+03
  1.086000E+00  1.478234E+03
  1.088000E+00  1.478928E+03
  1.090000E+00  1.479618E+03
  1.092000E+00  1.480306E+03
  1.094000E+00  1.480992E+03
  1.096000E+00  1.481675E+03
  1.098000E+00  1.482355E+03
  1.100000E+00  1.483033E+03
  1.102000E+00  1.483708E+03
  1.104000E+00  1.484382E+03
  1.106000E+00  1.485053E+03
  1.108000E+00  1.485722E+03
  1.110000E+00  1.486389E+03
  1.112000E+00  1.487054E+03
  1.114000E+00  1.487717E+03
  1.116000E+00  1.488378E+03
  1.118000E+00  1.489038E+03
  1.120000E+00  1.489696E+03
  1.122000E+00  1.490352E+03
  1.124000E+00  1.491006E+03
  1.126000E+00  1.491659E+03
  1.128000E+00  1.492310E+03
  1.130000E+00  1.492960E+03
  1.132000E+00  1.493608E+03
  1.134000E+00  1.494255E+03
  1.136000E+00  1.494900E+03
  1.138000E+00  1.495544E+03
  1.140000E+00  1.496186E+03
  1.142000E+00  1.496827E+03
  1.144000E+00  1.497467E+03
  1.146000E+00  1.498106E+03
  1.148000E+00  1.498743E+03
  1.150000E+00  1.499379E+03
  1.152000E+00  1.500014E+03
  1.154000E+00  1.500648E+03
  1.156000E+00  1.501281E+03
  1.158000E+00  1.501912E+03
  1.160000E+00  1.502543E+03
  1.162000E+00  1.503172E+03
  1.164000E+00  1.503800E+03
  1.166000E+00  1.504427E+03
  1.168000E+00  1.505054E+03
  1.170000E+00  1.505679E+03
  1.172000E+00  1.506303E+03
  1.174000E+00  1.506926E+03
  1.176000E+00  1.507549E+03
  1.178000E+00  1.508170E+03
  1.180000E+00  1.508791E+03
  1.182000E+00  1.509410E+03
  1.184000E+00  1.510029E+03
  1.186000E+00  1.510647E+03
  1.188000E+00  1.511264E+03
  1.190000E+00  1.511880E+03
  1.192000E+00  1.512495E+03
  1.194000E+00  1.513109E+03
  1.196000E+00  1.513723E+03
  1.198000E+00  1.514336E+03
  1.200000E+00  1.514948E+03
