  1.000000E-02  9.217803E-03  9.413926E+00
  1.200000E-02  1.152280E-02  1.129877E+01
  1.400000E-02  1.396682E-02  1.318401E+01
  1.600000E-02  1.658663E-02  1.506961E+01
  1.800000E-02  1.942428E-02  1.695556E+01
  2.000000E-02  2.252518E-02  1.884183E+01
  2.200000E-02  2.593698E-02  2.072843E+01
  2.400000E-02  2.970884E-02  2.261535E+01
  2.600000E-02  3.389093E-02  2.450260E+01
  2.800000E-02  3.853410E-02  2.639019E+01
  3.000000E-02  4.368968E-02  2.827814E+01
  3.200000E-02  4.940925E-02  3.016644E+01
  3.400000E-02  5.574458E-02  3.205512E+01
  3.600000E-02  6.274747E-02  3.394419E+01
  3.800000E-02  7.046970E-02  3.583367E+01
  4.000000E-02  7.896299E-02  3.772357E+01
  4.200000E-02  8.827892E-02  3.961392E+01
  4.400000E-02  9.846891E-02  4.150473E+01
  4.600000E-02  1.095842E-01  4.339603E+01
  4.800000E-02  1.216757E-01  4.528783E+01
  5.000000E-02  1.347942E-01  4.718015E+01
  5.200000E-02  1.489902E-01  4.907302E+01
  5.400000E-02  1.643139E-01  5.096645E+01
  5.600000E-02  1.808150E-01  5.286047E+01
  5.800000E-02  1.985433E-01  5.475510E+01
  6.000000E-02  2.175480E-01  5.665037E+01
  6.200000E-02  2.378779E-01  5.854629E+01
  6.400000E-02  2.595815E-01  6.044288E+01
  6.600000E-02  2.827072E-01  6.234018E+01
  6.800000E-02  3.073027E-01  6.423820E+01
  7.000000E-02  3.334155E-01  6.613696E+01
  7.200000E-02  3.610927E-01  6.803649E+01
  7.400000E-02  3.903809E-01  6.993681E+01
  7.600000E-02  4.213266E-01  7.183794E+01
  7.800000E-02  4.539757E-01  7.373990E+01
  8.000000E-02  4.883736E-01  7.564273E+01
  8.200000E-02  5.245656E-01  7.754644E+01
  8.400000E-02  5.625963E-01  7.945105E+01
  8.600000E-02  6.025102E-01  8.135658E+01
  8.800000E-02  6.443512E-01  8.326307E+01
  9.000000E-02  6.881627E-01  8.517053E+01
  9.200000E-02  7.339880E-01  8.707898E+01
  9.400000E-02  7.818697E-01  8.898845E+01
  9.600000E-02  8.318502E-01  9.089896E+01
  9.800000E-02  8.839714E-01  9.281053E+01
  1.000000E-01  9.382747E-01  9.472319E+01
  1.020000E-01  9.948013E-01  9.663695E+01
  1.040000E-01  1.053592E+00  9.855185E+01
  1.060000E-01  1.114686E+00  1.004679E+02
  1.080000E-01  1.178125E+00  1.023851E+02
  1.100000E-01  1.243947E+00  1.043035E+02
  1.120000E-01  1.312192E+00  1.062232E+02
  1.140000E-01  1.382898E+00  1.081440E+02
  1.160000E-01  1.456103E+00  1.100662E+02
  1.180000E-01  1.531846E+00  1.119896E+02
  1.200000E-01  1.610163E+00  1.139143E+02
  1.220000E-01  1.691092E+00  1.158403E+02
  1.240000E-01  1.774669E+00  1.177677E+02
  1.260000E-01  1.860931E+00  1.196965E+02
  1.280000E-01  1.949913E+00  1.216266E+02
  1.300000E-01  2.041356E+00  1.235582E+02
  1.320000E-01  2.134270E+00  1.254912E+02
  1.340000E-01  2.229276E+00  1.274256E+02
  1.360000E-01  2.326598E+00  1.293614E+02
  1.380000E-01  2.426358E+00  1.312987E+02
  1.400000E-01  2.528643E+00  1.332374E+02
  1.420000E-01  2.633523E+00  1.351776E+02
  1.440000E-01  2.741057E+00  1.371193E+02
  1.460000E-01  2.851299E+00  1.390626E+02
  1.480000E-01  2.964297E+00  1.410073E+02
  1.500000E-01  3.080096E+00  1.429536E+02
  1.520000E-01  3.198739E+00  1.449015E+02
  1.540000E-01  3.320266E+00  1.468509E+02
  1.560000E-01  3.444717E+00  1.488019E+02
  1.580000E-01  3.572129E+00  1.507546E+02
  1.600000E-01  3.702538E+00  1.527089E+02
  1.620000E-01  3.835980E+00  1.546648E+02
  1.640000E-01  3.972490E+00  1.566224E+02
  1.660000E-01  4.112100E+00  1.585817E+02
  1.680000E-01  4.254844E+00  1.605426E+02
  1.700000E-01  4.400754E+00  1.625053E+02
  1.720000E-01  4.549862E+00  1.644697E+02
  1.740000E-01  4.702198E+00  1.664359E+02
  1.760000E-01  4.857793E+00  1.684039E+02
  1.780000E-01  5.016677E+00  1.703736E+02
  1.800000E-01  5.178880E+00  1.723451E+02
  1.820000E-01  5.344430E+00  1.743185E+02
  1.840000E-01  5.513356E+00  1.762937E+02
  1.860000E-01  5.685686E+00  1.782707E+02
  1.880000E-01  5.861449E+00  1.802496E+02
  1.900000E-01  6.040670E+00  1.822304E+02
  1.920000E-01  6.223377E+00  1.842131E+02
  1.940000E-01  6.409598E+00  1.861978E+02
  1.960000E-01  6.599357E+00  1.881843E+02
  1.980000E-01  6.792680E+00  1.901728E+02
  2.000000E-01  6.989595E+00  1.921633E+02
  2.020000E-01  7.190124E+00  1.941558E+02
  2.040000E-01  7.394294E+00  1.961503E+02
  2.060000E-01  7.602129E+00  1.981467E+02
  2.080000E-01  7.813653E+00  2.001453E+02
  2.100000E-01  8.028890E+00  2.021458E+02
  2.120000E-01  8.247863E+00  2.041485E+02
  2.140000E-01  8.470597E+00  2.061532E+02
  2.160000E-01  8.697114E+00  2.081600E+02
  2.180000E-01  8.927436E+00  2.101690E+02
  2.200000E-01  9.161587E+00  2.121800E+02
  2.220000E-01  9.399588E+00  2.141932E+02
  2.240000E-01  9.641462E+00  2.162086E+02
  2.260000E-01  9.887230E+00  2.182262E+02
  2.280000E-01  1.013691E+01  2.202459E+02
  2.300000E-01  1.039053E+01  2.222679E+02
  2.320000E-01  1.064811E+01  2.242920E+02
  2.340000E-01  1.090967E+01  2.263184E+02
  2.360000E-01  1.117522E+01  2.283471E+02
  2.380000E-01  1.144479E+01  2.303780E+02
  2.400000E-01  1.171841E+01  2.324112E+02
  2.420000E-01  1.199607E+01  2.344467E+02
  2.440000E-01  1.227782E+01  2.364845E+02
  2.460000E-01  1.256367E+01  2.385247E+02
  2.480000E-01  1.285363E+01  2.405671E+02
  2.500000E-01  1.314772E+01  2.426120E+02
  2.520000E-01  1.344597E+01  2.446592E+02
  2.540000E-01  1.374839E+01  2.467087E+02
  2.560000E-01  1.405500E+01  2.487607E+02
  2.580000E-01  1.436582E+01  2.508151E+02
  2.600000E-01  1.468086E+01  2.528719E+02
  2.620000E-01  1.500015E+01  2.549312E+02
  2.640000E-01  1.532369E+01  2.569929E+02
  2.660000E-01  1.565151E+01  2.590570E+02
  2.680000E-01  1.598363E+01  2.611237E+02
  2.700000E-01  1.632005E+01  2.631928E+02
  2.720000E-01  1.666081E+01  2.652645E+02
  2.740000E-01  1.700590E+01  2.673387E+02
  2.760000E-01  1.735536E+01  2.694154E+02
  2.780000E-01  1.770919E+01  2.714946E+02
  2.800000E-01  1.806741E+01  2.735764E+02
  2.820000E-01  1.843003E+01  2.756608E+02
  2.840000E-01  1.879708E+01  2.777478E+02
  2.860000E-01  1.916857E+01  2.798374E+02
  2.880000E-01  1.954450E+01  2.819296E+02
  2.900000E-01  1.992491E+01  2.840244E+02
  2.920000E-01  2.030979E+01  2.861218E+02
  2.940000E-01  2.069917E+01  2.882219E+02
  2.960000E-01  2.109306E+01  2.903247E+02
  2.980000E-01  2.149147E+01  2.924301E+02
  3.000000E-01  2.189442E+01  2.945383E+02
  3.020000E-01  2.230192E+01  2.966491E+02
  3.040000E-01  2.271398E+01  2.987626E+02
  3.060000E-01  2.313063E+01  3.008789E+02
  3.080000E-01  2.355186E+01  3.029979E+02
  3.100000E-01  2.397770E+01  3.051197E+02
  3.120000E-01  2.440816E+01  3.072442E+02
  3.140000E-01  2.484324E+01  3.093715E+02
  3.160000E-01  2.528297E+01  3.115016E+02
  3.180000E-01  2.572736E+01  3.136344E+02
  3.200000E-01  2.617641E+01  3.157701E+02
  3.220000E-01  2.663014E+01  3.179086E+02
  3.240000E-01  2.708856E+01  3.200499E+02
  3.260000E-01  2.755169E+01  3.221941E+02
  3.280000E-01  2.801953E+01  3.243412E+02
  3.300000E-01  2.849210E+01  3.264911E+02
  3.320000E-01  2.896940E+01  3.286438E+02
  3.340000E-01  2.945146E+01  3.307995E+02
  3.360000E-01  2.993828E+01  3.329581E+02
  3.380000E-01  3.042986E+01  3.351195E+02
  3.400000E-01  3.092623E+01  3.372839E+02
  3.420000E-01  3.142739E+01  3.394513E+02
  3.440000E-01  3.193336E+01  3.416216E+02
  3.460000E-01  3.244414E+01  3.437948E+02
  3.480000E-01  3.295974E+01  3.459710E+02
  3.500000E-01  3.348018E+01  3.481502E+02
  3.520000E-01  3.400546E+01  3.503323E+02
  3.540000E-01  3.453560E+01  3.525175E+02
  3.560000E-01  3.507060E+01  3.547056E+02
  3.580000E-01  3.561048E+01  3.568968E+02
  3.600000E-01  3.615524E+01  3.590910E+02
  3.620000E-01  3.670489E+01  3.612883E+02
  3.640000E-01  3.725944E+01  3.634886E+02
  3.660000E-01  3.781890E+01  3.656920E+02
  3.680000E-01  3.838329E+01  3.678984E+02
  3.700000E-01  3.895260E+01  3.701079E+02
  3.720000E-01  3.952685E+01  3.723205E+02
  3.740000E-01  4.010605E+01  3.745362E+02
  3.760000E-01  4.069021E+01  3.767551E+02
  3.780000E-01  4.127932E+01  3.789770E+02
  3.800000E-01  4.187341E+01  3.812021E+02
  3.820000E-01  4.247248E+01  3.834303E+02
  3.840000E-01  4.307654E+01  3.856616E+02
  3.860000E-01  4.368560E+01  3.878961E+02
  3.880000E-01  4.429966E+01  3.901338E+02
  3.900000E-01  4.491873E+01  3.923747E+02
  3.920000E-01  4.554282E+01  3.946187E+02
  3.940000E-01  4.617194E+01  3.968660E+02
  3.960000E-01  4.680610E+01  3.991164E+02
  3.980000E-01  4.744529E+01  4.013701E+02
  4.000000E-01  4.808954E+01  4.036270E+02
  4.020000E-01  4.873884E+01  4.058871E+02
  4.040000E-01  4.939321E+01  4.081504E+02
  4.060000E-01  5.005265E+01  4.104170E+02
  4.080000E-01  5.071716E+01  4.126869E+02
  4.100000E-01  5.138677E+01  4.149601E+02
  4.120000E-01  5.206146E+01  4.172365E+02
  4.140000E-01  5.274125E+01  4.195162E+02
  4.160000E-01  5.342614E+01  4.217992E+02
  4.180000E-01  5.411615E+01  4.240855E+02
  4.200000E-01  5.481127E+01  4.263751E+02
  4.220000E-01  5.551152E+01  4.286681E+02
  4.240000E-01  5.621689E+01  4.309644E+02
  4.260000E-01  5.692740E+01  4.332640E+02
  4.280000E-01  5.764306E+01  4.355669E+02
  4.300000E-01  5.836386E+01  4.378733E+02
  4.320000E-01  5.908981E+01  4.401829E+02
  4.340000E-01  5.982092E+01  4.424960E+02
  4.360000E-01  6.055720E+01  4.448124E+02
  4.380000E-01  6.129864E+01  4.471323E+02
  4.400000E-01  6.166635E+01  4.494534E+02
  4.420000E-01  6.224075E+01  4.517780E+02
  4.440000E-01  6.280796E+01  4.541051E+02
  4.460000E-01  6.337080E+01  4.564348E+02
  4.480000E-01  6.393114E+01  4.587670E+02
  4.500000E-01  6.449031E+01  4.611017E+02
  4.520000E-01  6.504926E+01  4.634389E+02
  4.540000E-01  6.560872E+01  4.657785E+02
  4.560000E-01  6.616923E+01  4.681207E+02
  4.580000E-01  6.673123E+01  4.704652E+02
  4.600000E-01  6.729506E+01  4.728123E+02
  4.620000E-01  6.786100E+01  4.751618E+02
  4.640000E-01  6.842928E+01  4.775138E+02
  4.660000E-01  6.900007E+01  4.798682E+02
  4.680000E-01  6.957354E+01  4.822251E+02
  4.700000E-01  7.014982E+01  4.845844E+02
  4.720000E-01  7.072900E+01  4.869462E+02
  4.740000E-01  7.131120E+01  4.893104E+02
  4.760000E-01  7.189648E+01  4.916771E+02
  4.780000E-01  7.248491E+01  4.940463E+02
  4.800000E-01  7.307656E+01  4.964180E+02
  4.820000E-01  7.367147E+01  4.987921E+02
  4.840000E-01  7.426969E+01  5.011687E+02
  4.860000E-01  7.487126E+01  5.035477E+02
  4.880000E-01  7.547621E+01  5.059293E+02
  4.900000E-01  7.608457E+01  5.083133E+02
  4.920000E-01  7.669637E+01  5.106999E+02
  4.940000E-01  7.731164E+01  5.130889E+02
  4.960000E-01  7.793039E+01  5.154804E+02
  4.980000E-01  7.855265E+01  5.178744E+02
  5.000000E-01  7.917843E+01  5.202710E+02
  5.020000E-01  7.980775E+01  5.226700E+02
  5.040000E-01  8.044061E+01  5.250716E+02
  5.060000E-01  8.107705E+01  5.274756E+02
  5.080000E-01  8.171705E+01  5.298822E+02
  5.100000E-01  8.236065E+01  5.322914E+02
  5.120000E-01  8.300784E+01  5.347030E+02
  5.140000E-01  8.365864E+01  5.371172E+02
  5.160000E-01  8.431304E+01  5.395339E+02
  5.180000E-01  8.488684E+01  5.419529E+02
  5.200000E-01  8.548306E+01  5.443743E+02
  5.220000E-01  8.607159E+01  5.467979E+02
  5.240000E-01  8.665397E+01  5.492238E+02
  5.260000E-01  8.723123E+01  5.516519E+02
  5.280000E-01  8.780415E+01  5.540822E+02
  5.300000E-01  8.837334E+01  5.565147E+02
  5.320000E-01  8.893928E+01  5.589492E+02
  5.340000E-01  8.950238E+01  5.613860E+02
  5.360000E-01  9.006298E+01  5.638248E+02
  5.380000E-01  9.062136E+01  5.662657E+02
  5.400000E-01  9.117779E+01  5.687087E+02
  5.420000E-01  9.173248E+01  5.711537E+02
  5.440000E-01  9.228563E+01  5.736008E+02
  5.460000E-01  9.283742E+01  5.760499E+02
  5.480000E-01  9.338800E+01  5.785010E+02
  5.500000E-01  9.393752E+01  5.809541E+02
  5.520000E-01  9.448610E+01  5.834093E+02
  5.540000E-01  9.503386E+01  5.858664E+02
  5.560000E-01  9.558090E+01  5.883255E+02
  5.580000E-01  9.612732E+01  5.907865E+02
  5.600000E-01  9.667321E+01  5.932496E+02
  5.620000E-01  9.721865E+01  5.957145E+02
  5.640000E-01  9.776371E+01  5.981814E+02
  5.660000E-01  9.830845E+01  6.006503E+02
  5.680000E-01  9.885295E+01  6.031210E+02
  5.700000E-01  9.939725E+01  6.055937E+02
  5.720000E-01  9.994141E+01  6.080683E+02
  5.740000E-01  1.004855E+02  6.105448E+02
  5.760000E-01  1.010295E+02  6.130232E+02
  5.780000E-01  1.015735E+02  6.155035E+02
  5.800000E-01  1.021176E+02  6.179856E+02
  5.820000E-01  1.026617E+02  6.204697E+02
  5.840000E-01  1.032059E+02  6.229556E+02
  5.860000E-01  1.037502E+02  6.254433E+02
  5.880000E-01  1.042947E+02  6.279330E+02
  5.900000E-01  1.048393E+02  6.304244E+02
  5.920000E-01  1.053842E+02  6.329178E+02
  5.940000E-01  1.059292E+02  6.354129E+02
  5.960000E-01  1.064745E+02  6.379099E+02
  5.980000E-01  1.070201E+02  6.404088E+02
  6.000000E-01  1.075659E+02  6.429094E+02
  6.020000E-01  1.081119E+02  6.454119E+02
  6.040000E-01  1.086583E+02  6.479162E+02
  6.060000E-01  1.092050E+02  6.504223E+02
  6.080000E-01  1.097520E+02  6.529302E+02
  6.100000E-01  1.102993E+02  6.554399E+02
  6.120000E-01  1.108470E+02  6.579514E+02
  6.140000E-01  1.113950E+02  6.604647E+02
  6.160000E-01  1.119434E+02  6.629798E+02
  6.180000E-01  1.124923E+02  6.654966E+02
  6.200000E-01  1.130415E+02  6.680153E+02
  6.220000E-01  1.135913E+02  6.705357E+02
  6.240000E-01  1.141415E+02  6.730579E+02
  6.260000E-01  1.146923E+02  6.755818E+02
  6.280000E-01  1.152438E+02  6.781075E+02
  6.300000E-01  1.157960E+02  6.806350E+02
  6.320000E-01  1.163489E+02  6.831642E+02
  6.340000E-01  1.169029E+02  6.856951E+02
  6.360000E-01  1.174579E+02  6.882279E+02
  6.380000E-01  1.180141E+02  6.907623E+02
  6.400000E-01  1.185718E+02  6.932985E+02
  6.420000E-01  1.191312E+02  6.958365E+02
  6.440000E-01  1.196926E+02  6.983762E+02
  6.460000E-01  1.202563E+02  7.009176E+02
  6.480000E-01  1.208226E+02  7.034608E+02
  6.500000E-01  1.213920E+02  7.060058E+02
  6.520000E-01  1.219647E+02  7.085525E+02
  6.540000E-01  1.225412E+02  7.111009E+02
  6.560000E-01  1.231218E+02  7.136512E+02
  6.580000E-01  1.237070E+02  7.162032E+02
  6.600000E-01  1.242969E+02  7.187570E+02
  6.620000E-01  1.248919E+02  7.213126E+02
  6.640000E-01  1.254921E+02  7.238700E+02
  6.660000E-01  1.260976E+02  7.264292E+02
  6.680000E-01  1.267085E+02  7.289903E+02
  6.700000E-01  1.273249E+02  7.315532E+02
  6.720000E-01  1.279466E+02  7.341179E+02
  6.740000E-01  1.285736E+02  7.366845E+02
  6.760000E-01  1.292059E+02  7.392529E+02
  6.780000E-01  1.298434E+02  7.418233E+02
  6.800000E-01  1.304861E+02  7.443955E+02
  6.820000E-01  1.311340E+02  7.469696E+02
  6.840000E-01  1.317876E+02  7.495457E+02
  6.860000E-01  1.324471E+02  7.521236E+02
  6.880000E-01  1.331088E+02  7.547035E+02
  6.900000E-01  1.337729E+02  7.572853E+02
  6.920000E-01  1.344391E+02  7.598691E+02
  6.940000E-01  1.351077E+02  7.624547E+02
  6.960000E-01  1.357786E+02  7.650423E+02
  6.980000E-01  1.364517E+02  7.676319E+02
  7.000000E-01  1.371271E+02  7.702233E+02
  7.020000E-01  1.378048E+02  7.728167E+02
  7.040000E-01  1.384848E+02  7.754121E+02
  7.060000E-01  1.391671E+02  7.780093E+02
  7.080000E-01  1.398518E+02  7.806085E+02
  7.100000E-01  1.405387E+02  7.832097E+02
  7.120000E-01  1.412279E+02  7.858127E+02
  7.140000E-01  1.419194E+02  7.884177E+02
  7.160000E-01  1.426133E+02  7.910247E+02
  7.180000E-01  1.433094E+02  7.936336E+02
  7.200000E-01  1.440079E+02  7.962444E+02
  7.220000E-01  1.447088E+02  7.988572E+02
  7.240000E-01  1.454119E+02  8.014719E+02
  7.260000E-01  1.461174E+02  8.040886E+02
  7.280000E-01  1.468252E+02  8.067072E+02
  7.300000E-01  1.475354E+02  8.093278E+02
  7.320000E-01  1.482479E+02  8.119503E+02
  7.340000E-01  1.489628E+02  8.145748E+02
  7.360000E-01  1.496800E+02  8.172012E+02
  7.380000E-01  1.503995E+02  8.198296E+02
  7.400000E-01  1.511214E+02  8.224599E+02
  7.420000E-01  1.518457E+02  8.250922E+02
  7.440000E-01  1.525723E+02  8.277264E+02
  7.460000E-01  1.533014E+02  8.303626E+02
  7.480000E-01  1.540327E+02  8.330007E+02
  7.500000E-01  1.547665E+02  8.356408E+02
  7.520000E-01  1.555026E+02  8.382829E+02
  7.540000E-01  1.562411E+02  8.409269E+02
  7.560000E-01  1.569820E+02  8.435729E+02
  7.580000E-01  1.577253E+02  8.462209E+02
  7.600000E-01  1.584709E+02  8.488708E+02
  7.620000E-01  1.592190E+02  8.515227E+02
  7.640000E-01  1.599694E+02  8.541765E+02
  7.660000E-01  1.607222E+02  8.568323E+02
  7.680000E-01  1.614775E+02  8.594901E+02
  7.700000E-01  1.622351E+02  8.621499E+02
  7.720000E-01  1.629952E+02  8.648116E+02
  7.740000E-01  1.637576E+02  8.674753E+02
  7.760000E-01  1.645225E+02  8.701410E+02
  7.780000E-01  1.652898E+02  8.728086E+02
  7.800000E-01  1.660595E+02  8.754782E+02
  7.820000E-01  1.668316E+02  8.781498E+02
  7.840000E-01  1.676062E+02  8.808234E+02
  7.860000E-01  1.683832E+02  8.834990E+02
  7.880000E-01  1.691626E+02  8.861765E+02
  7.900000E-01  1.699444E+02  8.888560E+02
  7.920000E-01  1.707287E+02  8.915375E+02
  7.940000E-01  1.715154E+02  8.942210E+02
  7.960000E-01  1.723045E+02  8.969065E+02
  7.980000E-01  1.730961E+02  8.995939E+02
  8.000000E-01  1.738902E+02  9.022834E+02
  8.020000E-01  1.746355E+02  9.049746E+02
  8.040000E-01  1.754176E+02  9.076678E+02
  8.060000E-01  1.762006E+02  9.103630E+02
  8.080000E-01  1.769846E+02  9.130602E+02
  8.100000E-01  1.777698E+02  9.157593E+02
  8.120000E-01  1.785562E+02  9.184603E+02
  8.140000E-01  1.793439E+02  9.211633E+02
  8.160000E-01  1.801329E+02  9.238682E+02
  8.180000E-01  1.809232E+02  9.265751E+02
  8.200000E-01  1.817150E+02  9.292839E+02
  8.220000E-01  1.825083E+02  9.319946E+02
  8.240000E-01  1.833030E+02  9.347073E+02
  8.260000E-01  1.840993E+02  9.374219E+02
  8.280000E-01  1.848972E+02  9.401384E+02
  8.300000E-01  1.856966E+02  9.428568E+02
  8.320000E-01  1.864976E+02  9.455772E+02
  8.340000E-01  1.873003E+02  9.482995E+02
  8.360000E-01  1.881046E+02  9.510237E+02
  8.380000E-01  1.889106E+02  9.537499E+02
  8.400000E-01  1.897182E+02  9.564779E+02
  8.420000E-01  1.905276E+02  9.592079E+02
  8.440000E-01  1.913387E+02  9.619399E+02
  8.460000E-01  1.921515E+02  9.646737E+02
  8.480000E-01  1.929661E+02  9.674095E+02
  8.500000E-01  1.937824E+02  9.701472E+02
  8.520000E-01  1.946006E+02  9.728868E+02
  8.540000E-01  1.954205E+02  9.756284E+02
  8.560000E-01  1.962422E+02  9.783718E+02
  8.580000E-01  1.970658E+02  9.811172E+02
  8.600000E-01  1.978911E+02  9.838645E+02
  8.620000E-01  1.987183E+02  9.866138E+02
  8.640000E-01  1.995474E+02  9.893649E+02
  8.660000E-01  2.003783E+02  9.921180E+02
  8.680000E-01  2.012111E+02  9.948730E+02
  8.700000E-01  2.020457E+02  9.976299E+02
  8.720000E-01  2.028823E+02  1.000389E+03
  8.740000E-01  2.037207E+02  1.003150E+03
  8.760000E-01  2.045610E+02  1.005912E+03
  8.780000E-01  2.054033E+02  1.008677E+03
  8.800000E-01  2.062475E+02  1.011443E+03
  8.820000E-01  2.070936E+02  1.014212E+03
  8.840000E-01  2.079416E+02  1.016982E+03
  8.860000E-01  2.087916E+02  1.019754E+03
  8.880000E-01  2.096435E+02  1.022529E+03
  8.900000E-01  2.104974E+02  1.025305E+03
  8.920000E-01  2.113532E+02  1.028083E+03
  8.940000E-01  2.122110E+02  1.030863E+03
  8.960000E-01  2.130708E+02  1.033645E+03
  8.980000E-01  2.139326E+02  1.036428E+03
  9.000000E-01  2.147964E+02  1.039214E+03
  9.020000E-01  2.156622E+02  1.042002E+03
  9.040000E-01  2.165299E+02  1.044791E+03
  9.060000E-01  2.173997E+02  1.047583E+03
  9.080000E-01  2.182715E+02  1.050376E+03
  9.100000E-01  2.191453E+02  1.053172E+03
  9.120000E-01  2.200211E+02  1.055969E+03
  9.140000E-01  2.208990E+02  1.058768E+03
  9.160000E-01  2.217789E+02  1.061569E+03
  9.180000E-01  2.226608E+02  1.064372E+03
  9.200000E-01  2.235448E+02  1.067177E+03
  9.220000E-01  2.244309E+02  1.069984E+03
  9.240000E-01  2.253190E+02  1.072793E+03
  9.260000E-01  2.262091E+02  1.075604E+03
  9.280000E-01  2.271013E+02  1.078416E+03
  9.300000E-01  2.279956E+02  1.081231E+03
  9.320000E-01  2.288920E+02  1.084047E+03
  9.340000E-01  2.297905E+02  1.086866E+03
  9.360000E-01  2.306910E+02  1.089686E+03
  9.380000E-01  2.315937E+02  1.092509E+03
  9.400000E-01  2.324984E+02  1.095333E+03
  9.420000E-01  2.334053E+02  1.098159E+03
  9.440000E-01  2.343142E+02  1.100987E+03
  9.460000E-01  2.352253E+02  1.103817E+03
  9.480000E-01  2.361384E+02  1.106649E+03
  9.500000E-01  2.370537E+02  1.109483E+03
  9.520000E-01  2.379711E+02  1.112319E+03
  9.540000E-01  2.388907E+02  1.115156E+03
  9.560000E-01  2.398124E+02  1.117996E+03
  9.580000E-01  2.407362E+02  1.120837E+03
  9.600000E-01  2.416622E+02  1.123681E+03
  9.620000E-01  2.425903E+02  1.126526E+03
  9.640000E-01  2.435205E+02  1.129374E+03
  9.660000E-01  2.444529E+02  1.132223E+03
  9.680000E-01  2.453875E+02  1.135074E+03
  9.700000E-01  2.463243E+02  1.137927E+03
  9.720000E-01  2.472632E+02  1.140783E+03
  9.740000E-01  2.482043E+02  1.143640E+03
  9.760000E-01  2.491476E+02  1.146499E+03
  9.780000E-01  2.500930E+02  1.149359E+03
  9.800000E-01  2.510407E+02  1.152222E+03
  9.820000E-01  2.519905E+02  1.155087E+03
  9.840000E-01  2.529426E+02  1.157954E+03
  9.860000E-01  2.538968E+02  1.160822E+03
  9.880000E-01  2.548533E+02  1.163693E+03
  9.900000E-01  2.558120E+02  1.166566E+03
  9.920000E-01  2.567729E+02  1.169440E+03
  9.940000E-01  2.577360E+02  1.172316E+03
  9.960000E-01  2.587014E+02  1.175195E+03
  9.980000E-01  2.596690E+02  1.178075E+03
  1.000000E+00  2.606389E+02  1.180957E+03
  1.002000E+00  2.616110E+02  1.183841E+03
  1.004000E+00  2.625854E+02  1.186728E+03
  1.006000E+00  2.635620E+02  1.189616E+03
  1.008000E+00  2.645410E+02  1.192506E+03
  1.010000E+00  2.655222E+02  1.195398E+03
  1.012000E+00  2.665057E+02  1.198291E+03
  1.014000E+00  2.674916E+02  1.201187E+03
  1.016000E+00  2.684797E+02  1.204085E+03
  1.018000E+00  2.694702E+02  1.206985E+03
  1.020000E+00  2.704631E+02  1.209886E+03
  1.022000E+00  2.714583E+02  1.212790E+03
  1.024000E+00  2.724560E+02  1.215696E+03
  1.026000E+00  2.734560E+02  1.218603E+03
  1.028000E+00  2.744586E+02  1.221513E+03
  1.030000E+00  2.754637E+02  1.224424E+03
  1.032000E+00  2.764713E+02  1.227338E+03
  1.034000E+00  2.774818E+02  1.230253E+03
  1.036000E+00  2.784957E+02  1.233170E+03
  1.038000E+00  2.795120E+02  1.236089E+03
  1.040000E+00  2.803613E+02  1.239010E+03
  1.042000E+00  2.812482E+02  1.241933E+03
  1.044000E+00  2.821172E+02  1.244858E+03
  1.046000E+00  2.829721E+02  1.247784E+03
  1.048000E+00  2.838153E+02  1.250711E+03
  1.050000E+00  2.846484E+02  1.253641E+03
  1.052000E+00  2.854728E+02  1.256571E+03
  1.054000E+00  2.862895E+02  1.259504E+03
  1.056000E+00  2.870994E+02  1.262438E+03
  1.058000E+00  2.879032E+02  1.265373E+03
  1.060000E+00  2.887014E+02  1.268310E+03
  1.062000E+00  2.894945E+02  1.271249E+03
  1.064000E+00  2.902831E+02  1.274189E+03
  1.066000E+00  2.910674E+02  1.277130E+03
  1.068000E+00  2.918478E+02  1.280073E+03
  1.070000E+00  2.926247E+02  1.283018E+03
  1.072000E+00  2.933982E+02  1.285964E+03
  1.074000E+00  2.941686E+02  1.288911E+03
  1.076000E+00  2.949362E+02  1.291860E+03
  1.078000E+00  2.957012E+02  1.294810E+03
  1.080000E+00  2.964636E+02  1.297761E+03
  1.082000E+00  2.972237E+02  1.300714E+03
  1.084000E+00  2.979817E+02  1.303669E+03
  1.086000E+00  2.987376E+02  1.306624E+03
  1.088000E+00  2.994917E+02  1.309582E+03
  1.090000E+00  3.002440E+02  1.312540E+03
  1.092000E+00  3.009946E+02  1.315500E+03
  1.094000E+00  3.017437E+02  1.318461E+03
  1.096000E+00  3.024913E+02  1.321424E+03
  1.098000E+00  3.032376E+02  1.324388E+03
  1.100000E+00  3.039826E+02  1.327353E+03
  1.102000E+00  3.047264E+02  1.330320E+03
  1.104000E+00  3.054691E+02  1.333288E+03
  1.106000E+00  3.062107E+02  1.336258E+03
  1.108000E+00  3.069514E+02  1.339229E+03
  1.110000E+00  3.076911E+02  1.342201E+03
  1.112000E+00  3.084300E+02  1.345174E+03
  1.114000E+00  3.091681E+02  1.348149E+03
  1.116000E+00  3.099054E+02  1.351125E+03
  1.118000E+00  3.106421E+02  1.354102E+03
  1.120000E+00  3.113781E+02  1.357081E+03
  1.122000E+00  3.121135E+02  1.360061E+03
  1.124000E+00  3.128483E+02  1.363043E+03
  1.126000E+00  3.135827E+02  1.366025E+03
  1.128000E+00  3.143166E+02  1.369009E+03
  1.130000E+00  3.150500E+02  1.371994E+03
  1.132000E+00  3.157831E+02  1.374981E+03
  1.134000E+00  3.165157E+02  1.377969E+03
  1.136000E+00  3.172481E+02  1.380958E+03
  1.138000E+00  3.179802E+02  1.383949E+03
  1.140000E+00  3.187120E+02  1.386940E+03
  1.142000E+00  3.194436E+02  1.389933E+03
  1.144000E+00  3.201749E+02  1.392928E+03
  1.146000E+00  3.209061E+02  1.395923E+03
  1.148000E+00  3.216372E+02  1.398920E+03
  1.150000E+00  3.223681E+02  1.401918E+03
  1.152000E+00  3.230989E+02  1.404918E+03
  1.154000E+00  3.238297E+02  1.407918E+03
  1.156000E+00  3.245603E+02  1.410920E+03
  1.158000E+00  3.252910E+02  1.413923E+03
  1.160000E+00  3.260216E+02  1.416928E+03
  1.162000E+00  3.267523E+02  1.419934E+03
  1.164000E+00  3.274830E+02  1.422941E+03
  1.166000E+00  3.282137E+02  1.425949E+03
  1.168000E+00  3.289445E+02  1.428958E+03
  1.170000E+00  3.296753E+02  1.431969E+03
  1.172000E+00  3.304063E+02  1.434981E+03
  1.174000E+00  3.311374E+02  1.437994E+03
  1.176000E+00  3.318686E+02  1.441009E+03
  1.178000E+00  3.325999E+02  1.444024E+03
  1.180000E+00  3.333315E+02  1.447041E+03
  1.182000E+00  3.340632E+02  1.450060E+03
  1.184000E+00  3.347951E+02  1.453079E+03
  1.186000E+00  3.355271E+02  1.456100E+03
  1.188000E+00  3.362595E+02  1.459122E+03
  1.190000E+00  3.369920E+02  1.462145E+03
  1.192000E+00  3.377248E+02  1.465169E+03
  1.194000E+00  3.384578E+02  1.468195E+03
  1.196000E+00  3.391911E+02  1.471222E+03
  1.198000E+00  3.399247E+02  1.474250E+03
  1.200000E+00  3.406585E+02  1.477279E+03
