  1.000000E-02  1.186212E+03
  1.200000E-02  1.184888E+03
  1.400000E-02  1.183574E+03
  1.600000E-02  1.182271E+03
  1.800000E-02  1.180979E+03
  2.000000E-02  1.179696E+03
  2.200000E-02  1.178423E+03
  2.400000E-02  1.177160E+03
  2.600000E-02  1.175907E+03
  2.800000E-02  1.174663E+03
  3.000000E-02  1.173429E+03
  3.200000E-02  1.172204E+03
  3.400000E-02  1.170988E+03
  3.600000E-02  1.169782E+03
  3.800000E-02  1.168584E+03
  4.000000E-02  1.167395E+03
  4.200000E-02  1.166215E+03
  4.400000E-02  1.165044E+03
  4.600000E-02  1.163882E+03
  4.800000E-02  1.162728E+03
  5.000000E-02  1.161582E+03
  5.200000E-02  1.160445E+03
  5.400000E-02  1.159316E+03
  5.600000E-02  1.158195E+03
  5.800000E-02  1.157082E+03
  6.000000E-02  1.155977E+03
  6.200000E-02  1.154881E+03
  6.400000E-02  1.153792E+03
  6.600000E-02  1.152710E+03
  6.800000E-02  1.151637E+03
  7.000000E-02  1.150571E+03
  7.200000E-02  1.149513E+03
  7.400000E-02  1.148462E+03
  7.600000E-02  1.147418E+03
  7.800000E-02  1.146382E+03
  8.000000E-02  1.145353E+03
  8.200000E-02  1.144332E+03
  8.400000E-02  1.143317E+03
  8.600000E-02  1.142309E+03
  8.800000E-02  1.141309E+03
  9.000000E-02  1.140315E+03
  9.200000E-02  1.139328E+03
  9.400000E-02  1.138348E+03
  9.600000E-02  1.137375E+03
  9.800000E-02  1.136408E+03
  1.000000E-01  1.135448E+03
  1.020000E-01  1.134495E+03
  1.040000E-01  1.133547E+03
  1.060000E-01  1.132607E+03
  1.080000E-01  1.131673E+03
  1.100000E-01  1.130744E+03
  1.120000E-01  1.129823E+03
  1.140000E-01  1.128907E+03
  1.160000E-01  1.127998E+03
  1.180000E-01  1.127094E+03
  1.200000E-01  1.126197E+03
  1.220000E-01  1.125306E+03
  1.240000E-01  1.124420E+03
  1.260000E-01  1.123540E+03
  1.280000E-01  1.122667E+03
  1.300000E-01  1.121798E+03
  1.320000E-01  1.120936E+03
  1.340000E-01  1.120078E+03
  1.360000E-01  1.119226E+03
  1.380000E-01  1.118380E+03
  1.400000E-01  1.117539E+03
  1.420000E-01  1.116703E+03
  1.440000E-01  1.115873E+03
  1.460000E-01  1.115048E+03
  1.480000E-01  1.114228E+03
  1.500000E-01  1.113413E+03
  1.520000E-01  1.112604E+03
  1.540000E-01  1.111800E+03
  1.560000E-01  1.111001E+03
  1.580000E-01  1.110206E+03
  1.600000E-01  1.109417E+03
  1.620000E-01  1.108633E+03
  1.640000E-01  1.107854E+03
  1.660000E-01  1.107079E+03
  1.680000E-01  1.106309E+03
  1.700000E-01  1.105545E+03
  1.720000E-01  1.104785E+03
  1.740000E-01  1.104029E+03
  1.760000E-01  1.103279E+03
  1.780000E-01  1.102532E+03
  1.800000E-01  1.101791E+03
  1.820000E-01  1.101054E+03
  1.840000E-01  1.100322E+03
  1.860000E-01  1.099594E+03
  1.880000E-01  1.098871E+03
  1.900000E-01  1.098152E+03
  1.920000E-01  1.097437E+03
  1.940000E-01  1.096727E+03
  1.960000E-01  1.096021E+03
  1.980000E-01  1.095319E+03
  2.000000E-01  1.094622E+03
  2.020000E-01  1.093929E+03
  2.040000E-01  1.093239E+03
  2.060000E-01  1.092555E+03
  2.080000E-01  1.091874E+03
  2.100000E-01  1.091197E+03
  2.120000E-01  1.090524E+03
  2.140000E-01  1.089856E+03
  2.160000E-01  1.089191E+03
  2.180000E-01  1.088530E+03
  2.200000E-01  1.087874E+03
  2.220000E-01  1.087221E+03
  2.240000E-01  1.086572E+03
  2.260000E-01  1.085926E+03
  2.280000E-01  1.085285E+03
  2.300000E-01  1.084647E+03
  2.320000E-01  1.084013E+03
  2.340000E-01  1.083383E+03
  2.360000E-01  1.082756E+03
  2.380000E-01  1.082134E+03
  2.400000E-01  1.081514E+03
  2.420000E-01  1.080899E+03
  2.440000E-01  1.080286E+03
  2.460000E-01  1.079678E+03
  2.480000E-01  1.079073E+03
  2.500000E-01  1.078471E+03
  2.520000E-01  1.077873E+03
  2.540000E-01  1.077278E+03
  2.560000E-01  1.076687E+03
  2.580000E-01  1.076099E+03
  2.600000E-01  1.075515E+03
  2.620000E-01  1.074933E+03
  2.640000E-01  1.074356E+03
  2.660000E-01  1.073781E+03
  2.680000E-01  1.073209E+03
  2.700000E-01  1.072641E+03
  2.720000E-01  1.072076E+03
  2.740000E-01  1.071515E+03
  2.760000E-01  1.070956E+03
  2.780000E-01  1.070400E+03
  2.800000E-01  1.069848E+03
  2.820000E-01  1.069299E+03
  2.840000E-01  1.068753E+03
  2.860000E-01  1.068209E+03
  2.880000E-01  1.067669E+03
  2.900000E-01  1.067132E+03
  2.920000E-01  1.066598E+03
  2.940000E-01  1.066067E+03
  2.960000E-01  1.065538E+03
  2.980000E-01  1.065013E+03
  3.000000E-01  1.064490E+03
  3.020000E-01  1.063971E+03
  3.040000E-01  1.063454E+03
  3.060000E-01  1.062940E+03
  3.080000E-01  1.062429E+03
  3.100000E-01  1.061920E+03
  3.120000E-01  1.061415E+03
  3.140000E-01  1.060912E+03
  3.160000E-01  1.060412E+03
  3.180000E-01  1.059914E+03
  3.200000E-01  1.059419E+03
  3.220000E-01  1.058927E+03
  3.240000E-01  1.058438E+03
  3.260000E-01  1.057951E+03
  3.280000E-01  1.057467E+03
  3.300000E-01  1.056985E+03
  3.320000E-01  1.056506E+03
  3.340000E-01  1.056029E+03
  3.360000E-01  1.055555E+03
  3.380000E-01  1.055084E+03
  3.400000E-01  1.054615E+03
  3.420000E-01  1.054149E+03
  3.440000E-01  1.053684E+03
  3.460000E-01  1.053223E+03
  3.480000E-01  1.052764E+03
  3.500000E-01  1.052307E+03
  3.520000E-01  1.051853E+03
  3.540000E-01  1.051401E+03
  3.560000E-01  1.050951E+03
  3.580000E-01  1.050504E+03
  3.600000E-01  1.050059E+03
  3.620000E-01  1.049616E+03
  3.640000E-01  1.049176E+03
  3.660000E-01  1.048738E+03
  3.680000E-01  1.048302E+03
  3.700000E-01  1.047868E+03
  3.720000E-01  1.047437E+03
  3.740000E-01  1.047008E+03
  3.760000E-01  1.046581E+03
  3.780000E-01  1.046156E+03
  3.800000E-01  1.045734E+03
  3.820000E-01  1.045313E+03
  3.840000E-01  1.044895E+03
  3.860000E-01  1.044479E+03
  3.880000E-01  1.044065E+03
  3.900000E-01  1.043653E+03
  3.920000E-01  1.043243E+03
  3.940000E-01  1.042836E+03
  3.960000E-01  1.042430E+03
  3.980000E-01  1.042026E+03
  4.000000E-01  1.041625E+03
  4.020000E-01  1.041225E+03
  4.040000E-01  1.040827E+03
  4.060000E-01  1.040432E+03
  4.080000E-01  1.040038E+03
  4.100000E-01  1.039646E+03
  4.120000E-01  1.039257E+03
  4.140000E-01  1.038869E+03
  4.160000E-01  1.038483E+03
  4.180000E-01  1.038099E+03
  4.200000E-01  1.037717E+03
  4.220000E-01  1.037337E+03
  4.240000E-01  1.036958E+03
  4.260000E-01  1.036582E+03
  4.280000E-01  1.036207E+03
  4.300000E-01  1.035835E+03
  4.320000E-01  1.035464E+03
  4.340000E-01  1.035094E+03
  4.360000E-01  1.034727E+03
  4.380000E-01  1.034361E+03
  4.400000E-01  1.034093E+03
  4.420000E-01  1.033774E+03
  4.440000E-01  1.033459E+03
  4.460000E-01  1.033148E+03
  4.480000E-01  1.032840E+03
  4.500000E-01  1.032534E+03
  4.520000E-01  1.032230E+03
  4.540000E-01  1.031928E+03
  4.560000E-01  1.031628E+03
  4.580000E-01  1.031329E+03
  4.600000E-01  1.031033E+03
  4.620000E-01  1.030737E+03
  4.640000E-01  1.030443E+03
  4.660000E-01  1.030151E+03
  4.680000E-01  1.029860E+03
  4.700000E-01  1.029570E+03
  4.720000E-01  1.029282E+03
  4.740000E-01  1.028995E+03
  4.760000E-01  1.028709E+03
  4.780000E-01  1.028424E+03
  4.800000E-01  1.028140E+03
  4.820000E-01  1.027858E+03
  4.840000E-01  1.027577E+03
  4.860000E-01  1.027297E+03
  4.880000E-01  1.027018E+03
  4.900000E-01  1.026740E+03
  4.920000E-01  1.026463E+03
  4.940000E-01  1.026187E+03
  4.960000E-01  1.025913E+03
  4.980000E-01  1.025639E+03
  5.000000E-01  1.025367E+03
  5.020000E-01  1.025096E+03
  5.040000E-01  1.024825E+03
  5.060000E-01  1.024556E+03
  5.080000E-01  1.024288E+03
  5.100000E-01  1.024021E+03
  5.120000E-01  1.023754E+03
  5.140000E-01  1.023489E+03
  5.160000E-01  1.023225E+03
  5.180000E-01  1.022980E+03
  5.200000E-01  1.022732E+03
  5.220000E-01  1.022488E+03
  5.240000E-01  1.022246E+03
  5.260000E-01  1.022006E+03
  5.280000E-01  1.021769E+03
  5.300000E-01  1.021534E+03
  5.320000E-01  1.021302E+03
  5.340000E-01  1.021071E+03
  5.360000E-01  1.020842E+03
  5.380000E-01  1.020615E+03
  5.400000E-01  1.020390E+03
  5.420000E-01  1.020166E+03
  5.440000E-01  1.019944E+03
  5.460000E-01  1.019724E+03
  5.480000E-01  1.019505E+03
  5.500000E-01  1.019287E+03
  5.520000E-01  1.019071E+03
  5.540000E-01  1.018856E+03
  5.560000E-01  1.018643E+03
  5.580000E-01  1.018431E+03
  5.600000E-01  1.018220E+03
  5.620000E-01  1.018010E+03
  5.640000E-01  1.017802E+03
  5.660000E-01  1.017595E+03
  5.680000E-01  1.017389E+03
  5.700000E-01  1.017184E+03
  5.720000E-01  1.016980E+03
  5.740000E-01  1.016778E+03
  5.760000E-01  1.016576E+03
  5.780000E-01  1.016376E+03
  5.800000E-01  1.016177E+03
  5.820000E-01  1.015979E+03
  5.840000E-01  1.015782E+03
  5.860000E-01  1.015586E+03
  5.880000E-01  1.015391E+03
  5.900000E-01  1.015197E+03
  5.920000E-01  1.015004E+03
  5.940000E-01  1.014811E+03
  5.960000E-01  1.014620E+03
  5.980000E-01  1.014430E+03
  6.000000E-01  1.014241E+03
  6.020000E-01  1.014053E+03
  6.040000E-01  1.013866E+03
  6.060000E-01  1.013680E+03
  6.080000E-01  1.013494E+03
  6.100000E-01  1.013310E+03
  6.120000E-01  1.013126E+03
  6.140000E-01  1.012944E+03
  6.160000E-01  1.012762E+03
  6.180000E-01  1.012581E+03
  6.200000E-01  1.012401E+03
  6.220000E-01  1.012222E+03
  6.240000E-01  1.012044E+03
  6.260000E-01  1.011866E+03
  6.280000E-01  1.011690E+03
  6.300000E-01  1.011514E+03
  6.320000E-01  1.011339E+03
  6.340000E-01  1.011164E+03
  6.360000E-01  1.010991E+03
  6.380000E-01  1.010818E+03
  6.400000E-01  1.010645E+03
  6.420000E-01  1.010473E+03
  6.440000E-01  1.010302E+03
  6.460000E-01  1.010131E+03
  6.480000E-01  1.009961E+03
  6.500000E-01  1.009790E+03
  6.520000E-01  1.009620E+03
  6.540000E-01  1.009450E+03
  6.560000E-01  1.009280E+03
  6.580000E-01  1.009111E+03
  6.600000E-01  1.008941E+03
  6.620000E-01  1.008770E+03
  6.640000E-01  1.008600E+03
  6.660000E-01  1.008430E+03
  6.680000E-01  1.008259E+03
  6.700000E-01  1.008088E+03
  6.720000E-01  1.007917E+03
  6.740000E-01  1.007746E+03
  6.760000E-01  1.007575E+03
  6.780000E-01  1.007403E+03
  6.800000E-01  1.007232E+03
  6.820000E-01  1.007060E+03
  6.840000E-01  1.006888E+03
  6.860000E-01  1.006716E+03
  6.880000E-01  1.006545E+03
  6.900000E-01  1.006374E+03
  6.920000E-01  1.006203E+03
  6.940000E-01  1.006033E+03
  6.960000E-01  1.005864E+03
  6.980000E-01  1.005695E+03
  7.000000E-01  1.005526E+03
  7.020000E-01  1.005358E+03
  7.040000E-01  1.005190E+03
  7.060000E-01  1.005023E+03
  7.080000E-01  1.004856E+03
  7.100000E-01  1.004690E+03
  7.120000E-01  1.004524E+03
  7.140000E-01  1.004359E+03
  7.160000E-01  1.004194E+03
  7.180000E-01  1.004030E+03
  7.200000E-01  1.003866E+03
  7.220000E-01  1.003702E+03
  7.240000E-01  1.003539E+03
  7.260000E-01  1.003377E+03
  7.280000E-01  1.003215E+03
  7.300000E-01  1.003053E+03
  7.320000E-01  1.002892E+03
  7.340000E-01  1.002731E+03
  7.360000E-01  1.002571E+03
  7.380000E-01  1.002411E+03
  7.400000E-01  1.002251E+03
  7.420000E-01  1.002092E+03
  7.440000E-01  1.001934E+03
  7.460000E-01  1.001776E+03
  7.480000E-01  1.001618E+03
  7.500000E-01  1.001461E+03
  7.520000E-01  1.001304E+03
  7.540000E-01  1.001147E+03
  7.560000E-01  1.000991E+03
  7.580000E-01  1.000836E+03
  7.600000E-01  1.000681E+03
  7.620000E-01  1.000526E+03
  7.640000E-01  1.000371E+03
  7.660000E-01  1.000218E+03
  7.680000E-01  1.000064E+03
  7.700000E-01  9.999109E+02
  7.720000E-01  9.997582E+02
  7.740000E-01  9.996059E+02
  7.760000E-01  9.994540E+02
  7.780000E-01  9.993025E+02
  7.800000E-01  9.991514E+02
  7.820000E-01  9.990007E+02
  7.840000E-01  9.988504E+02
  7.860000E-01  9.987005E+02
  7.880000E-01  9.985510E+02
  7.900000E-01  9.984019E+02
  7.920000E-01  9.982531E+02
  7.940000E-01  9.981048E+02
  7.960000E-01  9.979569E+02
  7.980000E-01  9.978093E+02
  8.000000E-01  9.976621E+02
  8.020000E-01  9.975108E+02
  8.040000E-01  9.973629E+02
  8.060000E-01  9.972153E+02
  8.080000E-01  9.970679E+02
  8.100000E-01  9.969208E+02
  8.120000E-01  9.967740E+02
  8.140000E-01  9.966274E+02
  8.160000E-01  9.964812E+02
  8.180000E-01  9.963352E+02
  8.200000E-01  9.961895E+02
  8.220000E-01  9.960441E+02
  8.240000E-01  9.958990E+02
  8.260000E-01  9.957541E+02
  8.280000E-01  9.956096E+02
  8.300000E-01  9.954654E+02
  8.320000E-01  9.953214E+02
  8.340000E-01  9.951778E+02
  8.360000E-01  9.950344E+02
  8.380000E-01  9.948914E+02
  8.400000E-01  9.947486E+02
  8.420000E-01  9.946062E+02
  8.440000E-01  9.944640E+02
  8.460000E-01  9.943222E+02
  8.480000E-01  9.941806E+02
  8.500000E-01  9.940394E+02
  8.520000E-01  9.938984E+02
  8.540000E-01  9.937578E+02
  8.560000E-01  9.936174E+02
  8.580000E-01  9.934773E+02
  8.600000E-01  9.933376E+02
  8.620000E-01  9.931981E+02
  8.640000E-01  9.930590E+02
  8.660000E-01  9.929201E+02
  8.680000E-01  9.927816E+02
  8.700000E-01  9.926433E+02
  8.720000E-01  9.925053E+02
  8.740000E-01  9.923676E+02
  8.760000E-01  9.922303E+02
  8.780000E-01  9.920932E+02
  8.800000E-01  9.919564E+02
  8.820000E-01  9.918199E+02
  8.840000E-01  9.916837E+02
  8.860000E-01  9.915478E+02
  8.880000E-01  9.914122E+02
  8.900000E-01  9.912769E+02
  8.920000E-01  9.911419E+02
  8.940000E-01  9.910072E+02
  8.960000E-01  9.908727E+02
  8.980000E-01  9.907386E+02
  9.000000E-01  9.906048E+02
  9.020000E-01  9.904712E+02
  9.040000E-01  9.903379E+02
  9.060000E-01  9.902049E+02
  9.080000E-01  9.900722E+02
  9.100000E-01  9.899398E+02
  9.120000E-01  9.898077E+02
  9.140000E-01  9.896759E+02
  9.160000E-01  9.895443E+02
  9.180000E-01  9.894131E+02
  9.200000E-01  9.892821E+02
  9.220000E-01  9.891514E+02
  9.240000E-01  9.890210E+02
  9.260000E-01  9.888909E+02
  9.280000E-01  9.887610E+02
  9.300000E-01  9.886315E+02
  9.320000E-01  9.885022E+02
  9.340000E-01  9.883732E+02
  9.360000E-01  9.882445E+02
  9.380000E-01  9.881161E+02
  9.400000E-01  9.879879E+02
  9.420000E-01  9.878600E+02
  9.440000E-01  9.877324E+02
  9.460000E-01  9.876051E+02
  9.480000E-01  9.874780E+02
  9.500000E-01  9.873512E+02
  9.520000E-01  9.872247E+02
  9.540000E-01  9.870985E+02
  9.560000E-01  9.869726E+02
  9.580000E-01  9.868469E+02
  9.600000E-01  9.867215E+02
  9.620000E-01  9.865963E+02
  9.640000E-01  9.864715E+02
  9.660000E-01  9.863468E+02
  9.680000E-01  9.862225E+02
  9.700000E-01  9.860985E+02
  9.720000E-01  9.859747E+02
  9.740000E-01  9.858511E+02
  9.760000E-01  9.857279E+02
  9.780000E-01  9.856049E+02
  9.800000E-01  9.854821E+02
  9.820000E-01  9.853597E+02
  9.840000E-01  9.852375E+02
  9.860000E-01  9.851155E+02
  9.880000E-01  9.849938E+02
  9.900000E-01  9.848724E+02
  9.920000E-01  9.847512E+02
  9.940000E-01  9.846303E+02
  9.960000E-01  9.845097E+02
  9.980000E-01  9.843893E+02
  1.000000E+00  9.842691E+02
  1.002000E+00  9.841493E+02
  1.004000E+00  9.840296E+02
  1.006000E+00  9.839103E+02
  1.008000E+00  9.837911E+02
  1.010000E+00  9.836723E+02
  1.012000E+00  9.835536E+02
  1.014000E+00  9.834352E+02
  1.016000E+00  9.833171E+02
  1.018000E+00  9.831992E+02
  1.020000E+00  9.830816E+02
  1.022000E+00  9.829642E+02
  1.024000E+00  9.828470E+02
  1.026000E+00  9.827301E+02
  1.028000E+00  9.826133E+02
  1.030000E+00  9.824969E+02
  1.032000E+00  9.823806E+02
  1.034000E+00  9.822645E+02
  1.036000E+00  9.821486E+02
  1.038000E+00  9.820329E+02
  1.040000E+00  9.819315E+02
  1.042000E+00  9.818274E+02
  1.044000E+00  9.817251E+02
  1.046000E+00  9.816243E+02
  1.048000E+00  9.815249E+02
  1.050000E+00  9.814266E+02
  1.052000E+00  9.813294E+02
  1.054000E+00  9.812331E+02
  1.056000E+00  9.811377E+02
  1.058000E+00  9.810431E+02
  1.060000E+00  9.809493E+02
  1.062000E+00  9.808562E+02
  1.064000E+00  9.807638E+02
  1.066000E+00  9.806720E+02
  1.068000E+00  9.805809E+02
  1.070000E+00  9.804903E+02
  1.072000E+00  9.804003E+02
  1.074000E+00  9.803108E+02
  1.076000E+00  9.802219E+02
  1.078000E+00  9.801334E+02
  1.080000E+00  9.800454E+02
  1.082000E+00  9.799579E+02
  1.084000E+00  9.798708E+02
  1.086000E+00  9.797841E+02
  1.088000E+00  9.796979E+02
  1.090000E+00  9.796121E+02
  1.092000E+00  9.795267E+02
  1.094000E+00  9.794417E+02
  1.096000E+00  9.793570E+02
  1.098000E+00  9.792727E+02
  1.100000E+00  9.791888E+02
  1.102000E+00  9.791052E+02
  1.104000E+00  9.790220E+02
  1.106000E+00  9.789391E+02
  1.108000E+00  9.788566E+02
  1.110000E+00  9.787743E+02
  1.112000E+00  9.786924E+02
  1.114000E+00  9.786108E+02
  1.116000E+00  9.785295E+02
  1.118000E+00  9.784485E+02
  1.120000E+00  9.783678E+02
  1.122000E+00  9.782874E+02
  1.124000E+00  9.782072E+02
  1.126000E+00  9.781274E+02
  1.128000E+00  9.780478E+02
  1.130000E+00  9.779685E+02
  1.132000E+00  9.778895E+02
  1.134000E+00  9.778107E+02
  1.136000E+00  9.777322E+02
  1.138000E+00  9.776539E+02
  1.140000E+00  9.775759E+02
  1.142000E+00  9.774982E+02
  1.144000E+00  9.774207E+02
  1.146000E+00  9.773434E+02
  1.148000E+00  9.772664E+02
  1.150000E+00  9.771896E+02
  1.152000E+00  9.771130E+02
  1.154000E+00  9.770367E+02
  1.156000E+00  9.769606E+02
  1.158000E+00  9.768848E+02
  1.160000E+00  9.768091E+02
  1.162000E+00  9.767337E+02
  1.164000E+00  9.766585E+02
  1.166000E+00  9.765835E+02
  1.168000E+00  9.765088E+02
  1.170000E+00  9.764342E+02
  1.172000E+00  9.763599E+02
  1.174000E+00  9.762857E+02
  1.176000E+00  9.762118E+02
  1.178000E+00  9.761381E+02
  1.180000E+00  9.760645E+02
  1.182000E+00  9.759912E+02
  1.184000E+00  9.759181E+02
  1.186000E+00  9.758452E+02
  1.188000E+00  9.757724E+02
  1.190000E+00  9.756999E+02
  1.192000E+00  9.756276E+02
  1.194000E+00  9.755554E+02
  1.196000E+00  9.754834E+02
  1.198000E+00  9.754117E+02
  1.200000E+00  9.753401E+02
