  1.000000E-02  1.342131E+00  1.162483E+00 -2.457786E-01
  1.200000E-02  1.605881E+00  1.394980E+00 -2.946764E-01
  1.400000E-02  1.868170E+00  1.627477E+00 -3.434706E-01
  1.600000E-02  2.129025E+00  1.859973E+00 -3.921560E-01
  1.800000E-02  2.388468E+00  2.092470E+00 -4.407280E-01
  2.000000E-02  2.646519E+00  2.324967E+00 -4.891828E-01
  2.200000E-02  2.903197E+00  2.557463E+00 -5.375169E-01
  2.400000E-02  3.158518E+00  2.789960E+00 -5.857274E-01
  2.600000E-02  3.412499E+00  3.022457E+00 -6.338115E-01
  2.800000E-02  3.665155E+00  3.254953E+00 -6.817671E-01
  3.000000E-02  3.916500E+00  3.487450E+00 -7.295921E-01
  3.200000E-02  4.166547E+00  3.719947E+00 -7.772848E-01
  3.400000E-02  4.415310E+00  3.952443E+00 -8.248437E-01
  3.600000E-02  4.662802E+00  4.184940E+00 -8.722674E-01
  3.800000E-02  4.909034E+00  4.417437E+00 -9.195549E-01
  4.000000E-02  5.154019E+00  4.649933E+00 -9.667052E-01
  4.200000E-02  5.397767E+00  4.882430E+00 -1.013717E+00
  4.400000E-02  5.640290E+00  5.114927E+00 -1.060591E+00
  4.600000E-02  5.881599E+00  5.347423E+00 -1.107325E+00
  4.800000E-02  6.121705E+00  5.579920E+00 -1.153920E+00
  5.000000E-02  6.360617E+00  5.812417E+00 -1.200375E+00
  5.200000E-02  6.598346E+00  6.044913E+00 -1.246689E+00
  5.400000E-02  6.834901E+00  6.277410E+00 -1.292863E+00
  5.600000E-02  7.070293E+00  6.509906E+00 -1.338897E+00
  5.800000E-02  7.304531E+00  6.742403E+00 -1.384790E+00
  6.000000E-02  7.537623E+00  6.974900E+00 -1.430543E+00
  6.200000E-02  7.769580E+00  7.207396E+00 -1.476155E+00
  6.400000E-02  8.000411E+00  7.439893E+00 -1.521627E+00
  6.600000E-02  8.230123E+00  7.672390E+00 -1.566959E+00
  6.800000E-02  8.458726E+00  7.904886E+00 -1.612152E+00
  7.000000E-02  8.686229E+00  8.137383E+00 -1.657205E+00
  7.200000E-02  8.912640E+00  8.369880E+00 -1.702119E+00
  7.400000E-02  9.137967E+00  8.602376E+00 -1.746894E+00
  7.600000E-02  9.362218E+00  8.834873E+00 -1.791530E+00
  7.800000E-02  9.585402E+00  9.067370E+00 -1.836029E+00
  8.000000E-02  9.807526E+00  9.299866E+00 -1.880390E+00
  8.200000E-02  1.002860E+01  9.532363E+00 -1.924613E+00
  8.400000E-02  1.024863E+01  9.764860E+00 -1.968701E+00
  8.600000E-02  1.046762E+01  9.997356E+00 -2.012652E+00
  8.800000E-02  1.068558E+01  1.022985E+01 -2.056467E+00
  9.000000E-02  1.090253E+01  1.046235E+01 -2.100147E+00
  9.200000E-02  1.111846E+01  1.069485E+01 -2.143692E+00
  9.400000E-02  1.133338E+01  1.092734E+01 -2.187104E+00
  9.600000E-02  1.154730E+01  1.115984E+01 -2.230382E+00
  9.800000E-02  1.176023E+01  1.139234E+01 -2.273526E+00
  1.000000E-01  1.197218E+01  1.162483E+01 -2.316539E+00
  1.020000E-01  1.218315E+01  1.185733E+01 -2.359419E+00
  1.040000E-01  1.239315E+01  1.208983E+01 -2.402169E+00
  1.060000E-01  1.260218E+01  1.232232E+01 -2.444787E+00
  1.080000E-01  1.281026E+01  1.255482E+01 -2.487276E+00
  1.100000E-01  1.301738E+01  1.278732E+01 -2.529635E+00
  1.120000E-01  1.322356E+01  1.301981E+01 -2.571865E+00
  1.140000E-01  1.342881E+01  1.325231E+01 -2.613966E+00
  1.160000E-01  1.363312E+01  1.348481E+01 -2.655940E+00
  1.180000E-01  1.383651E+01  1.371730E+01 -2.697787E+00
  1.200000E-01  1.403897E+01  1.394980E+01 -2.739508E+00
  1.220000E-01  1.424053E+01  1.418230E+01 -2.781103E+00
  1.240000E-01  1.444118E+01  1.441479E+01 -2.822572E+00
  1.260000E-01  1.464093E+01  1.464729E+01 -2.863917E+00
  1.280000E-01  1.483979E+01  1.487979E+01 -2.905138E+00
  1.300000E-01  1.503778E+01  1.511228E+01 -2.946086E+00
  1.320000E-01  1.523496E+01  1.534478E+01 -2.986254E+00
  1.340000E-01  1.543131E+01  1.557728E+01 -3.025944E+00
  1.360000E-01  1.562683E+01  1.580977E+01 -3.065258E+00
  1.380000E-01  1.582150E+01  1.604227E+01 -3.104245E+00
  1.400000E-01  1.601534E+01  1.627477E+01 -3.142935E+00
  1.420000E-01  1.620835E+01  1.650726E+01 -3.181350E+00
  1.440000E-01  1.640053E+01  1.673976E+01 -3.219505E+00
  1.460000E-01  1.659189E+01  1.697226E+01 -3.257415E+00
  1.480000E-01  1.678243E+01  1.720475E+01 -3.295090E+00
  1.500000E-01  1.697216E+01  1.743725E+01 -3.332538E+00
  1.520000E-01  1.716108E+01  1.766975E+01 -3.369768E+00
  1.540000E-01  1.734919E+01  1.790224E+01 -3.406786E+00
  1.560000E-01  1.753650E+01  1.813474E+01 -3.443599E+00
  1.580000E-01  1.772302E+01  1.836724E+01 -3.480211E+00
  1.600000E-01  1.790874E+01  1.859973E+01 -3.516628E+00
  1.620000E-01  1.809369E+01  1.883223E+01 -3.552855E+00
  1.640000E-01  1.827784E+01  1.906473E+01 -3.588895E+00
  1.660000E-01  1.846123E+01  1.929722E+01 -3.624753E+00
  1.680000E-01  1.864384E+01  1.952972E+01 -3.660432E+00
  1.700000E-01  1.882569E+01  1.976222E+01 -3.695936E+00
  1.720000E-01  1.900677E+01  1.999471E+01 -3.731267E+00
  1.740000E-01  1.918709E+01  2.022721E+01 -3.766429E+00
  1.760000E-01  1.936667E+01  2.045971E+01 -3.801424E+00
  1.780000E-01  1.954549E+01  2.069220E+01 -3.836256E+00
  1.800000E-01  1.972357E+01  2.092470E+01 -3.870927E+00
  1.820000E-01  1.990091E+01  2.115720E+01 -3.905440E+00
  1.840000E-01  2.007752E+01  2.138969E+01 -3.939796E+00
  1.860000E-01  2.025339E+01  2.162219E+01 -3.973999E+00
  1.880000E-01  2.042854E+01  2.185469E+01 -4.008050E+00
  1.900000E-01  2.060297E+01  2.208718E+01 -4.041951E+00
  1.920000E-01  2.077668E+01  2.231968E+01 -4.075705E+00
  1.940000E-01  2.094968E+01  2.255218E+01 -4.109314E+00
  1.960000E-01  2.112197E+01  2.278467E+01 -4.142779E+00
  1.980000E-01  2.129356E+01  2.301717E+01 -4.176103E+00
  2.000000E-01  2.146444E+01  2.324967E+01 -4.209287E+00
  2.020000E-01  2.163463E+01  2.348216E+01 -4.242333E+00
  2.040000E-01  2.180413E+01  2.371466E+01 -4.275243E+00
  2.060000E-01  2.197294E+01  2.394716E+01 -4.308018E+00
  2.080000E-01  2.214106E+01  2.417965E+01 -4.340661E+00
  2.100000E-01  2.230851E+01  2.441215E+01 -4.373172E+00
  2.120000E-01  2.247528E+01  2.464465E+01 -4.405553E+00
  2.140000E-01  2.264138E+01  2.487714E+01 -4.437807E+00
  2.160000E-01  2.280682E+01  2.510964E+01 -4.469934E+00
  2.180000E-01  2.297159E+01  2.534214E+01 -4.501935E+00
  2.200000E-01  2.313569E+01  2.557463E+01 -4.533813E+00
  2.220000E-01  2.329915E+01  2.580713E+01 -4.565569E+00
  2.240000E-01  2.346195E+01  2.603963E+01 -4.597204E+00
  2.260000E-01  2.362411E+01  2.627212E+01 -4.628719E+00
  2.280000E-01  2.378562E+01  2.650462E+01 -4.660116E+00
  2.300000E-01  2.394648E+01  2.673712E+01 -4.691396E+00
  2.320000E-01  2.410672E+01  2.696961E+01 -4.722561E+00
  2.340000E-01  2.426632E+01  2.720211E+01 -4.753611E+00
  2.360000E-01  2.442529E+01  2.743461E+01 -4.784548E+00
  2.380000E-01  2.458363E+01  2.766710E+01 -4.815374E+00
  2.400000E-01  2.474136E+01  2.789960E+01 -4.846089E+00
  2.420000E-01  2.489846E+01  2.813210E+01 -4.876694E+00
  2.440000E-01  2.505495E+01  2.836459E+01 -4.907191E+00
  2.460000E-01  2.521083E+01  2.859709E+01 -4.937581E+00
  2.480000E-01  2.536610E+01  2.882959E+01 -4.967865E+00
  2.500000E-01  2.552077E+01  2.906208E+01 -4.998045E+00
  2.520000E-01  2.567483E+01  2.929458E+01 -5.028120E+00
  2.540000E-01  2.582830E+01  2.952708E+01 -5.058093E+00
  2.560000E-01  2.598118E+01  2.975957E+01 -5.087964E+00
  2.580000E-01  2.613346E+01  2.999207E+01 -5.117735E+00
  2.600000E-01  2.628516E+01  3.022457E+01 -5.147407E+00
  2.620000E-01  2.643627E+01  3.045706E+01 -5.176980E+00
  2.640000E-01  2.658681E+01  3.068956E+01 -5.206456E+00
  2.660000E-01  2.673676E+01  3.092206E+01 -5.235835E+00
  2.680000E-01  2.688614E+01  3.115455E+01 -5.265119E+00
  2.700000E-01  2.703496E+01  3.138705E+01 -5.294309E+00
  2.720000E-01  2.718320E+01  3.161955E+01 -5.323405E+00
  2.740000E-01  2.733088E+01  3.185204E+01 -5.352409E+00
  2.760000E-01  2.747800E+01  3.208454E+01 -5.381321E+00
  2.780000E-01  2.762456E+01  3.231704E+01 -5.410143E+00
  2.800000E-01  2.777057E+01  3.254953E+01 -5.438875E+00
  2.820000E-01  2.791602E+01  3.278203E+01 -5.467518E+00
  2.840000E-01  2.806093E+01  3.301453E+01 -5.496074E+00
  2.860000E-01  2.820529E+01  3.324702E+01 -5.524543E+00
  2.880000E-01  2.834911E+01  3.347952E+01 -5.552925E+00
  2.900000E-01  2.849238E+01  3.371202E+01 -5.581223E+00
  2.920000E-01  2.863513E+01  3.394451E+01 -5.609436E+00
  2.940000E-01  2.877734E+01  3.417701E+01 -5.637565E+00
  2.960000E-01  2.891901E+01  3.440951E+01 -5.665613E+00
  2.980000E-01  2.906016E+01  3.464200E+01 -5.693578E+00
  3.000000E-01  2.920079E+01  3.487450E+01 -5.721462E+00
  3.020000E-01  2.934090E+01  3.510700E+01 -5.749266E+00
  3.040000E-01  2.948048E+01  3.533949E+01 -5.776991E+00
  3.060000E-01  2.961955E+01  3.557199E+01 -5.804638E+00
  3.080000E-01  2.975811E+01  3.580449E+01 -5.832206E+00
  3.100000E-01  2.989615E+01  3.603698E+01 -5.859698E+00
  3.120000E-01  3.003369E+01  3.626948E+01 -5.887114E+00
  3.140000E-01  3.017072E+01  3.650198E+01 -5.914454E+00
  3.160000E-01  3.030726E+01  3.673447E+01 -5.941719E+00
  3.180000E-01  3.044329E+01  3.696697E+01 -5.968911E+00
  3.200000E-01  3.057882E+01  3.719947E+01 -5.996030E+00
  3.220000E-01  3.071387E+01  3.743196E+01 -6.023076E+00
  3.240000E-01  3.084842E+01  3.766446E+01 -6.050050E+00
  3.260000E-01  3.098248E+01  3.789696E+01 -6.076953E+00
  3.280000E-01  3.111606E+01  3.812945E+01 -6.103786E+00
  3.300000E-01  3.124915E+01  3.836195E+01 -6.130550E+00
  3.320000E-01  3.138176E+01  3.859445E+01 -6.157245E+00
  3.340000E-01  3.151389E+01  3.882694E+01 -6.183871E+00
  3.360000E-01  3.164555E+01  3.905944E+01 -6.210430E+00
  3.380000E-01  3.177674E+01  3.929194E+01 -6.236922E+00
  3.400000E-01  3.190745E+01  3.952443E+01 -6.263348E+00
  3.420000E-01  3.203770E+01  3.975693E+01 -6.289709E+00
  3.440000E-01  3.216748E+01  3.998943E+01 -6.316005E+00
  3.460000E-01  3.229680E+01  4.022192E+01 -6.342236E+00
  3.480000E-01  3.242566E+01  4.045442E+01 -6.368404E+00
  3.500000E-01  3.255406E+01  4.068692E+01 -6.394509E+00
  3.520000E-01  3.268200E+01  4.091941E+01 -6.420552E+00
  3.540000E-01  3.280949E+01  4.115191E+01 -6.446533E+00
  3.560000E-01  3.293654E+01  4.138441E+01 -6.472454E+00
  3.580000E-01  3.306313E+01  4.161690E+01 -6.498313E+00
  3.600000E-01  3.318927E+01  4.184940E+01 -6.524113E+00
  3.620000E-01  3.331498E+01  4.208190E+01 -6.549854E+00
  3.640000E-01  3.344024E+01  4.231439E+01 -6.575536E+00
  3.660000E-01  3.356506E+01  4.254689E+01 -6.601160E+00
  3.680000E-01  3.368944E+01  4.277939E+01 -6.626727E+00
  3.700000E-01  3.381340E+01  4.301188E+01 -6.652236E+00
  3.720000E-01  3.393691E+01  4.324438E+01 -6.677690E+00
  3.740000E-01  3.406000E+01  4.347688E+01 -6.703087E+00
  3.760000E-01  3.418266E+01  4.370937E+01 -6.728430E+00
  3.780000E-01  3.430490E+01  4.394187E+01 -6.753717E+00
  3.800000E-01  3.442671E+01  4.417437E+01 -6.778951E+00
  3.820000E-01  3.454810E+01  4.440686E+01 -6.804131E+00
  3.840000E-01  3.466908E+01  4.463936E+01 -6.829258E+00
  3.860000E-01  3.478963E+01  4.487186E+01 -6.854333E+00
  3.880000E-01  3.490977E+01  4.510435E+01 -6.879355E+00
  3.900000E-01  3.502950E+01  4.533685E+01 -6.904326E+00
  3.920000E-01  3.514882E+01  4.556935E+01 -6.929247E+00
  3.940000E-01  3.526773E+01  4.580184E+01 -6.954116E+00
  3.960000E-01  3.538624E+01  4.603434E+01 -6.978936E+00
  3.980000E-01  3.550434E+01  4.626684E+01 -7.003707E+00
  4.000000E-01  3.562204E+01  4.649933E+01 -7.028428E+00
  4.020000E-01  3.573934E+01  4.673183E+01 -7.053101E+00
  4.040000E-01  3.585624E+01  4.696433E+01 -7.077726E+00
  4.060000E-01  3.597274E+01  4.719682E+01 -7.102304E+00
  4.080000E-01  3.608886E+01  4.742932E+01 -7.126835E+00
  4.100000E-01  3.620458E+01  4.766182E+01 -7.151319E+00
  4.120000E-01  3.631991E+01  4.789431E+01 -7.175757E+00
  4.140000E-01  3.643485E+01  4.812681E+01 -7.200149E+00
  4.160000E-01  3.654941E+01  4.835931E+01 -7.224497E+00
  4.180000E-01  3.666358E+01  4.859180E+01 -7.248799E+00
  4.200000E-01  3.677737E+01  4.882430E+01 -7.273058E+00
  4.220000E-01  3.689078E+01  4.905680E+01 -7.297272E+00
  4.240000E-01  3.700382E+01  4.928929E+01 -7.321443E+00
  4.260000E-01  3.711647E+01  4.952179E+01 -7.345572E+00
  4.280000E-01  3.722876E+01  4.975429E+01 -7.369657E+00
  4.300000E-01  3.734067E+01  4.998678E+01 -7.393701E+00
  4.320000E-01  3.745221E+01  5.021928E+01 -7.417703E+00
  4.340000E-01  3.756338E+01  5.045178E+01 -7.441664E+00
  4.360000E-01  3.767418E+01  5.068427E+01 -7.465584E+00
  4.380000E-01  3.778462E+01  5.091677E+01 -7.489464E+00
  4.400000E-01  3.786593E+01  5.108412E+01 -7.536001E+00
  4.420000E-01  3.796245E+01  5.128651E+01 -7.570329E+00
  4.440000E-01  3.805788E+01  5.148703E+01 -7.605284E+00
  4.460000E-01  3.815243E+01  5.168620E+01 -7.640690E+00
  4.480000E-01  3.824625E+01  5.188434E+01 -7.676427E+00
  4.500000E-01  3.833946E+01  5.208169E+01 -7.712415E+00
  4.520000E-01  3.843213E+01  5.227841E+01 -7.748593E+00
  4.540000E-01  3.852432E+01  5.247465E+01 -7.784917E+00
  4.560000E-01  3.861607E+01  5.267048E+01 -7.821353E+00
  4.580000E-01  3.870743E+01  5.286600E+01 -7.857873E+00
  4.600000E-01  3.879842E+01  5.306125E+01 -7.894458E+00
  4.620000E-01  3.888906E+01  5.325629E+01 -7.931091E+00
  4.640000E-01  3.897937E+01  5.345115E+01 -7.967758E+00
  4.660000E-01  3.906937E+01  5.364586E+01 -8.004450E+00
  4.680000E-01  3.915907E+01  5.384045E+01 -8.041156E+00
  4.700000E-01  3.924848E+01  5.403495E+01 -8.077871E+00
  4.720000E-01  3.933761E+01  5.422936E+01 -8.114587E+00
  4.740000E-01  3.942646E+01  5.442371E+01 -8.151301E+00
  4.760000E-01  3.951505E+01  5.461800E+01 -8.188008E+00
  4.780000E-01  3.960338E+01  5.481224E+01 -8.224704E+00
  4.800000E-01  3.969145E+01  5.500646E+01 -8.261388E+00
  4.820000E-01  3.977928E+01  5.520064E+01 -8.298055E+00
  4.840000E-01  3.986685E+01  5.539480E+01 -8.334706E+00
  4.860000E-01  3.995418E+01  5.558895E+01 -8.371337E+00
  4.880000E-01  4.004128E+01  5.578309E+01 -8.407948E+00
  4.900000E-01  4.012813E+01  5.597721E+01 -8.444538E+00
  4.920000E-01  4.021475E+01  5.617134E+01 -8.481104E+00
  4.940000E-01  4.030113E+01  5.636546E+01 -8.517648E+00
  4.960000E-01  4.038729E+01  5.655958E+01 -8.554168E+00
  4.980000E-01  4.047322E+01  5.675371E+01 -8.590663E+00
  5.000000E-01  4.055891E+01  5.694784E+01 -8.627133E+00
  5.020000E-01  4.064439E+01  5.714197E+01 -8.663579E+00
  5.040000E-01  4.072964E+01  5.733612E+01 -8.699999E+00
  5.060000E-01  4.081467E+01  5.753027E+01 -8.736393E+00
  5.080000E-01  4.089947E+01  5.772443E+01 -8.772761E+00
  5.100000E-01  4.098406E+01  5.791861E+01 -8.809104E+00
  5.120000E-01  4.106842E+01  5.811279E+01 -8.845421E+00
  5.140000E-01  4.115257E+01  5.830699E+01 -8.881713E+00
  5.160000E-01  4.123651E+01  5.850120E+01 -8.917978E+00
  5.180000E-01  4.131436E+01  5.867389E+01 -8.939754E+00
  5.200000E-01  4.139337E+01  5.885154E+01 -8.964864E+00
  5.220000E-01  4.147144E+01  5.902645E+01 -8.988132E+00
  5.240000E-01  4.154870E+01  5.919904E+01 -9.009840E+00
  5.260000E-01  4.162523E+01  5.936958E+01 -9.030182E+00
  5.280000E-01  4.170108E+01  5.953829E+01 -9.049301E+00
  5.300000E-01  4.177630E+01  5.970533E+01 -9.067311E+00
  5.320000E-01  4.185094E+01  5.987085E+01 -9.084303E+00
  5.340000E-01  4.192504E+01  6.003496E+01 -9.100354E+00
  5.360000E-01  4.199861E+01  6.019775E+01 -9.115527E+00
  5.380000E-01  4.207168E+01  6.035930E+01 -9.129877E+00
  5.400000E-01  4.214428E+01  6.051968E+01 -9.143454E+00
  5.420000E-01  4.221643E+01  6.067897E+01 -9.156298E+00
  5.440000E-01  4.228814E+01  6.083721E+01 -9.168446E+00
  5.460000E-01  4.235942E+01  6.099446E+01 -9.179932E+00
  5.480000E-01  4.243030E+01  6.115075E+01 -9.190786E+00
  5.500000E-01  4.250078E+01  6.130614E+01 -9.201032E+00
  5.520000E-01  4.257088E+01  6.146066E+01 -9.210697E+00
  5.540000E-01  4.264061E+01  6.161434E+01 -9.219800E+00
  5.560000E-01  4.270997E+01  6.176721E+01 -9.228362E+00
  5.580000E-01  4.277898E+01  6.191930E+01 -9.236401E+00
  5.600000E-01  4.284764E+01  6.207064E+01 -9.243933E+00
  5.620000E-01  4.291597E+01  6.222124E+01 -9.250972E+00
  5.640000E-01  4.298396E+01  6.237114E+01 -9.257532E+00
  5.660000E-01  4.305163E+01  6.252035E+01 -9.263626E+00
  5.680000E-01  4.311899E+01  6.266889E+01 -9.269265E+00
  5.700000E-01  4.318603E+01  6.281678E+01 -9.274459E+00
  5.720000E-01  4.325277E+01  6.296403E+01 -9.279218E+00
  5.740000E-01  4.331920E+01  6.311065E+01 -9.283551E+00
  5.760000E-01  4.338534E+01  6.325667E+01 -9.287465E+00
  5.780000E-01  4.345119E+01  6.340209E+01 -9.290968E+00
  5.800000E-01  4.351675E+01  6.354693E+01 -9.294066E+00
  5.820000E-01  4.358202E+01  6.369119E+01 -9.296766E+00
  5.840000E-01  4.364702E+01  6.383488E+01 -9.299073E+00
  5.860000E-01  4.371173E+01  6.397802E+01 -9.300992E+00
  5.880000E-01  4.377618E+01  6.412061E+01 -9.302528E+00
  5.900000E-01  4.384035E+01  6.426267E+01 -9.303685E+00
  5.920000E-01  4.390426E+01  6.440419E+01 -9.304467E+00
  5.940000E-01  4.396790E+01  6.454518E+01 -9.304878E+00
  5.960000E-01  4.403128E+01  6.468566E+01 -9.304921E+00
  5.980000E-01  4.409440E+01  6.482563E+01 -9.304600E+00
  6.000000E-01  4.415726E+01  6.496509E+01 -9.303917E+00
  6.020000E-01  4.421986E+01  6.510404E+01 -9.302876E+00
  6.040000E-01  4.428221E+01  6.524250E+01 -9.301480E+00
  6.060000E-01  4.434431E+01  6.538048E+01 -9.299733E+00
  6.080000E-01  4.440616E+01  6.551796E+01 -9.297637E+00
  6.100000E-01  4.446777E+01  6.565497E+01 -9.295198E+00
  6.120000E-01  4.452913E+01  6.579151E+01 -9.292420E+00
  6.140000E-01  4.459024E+01  6.592759E+01 -9.289308E+00
  6.160000E-01  4.465112E+01  6.606320E+01 -9.285868E+00
  6.180000E-01  4.471176E+01  6.619838E+01 -9.282110E+00
  6.200000E-01  4.477217E+01  6.633311E+01 -9.278042E+00
  6.220000E-01  4.483234E+01  6.646743E+01 -9.273676E+00
  6.240000E-01  4.489229E+01  6.660134E+01 -9.269026E+00
  6.260000E-01  4.495202E+01  6.673486E+01 -9.264110E+00
  6.280000E-01  4.501153E+01  6.686802E+01 -9.258949E+00
  6.300000E-01  4.507083E+01  6.700084E+01 -9.253568E+00
  6.320000E-01  4.512993E+01  6.713336E+01 -9.247999E+00
  6.340000E-01  4.518884E+01  6.726562E+01 -9.242278E+00
  6.360000E-01  4.524756E+01  6.739766E+01 -9.236450E+00
  6.380000E-01  4.530612E+01  6.752955E+01 -9.230568E+00
  6.400000E-01  4.536453E+01  6.766134E+01 -9.224692E+00
  6.420000E-01  4.542280E+01  6.779311E+01 -9.218892E+00
  6.440000E-01  4.548096E+01  6.792495E+01 -9.213249E+00
  6.460000E-01  4.553903E+01  6.805696E+01 -9.207849E+00
  6.480000E-01  4.559703E+01  6.818922E+01 -9.202789E+00
  6.500000E-01  4.565499E+01  6.832187E+01 -9.198167E+00
  6.520000E-01  4.571294E+01  6.845500E+01 -9.194086E+00
  6.540000E-01  4.577090E+01  6.858873E+01 -9.190646E+00
  6.560000E-01  4.582890E+01  6.872316E+01 -9.187939E+00
  6.580000E-01  4.588696E+01  6.885839E+01 -9.186047E+00
  6.600000E-01  4.594510E+01  6.899450E+01 -9.185035E+00
  6.620000E-01  4.600334E+01  6.913153E+01 -9.184955E+00
  6.640000E-01  4.606169E+01  6.926955E+01 -9.185835E+00
  6.660000E-01  4.612015E+01  6.940856E+01 -9.187689E+00
  6.680000E-01  4.617873E+01  6.954857E+01 -9.190513E+00
  6.700000E-01  4.623743E+01  6.968958E+01 -9.194288E+00
  6.720000E-01  4.629624E+01  6.983157E+01 -9.198987E+00
  6.740000E-01  4.635516E+01  6.997449E+01 -9.204577E+00
  6.760000E-01  4.641418E+01  7.011834E+01 -9.211021E+00
  6.780000E-01  4.647330E+01  7.026307E+01 -9.218287E+00
  6.800000E-01  4.653251E+01  7.040867E+01 -9.226350E+00
  6.820000E-01  4.659181E+01  7.055515E+01 -9.235214E+00
  6.840000E-01  4.665124E+01  7.070261E+01 -9.244967E+00
  6.860000E-01  4.671080E+01  7.085113E+01 -9.255675E+00
  6.880000E-01  4.677025E+01  7.099964E+01 -9.266340E+00
  6.900000E-01  4.682958E+01  7.114814E+01 -9.276962E+00
  6.920000E-01  4.688880E+01  7.129662E+01 -9.287541E+00
  6.940000E-01  4.694791E+01  7.144510E+01 -9.298077E+00
  6.960000E-01  4.700691E+01  7.159357E+01 -9.308570E+00
  6.980000E-01  4.706580E+01  7.174203E+01 -9.319020E+00
  7.000000E-01  4.712457E+01  7.189048E+01 -9.329427E+00
  7.020000E-01  4.718324E+01  7.203892E+01 -9.339792E+00
  7.040000E-01  4.724180E+01  7.218735E+01 -9.350112E+00
  7.060000E-01  4.730025E+01  7.233578E+01 -9.360390E+00
  7.080000E-01  4.735859E+01  7.248421E+01 -9.370625E+00
  7.100000E-01  4.741682E+01  7.263262E+01 -9.380816E+00
  7.120000E-01  4.747494E+01  7.278104E+01 -9.390964E+00
  7.140000E-01  4.753296E+01  7.292945E+01 -9.401069E+00
  7.160000E-01  4.759087E+01  7.307785E+01 -9.411130E+00
  7.180000E-01  4.764867E+01  7.322626E+01 -9.421148E+00
  7.200000E-01  4.770637E+01  7.337466E+01 -9.431122E+00
  7.220000E-01  4.776396E+01  7.352306E+01 -9.441053E+00
  7.240000E-01  4.782145E+01  7.367146E+01 -9.450940E+00
  7.260000E-01  4.787883E+01  7.381985E+01 -9.460784E+00
  7.280000E-01  4.793611E+01  7.396825E+01 -9.470584E+00
  7.300000E-01  4.799328E+01  7.411665E+01 -9.480340E+00
  7.320000E-01  4.805036E+01  7.426504E+01 -9.490052E+00
  7.340000E-01  4.810733E+01  7.441344E+01 -9.499721E+00
  7.360000E-01  4.816419E+01  7.456184E+01 -9.509345E+00
  7.380000E-01  4.822096E+01  7.471025E+01 -9.518926E+00
  7.400000E-01  4.827762E+01  7.485865E+01 -9.528463E+00
  7.420000E-01  4.833418E+01  7.500706E+01 -9.537956E+00
  7.440000E-01  4.839065E+01  7.515548E+01 -9.547405E+00
  7.460000E-01  4.844701E+01  7.530389E+01 -9.556809E+00
  7.480000E-01  4.850327E+01  7.545232E+01 -9.566170E+00
  7.500000E-01  4.855943E+01  7.560074E+01 -9.575486E+00
  7.520000E-01  4.861549E+01  7.574918E+01 -9.584758E+00
  7.540000E-01  4.867146E+01  7.589762E+01 -9.593985E+00
  7.560000E-01  4.872732E+01  7.604606E+01 -9.603169E+00
  7.580000E-01  4.878309E+01  7.619451E+01 -9.612308E+00
  7.600000E-01  4.883876E+01  7.634297E+01 -9.621402E+00
  7.620000E-01  4.889433E+01  7.649144E+01 -9.630452E+00
  7.640000E-01  4.894981E+01  7.663992E+01 -9.639457E+00
  7.660000E-01  4.900519E+01  7.678840E+01 -9.648418E+00
  7.680000E-01  4.906047E+01  7.693689E+01 -9.657334E+00
  7.700000E-01  4.911566E+01  7.708540E+01 -9.666205E+00
  7.720000E-01  4.917075E+01  7.723391E+01 -9.675031E+00
  7.740000E-01  4.922575E+01  7.738243E+01 -9.683813E+00
  7.760000E-01  4.928065E+01  7.753097E+01 -9.692549E+00
  7.780000E-01  4.933546E+01  7.767951E+01 -9.701241E+00
  7.800000E-01  4.939018E+01  7.782807E+01 -9.709888E+00
  7.820000E-01  4.944480E+01  7.797663E+01 -9.718490E+00
  7.840000E-01  4.949932E+01  7.812521E+01 -9.727046E+00
  7.860000E-01  4.955376E+01  7.827381E+01 -9.735558E+00
  7.880000E-01  4.960810E+01  7.842241E+01 -9.744024E+00
  7.900000E-01  4.966235E+01  7.857103E+01 -9.752445E+00
  7.920000E-01  4.971651E+01  7.871966E+01 -9.760821E+00
  7.940000E-01  4.977057E+01  7.886831E+01 -9.769151E+00
  7.960000E-01  4.982454E+01  7.901697E+01 -9.777436E+00
  7.980000E-01  4.987843E+01  7.916564E+01 -9.785676E+00
  8.000000E-01  4.993222E+01  7.931433E+01 -9.793870E+00
  8.020000E-01  4.998757E+01  7.945765E+01 -9.798211E+00
  8.040000E-01  5.004173E+01  7.960461E+01 -9.805073E+00
  8.060000E-01  5.009584E+01  7.975144E+01 -9.811782E+00
  8.080000E-01  5.014991E+01  7.989814E+01 -9.818348E+00
  8.100000E-01  5.020393E+01  8.004473E+01 -9.824776E+00
  8.120000E-01  5.025790E+01  8.019121E+01 -9.831075E+00
  8.140000E-01  5.031182E+01  8.033760E+01 -9.837248E+00
  8.160000E-01  5.036568E+01  8.048390E+01 -9.843300E+00
  8.180000E-01  5.041949E+01  8.063011E+01 -9.849236E+00
  8.200000E-01  5.047325E+01  8.077625E+01 -9.855058E+00
  8.220000E-01  5.052694E+01  8.092231E+01 -9.860770E+00
  8.240000E-01  5.058059E+01  8.106830E+01 -9.866375E+00
  8.260000E-01  5.063417E+01  8.121423E+01 -9.871874E+00
  8.280000E-01  5.068769E+01  8.136009E+01 -9.877271E+00
  8.300000E-01  5.074116E+01  8.150589E+01 -9.882567E+00
  8.320000E-01  5.079456E+01  8.165164E+01 -9.887765E+00
  8.340000E-01  5.084791E+01  8.179733E+01 -9.892865E+00
  8.360000E-01  5.090119E+01  8.194297E+01 -9.897871E+00
  8.380000E-01  5.095441E+01  8.208857E+01 -9.902782E+00
  8.400000E-01  5.100758E+01  8.223411E+01 -9.907602E+00
  8.420000E-01  5.106067E+01  8.237961E+01 -9.912331E+00
  8.440000E-01  5.111371E+01  8.252507E+01 -9.916970E+00
  8.460000E-01  5.116669E+01  8.267049E+01 -9.921521E+00
  8.480000E-01  5.121960E+01  8.281587E+01 -9.925985E+00
  8.500000E-01  5.127245E+01  8.296122E+01 -9.930363E+00
  8.520000E-01  5.132524E+01  8.310653E+01 -9.934655E+00
  8.540000E-01  5.137796E+01  8.325181E+01 -9.938864E+00
  8.560000E-01  5.143062E+01  8.339705E+01 -9.942990E+00
  8.580000E-01  5.148322E+01  8.354227E+01 -9.947033E+00
  8.600000E-01  5.153575E+01  8.368745E+01 -9.950996E+00
  8.620000E-01  5.158822E+01  8.383261E+01 -9.954877E+00
  8.640000E-01  5.164063E+01  8.397775E+01 -9.958680E+00
  8.660000E-01  5.169297E+01  8.412285E+01 -9.962403E+00
  8.680000E-01  5.174525E+01  8.426794E+01 -9.966048E+00
  8.700000E-01  5.179747E+01  8.441300E+01 -9.969615E+00
  8.720000E-01  5.184962E+01  8.455804E+01 -9.973106E+00
  8.740000E-01  5.190171E+01  8.470307E+01 -9.976520E+00
  8.760000E-01  5.195373E+01  8.484807E+01 -9.979859E+00
  8.780000E-01  5.200569E+01  8.499306E+01 -9.983123E+00
  8.800000E-01  5.205759E+01  8.513802E+01 -9.986313E+00
  8.820000E-01  5.210942E+01  8.528298E+01 -9.989429E+00
  8.840000E-01  5.216119E+01  8.542791E+01 -9.992471E+00
  8.860000E-01  5.221289E+01  8.557284E+01 -9.995441E+00
  8.880000E-01  5.226453E+01  8.571775E+01 -9.998339E+00
  8.900000E-01  5.231611E+01  8.586265E+01 -1.000116E+01
  8.920000E-01  5.236762E+01  8.600754E+01 -1.000392E+01
  8.940000E-01  5.241907E+01  8.615242E+01 -1.000660E+01
  8.960000E-01  5.247046E+01  8.629728E+01 -1.000922E+01
  8.980000E-01  5.252178E+01  8.644214E+01 -1.001176E+01
  9.000000E-01  5.257303E+01  8.658700E+01 -1.001423E+01
  9.020000E-01  5.262423E+01  8.673184E+01 -1.001664E+01
  9.040000E-01  5.267536E+01  8.687668E+01 -1.001898E+01
  9.060000E-01  5.272642E+01  8.702151E+01 -1.002124E+01
  9.080000E-01  5.277743E+01  8.716634E+01 -1.002345E+01
  9.100000E-01  5.282836E+01  8.731117E+01 -1.002558E+01
  9.120000E-01  5.287924E+01  8.745599E+01 -1.002764E+01
  9.140000E-01  5.293005E+01  8.760081E+01 -1.002964E+01
  9.160000E-01  5.298080E+01  8.774562E+01 -1.003157E+01
  9.180000E-01  5.303148E+01  8.789044E+01 -1.003344E+01
  9.200000E-01  5.308211E+01  8.803525E+01 -1.003524E+01
  9.220000E-01  5.313266E+01  8.818007E+01 -1.003698E+01
  9.240000E-01  5.318316E+01  8.832488E+01 -1.003865E+01
  9.260000E-01  5.323359E+01  8.846970E+01 -1.004025E+01
  9.280000E-01  5.328396E+01  8.861452E+01 -1.004179E+01
  9.300000E-01  5.333427E+01  8.875934E+01 -1.004327E+01
  9.320000E-01  5.338451E+01  8.890416E+01 -1.004468E+01
  9.340000E-01  5.343469E+01  8.904899E+01 -1.004603E+01
  9.360000E-01  5.348481E+01  8.919383E+01 -1.004731E+01
  9.380000E-01  5.353486E+01  8.933866E+01 -1.004853E+01
  9.400000E-01  5.358485E+01  8.948351E+01 -1.004969E+01
  9.420000E-01  5.363478E+01  8.962835E+01 -1.005078E+01
  9.440000E-01  5.368465E+01  8.977321E+01 -1.005181E+01
  9.460000E-01  5.373446E+01  8.991807E+01 -1.005278E+01
  9.480000E-01  5.378420E+01  9.006294E+01 -1.005369E+01
  9.500000E-01  5.383388E+01  9.020782E+01 -1.005454E+01
  9.520000E-01  5.388350E+01  9.035271E+01 -1.005532E+01
  9.540000E-01  5.393305E+01  9.049761E+01 -1.005604E+01
  9.560000E-01  5.398255E+01  9.064251E+01 -1.005670E+01
  9.580000E-01  5.403198E+01  9.078743E+01 -1.005730E+01
  9.600000E-01  5.408135E+01  9.093236E+01 -1.005784E+01
  9.620000E-01  5.413066E+01  9.107730E+01 -1.005832E+01
  9.640000E-01  5.417991E+01  9.122225E+01 -1.005873E+01
  9.660000E-01  5.422910E+01  9.136722E+01 -1.005909E+01
  9.680000E-01  5.427822E+01  9.151220E+01 -1.005938E+01
  9.700000E-01  5.432729E+01  9.165719E+01 -1.005962E+01
  9.720000E-01  5.437629E+01  9.180220E+01 -1.005979E+01
  9.740000E-01  5.442523E+01  9.194722E+01 -1.005990E+01
  9.760000E-01  5.447412E+01  9.209226E+01 -1.005996E+01
  9.780000E-01  5.452294E+01  9.223731E+01 -1.005995E+01
  9.800000E-01  5.457170E+01  9.238238E+01 -1.005988E+01
  9.820000E-01  5.462040E+01  9.252747E+01 -1.005976E+01
  9.840000E-01  5.466904E+01  9.267258E+01 -1.005957E+01
  9.860000E-01  5.471762E+01  9.281771E+01 -1.005932E+01
  9.880000E-01  5.476614E+01  9.296285E+01 -1.005902E+01
  9.900000E-01  5.481460E+01  9.310802E+01 -1.005865E+01
  9.920000E-01  5.486301E+01  9.325320E+01 -1.005822E+01
  9.940000E-01  5.491135E+01  9.339841E+01 -1.005773E+01
  9.960000E-01  5.495963E+01  9.354364E+01 -1.005719E+01
  9.980000E-01  5.500786E+01  9.368890E+01 -1.005658E+01
  1.000000E+00  5.505603E+01  9.383418E+01 -1.005591E+01
  1.002000E+00  5.510413E+01  9.397948E+01 -1.005518E+01
  1.004000E+00  5.515219E+01  9.412481E+01 -1.005439E+01
  1.006000E+00  5.520018E+01  9.427017E+01 -1.005354E+01
  1.008000E+00  5.524811E+01  9.441556E+01 -1.005263E+01
  1.010000E+00  5.529599E+01  9.456098E+01 -1.005165E+01
  1.012000E+00  5.534381E+01  9.470643E+01 -1.005061E+01
  1.014000E+00  5.539158E+01  9.485191E+01 -1.004951E+01
  1.016000E+00  5.543929E+01  9.499743E+01 -1.004835E+01
  1.018000E+00  5.548694E+01  9.514298E+01 -1.004712E+01
  1.020000E+00  5.553454E+01  9.528858E+01 -1.004583E+01
  1.022000E+00  5.558209E+01  9.543422E+01 -1.004447E+01
  1.024000E+00  5.562958E+01  9.557990E+01 -1.004304E+01
  1.026000E+00  5.567702E+01  9.572564E+01 -1.004154E+01
  1.028000E+00  5.572441E+01  9.587143E+01 -1.003996E+01
  1.030000E+00  5.577176E+01  9.601729E+01 -1.003831E+01
  1.032000E+00  5.581906E+01  9.616323E+01 -1.003657E+01
  1.034000E+00  5.586632E+01  9.630928E+01 -1.003473E+01
  1.036000E+00  5.591357E+01  9.645553E+01 -1.003275E+01
  1.038000E+00  5.596077E+01  9.660183E+01 -1.003070E+01
  1.040000E+00  5.600216E+01  9.672704E+01 -1.001487E+01
  1.042000E+00  5.604471E+01  9.685670E+01 -1.000192E+01
  1.044000E+00  5.608653E+01  9.698392E+01 -9.987357E+00
  1.046000E+00  5.612777E+01  9.710916E+01 -9.971475E+00
  1.048000E+00  5.616850E+01  9.723272E+01 -9.954476E+00
  1.050000E+00  5.620878E+01  9.735482E+01 -9.936504E+00
  1.052000E+00  5.624867E+01  9.747563E+01 -9.917670E+00
  1.054000E+00  5.628819E+01  9.759529E+01 -9.898061E+00
  1.056000E+00  5.632738E+01  9.771390E+01 -9.877746E+00
  1.058000E+00  5.636627E+01  9.783155E+01 -9.856785E+00
  1.060000E+00  5.640486E+01  9.794831E+01 -9.835227E+00
  1.062000E+00  5.644320E+01  9.806426E+01 -9.813115E+00
  1.064000E+00  5.648128E+01  9.817945E+01 -9.790486E+00
  1.066000E+00  5.651912E+01  9.829393E+01 -9.767373E+00
  1.068000E+00  5.655674E+01  9.840774E+01 -9.743804E+00
  1.070000E+00  5.659415E+01  9.852092E+01 -9.719804E+00
  1.072000E+00  5.663135E+01  9.863351E+01 -9.695398E+00
  1.074000E+00  5.666835E+01  9.874553E+01 -9.670605E+00
  1.076000E+00  5.670517E+01  9.885702E+01 -9.645445E+00
  1.078000E+00  5.674182E+01  9.896800E+01 -9.619934E+00
  1.080000E+00  5.677829E+01  9.907850E+01 -9.594088E+00
  1.082000E+00  5.681459E+01  9.918853E+01 -9.567922E+00
  1.084000E+00  5.685073E+01  9.929812E+01 -9.541448E+00
  1.086000E+00  5.688672E+01  9.940729E+01 -9.514680E+00
  1.088000E+00  5.692256E+01  9.951606E+01 -9.487628E+00
  1.090000E+00  5.695825E+01  9.962443E+01 -9.460303E+00
  1.092000E+00  5.699381E+01  9.973242E+01 -9.432715E+00
  1.094000E+00  5.702922E+01  9.984006E+01 -9.404872E+00
  1.096000E+00  5.706451E+01  9.994734E+01 -9.376785E+00
  1.098000E+00  5.709966E+01  1.000543E+02 -9.348460E+00
  1.100000E+00  5.713469E+01  1.001609E+02 -9.319905E+00
  1.102000E+00  5.716959E+01  1.002672E+02 -9.291127E+00
  1.104000E+00  5.720438E+01  1.003732E+02 -9.262133E+00
  1.106000E+00  5.723905E+01  1.004789E+02 -9.232930E+00
  1.108000E+00  5.727360E+01  1.005844E+02 -9.203523E+00
  1.110000E+00  5.730804E+01  1.006895E+02 -9.173918E+00
  1.112000E+00  5.734237E+01  1.007944E+02 -9.144120E+00
  1.114000E+00  5.737660E+01  1.008990E+02 -9.114135E+00
  1.116000E+00  5.741072E+01  1.010034E+02 -9.083968E+00
  1.118000E+00  5.744474E+01  1.011075E+02 -9.053622E+00
  1.120000E+00  5.747865E+01  1.012113E+02 -9.023102E+00
  1.122000E+00  5.751247E+01  1.013150E+02 -8.992413E+00
  1.124000E+00  5.754619E+01  1.014184E+02 -8.961559E+00
  1.126000E+00  5.757981E+01  1.015216E+02 -8.930543E+00
  1.128000E+00  5.761334E+01  1.016245E+02 -8.899369E+00
  1.130000E+00  5.764678E+01  1.017273E+02 -8.868041E+00
  1.132000E+00  5.768013E+01  1.018298E+02 -8.836561E+00
  1.134000E+00  5.771339E+01  1.019322E+02 -8.804934E+00
  1.136000E+00  5.774656E+01  1.020343E+02 -8.773162E+00
  1.138000E+00  5.777964E+01  1.021363E+02 -8.741247E+00
  1.140000E+00  5.781264E+01  1.022381E+02 -8.709194E+00
  1.142000E+00  5.784555E+01  1.023396E+02 -8.677005E+00
  1.144000E+00  5.787839E+01  1.024410E+02 -8.644682E+00
  1.146000E+00  5.791114E+01  1.025423E+02 -8.612228E+00
  1.148000E+00  5.794381E+01  1.026433E+02 -8.579645E+00
  1.150000E+00  5.797640E+01  1.027442E+02 -8.546936E+00
  1.152000E+00  5.800891E+01  1.028449E+02 -8.514103E+00
  1.154000E+00  5.804134E+01  1.029454E+02 -8.481148E+00
  1.156000E+00  5.807370E+01  1.030458E+02 -8.448073E+00
  1.158000E+00  5.810598E+01  1.031461E+02 -8.414881E+00
  1.160000E+00  5.813819E+01  1.032461E+02 -8.381572E+00
  1.162000E+00  5.817033E+01  1.033461E+02 -8.348150E+00
  1.164000E+00  5.820239E+01  1.034458E+02 -8.314617E+00
  1.166000E+00  5.823438E+01  1.035454E+02 -8.280973E+00
  1.168000E+00  5.826630E+01  1.036449E+02 -8.247220E+00
  1.170000E+00  5.829815E+01  1.037443E+02 -8.213361E+00
  1.172000E+00  5.832992E+01  1.038435E+02 -8.179397E+00
  1.174000E+00  5.836163E+01  1.039425E+02 -8.145329E+00
  1.176000E+00  5.839328E+01  1.040415E+02 -8.111159E+00
  1.178000E+00  5.842485E+01  1.041402E+02 -8.076889E+00
  1.180000E+00  5.845636E+01  1.042389E+02 -8.042520E+00
  1.182000E+00  5.848780E+01  1.043374E+02 -8.008053E+00
  1.184000E+00  5.851918E+01  1.044359E+02 -7.973490E+00
  1.186000E+00  5.855049E+01  1.045341E+02 -7.938832E+00
  1.188000E+00  5.858174E+01  1.046323E+02 -7.904080E+00
  1.190000E+00  5.861292E+01  1.047303E+02 -7.869236E+00
  1.192000E+00  5.864405E+01  1.048283E+02 -7.834301E+00
  1.194000E+00  5.867511E+01  1.049261E+02 -7.799276E+00
  1.196000E+00  5.870610E+01  1.050237E+02 -7.764162E+00
  1.198000E+00  5.873704E+01  1.051213E+02 -7.728960E+00
  1.200000E+00  5.876791E+01  1.052188E+02 -7.693672E+00
