  1.000000E-02  5.843352E-03  9.410784E+00
  1.200000E-02  6.596974E-03  1.129418E+01
  1.400000E-02  7.203376E-03  1.317770E+01
  1.600000E-02  7.713200E-03  1.506129E+01
  1.800000E-02  8.186508E-03  1.694495E+01
  2.000000E-02  8.690325E-03  1.882865E+01
  2.200000E-02  9.297023E-03  2.071242E+01
  2.400000E-02  1.008318E-02  2.259624E+01
  2.600000E-02  1.112873E-02  2.448014E+01
  2.800000E-02  1.251634E-02  2.636413E+01
  3.000000E-02  1.433086E-02  2.824823E+01
  3.200000E-02  1.665894E-02  3.013248E+01
  3.400000E-02  1.958865E-02  3.201688E+01
  3.600000E-02  2.320918E-02  3.390147E+01
  3.800000E-02  2.761063E-02  3.578629E+01
  4.000000E-02  3.288372E-02  3.767136E+01
  4.200000E-02  3.911963E-02  3.955671E+01
  4.400000E-02  4.640982E-02  4.144239E+01
  4.600000E-02  5.484586E-02  4.332842E+01
  4.800000E-02  6.451929E-02  4.521484E+01
  5.000000E-02  7.552150E-02  4.710169E+01
  5.200000E-02  8.794360E-02  4.898901E+01
  5.400000E-02  1.018763E-01  5.087683E+01
  5.600000E-02  1.174099E-01  5.276520E+01
  5.800000E-02  1.346341E-01  5.465415E+01
  6.000000E-02  1.536379E-01  5.654372E+01
  6.200000E-02  1.745095E-01  5.843395E+01
  6.400000E-02  1.973366E-01  6.032489E+01
  6.600000E-02  2.222057E-01  6.221657E+01
  6.800000E-02  2.492025E-01  6.410903E+01
  7.000000E-02  2.784119E-01  6.600232E+01
  7.200000E-02  3.099176E-01  6.789647E+01
  7.400000E-02  3.438021E-01  6.979153E+01
  7.600000E-02  3.801472E-01  7.168753E+01
  7.800000E-02  4.190331E-01  7.358453E+01
  8.000000E-02  4.605392E-01  7.548255E+01
  8.200000E-02  5.047436E-01  7.738164E+01
  8.400000E-02  5.517229E-01  7.928184E+01
  8.600000E-02  6.015528E-01  8.118318E+01
  8.800000E-02  6.543075E-01  8.308572E+01
  9.000000E-02  7.100602E-01  8.498949E+01
  9.200000E-02  7.688824E-01  8.689453E+01
  9.400000E-02  8.308445E-01  8.880088E+01
  9.600000E-02  8.960157E-01  9.070858E+01
  9.800000E-02  9.644637E-01  9.261767E+01
  1.000000E-01  1.036255E+00  9.452819E+01
  1.020000E-01  1.111454E+00  9.644018E+01
  1.040000E-01  1.190125E+00  9.835367E+01
  1.060000E-01  1.272331E+00  1.002687E+02
  1.080000E-01  1.358132E+00  1.021853E+02
  1.100000E-01  1.447589E+00  1.041036E+02
  1.120000E-01  1.540759E+00  1.060235E+02
  1.140000E-01  1.637700E+00  1.079450E+02
  1.160000E-01  1.738467E+00  1.098684E+02
  1.180000E-01  1.843116E+00  1.117935E+02
  1.200000E-01  1.951700E+00  1.137203E+02
  1.220000E-01  2.064270E+00  1.156491E+02
  1.240000E-01  2.180877E+00  1.175797E+02
  1.260000E-01  2.301572E+00  1.195122E+02
  1.280000E-01  2.426402E+00  1.214467E+02
  1.300000E-01  2.555415E+00  1.233831E+02
  1.320000E-01  2.688656E+00  1.253216E+02
  1.340000E-01  2.826172E+00  1.272621E+02
  1.360000E-01  2.968005E+00  1.292047E+02
  1.380000E-01  3.113085E+00  1.311494E+02
  1.400000E-01  3.260516E+00  1.330962E+02
  1.420000E-01  3.411205E+00  1.350452E+02
  1.440000E-01  3.565413E+00  1.369963E+02
  1.460000E-01  3.723287E+00  1.389495E+02
  1.480000E-01  3.884927E+00  1.409050E+02
  1.500000E-01  4.050414E+00  1.428626E+02
  1.520000E-01  4.219813E+00  1.448225E+02
  1.540000E-01  4.393181E+00  1.467846E+02
  1.560000E-01  4.570568E+00  1.487490E+02
  1.580000E-01  4.752021E+00  1.507157E+02
  1.600000E-01  4.937581E+00  1.526848E+02
  1.620000E-01  5.127290E+00  1.546561E+02
  1.640000E-01  5.321186E+00  1.566299E+02
  1.660000E-01  5.519304E+00  1.586060E+02
  1.680000E-01  5.721681E+00  1.605845E+02
  1.700000E-01  5.928350E+00  1.625655E+02
  1.720000E-01  6.139344E+00  1.645489E+02
  1.740000E-01  6.354696E+00  1.665348E+02
  1.760000E-01  6.574437E+00  1.685232E+02
  1.780000E-01  6.798599E+00  1.705141E+02
  1.800000E-01  7.027211E+00  1.725076E+02
  1.820000E-01  7.260306E+00  1.745036E+02
  1.840000E-01  7.497911E+00  1.765022E+02
  1.860000E-01  7.740058E+00  1.785034E+02
  1.880000E-01  7.986776E+00  1.805073E+02
  1.900000E-01  8.238095E+00  1.825138E+02
  1.920000E-01  8.494043E+00  1.845229E+02
  1.940000E-01  8.754650E+00  1.865348E+02
  1.960000E-01  9.019945E+00  1.885493E+02
  1.980000E-01  9.289958E+00  1.905666E+02
  2.000000E-01  9.564718E+00  1.925866E+02
  2.020000E-01  9.844253E+00  1.946094E+02
  2.040000E-01  1.012859E+01  1.966350E+02
  2.060000E-01  1.041777E+01  1.986634E+02
  2.080000E-01  1.071181E+01  2.006947E+02
  2.100000E-01  1.101074E+01  2.027287E+02
  2.120000E-01  1.131460E+01  2.047657E+02
  2.140000E-01  1.162341E+01  2.068055E+02
  2.160000E-01  1.193720E+01  2.088483E+02
  2.180000E-01  1.225600E+01  2.108939E+02
  2.200000E-01  1.257985E+01  2.129426E+02
  2.220000E-01  1.290877E+01  2.149941E+02
  2.240000E-01  1.324280E+01  2.170487E+02
  2.260000E-01  1.358196E+01  2.191063E+02
  2.280000E-01  1.392628E+01  2.211669E+02
  2.300000E-01  1.427581E+01  2.232305E+02
  2.320000E-01  1.463055E+01  2.252972E+02
  2.340000E-01  1.499056E+01  2.273670E+02
  2.360000E-01  1.535586E+01  2.294399E+02
  2.380000E-01  1.572648E+01  2.315159E+02
  2.400000E-01  1.610245E+01  2.335950E+02
  2.420000E-01  1.648381E+01  2.356773E+02
  2.440000E-01  1.687058E+01  2.377627E+02
  2.460000E-01  1.726280E+01  2.398514E+02
  2.480000E-01  1.766051E+01  2.419432E+02
  2.500000E-01  1.806372E+01  2.440383E+02
  2.520000E-01  1.847248E+01  2.461366E+02
  2.540000E-01  1.888682E+01  2.482382E+02
  2.560000E-01  1.930677E+01  2.503431E+02
  2.580000E-01  1.973237E+01  2.524513E+02
  2.600000E-01  2.016364E+01  2.545628E+02
  2.620000E-01  2.060062E+01  2.566776E+02
  2.640000E-01  2.104334E+01  2.587958E+02
  2.660000E-01  2.149184E+01  2.609174E+02
  2.680000E-01  2.194614E+01  2.630423E+02
  2.700000E-01  2.240629E+01  2.651707E+02
  2.720000E-01  2.287231E+01  2.673025E+02
  2.740000E-01  2.334424E+01  2.694377E+02
  2.760000E-01  2.382211E+01  2.715765E+02
  2.780000E-01  2.430595E+01  2.737187E+02
  2.800000E-01  2.479581E+01  2.758644E+02
  2.820000E-01  2.529170E+01  2.780136E+02
  2.840000E-01  2.579366E+01  2.801663E+02
  2.860000E-01  2.630174E+01  2.823226E+02
  2.880000E-01  2.681595E+01  2.844825E+02
  2.900000E-01  2.733633E+01  2.866460E+02
  2.920000E-01  2.786293E+01  2.888131E+02
  2.940000E-01  2.839576E+01  2.909838E+02
  2.960000E-01  2.893486E+01  2.931581E+02
  2.980000E-01  2.948027E+01  2.953361E+02
  3.000000E-01  3.003202E+01  2.975178E+02
  3.020000E-01  3.059014E+01  2.997032E+02
  3.040000E-01  3.115467E+01  3.018923E+02
  3.060000E-01  3.172563E+01  3.040852E+02
  3.080000E-01  3.230306E+01  3.062818E+02
  3.100000E-01  3.288699E+01  3.084822E+02
  3.120000E-01  3.347746E+01  3.106863E+02
  3.140000E-01  3.407450E+01  3.128943E+02
  3.160000E-01  3.467813E+01  3.151061E+02
  3.180000E-01  3.528839E+01  3.173217E+02
  3.200000E-01  3.590532E+01  3.195412E+02
  3.220000E-01  3.652894E+01  3.217645E+02
  3.240000E-01  3.715929E+01  3.239918E+02
  3.260000E-01  3.779639E+01  3.262229E+02
  3.280000E-01  3.844028E+01  3.284580E+02
  3.300000E-01  3.909100E+01  3.306970E+02
  3.320000E-01  3.974856E+01  3.329400E+02
  3.340000E-01  4.041301E+01  3.351870E+02
  3.360000E-01  4.108437E+01  3.374380E+02
  3.380000E-01  4.176267E+01  3.396930E+02
  3.400000E-01  4.244794E+01  3.419520E+02
  3.420000E-01  4.314022E+01  3.442151E+02
  3.440000E-01  4.383954E+01  3.464822E+02
  3.460000E-01  4.454592E+01  3.487535E+02
  3.480000E-01  4.525939E+01  3.510288E+02
  3.500000E-01  4.597998E+01  3.533082E+02
  3.520000E-01  4.670772E+01  3.555918E+02
  3.540000E-01  4.744265E+01  3.578796E+02
  3.560000E-01  4.818479E+01  3.601715E+02
  3.580000E-01  4.893416E+01  3.624676E+02
  3.600000E-01  4.969080E+01  3.647679E+02
  3.620000E-01  5.045474E+01  3.670724E+02
  3.640000E-01  5.122600E+01  3.693812E+02
  3.660000E-01  5.200461E+01  3.716942E+02
  3.680000E-01  5.279059E+01  3.740115E+02
  3.700000E-01  5.358399E+01  3.763331E+02
  3.720000E-01  5.438482E+01  3.786590E+02
  3.740000E-01  5.519310E+01  3.809893E+02
  3.760000E-01  5.600888E+01  3.833238E+02
  3.780000E-01  5.683216E+01  3.856627E+02
  3.800000E-01  5.766299E+01  3.880060E+02
  3.820000E-01  5.850138E+01  3.903537E+02
  3.840000E-01  5.934737E+01  3.927058E+02
  3.860000E-01  6.020097E+01  3.950624E+02
  3.880000E-01  6.106221E+01  3.974233E+02
  3.900000E-01  6.193112E+01  3.997888E+02
  3.920000E-01  6.280773E+01  4.021587E+02
  3.940000E-01  6.369205E+01  4.045330E+02
  3.960000E-01  6.458411E+01  4.069119E+02
  3.980000E-01  6.548394E+01  4.092954E+02
  4.000000E-01  6.639156E+01  4.116833E+02
  4.020000E-01  6.730699E+01  4.140759E+02
  4.040000E-01  6.823026E+01  4.164729E+02
  4.060000E-01  6.916139E+01  4.188746E+02
  4.080000E-01  7.010041E+01  4.212809E+02
  4.100000E-01  7.104733E+01  4.236918E+02
  4.120000E-01  7.200218E+01  4.261074E+02
  4.140000E-01  7.296498E+01  4.285276E+02
  4.160000E-01  7.393576E+01  4.309524E+02
  4.180000E-01  7.491453E+01  4.333820E+02
  4.200000E-01  7.590132E+01  4.358163E+02
  4.220000E-01  7.689615E+01  4.382552E+02
  4.240000E-01  7.789905E+01  4.406989E+02
  4.260000E-01  7.891002E+01  4.431474E+02
  4.280000E-01  7.992910E+01  4.456006E+02
  4.300000E-01  8.095630E+01  4.480586E+02
  4.320000E-01  8.139303E+01  4.505192E+02
  4.340000E-01  8.203841E+01  4.529832E+02
  4.360000E-01  8.266741E+01  4.554501E+02
  4.380000E-01  8.328603E+01  4.579200E+02
  4.400000E-01  8.389764E+01  4.603926E+02
  4.420000E-01  8.450438E+01  4.628680E+02
  4.440000E-01  8.510770E+01  4.653461E+02
  4.460000E-01  8.570867E+01  4.678269E+02
  4.480000E-01  8.630808E+01  4.703105E+02
  4.500000E-01  8.690656E+01  4.727967E+02
  4.520000E-01  8.750461E+01  4.752856E+02
  4.540000E-01  8.810264E+01  4.777771E+02
  4.560000E-01  8.870097E+01  4.802712E+02
  4.580000E-01  8.929990E+01  4.827680E+02
  4.600000E-01  8.989966E+01  4.852674E+02
  4.620000E-01  9.050047E+01  4.877694E+02
  4.640000E-01  9.110250E+01  4.902740E+02
  4.660000E-01  9.170591E+01  4.927812E+02
  4.680000E-01  9.231085E+01  4.952910E+02
  4.700000E-01  9.291744E+01  4.978034E+02
  4.720000E-01  9.352579E+01  5.003184E+02
  4.740000E-01  9.413600E+01  5.028359E+02
  4.760000E-01  9.474817E+01  5.053561E+02
  4.780000E-01  9.536237E+01  5.078788E+02
  4.800000E-01  9.597869E+01  5.104041E+02
  4.820000E-01  9.659719E+01  5.129319E+02
  4.840000E-01  9.721794E+01  5.154623E+02
  4.860000E-01  9.784101E+01  5.179953E+02
  4.880000E-01  9.846643E+01  5.205309E+02
  4.900000E-01  9.909428E+01  5.230691E+02
  4.920000E-01  9.972458E+01  5.256098E+02
  4.940000E-01  1.003574E+02  5.281530E+02
  4.960000E-01  1.009928E+02  5.306989E+02
  4.980000E-01  1.016307E+02  5.332473E+02
  5.000000E-01  1.022713E+02  5.357982E+02
  5.020000E-01  1.029146E+02  5.383518E+02
  5.040000E-01  1.035606E+02  5.409079E+02
  5.060000E-01  1.042093E+02  5.434666E+02
  5.080000E-01  1.048607E+02  5.460278E+02
  5.100000E-01  1.055150E+02  5.485916E+02
  5.120000E-01  1.061721E+02  5.511580E+02
  5.140000E-01  1.068320E+02  5.537270E+02
  5.160000E-01  1.074948E+02  5.562985E+02
  5.180000E-01  1.081605E+02  5.588726E+02
  5.200000E-01  1.088291E+02  5.614493E+02
  5.220000E-01  1.095007E+02  5.640286E+02
  5.240000E-01  1.101753E+02  5.666104E+02
  5.260000E-01  1.108528E+02  5.691948E+02
  5.280000E-01  1.115334E+02  5.717818E+02
  5.300000E-01  1.122170E+02  5.743714E+02
  5.320000E-01  1.129036E+02  5.769636E+02
  5.340000E-01  1.135933E+02  5.795584E+02
  5.360000E-01  1.142861E+02  5.821557E+02
  5.380000E-01  1.149820E+02  5.847556E+02
  5.400000E-01  1.156811E+02  5.873582E+02
  5.420000E-01  1.163833E+02  5.899633E+02
  5.440000E-01  1.170886E+02  5.925710E+02
  5.460000E-01  1.177972E+02  5.951813E+02
  5.480000E-01  1.185089E+02  5.977943E+02
  5.500000E-01  1.192238E+02  6.004098E+02
  5.520000E-01  1.199420E+02  6.030279E+02
  5.540000E-01  1.206634E+02  6.056487E+02
  5.560000E-01  1.213881E+02  6.082720E+02
  5.580000E-01  1.221160E+02  6.108980E+02
  5.600000E-01  1.228472E+02  6.135265E+02
  5.620000E-01  1.235817E+02  6.161577E+02
  5.640000E-01  1.243196E+02  6.187916E+02
  5.660000E-01  1.250608E+02  6.214280E+02
  5.680000E-01  1.258053E+02  6.240671E+02
  5.700000E-01  1.265531E+02  6.267087E+02
  5.720000E-01  1.273044E+02  6.293531E+02
  5.740000E-01  1.280590E+02  6.320000E+02
  5.760000E-01  1.288170E+02  6.346496E+02
  5.780000E-01  1.295784E+02  6.373018E+02
  5.800000E-01  1.303433E+02  6.399567E+02
  5.820000E-01  1.311116E+02  6.426142E+02
  5.840000E-01  1.318833E+02  6.452743E+02
  5.860000E-01  1.326585E+02  6.479371E+02
  5.880000E-01  1.334372E+02  6.506026E+02
  5.900000E-01  1.342193E+02  6.532707E+02
  5.920000E-01  1.350050E+02  6.559415E+02
  5.940000E-01  1.357942E+02  6.586149E+02
  5.960000E-01  1.365868E+02  6.612910E+02
  5.980000E-01  1.373831E+02  6.639697E+02
  6.000000E-01  1.381828E+02  6.666511E+02
  6.020000E-01  1.389861E+02  6.693352E+02
  6.040000E-01  1.397930E+02  6.720220E+02
  6.060000E-01  1.406035E+02  6.747115E+02
  6.080000E-01  1.414176E+02  6.774036E+02
  6.100000E-01  1.422352E+02  6.800984E+02
  6.120000E-01  1.430565E+02  6.827959E+02
  6.140000E-01  1.438815E+02  6.854961E+02
  6.160000E-01  1.447100E+02  6.881990E+02
  6.180000E-01  1.455422E+02  6.909045E+02
  6.200000E-01  1.463781E+02  6.936128E+02
  6.220000E-01  1.472176E+02  6.963238E+02
  6.240000E-01  1.480609E+02  6.990375E+02
  6.260000E-01  1.489078E+02  7.017538E+02
  6.280000E-01  1.497584E+02  7.044730E+02
  6.300000E-01  1.506128E+02  7.071948E+02
  6.320000E-01  1.514708E+02  7.099193E+02
  6.340000E-01  1.523327E+02  7.126466E+02
  6.360000E-01  1.531982E+02  7.153765E+02
  6.380000E-01  1.540676E+02  7.181092E+02
  6.400000E-01  1.549407E+02  7.208447E+02
  6.420000E-01  1.558176E+02  7.235829E+02
  6.440000E-01  1.566983E+02  7.263238E+02
  6.460000E-01  1.575828E+02  7.290674E+02
  6.480000E-01  1.584711E+02  7.318138E+02
  6.500000E-01  1.593632E+02  7.345629E+02
  6.520000E-01  1.602592E+02  7.373148E+02
  6.540000E-01  1.611591E+02  7.400695E+02
  6.560000E-01  1.620628E+02  7.428269E+02
  6.580000E-01  1.629704E+02  7.455871E+02
  6.600000E-01  1.638818E+02  7.483500E+02
  6.620000E-01  1.647972E+02  7.511157E+02
  6.640000E-01  1.657165E+02  7.538842E+02
  6.660000E-01  1.666397E+02  7.566554E+02
  6.680000E-01  1.675668E+02  7.594294E+02
  6.700000E-01  1.684978E+02  7.622062E+02
  6.720000E-01  1.694329E+02  7.649858E+02
  6.740000E-01  1.703718E+02  7.677682E+02
  6.760000E-01  1.713148E+02  7.705534E+02
  6.780000E-01  1.722617E+02  7.733413E+02
  6.800000E-01  1.732126E+02  7.761321E+02
  6.820000E-01  1.741676E+02  7.789257E+02
  6.840000E-01  1.751265E+02  7.817220E+02
  6.860000E-01  1.760895E+02  7.845212E+02
  6.880000E-01  1.770566E+02  7.873232E+02
  6.900000E-01  1.780276E+02  7.901280E+02
  6.920000E-01  1.790028E+02  7.929356E+02
  6.940000E-01  1.799820E+02  7.957461E+02
  6.960000E-01  1.809653E+02  7.985594E+02
  6.980000E-01  1.819527E+02  8.013755E+02
  7.000000E-01  1.829442E+02  8.041944E+02
  7.020000E-01  1.839398E+02  8.070162E+02
  7.040000E-01  1.849396E+02  8.098409E+02
  7.060000E-01  1.859435E+02  8.126683E+02
  7.080000E-01  1.869515E+02  8.154987E+02
  7.100000E-01  1.879637E+02  8.183319E+02
  7.120000E-01  1.889801E+02  8.211679E+02
  7.140000E-01  1.900007E+02  8.240068E+02
  7.160000E-01  1.910254E+02  8.268485E+02
  7.180000E-01  1.920544E+02  8.296932E+02
  7.200000E-01  1.930876E+02  8.325407E+02
  7.220000E-01  1.941250E+02  8.353911E+02
  7.240000E-01  1.951667E+02  8.382443E+02
  7.260000E-01  1.962126E+02  8.411005E+02
  7.280000E-01  1.972628E+02  8.439595E+02
  7.300000E-01  1.983172E+02  8.468214E+02
  7.320000E-01  1.993760E+02  8.496862E+02
  7.340000E-01  2.004390E+02  8.525539E+02
  7.360000E-01  2.015064E+02  8.554245E+02
  7.380000E-01  2.025781E+02  8.582981E+02
  7.400000E-01  2.036541E+02  8.611745E+02
  7.420000E-01  2.047344E+02  8.640538E+02
  7.440000E-01  2.058192E+02  8.669361E+02
  7.460000E-01  2.069082E+02  8.698213E+02
  7.480000E-01  2.080017E+02  8.727094E+02
  7.500000E-01  2.090996E+02  8.756004E+02
  7.520000E-01  2.102018E+02  8.784944E+02
  7.540000E-01  2.113085E+02  8.813913E+02
  7.560000E-01  2.124196E+02  8.842911E+02
  7.580000E-01  2.135351E+02  8.871939E+02
  7.600000E-01  2.146551E+02  8.900997E+02
  7.620000E-01  2.157795E+02  8.930084E+02
  7.640000E-01  2.169084E+02  8.959200E+02
  7.660000E-01  2.180418E+02  8.988346E+02
  7.680000E-01  2.191797E+02  9.017522E+02
  7.700000E-01  2.203221E+02  9.046728E+02
  7.720000E-01  2.214691E+02  9.075963E+02
  7.740000E-01  2.226205E+02  9.105228E+02
  7.760000E-01  2.237765E+02  9.134523E+02
  7.780000E-01  2.249370E+02  9.163847E+02
  7.800000E-01  2.261022E+02  9.193202E+02
  7.820000E-01  2.272719E+02  9.222586E+02
  7.840000E-01  2.284461E+02  9.252001E+02
  7.860000E-01  2.296250E+02  9.281445E+02
  7.880000E-01  2.308085E+02  9.310920E+02
  7.900000E-01  2.319966E+02  9.340424E+02
  7.920000E-01  2.331894E+02  9.369959E+02
  7.940000E-01  2.343868E+02  9.399524E+02
  7.960000E-01  2.355889E+02  9.429119E+02
  7.980000E-01  2.367956E+02  9.458744E+02
  8.000000E-01  2.380071E+02  9.488400E+02
  8.020000E-01  2.392232E+02  9.518086E+02
  8.040000E-01  2.404441E+02  9.547803E+02
  8.060000E-01  2.416696E+02  9.577549E+02
  8.080000E-01  2.428999E+02  9.607327E+02
  8.100000E-01  2.441350E+02  9.637135E+02
  8.120000E-01  2.453748E+02  9.666973E+02
  8.140000E-01  2.466194E+02  9.696842E+02
  8.160000E-01  2.478687E+02  9.726742E+02
  8.180000E-01  2.491229E+02  9.756672E+02
  8.200000E-01  2.503818E+02  9.786633E+02
  8.220000E-01  2.516456E+02  9.816625E+02
  8.240000E-01  2.529143E+02  9.846647E+02
  8.260000E-01  2.541877E+02  9.876701E+02
  8.280000E-01  2.554661E+02  9.906785E+02
  8.300000E-01  2.567493E+02  9.936900E+02
  8.320000E-01  2.580374E+02  9.967046E+02
  8.340000E-01  2.593303E+02  9.997224E+02
  8.360000E-01  2.606282E+02  1.002743E+03
  8.380000E-01  2.619311E+02  1.005767E+03
  8.400000E-01  2.632388E+02  1.008794E+03
  8.420000E-01  2.645515E+02  1.011824E+03
  8.440000E-01  2.658692E+02  1.014858E+03
  8.460000E-01  2.671918E+02  1.017894E+03
  8.480000E-01  2.685195E+02  1.020934E+03
  8.500000E-01  2.698521E+02  1.023976E+03
  8.520000E-01  2.711898E+02  1.027022E+03
  8.540000E-01  2.725325E+02  1.030071E+03
  8.560000E-01  2.738802E+02  1.033123E+03
  8.580000E-01  2.752330E+02  1.036179E+03
  8.600000E-01  2.765909E+02  1.039237E+03
  8.620000E-01  2.779539E+02  1.042299E+03
  8.640000E-01  2.793219E+02  1.045363E+03
  8.660000E-01  2.806951E+02  1.048431E+03
  8.680000E-01  2.820734E+02  1.051503E+03
  8.700000E-01  2.834569E+02  1.054577E+03
  8.720000E-01  2.844967E+02  1.057654E+03
  8.740000E-01  2.856151E+02  1.060733E+03
  8.760000E-01  2.867000E+02  1.063815E+03
  8.780000E-01  2.877593E+02  1.066900E+03
  8.800000E-01  2.887978E+02  1.069987E+03
  8.820000E-01  2.898189E+02  1.073076E+03
  8.840000E-01  2.908253E+02  1.076168E+03
  8.860000E-01  2.918190E+02  1.079262E+03
  8.880000E-01  2.928016E+02  1.082358E+03
  8.900000E-01  2.937744E+02  1.085456E+03
  8.920000E-01  2.947385E+02  1.088557E+03
  8.940000E-01  2.956949E+02  1.091659E+03
  8.960000E-01  2.966444E+02  1.094764E+03
  8.980000E-01  2.975877E+02  1.097871E+03
  9.000000E-01  2.985254E+02  1.100980E+03
  9.020000E-01  2.994580E+02  1.104091E+03
  9.040000E-01  3.003861E+02  1.107204E+03
  9.060000E-01  3.013100E+02  1.110319E+03
  9.080000E-01  3.022303E+02  1.113436E+03
  9.100000E-01  3.031472E+02  1.116555E+03
  9.120000E-01  3.040610E+02  1.119677E+03
  9.140000E-01  3.049722E+02  1.122800E+03
  9.160000E-01  3.058809E+02  1.125925E+03
  9.180000E-01  3.067875E+02  1.129052E+03
  9.200000E-01  3.076922E+02  1.132181E+03
  9.220000E-01  3.085954E+02  1.135313E+03
  9.240000E-01  3.094972E+02  1.138446E+03
  9.260000E-01  3.103982E+02  1.141581E+03
  9.280000E-01  3.112989E+02  1.144718E+03
  9.300000E-01  3.121999E+02  1.147857E+03
  9.320000E-01  3.130993E+02  1.150998E+03
  9.340000E-01  3.139973E+02  1.154140E+03
  9.360000E-01  3.148940E+02  1.157285E+03
  9.380000E-01  3.157895E+02  1.160432E+03
  9.400000E-01  3.166839E+02  1.163580E+03
  9.420000E-01  3.175773E+02  1.166731E+03
  9.440000E-01  3.184698E+02  1.169883E+03
  9.460000E-01  3.193615E+02  1.173037E+03
  9.480000E-01  3.202525E+02  1.176193E+03
  9.500000E-01  3.211429E+02  1.179351E+03
  9.520000E-01  3.220327E+02  1.182511E+03
  9.540000E-01  3.229221E+02  1.185673E+03
  9.560000E-01  3.238110E+02  1.188837E+03
  9.580000E-01  3.246996E+02  1.192002E+03
  9.600000E-01  3.255878E+02  1.195169E+03
  9.620000E-01  3.264759E+02  1.198339E+03
  9.640000E-01  3.273638E+02  1.201510E+03
  9.660000E-01  3.282515E+02  1.204682E+03
  9.680000E-01  3.291392E+02  1.207857E+03
  9.700000E-01  3.300269E+02  1.211034E+03
  9.720000E-01  3.309146E+02  1.214212E+03
  9.740000E-01  3.318024E+02  1.217392E+03
  9.760000E-01  3.326902E+02  1.220574E+03
  9.780000E-01  3.335782E+02  1.223758E+03
  9.800000E-01  3.344664E+02  1.226944E+03
  9.820000E-01  3.353549E+02  1.230131E+03
  9.840000E-01  3.362436E+02  1.233320E+03
  9.860000E-01  3.371325E+02  1.236512E+03
  9.880000E-01  3.380218E+02  1.239704E+03
  9.900000E-01  3.389115E+02  1.242899E+03
  9.920000E-01  3.398016E+02  1.246096E+03
  9.940000E-01  3.406920E+02  1.249294E+03
  9.960000E-01  3.415829E+02  1.252494E+03
  9.980000E-01  3.424743E+02  1.255696E+03
  1.000000E+00  3.433661E+02  1.258899E+03
  1.002000E+00  3.442585E+02  1.262105E+03
  1.004000E+00  3.451514E+02  1.265312E+03
  1.006000E+00  3.460449E+02  1.268521E+03
  1.008000E+00  3.469390E+02  1.271732E+03
  1.010000E+00  3.478336E+02  1.274944E+03
  1.012000E+00  3.487289E+02  1.278159E+03
  1.014000E+00  3.496248E+02  1.281375E+03
  1.016000E+00  3.505214E+02  1.284593E+03
  1.018000E+00  3.514187E+02  1.287812E+03
  1.020000E+00  3.523167E+02  1.291034E+03
  1.022000E+00  3.532154E+02  1.294257E+03
  1.024000E+00  3.541148E+02  1.297482E+03
  1.026000E+00  3.550150E+02  1.300708E+03
  1.028000E+00  3.559159E+02  1.303937E+03
  1.030000E+00  3.568176E+02  1.307167E+03
  1.032000E+00  3.577201E+02  1.310399E+03
  1.034000E+00  3.586234E+02  1.313632E+03
  1.036000E+00  3.595275E+02  1.316868E+03
  1.038000E+00  3.604324E+02  1.320105E+03
  1.040000E+00  3.613382E+02  1.323344E+03
  1.042000E+00  3.622449E+02  1.326585E+03
  1.044000E+00  3.631524E+02  1.329827E+03
  1.046000E+00  3.640607E+02  1.333071E+03
  1.048000E+00  3.649700E+02  1.336317E+03
  1.050000E+00  3.658802E+02  1.339565E+03
  1.052000E+00  3.667912E+02  1.342814E+03
  1.054000E+00  3.677032E+02  1.346065E+03
  1.056000E+00  3.686161E+02  1.349318E+03
  1.058000E+00  3.695300E+02  1.352572E+03
  1.060000E+00  3.704447E+02  1.355829E+03
  1.062000E+00  3.713605E+02  1.359086E+03
  1.064000E+00  3.722772E+02  1.362346E+03
  1.066000E+00  3.731948E+02  1.365608E+03
  1.068000E+00  3.741135E+02  1.368871E+03
  1.070000E+00  3.750331E+02  1.372136E+03
  1.072000E+00  3.759537E+02  1.375402E+03
  1.074000E+00  3.768753E+02  1.378671E+03
  1.076000E+00  3.777979E+02  1.381941E+03
  1.078000E+00  3.787216E+02  1.385212E+03
  1.080000E+00  3.796462E+02  1.388486E+03
  1.082000E+00  3.805719E+02  1.391761E+03
  1.084000E+00  3.814985E+02  1.395038E+03
  1.086000E+00  3.824263E+02  1.398317E+03
  1.088000E+00  3.833550E+02  1.401597E+03
  1.090000E+00  3.842848E+02  1.404879E+03
  1.092000E+00  3.852157E+02  1.408163E+03
  1.094000E+00  3.861476E+02  1.411448E+03
  1.096000E+00  3.870806E+02  1.414735E+03
  1.098000E+00  3.880146E+02  1.418024E+03
  1.100000E+00  3.889497E+02  1.421315E+03
  1.102000E+00  3.898859E+02  1.424607E+03
  1.104000E+00  3.908231E+02  1.427901E+03
  1.106000E+00  3.917615E+02  1.431196E+03
  1.108000E+00  3.927009E+02  1.434494E+03
  1.110000E+00  3.936414E+02  1.437793E+03
  1.112000E+00  3.945830E+02  1.441094E+03
  1.114000E+00  3.955257E+02  1.444396E+03
  1.116000E+00  3.964695E+02  1.447700E+03
  1.118000E+00  3.974143E+02  1.451006E+03
  1.120000E+00  3.983603E+02  1.454313E+03
  1.122000E+00  3.993075E+02  1.457623E+03
  1.124000E+00  4.002557E+02  1.460933E+03
  1.126000E+00  4.012050E+02  1.464246E+03
  1.128000E+00  4.021555E+02  1.467560E+03
  1.130000E+00  4.031070E+02  1.470876E+03
  1.132000E+00  4.040597E+02  1.474194E+03
  1.134000E+00  4.050135E+02  1.477513E+03
  1.136000E+00  4.059685E+02  1.480834E+03
  1.138000E+00  4.069245E+02  1.484157E+03
  1.140000E+00  4.078817E+02  1.487481E+03
  1.142000E+00  4.088400E+02  1.490807E+03
  1.144000E+00  4.097995E+02  1.494135E+03
  1.146000E+00  4.107601E+02  1.497464E+03
  1.148000E+00  4.117218E+02  1.500796E+03
  1.150000E+00  4.126847E+02  1.504128E+03
  1.152000E+00  4.136487E+02  1.507463E+03
  1.154000E+00  4.146139E+02  1.510799E+03
  1.156000E+00  4.155802E+02  1.514137E+03
  1.158000E+00  4.165476E+02  1.517476E+03
  1.160000E+00  4.175162E+02  1.520817E+03
  1.162000E+00  4.184859E+02  1.524160E+03
  1.164000E+00  4.194568E+02  1.527504E+03
  1.166000E+00  4.204288E+02  1.530851E+03
  1.168000E+00  4.214020E+02  1.534198E+03
  1.170000E+00  4.223763E+02  1.537548E+03
  1.172000E+00  4.233518E+02  1.540899E+03
  1.174000E+00  4.242897E+02  1.544253E+03
  1.176000E+00  4.252699E+02  1.547607E+03
  1.178000E+00  4.262512E+02  1.550963E+03
  1.180000E+00  4.272335E+02  1.554321E+03
  1.182000E+00  4.282169E+02  1.557680E+03
  1.184000E+00  4.292013E+02  1.561041E+03
  1.186000E+00  4.301868E+02  1.564404E+03
  1.188000E+00  4.311734E+02  1.567768E+03
  1.190000E+00  4.321610E+02  1.571134E+03
  1.192000E+00  4.331497E+02  1.574502E+03
  1.194000E+00  4.341395E+02  1.577872E+03
  1.196000E+00  4.351303E+02  1.581243E+03
  1.198000E+00  4.361222E+02  1.584615E+03
  1.200000E+00  4.371152E+02  1.587990E+03
